time energy maxBondDim localEnergy 
0 -6.91174 37 -0.654357 -0.293102 -0.568737 -0.334223 -0.544405 -0.348861 -0.535766 -0.352834 -0.535766 -0.348861 -0.544405 -0.334223 -0.568737 -0.293102 -0.654357 
0 -5.06753 5 -0.352039 -0.334061 -0.335845 -0.335729 -0.335743 -0.335668 -0.336235 -0.336893 -0.336235 -0.335668 -0.335743 -0.335729 -0.335845 -0.334061 -0.352039 
0.1 -5.06892 5 -0.352039 -0.334061 -0.335845 -0.335729 -0.335743 -0.335619 -0.336592 -0.337669 -0.336592 -0.335619 -0.335743 -0.335729 -0.335845 -0.334061 -0.352039 
0.2 -5.07526 5 -0.352039 -0.334061 -0.335845 -0.335729 -0.335742 -0.335302 -0.338457 -0.340905 -0.338457 -0.335302 -0.335742 -0.335729 -0.335845 -0.334061 -0.352039 
0.3 -5.0852 5 -0.35204 -0.334062 -0.335846 -0.335729 -0.33573 -0.33448 -0.342332 -0.344764 -0.342332 -0.33448 -0.33573 -0.335729 -0.335845 -0.334062 -0.352039 
0.4 -5.09879 5 -0.35204 -0.334062 -0.335846 -0.335727 -0.335639 -0.333603 -0.347882 -0.349199 -0.347882 -0.333603 -0.335639 -0.335727 -0.335846 -0.334062 -0.35204 
0.5 -5.11254 5 -0.352041 -0.334062 -0.335846 -0.335721 -0.335231 -0.33402 -0.352007 -0.354691 -0.352007 -0.33402 -0.335231 -0.335721 -0.335846 -0.334062 -0.35204 
0.6 -5.12471 5 -0.352041 -0.334062 -0.335845 -0.335694 -0.334359 -0.336388 -0.353621 -0.360689 -0.353621 -0.336388 -0.334359 -0.335694 -0.335845 -0.334062 -0.35204 
0.7 -5.13928 5 -0.352041 -0.334062 -0.335843 -0.335544 -0.333741 -0.34012 -0.354933 -0.366714 -0.354933 -0.340121 -0.333741 -0.335544 -0.335843 -0.334062 -0.35204 
0.8 -5.15253 5 -0.352041 -0.334061 -0.335834 -0.335011 -0.334632 -0.341814 -0.356563 -0.372611 -0.356563 -0.341814 -0.334632 -0.335011 -0.335834 -0.334062 -0.35204 
0.9 -5.16525 5 -0.35204 -0.33406 -0.335795 -0.334059 -0.337526 -0.341655 -0.35834 -0.378302 -0.35834 -0.341655 -0.337527 -0.334059 -0.335795 -0.33406 -0.35204 
1 -5.18026 5 -0.35204 -0.334056 -0.335586 -0.333662 -0.34116 -0.341608 -0.360161 -0.383712 -0.360161 -0.341609 -0.34116 -0.333662 -0.335586 -0.334056 -0.352039 
1.1 -5.19297 6 -0.352039 -0.334045 -0.334943 -0.334913 -0.34213 -0.341996 -0.362036 -0.388769 -0.362036 -0.341997 -0.34213 -0.334913 -0.334943 -0.334045 -0.352039 
1.2 -5.20628 7 -0.352037 -0.333988 -0.333988 -0.338134 -0.341675 -0.342627 -0.363985 -0.393413 -0.363985 -0.342627 -0.341675 -0.338134 -0.333988 -0.333988 -0.352037 
1.3 -5.22117 8 -0.352033 -0.333704 -0.333913 -0.341296 -0.341393 -0.34343 -0.366017 -0.397597 -0.366017 -0.34343 -0.341393 -0.341296 -0.333913 -0.333704 -0.352033 
1.4 -5.23352 8 -0.352017 -0.332954 -0.335606 -0.341603 -0.341391 -0.344415 -0.368133 -0.401282 -0.368133 -0.344415 -0.341392 -0.341603 -0.335606 -0.332954 -0.352017 
1.5 -5.24748 8 -0.351929 -0.332069 -0.339133 -0.340984 -0.341486 -0.345591 -0.370327 -0.404448 -0.370327 -0.345591 -0.341486 -0.340984 -0.339133 -0.332069 -0.351929 
1.6 -5.26189 8 -0.351544 -0.332355 -0.341707 -0.340613 -0.341643 -0.346958 -0.372584 -0.407085 -0.372584 -0.346958 -0.341643 -0.340613 -0.341707 -0.332355 -0.351544 
1.7 -5.27419 8 -0.350667 -0.334524 -0.341582 -0.340442 -0.341886 -0.34851 -0.374884 -0.4092 -0.374884 -0.34851 -0.341886 -0.340442 -0.341582 -0.334524 -0.350666 
1.8 -5.28891 9 -0.349876 -0.338227 -0.340954 -0.340311 -0.342237 -0.350238 -0.377203 -0.410811 -0.377203 -0.350238 -0.342237 -0.340311 -0.340955 -0.338228 -0.349875 
1.9 -5.30325 9 -0.350368 -0.340118 -0.340607 -0.340205 -0.342712 -0.352127 -0.379512 -0.41195 -0.379512 -0.352127 -0.342712 -0.340205 -0.340607 -0.340118 -0.350367 
2 -5.31671 10 -0.352536 -0.33969 -0.340395 -0.340146 -0.343323 -0.354159 -0.38178 -0.412656 -0.38178 -0.354159 -0.343323 -0.340146 -0.340395 -0.33969 -0.352536 
2.1 -5.33104 10 -0.355333 -0.338994 -0.340188 -0.340149 -0.344079 -0.356313 -0.383977 -0.412977 -0.383977 -0.356313 -0.34408 -0.340149 -0.340188 -0.338995 -0.355333 
2.2 -5.33867 11 -0.354594 -0.338429 -0.339975 -0.340227 -0.344987 -0.358566 -0.386073 -0.412968 -0.386073 -0.358566 -0.344988 -0.340227 -0.339975 -0.338429 -0.354594 
2.3 -5.34056 12 -0.351032 -0.337773 -0.33976 -0.340389 -0.346048 -0.360892 -0.388041 -0.412686 -0.388041 -0.360892 -0.346048 -0.340389 -0.339761 -0.337773 -0.351032 
2.4 -5.34091 13 -0.346853 -0.33694 -0.33954 -0.340641 -0.347259 -0.363268 -0.38986 -0.412185 -0.38986 -0.363268 -0.347259 -0.340641 -0.33954 -0.33694 -0.346852 
2.5 -5.34096 14 -0.342677 -0.335959 -0.339304 -0.340986 -0.348616 -0.365667 -0.391511 -0.411523 -0.391511 -0.365667 -0.348616 -0.340986 -0.339304 -0.33596 -0.342676 
2.6 -5.34097 15 -0.338599 -0.334888 -0.339043 -0.341426 -0.350109 -0.368065 -0.392982 -0.41075 -0.392982 -0.368065 -0.350109 -0.341426 -0.339043 -0.334888 -0.338599 
2.7 -5.34097 15 -0.334612 -0.333785 -0.338747 -0.341958 -0.351727 -0.370437 -0.394266 -0.409912 -0.394267 -0.370437 -0.351727 -0.341958 -0.338747 -0.333785 -0.334611 
2.8 -5.34097 17 -0.330693 -0.332707 -0.338405 -0.34258 -0.353456 -0.37276 -0.395363 -0.409047 -0.395363 -0.37276 -0.353456 -0.34258 -0.338406 -0.332707 -0.330692 
2.9 -5.34097 18 -0.32682 -0.331704 -0.338013 -0.343285 -0.355281 -0.375013 -0.396277 -0.408189 -0.396277 -0.375013 -0.355281 -0.343285 -0.338013 -0.331704 -0.32682 
3 -5.34097 18 -0.322978 -0.330817 -0.337566 -0.344069 -0.357184 -0.377176 -0.397016 -0.407361 -0.397016 -0.377176 -0.357184 -0.344069 -0.337567 -0.330817 -0.322978 
3.1 -5.34097 19 -0.319157 -0.330077 -0.337069 -0.344922 -0.359145 -0.379231 -0.397595 -0.406581 -0.397595 -0.379231 -0.359145 -0.344923 -0.337069 -0.330077 -0.319157 
3.2 -5.34097 20 -0.315352 -0.3295 -0.33653 -0.345838 -0.361144 -0.381164 -0.39803 -0.405859 -0.39803 -0.381164 -0.361143 -0.345839 -0.33653 -0.3295 -0.315352 
3.3 -5.34097 21 -0.311567 -0.329091 -0.335965 -0.346806 -0.363157 -0.382961 -0.39834 -0.405199 -0.39834 -0.382961 -0.363157 -0.346807 -0.335965 -0.329091 -0.311567 
3.4 -5.34097 22 -0.30781 -0.328844 -0.335396 -0.347815 -0.365164 -0.384614 -0.398544 -0.404601 -0.398544 -0.384614 -0.365164 -0.347816 -0.335396 -0.328844 -0.30781 
