time energy SvN maxBondDim localEnergy 
0 -6.91174 0.592307 37 -0.654357 -0.293102 -0.568737 -0.334223 -0.544405 -0.348861 -0.535766 -0.352834 -0.535766 -0.348861 -0.544405 -0.334223 -0.568737 -0.293102 -0.654357 
0 -4.55178 0.00285119 6 -0.352039 -0.334061 -0.335846 -0.335706 -0.335963 -0.331882 -0.366432 0.232074 -0.366432 -0.331882 -0.335963 -0.335706 -0.335846 -0.334061 -0.352039 
0.01 -4.55178 0.00285119 6 -0.352039 -0.334061 -0.335846 -0.335706 -0.335963 -0.331882 -0.366432 0.232074 -0.366432 -0.331882 -0.335963 -0.335706 -0.335846 -0.334061 -0.352039 
0.02 -4.55179 0.00285119 6 -0.352039 -0.334061 -0.335846 -0.335706 -0.335963 -0.331882 -0.366433 0.232074 -0.366433 -0.331882 -0.335963 -0.335706 -0.335846 -0.334061 -0.352039 
0.03 -4.55179 0.00285119 6 -0.352039 -0.334061 -0.335846 -0.335706 -0.335963 -0.331882 -0.366434 0.232074 -0.366434 -0.331882 -0.335963 -0.335706 -0.335846 -0.334061 -0.352039 
0.04 -4.55179 0.0028512 6 -0.352039 -0.334061 -0.335846 -0.335706 -0.335963 -0.331882 -0.366435 0.232073 -0.366435 -0.331882 -0.335963 -0.335706 -0.335846 -0.334061 -0.352039 
0.05 -4.55179 0.0028512 6 -0.352039 -0.334061 -0.335846 -0.335706 -0.335963 -0.331882 -0.366438 0.232072 -0.366438 -0.331882 -0.335963 -0.335706 -0.335846 -0.334061 -0.352039 
0.06 -4.5518 0.00285121 6 -0.352039 -0.334061 -0.335846 -0.335706 -0.335962 -0.331882 -0.366442 0.232071 -0.366441 -0.331882 -0.335962 -0.335706 -0.335846 -0.334061 -0.352039 
0.07 -4.55181 0.00285122 6 -0.352039 -0.33406 -0.335846 -0.335706 -0.335962 -0.331881 -0.366447 0.23207 -0.366447 -0.331881 -0.335962 -0.335706 -0.335846 -0.33406 -0.352039 
0.08 -4.55183 0.00285124 6 -0.352039 -0.33406 -0.335846 -0.335705 -0.335962 -0.33188 -0.366455 0.232068 -0.366454 -0.33188 -0.335962 -0.335705 -0.335846 -0.33406 -0.352039 
0.09 -4.55185 0.00285126 6 -0.352038 -0.33406 -0.335846 -0.335705 -0.335962 -0.33188 -0.366464 0.232065 -0.366464 -0.33188 -0.335962 -0.335705 -0.335846 -0.33406 -0.352039 
0.1 -4.55187 0.00285129 6 -0.352038 -0.33406 -0.335846 -0.335705 -0.335962 -0.331879 -0.366477 0.232062 -0.366476 -0.331879 -0.335962 -0.335705 -0.335846 -0.33406 -0.352039 
0.11 -4.5519 0.00285133 6 -0.352038 -0.33406 -0.335846 -0.335705 -0.335962 -0.331877 -0.366492 0.232058 -0.366491 -0.331877 -0.335962 -0.335705 -0.335846 -0.33406 -0.352039 
0.12 -4.55194 0.00285138 6 -0.352038 -0.33406 -0.335846 -0.335705 -0.335962 -0.331876 -0.366511 0.232052 -0.36651 -0.331876 -0.335962 -0.335705 -0.335846 -0.33406 -0.352039 
0.13 -4.55199 0.00285145 6 -0.352038 -0.33406 -0.335845 -0.335705 -0.335962 -0.331874 -0.366534 0.232046 -0.366532 -0.331874 -0.335962 -0.335705 -0.335845 -0.33406 -0.352039 
0.14 -4.55204 0.00285154 6 -0.352038 -0.33406 -0.335845 -0.335705 -0.335961 -0.331872 -0.366561 0.232038 -0.36656 -0.331872 -0.335961 -0.335705 -0.335845 -0.33406 -0.352039 
0.15 -4.55211 0.00285167 6 -0.352037 -0.33406 -0.335845 -0.335705 -0.335961 -0.331869 -0.366593 0.232029 -0.366592 -0.331869 -0.335961 -0.335705 -0.335845 -0.33406 -0.352038 
0.16 -4.55219 0.00285182 6 -0.352037 -0.334059 -0.335845 -0.335704 -0.335961 -0.331866 -0.366632 0.232018 -0.36663 -0.331866 -0.335961 -0.335704 -0.335845 -0.334059 -0.352038 
0.17 -4.55228 0.00285202 6 -0.352037 -0.334059 -0.335845 -0.335704 -0.335961 -0.331863 -0.366676 0.232006 -0.366674 -0.331863 -0.335961 -0.335704 -0.335845 -0.334059 -0.352038 
0.18 -4.55239 0.00285227 6 -0.352037 -0.334059 -0.335845 -0.335704 -0.33596 -0.331859 -0.366727 0.231991 -0.366725 -0.331859 -0.33596 -0.335704 -0.335845 -0.334059 -0.352038 
0.19 -4.55251 0.00285259 6 -0.352036 -0.334059 -0.335844 -0.335704 -0.33596 -0.331854 -0.366786 0.231974 -0.366784 -0.331854 -0.33596 -0.335704 -0.335844 -0.334059 -0.352038 
0.2 -4.55265 0.00285298 6 -0.352036 -0.334059 -0.335844 -0.335704 -0.33596 -0.331849 -0.366853 0.231955 -0.366851 -0.331849 -0.33596 -0.335704 -0.335844 -0.334059 -0.352038 
0.21 -4.55281 0.00285346 6 -0.352036 -0.334059 -0.335844 -0.335704 -0.335959 -0.331843 -0.36693 0.231932 -0.366927 -0.331843 -0.335959 -0.335704 -0.335844 -0.334058 -0.352038 
0.22 -4.553 0.00285405 6 -0.352036 -0.334059 -0.335844 -0.335703 -0.335959 -0.331836 -0.367016 0.231907 -0.367013 -0.331836 -0.335959 -0.335703 -0.335844 -0.334058 -0.352038 
0.23 -4.5532 0.00285476 6 -0.352035 -0.334058 -0.335844 -0.335703 -0.335958 -0.331828 -0.367113 0.231878 -0.36711 -0.331829 -0.335958 -0.335703 -0.335844 -0.334058 -0.352038 
0.24 -4.55343 0.00285562 6 -0.352035 -0.334058 -0.335844 -0.335703 -0.335958 -0.331819 -0.367222 0.231845 -0.367218 -0.33182 -0.335958 -0.335703 -0.335844 -0.334058 -0.352038 
0.25 -4.55369 0.00285665 6 -0.352035 -0.334058 -0.335843 -0.335703 -0.335957 -0.33181 -0.367343 0.231808 -0.367339 -0.33181 -0.335957 -0.335703 -0.335843 -0.334058 -0.352037 
0.26 -4.55398 0.00285788 6 -0.352034 -0.334058 -0.335843 -0.335702 -0.335957 -0.331799 -0.367478 0.231767 -0.367474 -0.331799 -0.335957 -0.335702 -0.335843 -0.334057 -0.352037 
0.27 -4.55429 0.00285934 6 -0.352034 -0.334058 -0.335843 -0.335702 -0.335956 -0.331787 -0.367627 0.231721 -0.367623 -0.331787 -0.335956 -0.335702 -0.335843 -0.334057 -0.352037 
0.28 -4.55464 0.00286106 6 -0.352034 -0.334057 -0.335843 -0.335702 -0.335956 -0.331773 -0.367792 0.231669 -0.367787 -0.331774 -0.335956 -0.335702 -0.335843 -0.334057 -0.352037 
0.29 -4.55503 0.00286307 6 -0.352033 -0.334057 -0.335843 -0.335702 -0.335955 -0.331759 -0.367972 0.231612 -0.367967 -0.33176 -0.335955 -0.335702 -0.335843 -0.334057 -0.352037 
0.3 -4.55545 0.00286542 6 -0.352033 -0.334057 -0.335842 -0.335702 -0.335954 -0.331743 -0.36817 0.231548 -0.368165 -0.331744 -0.335954 -0.335702 -0.335842 -0.334057 -0.352037 
0.31 -4.55592 0.00286816 6 -0.352033 -0.334057 -0.335842 -0.335701 -0.335953 -0.331725 -0.368386 0.231478 -0.36838 -0.331726 -0.335953 -0.335701 -0.335842 -0.334056 -0.352037 
0.32 -4.55642 0.00287134 6 -0.352032 -0.334057 -0.335842 -0.335701 -0.335953 -0.331706 -0.368621 0.2314 -0.368614 -0.331707 -0.335953 -0.335701 -0.335842 -0.334056 -0.352037 
0.33 -4.55697 0.002875 6 -0.352032 -0.334056 -0.335842 -0.335701 -0.335952 -0.331685 -0.368875 0.231314 -0.368869 -0.331686 -0.335952 -0.335701 -0.335842 -0.334056 -0.352037 
0.34 -4.55756 0.00287922 6 -0.352032 -0.334056 -0.335842 -0.3357 -0.335951 -0.331662 -0.36915 0.23122 -0.369143 -0.331663 -0.335951 -0.3357 -0.335842 -0.334056 -0.352036 
0.35 -4.55821 0.00288406 6 -0.352031 -0.334056 -0.335841 -0.3357 -0.33595 -0.331637 -0.369446 0.231116 -0.369439 -0.331638 -0.33595 -0.3357 -0.335841 -0.334055 -0.352036 
0.36 -4.5589 0.0028896 6 -0.352031 -0.334056 -0.335841 -0.3357 -0.335948 -0.331611 -0.369764 0.231003 -0.369757 -0.331612 -0.335948 -0.3357 -0.335841 -0.334055 -0.352036 
0.37 -4.55964 0.00289592 6 -0.352031 -0.334056 -0.335841 -0.335699 -0.335947 -0.331582 -0.370104 0.23088 -0.370097 -0.331584 -0.335947 -0.335699 -0.335841 -0.334055 -0.352036 
0.38 -4.56044 0.0029031 6 -0.35203 -0.334056 -0.335841 -0.335699 -0.335946 -0.331552 -0.370468 0.230745 -0.37046 -0.331553 -0.335946 -0.335699 -0.335841 -0.334055 -0.352036 
0.39 -4.56129 0.00291124 6 -0.35203 -0.334055 -0.335841 -0.335699 -0.335945 -0.33152 -0.370854 0.230599 -0.370846 -0.331521 -0.335944 -0.335699 -0.335841 -0.334055 -0.352036 
0.4 -4.56219 0.00292045 6 -0.35203 -0.334055 -0.33584 -0.335698 -0.335943 -0.331486 -0.371264 0.23044 -0.371256 -0.331487 -0.335943 -0.335699 -0.33584 -0.334055 -0.352036 
0.41 -4.56315 0.00293085 6 -0.35203 -0.334055 -0.33584 -0.335698 -0.335941 -0.33145 -0.371698 0.230268 -0.37169 -0.331451 -0.335941 -0.335698 -0.33584 -0.334054 -0.352036 
0.42 -4.56417 0.00294255 6 -0.352029 -0.334055 -0.33584 -0.335698 -0.33594 -0.331412 -0.372156 0.230083 -0.372147 -0.331413 -0.33594 -0.335698 -0.33584 -0.334054 -0.352035 
0.43 -4.56525 0.0029557 6 -0.352029 -0.334055 -0.33584 -0.335697 -0.335938 -0.331372 -0.372638 0.229882 -0.372629 -0.331374 -0.335938 -0.335697 -0.33584 -0.334054 -0.352035 
0.44 -4.56639 0.00297043 6 -0.352029 -0.334055 -0.33584 -0.335697 -0.335936 -0.331331 -0.373144 0.229667 -0.373134 -0.331332 -0.335936 -0.335697 -0.33584 -0.334054 -0.352035 
0.45 -4.56759 0.0029869 6 -0.352028 -0.334055 -0.33584 -0.335697 -0.335933 -0.331288 -0.373673 0.229435 -0.373663 -0.33129 -0.335933 -0.335697 -0.33584 -0.334054 -0.352035 
0.46 -4.56885 0.00300529 6 -0.352028 -0.334054 -0.335839 -0.335696 -0.335931 -0.331244 -0.374225 0.229187 -0.374215 -0.331246 -0.335931 -0.335696 -0.335839 -0.334054 -0.352035 
0.47 -4.57017 0.00302576 6 -0.352028 -0.334054 -0.335839 -0.335696 -0.335928 -0.331199 -0.3748 0.228921 -0.374789 -0.331201 -0.335928 -0.335696 -0.335839 -0.334053 -0.352035 
0.48 -4.57155 0.00304852 6 -0.352027 -0.334054 -0.335839 -0.335695 -0.335926 -0.331154 -0.375397 0.228637 -0.375386 -0.331156 -0.335925 -0.335695 -0.335839 -0.334053 -0.352035 
0.49 -4.57299 0.00307377 6 -0.352027 -0.334054 -0.335839 -0.335695 -0.335923 -0.331107 -0.376016 0.228333 -0.376005 -0.33111 -0.335922 -0.335695 -0.335839 -0.334053 -0.352035 
0.5 -4.57449 0.00310172 6 -0.352027 -0.334054 -0.335839 -0.335694 -0.335919 -0.331061 -0.376655 0.22801 -0.376644 -0.331063 -0.335919 -0.335694 -0.335839 -0.334053 -0.352035 
0.51 -4.57605 0.00313262 6 -0.352027 -0.334054 -0.335839 -0.335693 -0.335916 -0.331015 -0.377314 0.227667 -0.377302 -0.331018 -0.335916 -0.335693 -0.335839 -0.334053 -0.352035 
0.52 -4.57767 0.00316671 6 -0.352026 -0.334054 -0.335839 -0.335693 -0.335912 -0.33097 -0.377991 0.227302 -0.37798 -0.330972 -0.335912 -0.335693 -0.335839 -0.334053 -0.352034 
0.53 -4.57934 0.00320426 6 -0.352026 -0.334054 -0.335838 -0.335692 -0.335908 -0.330926 -0.378686 0.226915 -0.378674 -0.330928 -0.335908 -0.335692 -0.335838 -0.334053 -0.352034 
0.54 -4.58108 0.00324553 6 -0.352026 -0.334054 -0.335838 -0.335691 -0.335904 -0.330883 -0.379397 0.226506 -0.379385 -0.330886 -0.335904 -0.335691 -0.335838 -0.334053 -0.352034 
0.55 -4.58287 0.00329083 6 -0.352026 -0.334054 -0.335838 -0.335691 -0.335899 -0.330843 -0.380123 0.226073 -0.38011 -0.330845 -0.335899 -0.335691 -0.335838 -0.334053 -0.352034 
0.56 -4.58472 0.00334047 6 -0.352026 -0.334054 -0.335838 -0.33569 -0.335894 -0.330805 -0.380861 0.225616 -0.380848 -0.330807 -0.335894 -0.33569 -0.335838 -0.334053 -0.352034 
0.57 -4.58662 0.00339477 6 -0.352025 -0.334054 -0.335838 -0.335689 -0.335889 -0.33077 -0.381611 0.225134 -0.381598 -0.330772 -0.335889 -0.335689 -0.335838 -0.334053 -0.352034 
0.58 -4.58857 0.00345407 6 -0.352025 -0.334054 -0.335838 -0.335688 -0.335884 -0.330739 -0.38237 0.224626 -0.382357 -0.330741 -0.335884 -0.335688 -0.335838 -0.334053 -0.352034 
0.59 -4.59056 0.00351874 6 -0.352025 -0.334054 -0.335838 -0.335687 -0.335878 -0.330711 -0.383136 0.224091 -0.383123 -0.330714 -0.335878 -0.335687 -0.335838 -0.334053 -0.352034 
0.6 -4.59261 0.00358915 6 -0.352025 -0.334054 -0.335838 -0.335686 -0.335872 -0.330689 -0.383907 0.223529 -0.383894 -0.330691 -0.335872 -0.335686 -0.335838 -0.334053 -0.352034 
0.61 -4.5947 0.0036657 6 -0.352025 -0.334054 -0.335838 -0.335684 -0.335866 -0.330671 -0.384681 0.222939 -0.384668 -0.330674 -0.335866 -0.335684 -0.335838 -0.334053 -0.352034 
0.62 -4.59682 0.00374879 6 -0.352025 -0.334054 -0.335838 -0.335683 -0.33586 -0.330659 -0.385456 0.222321 -0.385442 -0.330662 -0.33586 -0.335683 -0.335838 -0.334053 -0.352034 
0.63 -4.59899 0.00383886 6 -0.352025 -0.334054 -0.335838 -0.335681 -0.335854 -0.330653 -0.386228 0.221672 -0.386215 -0.330656 -0.335854 -0.335681 -0.335838 -0.334053 -0.352034 
0.64 -4.60119 0.00393636 6 -0.352025 -0.334054 -0.335838 -0.33568 -0.335847 -0.330654 -0.386997 0.220993 -0.386983 -0.330656 -0.335847 -0.33568 -0.335838 -0.334053 -0.352034 
0.65 -4.60342 0.00404175 6 -0.352025 -0.334054 -0.335837 -0.335678 -0.335841 -0.330661 -0.387758 0.220284 -0.387744 -0.330663 -0.335841 -0.335678 -0.335838 -0.334053 -0.352034 
0.66 -4.60568 0.00415551 6 -0.352025 -0.334054 -0.335837 -0.335676 -0.335835 -0.330675 -0.38851 0.219542 -0.388496 -0.330677 -0.335835 -0.335676 -0.335837 -0.334053 -0.352034 
0.67 -4.60796 0.00427816 6 -0.352025 -0.334054 -0.335837 -0.335674 -0.335829 -0.330696 -0.38925 0.218767 -0.389236 -0.330699 -0.335829 -0.335674 -0.335837 -0.334053 -0.352034 
0.68 -4.61026 0.0044102 6 -0.352025 -0.334054 -0.335837 -0.335672 -0.335824 -0.330724 -0.389975 0.217959 -0.389961 -0.330727 -0.335824 -0.335672 -0.335837 -0.334053 -0.352034 
0.69 -4.61258 0.00455219 6 -0.352025 -0.334054 -0.335837 -0.335669 -0.33582 -0.33076 -0.390684 0.217117 -0.39067 -0.330763 -0.335819 -0.335669 -0.335837 -0.334053 -0.352034 
0.7 -4.61491 0.00470468 6 -0.352025 -0.334054 -0.335837 -0.335667 -0.335816 -0.330804 -0.391374 0.21624 -0.391359 -0.330807 -0.335816 -0.335667 -0.335837 -0.334053 -0.352034 
0.71 -4.61725 0.00486826 6 -0.352025 -0.334055 -0.335837 -0.335664 -0.335813 -0.330855 -0.392042 0.215327 -0.392027 -0.330858 -0.335813 -0.335664 -0.335837 -0.334053 -0.352034 
0.72 -4.6196 0.00504351 6 -0.352025 -0.334055 -0.335837 -0.335661 -0.335812 -0.330913 -0.392687 0.214378 -0.392672 -0.330916 -0.335812 -0.335661 -0.335837 -0.334053 -0.352034 
0.73 -4.62195 0.00523107 6 -0.352025 -0.334055 -0.335837 -0.335657 -0.335813 -0.330978 -0.393306 0.213392 -0.393292 -0.330981 -0.335813 -0.335657 -0.335837 -0.334053 -0.352034 
0.74 -4.6243 0.00543156 6 -0.352025 -0.334055 -0.335837 -0.335653 -0.335816 -0.331051 -0.393899 0.212368 -0.393885 -0.331054 -0.335816 -0.335653 -0.335837 -0.334054 -0.352034 
0.75 -4.62665 0.00564564 6 -0.352025 -0.334055 -0.335836 -0.335649 -0.335822 -0.331129 -0.394464 0.211306 -0.394449 -0.331132 -0.335822 -0.335649 -0.335837 -0.334054 -0.352034 
0.76 -4.629 0.00587398 6 -0.352025 -0.334055 -0.335836 -0.335645 -0.33583 -0.331214 -0.394999 0.210206 -0.394984 -0.331218 -0.33583 -0.335645 -0.335836 -0.334054 -0.352034 
0.77 -4.63134 0.00611728 6 -0.352025 -0.334055 -0.335836 -0.33564 -0.335842 -0.331305 -0.395503 0.209066 -0.395488 -0.331308 -0.335842 -0.33564 -0.335836 -0.334054 -0.352034 
0.78 -4.63368 0.00637625 6 -0.352025 -0.334055 -0.335836 -0.335635 -0.335859 -0.331401 -0.395976 0.207886 -0.395961 -0.331404 -0.335858 -0.335635 -0.335836 -0.334054 -0.352034 
0.79 -4.63602 0.00665162 6 -0.352025 -0.334056 -0.335836 -0.335629 -0.335879 -0.331502 -0.396417 0.206667 -0.396402 -0.331505 -0.335879 -0.335629 -0.335836 -0.334054 -0.352034 
0.8 -4.63834 0.00694414 6 -0.352026 -0.334056 -0.335835 -0.335623 -0.335905 -0.331606 -0.396825 0.205406 -0.39681 -0.331609 -0.335905 -0.335623 -0.335835 -0.334054 -0.352034 
0.81 -4.64066 0.00725456 6 -0.352026 -0.334056 -0.335835 -0.335617 -0.335937 -0.331714 -0.397201 0.204105 -0.397186 -0.331717 -0.335936 -0.335617 -0.335835 -0.334055 -0.352034 
0.82 -4.64297 0.00758368 6 -0.352026 -0.334056 -0.335835 -0.33561 -0.335974 -0.331823 -0.397543 0.202763 -0.397529 -0.331826 -0.335974 -0.33561 -0.335835 -0.334055 -0.352034 
0.83 -4.64527 0.00793229 6 -0.352026 -0.334056 -0.335834 -0.335602 -0.33602 -0.331935 -0.397853 0.201379 -0.397838 -0.331938 -0.336019 -0.335602 -0.335834 -0.334055 -0.352034 
0.84 -4.64756 0.00830119 6 -0.352026 -0.334056 -0.335834 -0.335594 -0.336072 -0.332046 -0.39813 0.199954 -0.398115 -0.332049 -0.336072 -0.335594 -0.335834 -0.334055 -0.352034 
0.85 -4.64984 0.00869124 6 -0.352027 -0.334056 -0.335833 -0.335585 -0.336134 -0.332157 -0.398375 0.198486 -0.39836 -0.33216 -0.336133 -0.335585 -0.335833 -0.334055 -0.352034 
0.86 -4.65212 0.00910325 6 -0.352027 -0.334057 -0.335832 -0.335576 -0.336204 -0.332267 -0.398588 0.196977 -0.398573 -0.33227 -0.336204 -0.335576 -0.335833 -0.334055 -0.352034 
0.87 -4.65439 0.0095381 6 -0.352027 -0.334057 -0.335832 -0.335567 -0.336284 -0.332373 -0.39877 0.195425 -0.398755 -0.332376 -0.336284 -0.335567 -0.335832 -0.334056 -0.352035 
0.88 -4.65665 0.00999665 6 -0.352027 -0.334057 -0.335831 -0.335556 -0.336375 -0.332476 -0.398921 0.193832 -0.398906 -0.332479 -0.336374 -0.335556 -0.335831 -0.334056 -0.352035 
0.89 -4.6589 0.0104798 6 -0.352028 -0.334057 -0.33583 -0.335546 -0.336477 -0.332574 -0.399042 0.192196 -0.399027 -0.332577 -0.336476 -0.335546 -0.33583 -0.334056 -0.352035 
0.9 -4.66115 0.0109884 6 -0.352028 -0.334057 -0.335829 -0.335534 -0.336591 -0.332665 -0.399133 0.190518 -0.399119 -0.332668 -0.33659 -0.335534 -0.335829 -0.334056 -0.352035 
0.91 -4.66339 0.0115234 6 -0.352028 -0.334057 -0.335828 -0.335523 -0.336717 -0.332748 -0.399197 0.188798 -0.399182 -0.332751 -0.336716 -0.335523 -0.335828 -0.334056 -0.352035 
0.92 -4.66563 0.0120857 6 -0.352029 -0.334057 -0.335827 -0.33551 -0.336856 -0.332823 -0.399232 0.187036 -0.399218 -0.332826 -0.336855 -0.33551 -0.335827 -0.334056 -0.352035 
0.93 -4.66785 0.0126763 6 -0.352029 -0.334057 -0.335825 -0.335498 -0.337008 -0.332887 -0.399241 0.185232 -0.399226 -0.33289 -0.337007 -0.335498 -0.335826 -0.334056 -0.352035 
0.94 -4.67007 0.013296 6 -0.352029 -0.334057 -0.335824 -0.335485 -0.337175 -0.33294 -0.399223 0.183386 -0.399209 -0.332943 -0.337174 -0.335485 -0.335824 -0.334056 -0.352035 
0.95 -4.67229 0.0139458 6 -0.352029 -0.334057 -0.335822 -0.335473 -0.337355 -0.332981 -0.39918 0.181499 -0.399165 -0.332984 -0.337354 -0.335473 -0.335822 -0.334056 -0.352035 
0.96 -4.6745 0.0146266 6 -0.35203 -0.334057 -0.33582 -0.33546 -0.33755 -0.333008 -0.399112 0.179571 -0.399098 -0.333011 -0.337549 -0.33546 -0.335821 -0.334056 -0.352035 
0.97 -4.6767 0.0153395 6 -0.35203 -0.334057 -0.335818 -0.335448 -0.33776 -0.33302 -0.399021 0.177601 -0.399006 -0.333023 -0.337759 -0.335448 -0.335819 -0.334056 -0.352036 
0.98 -4.67889 0.0160854 6 -0.35203 -0.334057 -0.335816 -0.335435 -0.337985 -0.333016 -0.398906 0.175591 -0.398892 -0.333019 -0.337984 -0.335436 -0.335816 -0.334056 -0.352036 
0.99 -4.68108 0.0168651 6 -0.352031 -0.334057 -0.335814 -0.335424 -0.338225 -0.332996 -0.398769 0.17354 -0.398755 -0.332999 -0.338223 -0.335424 -0.335814 -0.334056 -0.352036 
1 -4.68327 0.0176798 6 -0.352031 -0.334057 -0.335811 -0.335414 -0.338479 -0.332958 -0.398611 0.171449 -0.398597 -0.332961 -0.338478 -0.335414 -0.335811 -0.334056 -0.352036 
1.01 -4.68544 0.0185304 6 -0.352031 -0.334057 -0.335808 -0.335405 -0.338749 -0.332903 -0.398431 0.169318 -0.398417 -0.332906 -0.338748 -0.335405 -0.335808 -0.334056 -0.352036 
1.02 -4.68761 0.0194178 6 -0.352032 -0.334057 -0.335805 -0.335397 -0.339034 -0.332829 -0.398231 0.167148 -0.398217 -0.332832 -0.339032 -0.335397 -0.335805 -0.334056 -0.352036 
1.03 -4.68978 0.020343 6 -0.352032 -0.334057 -0.335802 -0.335391 -0.339333 -0.332736 -0.398012 0.164938 -0.397998 -0.332739 -0.339332 -0.335391 -0.335802 -0.334056 -0.352036 
1.04 -4.69194 0.021307 6 -0.352032 -0.334057 -0.335798 -0.335388 -0.339646 -0.332624 -0.397773 0.16269 -0.397759 -0.332627 -0.339645 -0.335388 -0.335798 -0.334056 -0.352036 
1.05 -4.69409 0.0223108 6 -0.352033 -0.334056 -0.335794 -0.335388 -0.339974 -0.332492 -0.397516 0.160403 -0.397503 -0.332496 -0.339972 -0.335388 -0.335794 -0.334056 -0.352036 
1.06 -4.69624 0.0233553 6 -0.352033 -0.334056 -0.335789 -0.335391 -0.340315 -0.332342 -0.397242 0.158079 -0.397228 -0.332345 -0.340313 -0.335391 -0.335789 -0.334055 -0.352037 
1.07 -4.69839 0.0244415 6 -0.352033 -0.334056 -0.335784 -0.335398 -0.340668 -0.332171 -0.396949 0.155717 -0.396936 -0.332175 -0.340666 -0.335398 -0.335784 -0.334055 -0.352037 
1.08 -4.70054 0.0255703 6 -0.352033 -0.334055 -0.335779 -0.335409 -0.341034 -0.331982 -0.39664 0.153318 -0.396627 -0.331985 -0.341032 -0.335409 -0.335779 -0.334055 -0.352037 
1.09 -4.70268 0.0267428 6 -0.352034 -0.334055 -0.335773 -0.335425 -0.341411 -0.331774 -0.396315 0.150883 -0.396301 -0.331777 -0.34141 -0.335425 -0.335773 -0.334054 -0.352037 
1.1 -4.70482 0.0279599 6 -0.352034 -0.334054 -0.335767 -0.335447 -0.3418 -0.331547 -0.395974 0.148412 -0.39596 -0.33155 -0.341798 -0.335447 -0.335767 -0.334054 -0.352037 
1.11 -4.70697 0.0292224 6 -0.352034 -0.334054 -0.33576 -0.335476 -0.342197 -0.331302 -0.395617 0.145905 -0.395604 -0.331305 -0.342195 -0.335476 -0.33576 -0.334053 -0.352037 
1.12 -4.70911 0.0305314 6 -0.352035 -0.334053 -0.335753 -0.335511 -0.342604 -0.331039 -0.395246 0.143363 -0.395232 -0.331043 -0.342602 -0.335511 -0.335753 -0.334052 -0.352037 
1.13 -4.71125 0.0318878 6 -0.352035 -0.334052 -0.335745 -0.335554 -0.343019 -0.330759 -0.39486 0.140787 -0.394847 -0.330763 -0.343016 -0.335554 -0.335746 -0.334052 -0.352037 
1.14 -4.7134 0.0332925 6 -0.352035 -0.334051 -0.335737 -0.335605 -0.34344 -0.330463 -0.39446 0.138177 -0.394447 -0.330467 -0.343437 -0.335605 -0.335737 -0.334051 -0.352037 
1.15 -4.71554 0.0347464 6 -0.352035 -0.33405 -0.335729 -0.335665 -0.343866 -0.330151 -0.394047 0.135534 -0.394034 -0.330154 -0.343864 -0.335665 -0.335729 -0.33405 -0.352037 
1.16 -4.71769 0.0362504 6 -0.352035 -0.334049 -0.33572 -0.335735 -0.344297 -0.329823 -0.39362 0.132858 -0.393607 -0.329827 -0.344295 -0.335735 -0.33572 -0.334049 -0.352037 
1.17 -4.71984 0.0378054 6 -0.352036 -0.334048 -0.33571 -0.335815 -0.344731 -0.32948 -0.393181 0.130149 -0.393168 -0.329484 -0.344728 -0.335815 -0.33571 -0.334048 -0.352037 
1.18 -4.722 0.0394123 6 -0.352036 -0.334047 -0.335701 -0.335905 -0.345166 -0.329124 -0.39273 0.127409 -0.392716 -0.329128 -0.345163 -0.335905 -0.335701 -0.334047 -0.352037 
1.19 -4.72415 0.0410719 6 -0.352036 -0.334045 -0.33569 -0.336007 -0.345601 -0.328754 -0.392266 0.124638 -0.392253 -0.328758 -0.345599 -0.336007 -0.33569 -0.334045 -0.352037 
1.2 -4.72631 0.0427851 6 -0.352036 -0.334044 -0.33568 -0.336121 -0.346035 -0.328371 -0.391791 0.121836 -0.391778 -0.328375 -0.346033 -0.336121 -0.33568 -0.334044 -0.352037 
1.21 -4.72847 0.0445527 6 -0.352036 -0.334042 -0.335669 -0.336247 -0.346467 -0.327976 -0.391304 0.119004 -0.391292 -0.32798 -0.346464 -0.336247 -0.335669 -0.334042 -0.352037 
1.22 -4.73063 0.0463756 6 -0.352036 -0.33404 -0.335658 -0.336386 -0.346895 -0.32757 -0.390807 0.116143 -0.390794 -0.327573 -0.346892 -0.336385 -0.335659 -0.33404 -0.352037 
1.23 -4.73279 0.0482545 6 -0.352036 -0.334038 -0.335648 -0.336537 -0.347317 -0.327152 -0.390299 0.113254 -0.390287 -0.327156 -0.347314 -0.336537 -0.335648 -0.334038 -0.352037 
1.24 -4.73495 0.0501902 6 -0.352036 -0.334036 -0.335637 -0.336702 -0.347732 -0.326724 -0.389782 0.110336 -0.389769 -0.326728 -0.347729 -0.336702 -0.335637 -0.334036 -0.352037 
1.25 -4.73711 0.0521834 6 -0.352036 -0.334034 -0.335627 -0.33688 -0.34814 -0.326286 -0.389254 0.107391 -0.389241 -0.32629 -0.348137 -0.33688 -0.335627 -0.334034 -0.352037 
1.26 -4.73927 0.054235 6 -0.352036 -0.334031 -0.335618 -0.337072 -0.348539 -0.325839 -0.388717 0.104419 -0.388704 -0.325843 -0.348536 -0.337072 -0.335618 -0.334031 -0.352037 
1.27 -4.74143 0.0563456 6 -0.352036 -0.334028 -0.335609 -0.337278 -0.348927 -0.325383 -0.388171 0.101421 -0.388158 -0.325387 -0.348924 -0.337277 -0.335609 -0.334028 -0.352036 
1.28 -4.74359 0.058516 6 -0.352036 -0.334025 -0.335602 -0.337497 -0.349305 -0.324918 -0.387616 0.0983978 -0.387603 -0.324922 -0.349302 -0.337496 -0.335602 -0.334025 -0.352036 
1.29 -4.74574 0.0607468 6 -0.352036 -0.334022 -0.335596 -0.33773 -0.349671 -0.324445 -0.387053 0.0953494 -0.38704 -0.32445 -0.349668 -0.337729 -0.335596 -0.334022 -0.352036 
1.3 -4.7479 0.0630387 6 -0.352036 -0.334018 -0.335592 -0.337975 -0.350024 -0.323965 -0.386481 0.0922767 -0.386469 -0.32397 -0.350021 -0.337975 -0.335592 -0.334018 -0.352036 
1.31 -4.75005 0.0653924 6 -0.352035 -0.334014 -0.33559 -0.338234 -0.350365 -0.323478 -0.385902 0.0891805 -0.38589 -0.323482 -0.350361 -0.338234 -0.33559 -0.334014 -0.352036 
1.32 -4.75219 0.0678083 6 -0.352035 -0.33401 -0.335591 -0.338506 -0.350692 -0.322984 -0.385315 0.0860614 -0.385303 -0.322989 -0.350688 -0.338505 -0.335591 -0.33401 -0.352035 
1.33 -4.75434 0.0702872 6 -0.352035 -0.334005 -0.335595 -0.33879 -0.351004 -0.322484 -0.384721 0.08292 -0.384709 -0.322488 -0.351001 -0.338789 -0.335595 -0.334005 -0.352035 
1.34 -4.75648 0.0728297 6 -0.352034 -0.334 -0.335603 -0.339085 -0.351303 -0.321978 -0.384121 0.079757 -0.384108 -0.321982 -0.3513 -0.339084 -0.335603 -0.334 -0.352034 
1.35 -4.75862 0.0754361 6 -0.352034 -0.333994 -0.335615 -0.339392 -0.351588 -0.321466 -0.383513 0.0765731 -0.383501 -0.32147 -0.351584 -0.339391 -0.335615 -0.333994 -0.352034 
1.36 -4.76076 0.0781071 6 -0.352034 -0.333989 -0.335632 -0.339709 -0.351858 -0.320948 -0.3829 0.0733689 -0.382888 -0.320953 -0.351855 -0.339708 -0.335632 -0.333989 -0.352034 
1.37 -4.76289 0.0808432 6 -0.352033 -0.333982 -0.335654 -0.340036 -0.352115 -0.320426 -0.38228 0.0701452 -0.382268 -0.32043 -0.352111 -0.340035 -0.335654 -0.333982 -0.352033 
1.38 -4.76503 0.0836448 6 -0.352032 -0.333975 -0.335683 -0.340371 -0.352357 -0.319899 -0.381655 0.0669025 -0.381643 -0.319903 -0.352354 -0.34037 -0.335683 -0.333976 -0.352032 
1.39 -4.76717 0.0865123 6 -0.352032 -0.333968 -0.335718 -0.340715 -0.352586 -0.319367 -0.381025 0.0636416 -0.381013 -0.319372 -0.352583 -0.340714 -0.335718 -0.333968 -0.352032 
1.4 -4.76931 0.0894461 6 -0.352031 -0.33396 -0.33576 -0.341066 -0.352802 -0.318831 -0.380389 0.0603632 -0.380377 -0.318836 -0.352799 -0.341065 -0.33576 -0.333961 -0.352031 
1.41 -4.77144 0.0924467 6 -0.35203 -0.333952 -0.335811 -0.341422 -0.353005 -0.318292 -0.379749 0.0570678 -0.379737 -0.318296 -0.353002 -0.341421 -0.335811 -0.333952 -0.35203 
1.42 -4.77358 0.0955144 6 -0.352029 -0.333944 -0.33587 -0.341784 -0.353196 -0.317748 -0.379104 0.0537563 -0.379092 -0.317753 -0.353193 -0.341783 -0.33587 -0.333944 -0.352029 
1.43 -4.77572 0.0986495 6 -0.352028 -0.333934 -0.335939 -0.342149 -0.353375 -0.317202 -0.378455 0.0504293 -0.378443 -0.317206 -0.353371 -0.342148 -0.335938 -0.333935 -0.352028 
1.44 -4.77786 0.101852 6 -0.352027 -0.333925 -0.336017 -0.342517 -0.353542 -0.316652 -0.377802 0.0470874 -0.37779 -0.316656 -0.353539 -0.342515 -0.336017 -0.333925 -0.352027 
1.45 -4.78001 0.105123 6 -0.352026 -0.333915 -0.336107 -0.342885 -0.353699 -0.316099 -0.377145 0.0437313 -0.377134 -0.316104 -0.353695 -0.342884 -0.336106 -0.333915 -0.352026 
1.46 -4.78215 0.108462 6 -0.352024 -0.333904 -0.336207 -0.343254 -0.353845 -0.315543 -0.376485 0.0403618 -0.376473 -0.315548 -0.353842 -0.343252 -0.336207 -0.333904 -0.352025 
1.47 -4.7843 0.111869 6 -0.352023 -0.333893 -0.33632 -0.34362 -0.353981 -0.314986 -0.375822 0.0369794 -0.37581 -0.31499 -0.353978 -0.343619 -0.33632 -0.333894 -0.352023 
1.48 -4.78645 0.115345 6 -0.352021 -0.333882 -0.336445 -0.343984 -0.354108 -0.314425 -0.375156 0.033585 -0.375144 -0.31443 -0.354105 -0.343983 -0.336444 -0.333882 -0.352022 
1.49 -4.7886 0.118889 7 -0.352019 -0.333871 -0.336582 -0.344344 -0.354227 -0.313863 -0.374487 0.0301791 -0.374475 -0.313868 -0.354223 -0.344342 -0.336582 -0.333871 -0.35202 
1.5 -4.79075 0.122503 7 -0.352017 -0.33386 -0.336733 -0.344698 -0.354336 -0.3133 -0.373816 0.0267625 -0.373804 -0.313305 -0.354333 -0.344697 -0.336733 -0.33386 -0.352018 
1.51 -4.7929 0.126185 7 -0.352015 -0.333849 -0.336897 -0.345046 -0.354438 -0.312734 -0.373142 0.0233358 -0.373131 -0.312739 -0.354435 -0.345044 -0.336897 -0.333849 -0.352016 
1.52 -4.79505 0.129936 7 -0.352013 -0.333838 -0.337075 -0.345385 -0.354532 -0.312168 -0.372467 0.0198997 -0.372456 -0.312173 -0.354529 -0.345383 -0.337075 -0.333838 -0.352014 
1.53 -4.7972 0.133756 7 -0.35201 -0.333827 -0.337267 -0.345715 -0.35462 -0.3116 -0.371791 0.0164549 -0.37178 -0.311605 -0.354616 -0.345713 -0.337267 -0.333827 -0.352012 
1.54 -4.79934 0.137645 7 -0.352007 -0.333817 -0.337473 -0.346035 -0.3547 -0.311031 -0.371113 0.013002 -0.371102 -0.311036 -0.354697 -0.346033 -0.337473 -0.333817 -0.352009 
1.55 -4.80149 0.141603 7 -0.352004 -0.333808 -0.337694 -0.346344 -0.354774 -0.310462 -0.370434 0.00954174 -0.370423 -0.310467 -0.354771 -0.346342 -0.337693 -0.333808 -0.352006 
1.56 -4.80363 0.145629 7 -0.352001 -0.3338 -0.337928 -0.34664 -0.354842 -0.309892 -0.369754 0.0060748 -0.369743 -0.309897 -0.354839 -0.346638 -0.337927 -0.3338 -0.352003 
1.57 -4.80577 0.149724 7 -0.351998 -0.333794 -0.338176 -0.346924 -0.354905 -0.309322 -0.369074 0.00260183 -0.369063 -0.309327 -0.354901 -0.346922 -0.338175 -0.333794 -0.352 
1.58 -4.80791 0.153888 8 -0.351994 -0.33379 -0.338438 -0.347195 -0.354962 -0.308752 -0.368393 -0.000876505 -0.368382 -0.308757 -0.354958 -0.347193 -0.338437 -0.33379 -0.351996 
1.59 -4.81005 0.15812 8 -0.35199 -0.333788 -0.338714 -0.347452 -0.355013 -0.308182 -0.367712 -0.00435954 -0.367701 -0.308187 -0.35501 -0.34745 -0.338713 -0.333788 -0.351992 
1.6 -4.81218 0.16242 8 -0.351985 -0.333789 -0.339002 -0.347694 -0.35506 -0.307613 -0.367031 -0.00784661 -0.36702 -0.307618 -0.355056 -0.347692 -0.339001 -0.333789 -0.351988 
1.61 -4.81432 0.166787 8 -0.351981 -0.333793 -0.339304 -0.347922 -0.355101 -0.307043 -0.366351 -0.0113371 -0.36634 -0.307049 -0.355098 -0.34792 -0.339302 -0.333793 -0.351984 
1.62 -4.81645 0.171223 8 -0.351976 -0.333801 -0.339617 -0.348136 -0.355138 -0.306475 -0.365671 -0.0148302 -0.36566 -0.30648 -0.355135 -0.348134 -0.339616 -0.3338 -0.351979 
1.63 -4.81858 0.175725 8 -0.35197 -0.333813 -0.339942 -0.348335 -0.355171 -0.305908 -0.364992 -0.0183255 -0.364981 -0.305913 -0.355168 -0.348333 -0.339941 -0.333813 -0.351973 
1.64 -4.82071 0.180295 8 -0.351964 -0.33383 -0.340278 -0.348519 -0.355199 -0.305341 -0.364314 -0.0218221 -0.364303 -0.305346 -0.355196 -0.348517 -0.340277 -0.333829 -0.351968 
1.65 -4.82283 0.184931 8 -0.351958 -0.333852 -0.340625 -0.348689 -0.355224 -0.304776 -0.363637 -0.0253196 -0.363627 -0.304781 -0.35522 -0.348687 -0.340623 -0.333852 -0.351962 
1.66 -4.82496 0.189633 8 -0.351951 -0.333881 -0.34098 -0.348846 -0.355244 -0.304213 -0.362962 -0.0288172 -0.362951 -0.304218 -0.35524 -0.348844 -0.340979 -0.333881 -0.351955 
1.67 -4.82709 0.1944 8 -0.351944 -0.333916 -0.341345 -0.348988 -0.35526 -0.303651 -0.362288 -0.0323142 -0.362278 -0.303656 -0.355256 -0.348986 -0.341343 -0.333916 -0.351948 
1.68 -4.82922 0.199233 8 -0.351936 -0.333959 -0.341716 -0.349118 -0.355272 -0.30309 -0.361617 -0.0358102 -0.361606 -0.303096 -0.355268 -0.349116 -0.341715 -0.333959 -0.351941 
1.69 -4.83135 0.204131 8 -0.351928 -0.33401 -0.342094 -0.349235 -0.35528 -0.302532 -0.360947 -0.0393043 -0.360937 -0.302538 -0.355277 -0.349233 -0.342093 -0.33401 -0.351933 
1.7 -4.83348 0.209092 8 -0.35192 -0.33407 -0.342477 -0.349339 -0.355285 -0.301976 -0.36028 -0.0427961 -0.36027 -0.301982 -0.355281 -0.349337 -0.342476 -0.33407 -0.351924 
1.71 -4.83562 0.214117 8 -0.351911 -0.33414 -0.342865 -0.349432 -0.355286 -0.301423 -0.359615 -0.0462849 -0.359605 -0.301428 -0.355282 -0.34943 -0.342863 -0.334139 -0.351916 
1.72 -4.83776 0.219205 8 -0.351902 -0.334219 -0.343255 -0.349514 -0.355283 -0.300872 -0.358953 -0.04977 -0.358944 -0.300877 -0.35528 -0.349512 -0.343253 -0.334218 -0.351907 
1.73 -4.8399 0.224356 8 -0.351892 -0.334309 -0.343647 -0.349585 -0.355277 -0.300324 -0.358295 -0.0532509 -0.358285 -0.300329 -0.355273 -0.349583 -0.343645 -0.334308 -0.351897 
1.74 -4.84204 0.229568 8 -0.351882 -0.33441 -0.344038 -0.349645 -0.355267 -0.299779 -0.357639 -0.056727 -0.357629 -0.299784 -0.355263 -0.349644 -0.344036 -0.33441 -0.351887 
1.75 -4.84419 0.234841 8 -0.351872 -0.334524 -0.344429 -0.349697 -0.355254 -0.299236 -0.356987 -0.0601976 -0.356977 -0.299242 -0.35525 -0.349695 -0.344427 -0.334523 -0.351877 
1.76 -4.84633 0.240174 8 -0.351861 -0.334649 -0.344817 -0.349739 -0.355237 -0.298698 -0.356338 -0.0636622 -0.356328 -0.298703 -0.355233 -0.349738 -0.344815 -0.334648 -0.351867 
1.77 -4.84848 0.245567 8 -0.351851 -0.334787 -0.345202 -0.349774 -0.355216 -0.298162 -0.355693 -0.0671202 -0.355683 -0.298168 -0.355213 -0.349772 -0.3452 -0.334786 -0.351857 
1.78 -4.85063 0.251018 8 -0.35184 -0.334939 -0.345581 -0.3498 -0.355193 -0.29763 -0.355052 -0.0705709 -0.355042 -0.297636 -0.355189 -0.349798 -0.345579 -0.334938 -0.351847 
1.79 -4.85279 0.256528 8 -0.35183 -0.335103 -0.345954 -0.349819 -0.355166 -0.297102 -0.354415 -0.0740139 -0.354405 -0.297108 -0.355162 -0.349817 -0.345952 -0.335102 -0.351837 
1.8 -4.85494 0.262094 8 -0.351821 -0.335282 -0.346319 -0.349831 -0.355135 -0.296578 -0.353782 -0.0774486 -0.353773 -0.296584 -0.355132 -0.349829 -0.346317 -0.33528 -0.351827 
1.81 -4.85709 0.267717 8 -0.351812 -0.335474 -0.346676 -0.349836 -0.355101 -0.296058 -0.353154 -0.0808743 -0.353144 -0.296064 -0.355098 -0.349834 -0.346674 -0.335473 -0.351818 
1.82 -4.85924 0.273395 8 -0.351803 -0.33568 -0.347023 -0.349835 -0.355064 -0.295542 -0.35253 -0.0842905 -0.352521 -0.295548 -0.355061 -0.349833 -0.347021 -0.335679 -0.35181 
1.83 -4.86139 0.279128 8 -0.351796 -0.3359 -0.347359 -0.349829 -0.355023 -0.295031 -0.351911 -0.0876967 -0.351902 -0.295037 -0.35502 -0.349827 -0.347357 -0.335899 -0.351804 
1.84 -4.86354 0.284914 8 -0.351791 -0.336134 -0.347684 -0.349817 -0.354979 -0.294524 -0.351297 -0.0910924 -0.351288 -0.29453 -0.354976 -0.349815 -0.347682 -0.336132 -0.351798 
1.85 -4.86569 0.290752 8 -0.351787 -0.336382 -0.347996 -0.3498 -0.354932 -0.294022 -0.350689 -0.0944769 -0.35068 -0.294028 -0.354928 -0.349799 -0.347994 -0.33638 -0.351795 
1.86 -4.86784 0.296643 8 -0.351786 -0.336643 -0.348296 -0.349779 -0.354881 -0.293525 -0.350085 -0.0978498 -0.350077 -0.293531 -0.354877 -0.349777 -0.348294 -0.336641 -0.351793 
1.87 -4.86998 0.302583 8 -0.351787 -0.336917 -0.348583 -0.349753 -0.354826 -0.293034 -0.349488 -0.101211 -0.349479 -0.293039 -0.354823 -0.349752 -0.34858 -0.336915 -0.351795 
1.88 -4.87213 0.308573 8 -0.351792 -0.337204 -0.348856 -0.349724 -0.354768 -0.292547 -0.348895 -0.104559 -0.348887 -0.292552 -0.354765 -0.349722 -0.348853 -0.337202 -0.351799 
1.89 -4.87427 0.314612 8 -0.3518 -0.337504 -0.349115 -0.34969 -0.354707 -0.292066 -0.348309 -0.107893 -0.3483 -0.292071 -0.354704 -0.349688 -0.349112 -0.337502 -0.351808 
1.9 -4.87641 0.320698 8 -0.351812 -0.337815 -0.34936 -0.349652 -0.354642 -0.29159 -0.347729 -0.111215 -0.34772 -0.291595 -0.354639 -0.349651 -0.349358 -0.337813 -0.35182 
1.91 -4.87855 0.326831 8 -0.351829 -0.338138 -0.349592 -0.349612 -0.354574 -0.29112 -0.347154 -0.114521 -0.347146 -0.291125 -0.354571 -0.34961 -0.349589 -0.338136 -0.351837 
1.92 -4.8807 0.333008 8 -0.351851 -0.338471 -0.349809 -0.349568 -0.354502 -0.290656 -0.346586 -0.117814 -0.346578 -0.290661 -0.354499 -0.349566 -0.349807 -0.338469 -0.35186 
1.93 -4.88284 0.33923 8 -0.35188 -0.338814 -0.350014 -0.349521 -0.354427 -0.290197 -0.346024 -0.121091 -0.346016 -0.290203 -0.354424 -0.349519 -0.350011 -0.338811 -0.351888 
1.94 -4.88498 0.345494 8 -0.351915 -0.339165 -0.350205 -0.349471 -0.354348 -0.289745 -0.345469 -0.124352 -0.345461 -0.289751 -0.354345 -0.349469 -0.350202 -0.339163 -0.351924 
1.95 -4.88713 0.351801 8 -0.351957 -0.339525 -0.350383 -0.349418 -0.354266 -0.289299 -0.344921 -0.127598 -0.344912 -0.289305 -0.354263 -0.349416 -0.35038 -0.339522 -0.351966 
1.96 -4.88928 0.358148 8 -0.352008 -0.339891 -0.350548 -0.349363 -0.35418 -0.28886 -0.344379 -0.130827 -0.344371 -0.288865 -0.354177 -0.349361 -0.350546 -0.339889 -0.352017 
1.97 -4.89143 0.364534 8 -0.352067 -0.340264 -0.350702 -0.349305 -0.35409 -0.288427 -0.343844 -0.134038 -0.343836 -0.288433 -0.354087 -0.349304 -0.3507 -0.340261 -0.352076 
1.98 -4.89359 0.370958 8 -0.352135 -0.340641 -0.350845 -0.349245 -0.353997 -0.288001 -0.343316 -0.137233 -0.343308 -0.288006 -0.353994 -0.349244 -0.350842 -0.340638 -0.352144 
1.99 -4.89575 0.377419 8 -0.352214 -0.341021 -0.350976 -0.349183 -0.3539 -0.287582 -0.342795 -0.140409 -0.342787 -0.287587 -0.353897 -0.349181 -0.350973 -0.341018 -0.352222 
2 -4.89791 0.383916 8 -0.352302 -0.341403 -0.351097 -0.349119 -0.353799 -0.287169 -0.342282 -0.143567 -0.342274 -0.287175 -0.353796 -0.349117 -0.351094 -0.341401 -0.352311 
2.01 -4.90007 0.390447 8 -0.352402 -0.341787 -0.351208 -0.349053 -0.353695 -0.286764 -0.341776 -0.146707 -0.341768 -0.286769 -0.353692 -0.349051 -0.351206 -0.341784 -0.352411 
2.02 -4.90224 0.397011 8 -0.352514 -0.34217 -0.35131 -0.348984 -0.353587 -0.286366 -0.341277 -0.149827 -0.341269 -0.286371 -0.353584 -0.348983 -0.351308 -0.342167 -0.352523 
2.03 -4.90441 0.403607 8 -0.352638 -0.342551 -0.351404 -0.348915 -0.353475 -0.285975 -0.340786 -0.152928 -0.340779 -0.28598 -0.353472 -0.348913 -0.351401 -0.342547 -0.352647 
2.04 -4.90658 0.410234 8 -0.352774 -0.342928 -0.351489 -0.348843 -0.35336 -0.285592 -0.340303 -0.156009 -0.340295 -0.285597 -0.353357 -0.348841 -0.351486 -0.342925 -0.352783 
2.05 -4.90875 0.416889 8 -0.352923 -0.343301 -0.351567 -0.34877 -0.35324 -0.285216 -0.339827 -0.159069 -0.33982 -0.285221 -0.353237 -0.348768 -0.351564 -0.343298 -0.352932 
2.06 -4.91093 0.423573 8 -0.353085 -0.343669 -0.351637 -0.348695 -0.353117 -0.284848 -0.33936 -0.162109 -0.339352 -0.284853 -0.353114 -0.348693 -0.351635 -0.343665 -0.353094 
2.07 -4.9131 0.430283 8 -0.353261 -0.344029 -0.351701 -0.348619 -0.35299 -0.284487 -0.3389 -0.165128 -0.338893 -0.284493 -0.352987 -0.348617 -0.351699 -0.344025 -0.35327 
2.08 -4.91527 0.437018 8 -0.35345 -0.34438 -0.351759 -0.348541 -0.352859 -0.284135 -0.338449 -0.168126 -0.338442 -0.284141 -0.352856 -0.348539 -0.351757 -0.344377 -0.353459 
2.09 -4.91744 0.443777 8 -0.353653 -0.344723 -0.351811 -0.348462 -0.352725 -0.283791 -0.338006 -0.171102 -0.337998 -0.283796 -0.352722 -0.34846 -0.351809 -0.344719 -0.353662 
2.1 -4.9196 0.450558 8 -0.353869 -0.345054 -0.351858 -0.348381 -0.352586 -0.283455 -0.33757 -0.174055 -0.337563 -0.28346 -0.352583 -0.34838 -0.351855 -0.345051 -0.353878 
2.11 -4.92176 0.457361 8 -0.354099 -0.345375 -0.3519 -0.3483 -0.352444 -0.283127 -0.337144 -0.176987 -0.337137 -0.283132 -0.352441 -0.348298 -0.351897 -0.345371 -0.354107 
2.12 -4.92391 0.464183 8 -0.354342 -0.345682 -0.351937 -0.348217 -0.352297 -0.282807 -0.336725 -0.179895 -0.336718 -0.282813 -0.352294 -0.348216 -0.351935 -0.345679 -0.35435 
2.13 -4.92605 0.471024 8 -0.354598 -0.345977 -0.35197 -0.348133 -0.352147 -0.282496 -0.336315 -0.182781 -0.336309 -0.282501 -0.352144 -0.348132 -0.351968 -0.345974 -0.354606 
2.14 -4.92819 0.477881 8 -0.354866 -0.346259 -0.351999 -0.348048 -0.351992 -0.282194 -0.335914 -0.185643 -0.335907 -0.282199 -0.351989 -0.348047 -0.351997 -0.346255 -0.354875 
2.15 -4.93031 0.484754 8 -0.355147 -0.346526 -0.352025 -0.347962 -0.351834 -0.2819 -0.335522 -0.188482 -0.335515 -0.281905 -0.351831 -0.347961 -0.352022 -0.346523 -0.355155 
2.16 -4.93242 0.491642 8 -0.355439 -0.346779 -0.352047 -0.347875 -0.351672 -0.281614 -0.335137 -0.191296 -0.335131 -0.28162 -0.351669 -0.347874 -0.352044 -0.346776 -0.355447 
2.17 -4.93452 0.498542 8 -0.355742 -0.347018 -0.352066 -0.347787 -0.351505 -0.281338 -0.334762 -0.194087 -0.334756 -0.281343 -0.351503 -0.347786 -0.352063 -0.347014 -0.35575 
2.18 -4.93661 0.505453 8 -0.356056 -0.347242 -0.352082 -0.347698 -0.351335 -0.281071 -0.334396 -0.196853 -0.334389 -0.281076 -0.351332 -0.347697 -0.352079 -0.347238 -0.356064 
2.19 -4.93868 0.512375 8 -0.356379 -0.347451 -0.352095 -0.347608 -0.351161 -0.280812 -0.334038 -0.199594 -0.334032 -0.280817 -0.351158 -0.347607 -0.352093 -0.347447 -0.356386 
2.2 -4.94074 0.519305 8 -0.35671 -0.347646 -0.352106 -0.347518 -0.350983 -0.280563 -0.333689 -0.202311 -0.333683 -0.280568 -0.35098 -0.347517 -0.352103 -0.347642 -0.356718 
2.21 -4.94277 0.526242 8 -0.357049 -0.347826 -0.352114 -0.347427 -0.3508 -0.280322 -0.333349 -0.205002 -0.333343 -0.280327 -0.350797 -0.347425 -0.352111 -0.347823 -0.357057 
2.22 -4.9448 0.533186 8 -0.357395 -0.347993 -0.35212 -0.347334 -0.350614 -0.280091 -0.333019 -0.207668 -0.333013 -0.280096 -0.350611 -0.347333 -0.352117 -0.347989 -0.357402 
2.23 -4.9468 0.540133 8 -0.357746 -0.348145 -0.352124 -0.347241 -0.350424 -0.279869 -0.332697 -0.210308 -0.332691 -0.279874 -0.350421 -0.34724 -0.352121 -0.348142 -0.357753 
2.24 -4.94878 0.547084 8 -0.358101 -0.348285 -0.352126 -0.347148 -0.350229 -0.279657 -0.332384 -0.212922 -0.332378 -0.279662 -0.350227 -0.347147 -0.352123 -0.348281 -0.358108 
2.25 -4.95074 0.554037 8 -0.358459 -0.348411 -0.352126 -0.347054 -0.350031 -0.279454 -0.33208 -0.21551 -0.332074 -0.279459 -0.350028 -0.347052 -0.352123 -0.348407 -0.358466 
2.26 -4.95267 0.56099 8 -0.358818 -0.348525 -0.352124 -0.346959 -0.349829 -0.27926 -0.331786 -0.218072 -0.33178 -0.279265 -0.349826 -0.346957 -0.352122 -0.348522 -0.358825 
2.27 -4.95458 0.567942 8 -0.359177 -0.348627 -0.352121 -0.346863 -0.349622 -0.279076 -0.3315 -0.220608 -0.331495 -0.279081 -0.34962 -0.346862 -0.352118 -0.348624 -0.359184 
2.28 -4.95646 0.574891 8 -0.359534 -0.348718 -0.352116 -0.346767 -0.349412 -0.278901 -0.331224 -0.223117 -0.331218 -0.278906 -0.349409 -0.346766 -0.352113 -0.348715 -0.359541 
2.29 -4.95831 0.581837 8 -0.359888 -0.348798 -0.35211 -0.34667 -0.349198 -0.278737 -0.330957 -0.225599 -0.330951 -0.278741 -0.349195 -0.346669 -0.352107 -0.348795 -0.359895 
2.3 -4.96013 0.588778 8 -0.360237 -0.348868 -0.352102 -0.346573 -0.348979 -0.278581 -0.330699 -0.228055 -0.330693 -0.278586 -0.348977 -0.346571 -0.352099 -0.348864 -0.360243 
2.31 -4.96191 0.595712 8 -0.360579 -0.348928 -0.352093 -0.346475 -0.348757 -0.278436 -0.33045 -0.230483 -0.330445 -0.278441 -0.348754 -0.346474 -0.35209 -0.348924 -0.360585 
2.32 -4.96366 0.602639 8 -0.360912 -0.348978 -0.352082 -0.346376 -0.348531 -0.2783 -0.33021 -0.232884 -0.330205 -0.278305 -0.348528 -0.346375 -0.35208 -0.348975 -0.360919 
2.33 -4.96537 0.609556 8 -0.361236 -0.34902 -0.352071 -0.346277 -0.348301 -0.278174 -0.32998 -0.235258 -0.329975 -0.278179 -0.348298 -0.346276 -0.352068 -0.349017 -0.361242 
2.34 -4.96704 0.616464 8 -0.361548 -0.349054 -0.352058 -0.346178 -0.348067 -0.278058 -0.329759 -0.237605 -0.329754 -0.278063 -0.348064 -0.346177 -0.352055 -0.34905 -0.361554 
2.35 -4.96867 0.623359 8 -0.361847 -0.349079 -0.352044 -0.346078 -0.347829 -0.277952 -0.329547 -0.239924 -0.329542 -0.277956 -0.347826 -0.346077 -0.352041 -0.349076 -0.361853 
2.36 -4.97025 0.630241 8 -0.362131 -0.349097 -0.352029 -0.345978 -0.347587 -0.277855 -0.329344 -0.242215 -0.32934 -0.27786 -0.347585 -0.345977 -0.352026 -0.349094 -0.362137 
2.37 -4.97179 0.63711 8 -0.362399 -0.349108 -0.352013 -0.345877 -0.347342 -0.277769 -0.329151 -0.244478 -0.329146 -0.277773 -0.347339 -0.345876 -0.35201 -0.349105 -0.362405 
2.38 -4.97328 0.643962 8 -0.362649 -0.349112 -0.351996 -0.345776 -0.347092 -0.277692 -0.328966 -0.246714 -0.328962 -0.277697 -0.34709 -0.345775 -0.351993 -0.349109 -0.362655 
2.39 -4.97472 0.650798 8 -0.362881 -0.34911 -0.351977 -0.345674 -0.346839 -0.277625 -0.328791 -0.248922 -0.328787 -0.27763 -0.346837 -0.345673 -0.351975 -0.349107 -0.362887 
2.4 -4.9761 0.657616 8 -0.363094 -0.349102 -0.351958 -0.345572 -0.346582 -0.277569 -0.328625 -0.251102 -0.328621 -0.277573 -0.34658 -0.345571 -0.351956 -0.349099 -0.363099 
2.41 -4.97744 0.664415 9 -0.363286 -0.349088 -0.351938 -0.34547 -0.346322 -0.277522 -0.328468 -0.253254 -0.328464 -0.277526 -0.346319 -0.345469 -0.351936 -0.349085 -0.363291 
2.42 -4.97872 0.671194 9 -0.363456 -0.349069 -0.351918 -0.345367 -0.346058 -0.277485 -0.32832 -0.255378 -0.328316 -0.27749 -0.346055 -0.345366 -0.351915 -0.349066 -0.363462 
2.43 -4.97995 0.67795 9 -0.363605 -0.349045 -0.351896 -0.345264 -0.34579 -0.277458 -0.328182 -0.257473 -0.328178 -0.277463 -0.345787 -0.345263 -0.351893 -0.349041 -0.363611 
2.44 -4.98112 0.684684 9 -0.363732 -0.349015 -0.351873 -0.34516 -0.345518 -0.277442 -0.328052 -0.259541 -0.328048 -0.277446 -0.345516 -0.345159 -0.351871 -0.349012 -0.363738 
2.45 -4.98224 0.691395 9 -0.363837 -0.348981 -0.351849 -0.345057 -0.345243 -0.277435 -0.327931 -0.26158 -0.327928 -0.277439 -0.345241 -0.345056 -0.351847 -0.348978 -0.363842 
2.46 -4.98331 0.69808 9 -0.363919 -0.348942 -0.351825 -0.344953 -0.344965 -0.277438 -0.32782 -0.263592 -0.327816 -0.277442 -0.344962 -0.344952 -0.351822 -0.348939 -0.363924 
2.47 -4.98433 0.704738 10 -0.363979 -0.348899 -0.351799 -0.344848 -0.344683 -0.277451 -0.327717 -0.265575 -0.327713 -0.277455 -0.344681 -0.344847 -0.351797 -0.348896 -0.363984 
2.48 -4.98529 0.71137 10 -0.364016 -0.348852 -0.351773 -0.344744 -0.344398 -0.277474 -0.327623 -0.26753 -0.32762 -0.277478 -0.344395 -0.344743 -0.351771 -0.348849 -0.364022 
2.49 -4.9862 0.717973 10 -0.364032 -0.348801 -0.351746 -0.344639 -0.344109 -0.277507 -0.327538 -0.269457 -0.327535 -0.277511 -0.344107 -0.344638 -0.351744 -0.348798 -0.364037 
2.5 -4.98706 0.724547 10 -0.364026 -0.348746 -0.351718 -0.344534 -0.343817 -0.27755 -0.327462 -0.271356 -0.327459 -0.277554 -0.343815 -0.344533 -0.351715 -0.348743 -0.364031 
2.51 -4.98787 0.73109 10 -0.363999 -0.348688 -0.351689 -0.344428 -0.343522 -0.277603 -0.327394 -0.273227 -0.327391 -0.277607 -0.343519 -0.344427 -0.351687 -0.348685 -0.364004 
2.52 -4.98863 0.737601 10 -0.363952 -0.348626 -0.351659 -0.344323 -0.343223 -0.277665 -0.327336 -0.275069 -0.327333 -0.277669 -0.343221 -0.344322 -0.351657 -0.348623 -0.363957 
2.53 -4.98935 0.744081 10 -0.363885 -0.34856 -0.351628 -0.344217 -0.342922 -0.277738 -0.327286 -0.276884 -0.327283 -0.277742 -0.34292 -0.344216 -0.351626 -0.348557 -0.36389 
2.54 -4.99003 0.750526 10 -0.3638 -0.348492 -0.351597 -0.344111 -0.342617 -0.27782 -0.327244 -0.278671 -0.327241 -0.277824 -0.342615 -0.34411 -0.351594 -0.348488 -0.363805 
2.55 -4.99066 0.756937 10 -0.363696 -0.34842 -0.351564 -0.344004 -0.34231 -0.277912 -0.327211 -0.28043 -0.327209 -0.277916 -0.342308 -0.344003 -0.351561 -0.348417 -0.363701 
2.56 -4.99125 0.763313 10 -0.363574 -0.348345 -0.35153 -0.343898 -0.341999 -0.278014 -0.327187 -0.282161 -0.327184 -0.278017 -0.341997 -0.343897 -0.351528 -0.348342 -0.363579 
2.57 -4.9918 0.769652 11 -0.363436 -0.348267 -0.351496 -0.343791 -0.341686 -0.278125 -0.327171 -0.283864 -0.327168 -0.278129 -0.341684 -0.34379 -0.351493 -0.348264 -0.363441 
2.58 -4.99232 0.775954 11 -0.363283 -0.348186 -0.35146 -0.343684 -0.34137 -0.278246 -0.327163 -0.28554 -0.327161 -0.27825 -0.341368 -0.343683 -0.351457 -0.348183 -0.363287 
2.59 -4.9928 0.782218 11 -0.363114 -0.348103 -0.351423 -0.343577 -0.341051 -0.278377 -0.327163 -0.287188 -0.327161 -0.27838 -0.341049 -0.343576 -0.351421 -0.3481 -0.363119 
2.6 -4.99325 0.788443 11 -0.362931 -0.348017 -0.351385 -0.34347 -0.340729 -0.278517 -0.327172 -0.288809 -0.32717 -0.27852 -0.340727 -0.343469 -0.351383 -0.348014 -0.362936 
2.61 -4.99367 0.794629 11 -0.362735 -0.347928 -0.351347 -0.343362 -0.340405 -0.278667 -0.327189 -0.290402 -0.327187 -0.27867 -0.340403 -0.343361 -0.351344 -0.347925 -0.36274 
2.62 -4.99405 0.800773 11 -0.362527 -0.347837 -0.351307 -0.343254 -0.340079 -0.278826 -0.327214 -0.291968 -0.327212 -0.278829 -0.340077 -0.343254 -0.351304 -0.347834 -0.362531 
2.63 -4.99441 0.806876 12 -0.362307 -0.347744 -0.351266 -0.343147 -0.33975 -0.278994 -0.327247 -0.293507 -0.327245 -0.278997 -0.339748 -0.343146 -0.351263 -0.347741 -0.362311 
2.64 -4.99475 0.812938 12 -0.362076 -0.347649 -0.351223 -0.343039 -0.339418 -0.279172 -0.327287 -0.295019 -0.327286 -0.279175 -0.339417 -0.343038 -0.351221 -0.347646 -0.362081 
2.65 -4.99505 0.818956 12 -0.361835 -0.347551 -0.35118 -0.342931 -0.339085 -0.279359 -0.327336 -0.296504 -0.327334 -0.279362 -0.339083 -0.34293 -0.351178 -0.347548 -0.361839 
2.66 -4.99534 0.82493 12 -0.361585 -0.347451 -0.351135 -0.342822 -0.338749 -0.279555 -0.327392 -0.297962 -0.327391 -0.279558 -0.338747 -0.342822 -0.351133 -0.347448 -0.361589 
2.67 -4.9956 0.830861 12 -0.361325 -0.347349 -0.35109 -0.342714 -0.338412 -0.27976 -0.327456 -0.299394 -0.327454 -0.279763 -0.33841 -0.342713 -0.351087 -0.347346 -0.36133 
2.68 -4.99585 0.836747 12 -0.361058 -0.347246 -0.351043 -0.342606 -0.338072 -0.279974 -0.327527 -0.3008 -0.327526 -0.279977 -0.33807 -0.342605 -0.35104 -0.347243 -0.361063 
2.69 -4.99607 0.842587 13 -0.360784 -0.34714 -0.350994 -0.342497 -0.33773 -0.280197 -0.327606 -0.302179 -0.327605 -0.2802 -0.337729 -0.342496 -0.350992 -0.347137 -0.360788 
2.7 -4.99628 0.848381 13 -0.360502 -0.347033 -0.350945 -0.342388 -0.337387 -0.280429 -0.327692 -0.303532 -0.327691 -0.280432 -0.337385 -0.342388 -0.350942 -0.34703 -0.360506 
2.71 -4.99647 0.854128 13 -0.360214 -0.346924 -0.350893 -0.34228 -0.337042 -0.28067 -0.327785 -0.304859 -0.327784 -0.280673 -0.33704 -0.342279 -0.350891 -0.346921 -0.360219 
2.72 -4.99665 0.859828 13 -0.359921 -0.346813 -0.350841 -0.342171 -0.336695 -0.28092 -0.327885 -0.30616 -0.327885 -0.280922 -0.336694 -0.34217 -0.350839 -0.34681 -0.359925 
2.73 -4.99681 0.86548 13 -0.359622 -0.346701 -0.350787 -0.342062 -0.336347 -0.281178 -0.327993 -0.307436 -0.327992 -0.28118 -0.336345 -0.342061 -0.350785 -0.346698 -0.359626 
2.74 -4.99696 0.871084 13 -0.359318 -0.346587 -0.350732 -0.341953 -0.335997 -0.281444 -0.328107 -0.308687 -0.328107 -0.281447 -0.335996 -0.341952 -0.350729 -0.346585 -0.359322 
2.75 -4.9971 0.876639 13 -0.35901 -0.346472 -0.350675 -0.341843 -0.335647 -0.281719 -0.328229 -0.309912 -0.328228 -0.281722 -0.335645 -0.341843 -0.350673 -0.34647 -0.359014 
2.76 -4.99723 0.882146 14 -0.358698 -0.346356 -0.350617 -0.341734 -0.335295 -0.282003 -0.328356 -0.311112 -0.328357 -0.282005 -0.335293 -0.341734 -0.350614 -0.346354 -0.358702 
2.77 -4.99735 0.887602 14 -0.358382 -0.346239 -0.350557 -0.341625 -0.334941 -0.282294 -0.328491 -0.312288 -0.328491 -0.282297 -0.33494 -0.341624 -0.350555 -0.346236 -0.358386 
2.78 -4.99745 0.893009 14 -0.358063 -0.34612 -0.350495 -0.341515 -0.334587 -0.282594 -0.328632 -0.313439 -0.328633 -0.282596 -0.334586 -0.341515 -0.350493 -0.346117 -0.358067 
2.79 -4.99755 0.898365 14 -0.357741 -0.346 -0.350432 -0.341406 -0.334232 -0.282902 -0.32878 -0.314565 -0.32878 -0.282904 -0.334231 -0.341405 -0.35043 -0.345998 -0.357745 
2.8 -4.99764 0.903671 14 -0.357416 -0.345879 -0.350368 -0.341296 -0.333877 -0.283217 -0.328933 -0.315668 -0.328934 -0.283219 -0.333875 -0.341296 -0.350365 -0.345877 -0.35742 
2.81 -4.99772 0.908926 14 -0.357089 -0.345758 -0.350301 -0.341187 -0.33352 -0.283541 -0.329093 -0.316746 -0.329094 -0.283543 -0.333519 -0.341186 -0.350299 -0.345755 -0.357093 
2.82 -4.9978 0.914129 15 -0.35676 -0.345635 -0.350233 -0.341077 -0.333163 -0.283872 -0.32926 -0.317801 -0.32926 -0.283874 -0.333162 -0.341076 -0.350231 -0.345633 -0.356764 
2.83 -4.99787 0.919281 15 -0.356428 -0.345512 -0.350163 -0.340967 -0.332806 -0.28421 -0.329431 -0.318833 -0.329433 -0.284212 -0.332805 -0.340966 -0.350161 -0.345509 -0.356432 
2.84 -4.99793 0.924382 15 -0.356095 -0.345387 -0.350092 -0.340857 -0.332448 -0.284557 -0.329609 -0.319841 -0.32961 -0.284558 -0.332447 -0.340857 -0.350089 -0.345385 -0.356099 
2.85 -4.99799 0.92943 15 -0.355761 -0.345262 -0.350018 -0.340747 -0.332091 -0.28491 -0.329793 -0.320827 -0.329794 -0.284912 -0.332089 -0.340747 -0.350016 -0.34526 -0.355765 
2.86 -4.99805 0.934427 15 -0.355425 -0.345137 -0.349943 -0.340637 -0.331733 -0.285271 -0.329982 -0.32179 -0.329983 -0.285273 -0.331731 -0.340637 -0.34994 -0.345135 -0.355429 
2.87 -4.99809 0.939372 15 -0.355088 -0.345011 -0.349865 -0.340527 -0.331375 -0.285639 -0.330177 -0.32273 -0.330178 -0.28564 -0.331374 -0.340526 -0.349863 -0.345009 -0.355092 
2.88 -4.99814 0.944264 15 -0.35475 -0.344884 -0.349786 -0.340417 -0.331017 -0.286014 -0.330377 -0.323648 -0.330378 -0.286015 -0.331016 -0.340416 -0.349784 -0.344882 -0.354754 
2.89 -4.99818 0.949104 15 -0.354412 -0.344757 -0.349705 -0.340307 -0.33066 -0.286395 -0.330582 -0.324544 -0.330584 -0.286397 -0.330659 -0.340306 -0.349703 -0.344755 -0.354415 
2.9 -4.99822 0.953891 15 -0.354072 -0.34463 -0.349622 -0.340196 -0.330303 -0.286784 -0.330792 -0.325419 -0.330794 -0.286785 -0.330302 -0.340196 -0.34962 -0.344628 -0.354076 
2.91 -4.99825 0.958626 15 -0.353732 -0.344502 -0.349537 -0.340086 -0.329946 -0.287179 -0.331007 -0.326272 -0.331009 -0.28718 -0.329945 -0.340085 -0.349535 -0.3445 -0.353735 
2.92 -4.99828 0.963309 16 -0.353391 -0.344374 -0.34945 -0.339976 -0.32959 -0.28758 -0.331227 -0.327104 -0.33123 -0.287582 -0.329589 -0.339975 -0.349447 -0.344372 -0.353395 
2.93 -4.99831 0.967939 16 -0.35305 -0.344246 -0.34936 -0.339865 -0.329235 -0.287988 -0.331452 -0.327915 -0.331455 -0.28799 -0.329234 -0.339865 -0.349358 -0.344244 -0.353053 
2.94 -4.99834 0.972518 16 -0.352708 -0.344118 -0.349269 -0.339754 -0.328881 -0.288402 -0.331682 -0.328706 -0.331684 -0.288404 -0.32888 -0.339754 -0.349267 -0.344116 -0.352712 
2.95 -4.99836 0.977044 16 -0.352366 -0.34399 -0.349176 -0.339644 -0.328528 -0.288823 -0.331916 -0.329476 -0.331919 -0.288824 -0.328527 -0.339643 -0.349173 -0.343988 -0.35237 
2.96 -4.99838 0.981517 16 -0.352024 -0.343861 -0.34908 -0.339533 -0.328176 -0.289249 -0.332154 -0.330226 -0.332157 -0.28925 -0.328175 -0.339533 -0.349078 -0.343859 -0.352027 
2.97 -4.9984 0.985939 16 -0.351682 -0.343733 -0.348982 -0.339422 -0.327825 -0.289681 -0.332397 -0.330957 -0.3324 -0.289682 -0.327824 -0.339422 -0.34898 -0.343731 -0.351685 
2.98 -4.99842 0.99031 16 -0.351339 -0.343605 -0.348882 -0.339311 -0.327476 -0.290119 -0.332643 -0.331668 -0.332647 -0.29012 -0.327475 -0.339311 -0.34888 -0.343603 -0.351342 
2.99 -4.99844 0.994628 16 -0.350996 -0.343477 -0.34878 -0.339201 -0.327128 -0.290562 -0.332894 -0.33236 -0.332897 -0.290563 -0.327127 -0.3392 -0.348777 -0.343475 -0.351 
3 -4.99845 0.998896 16 -0.350654 -0.343349 -0.348675 -0.33909 -0.326782 -0.291011 -0.333149 -0.333033 -0.333152 -0.291011 -0.326781 -0.339089 -0.348673 -0.343347 -0.350657 
3.01 -4.99847 1.00311 16 -0.350311 -0.343222 -0.348568 -0.338978 -0.326437 -0.291465 -0.333407 -0.333687 -0.33341 -0.291465 -0.326436 -0.338978 -0.348566 -0.34322 -0.350314 
3.02 -4.99848 1.00728 16 -0.349968 -0.343095 -0.348459 -0.338867 -0.326095 -0.291924 -0.333669 -0.334324 -0.333672 -0.291924 -0.326094 -0.338867 -0.348456 -0.343093 -0.349972 
3.03 -4.99849 1.01139 16 -0.349626 -0.342968 -0.348347 -0.338756 -0.325754 -0.292388 -0.333934 -0.334942 -0.333938 -0.292388 -0.325753 -0.338756 -0.348345 -0.342966 -0.349629 
3.04 -4.9985 1.01546 16 -0.349283 -0.342842 -0.348233 -0.338645 -0.325416 -0.292857 -0.334202 -0.335543 -0.334207 -0.292857 -0.325415 -0.338644 -0.348231 -0.34284 -0.349286 
3.05 -4.99851 1.01947 16 -0.34894 -0.342716 -0.348116 -0.338533 -0.32508 -0.29333 -0.334474 -0.336126 -0.334479 -0.293331 -0.325079 -0.338533 -0.348114 -0.342714 -0.348944 
3.06 -4.99852 1.02344 16 -0.348598 -0.34259 -0.347997 -0.338422 -0.324746 -0.293809 -0.334749 -0.336692 -0.334754 -0.293809 -0.324745 -0.338422 -0.347995 -0.342589 -0.348601 
3.07 -4.99853 1.02736 16 -0.348255 -0.342466 -0.347876 -0.33831 -0.324415 -0.294291 -0.335027 -0.337241 -0.335032 -0.294291 -0.324414 -0.33831 -0.347874 -0.342464 -0.348259 
3.08 -4.99853 1.03122 16 -0.347913 -0.342342 -0.347752 -0.338199 -0.324087 -0.294778 -0.335308 -0.337774 -0.335312 -0.294778 -0.324086 -0.338198 -0.34775 -0.34234 -0.347916 
3.09 -4.99854 1.03504 16 -0.347571 -0.342218 -0.347626 -0.338087 -0.323761 -0.295269 -0.335591 -0.338291 -0.335596 -0.295269 -0.32376 -0.338087 -0.347623 -0.342217 -0.347574 
3.1 -4.99855 1.03882 16 -0.347229 -0.342096 -0.347497 -0.337975 -0.323438 -0.295764 -0.335877 -0.338792 -0.335882 -0.295764 -0.323437 -0.337975 -0.347495 -0.342094 -0.347232 
3.11 -4.99855 1.04254 16 -0.346887 -0.341974 -0.347365 -0.337863 -0.323118 -0.296263 -0.336165 -0.339277 -0.33617 -0.296263 -0.323117 -0.337863 -0.347363 -0.341972 -0.34689 
3.12 -4.99856 1.04622 16 -0.346545 -0.341853 -0.347231 -0.337751 -0.322802 -0.296765 -0.336456 -0.339747 -0.336461 -0.296765 -0.322801 -0.337751 -0.347229 -0.341851 -0.346548 
3.13 -4.99856 1.04985 16 -0.346203 -0.341733 -0.347094 -0.337639 -0.322488 -0.297271 -0.336749 -0.340202 -0.336754 -0.297271 -0.322488 -0.337639 -0.347092 -0.341731 -0.346206 
3.14 -4.99856 1.05344 16 -0.345861 -0.341613 -0.346955 -0.337527 -0.322178 -0.297781 -0.337044 -0.340643 -0.337049 -0.297781 -0.322178 -0.337526 -0.346953 -0.341612 -0.345864 
3.15 -4.99857 1.05698 16 -0.345519 -0.341495 -0.346813 -0.337414 -0.321872 -0.298293 -0.33734 -0.341069 -0.337346 -0.298293 -0.321871 -0.337414 -0.346811 -0.341493 -0.345522 
3.16 -4.99857 1.06048 16 -0.345177 -0.341378 -0.346668 -0.337302 -0.321569 -0.298809 -0.337639 -0.341481 -0.337645 -0.298809 -0.321568 -0.337302 -0.346666 -0.341376 -0.34518 
3.17 -4.99857 1.06394 16 -0.344836 -0.341261 -0.346521 -0.337189 -0.32127 -0.299328 -0.337939 -0.34188 -0.337945 -0.299328 -0.321269 -0.337189 -0.346519 -0.34126 -0.344839 
3.18 -4.99858 1.06735 16 -0.344494 -0.341146 -0.346371 -0.337076 -0.320975 -0.299849 -0.338241 -0.342265 -0.338247 -0.299849 -0.320974 -0.337076 -0.346369 -0.341145 -0.344497 
3.19 -4.99858 1.07072 16 -0.344153 -0.341032 -0.346219 -0.336964 -0.320684 -0.300374 -0.338545 -0.342637 -0.338551 -0.300373 -0.320683 -0.336963 -0.346217 -0.341031 -0.344156 
3.2 -4.99858 1.07405 16 -0.343811 -0.340919 -0.346063 -0.336851 -0.320397 -0.3009 -0.338849 -0.342996 -0.338855 -0.3009 -0.320396 -0.336851 -0.346061 -0.340918 -0.343814 
3.21 -4.99858 1.07733 16 -0.34347 -0.340807 -0.345905 -0.336738 -0.320114 -0.301429 -0.339155 -0.343343 -0.339161 -0.301429 -0.320113 -0.336737 -0.345904 -0.340806 -0.343473 
3.22 -4.99859 1.08058 16 -0.343129 -0.340696 -0.345745 -0.336624 -0.319835 -0.30196 -0.339462 -0.343677 -0.339468 -0.30196 -0.319835 -0.336624 -0.345743 -0.340695 -0.343131 
3.23 -4.99859 1.08379 16 -0.342787 -0.340587 -0.345581 -0.336511 -0.319561 -0.302494 -0.339769 -0.344 -0.339776 -0.302493 -0.31956 -0.336511 -0.345579 -0.340586 -0.34279 
3.24 -4.99859 1.08696 16 -0.342446 -0.340479 -0.345415 -0.336398 -0.319292 -0.303029 -0.340078 -0.344311 -0.340085 -0.303028 -0.319291 -0.336398 -0.345413 -0.340478 -0.342448 
3.25 -4.99859 1.09009 16 -0.342105 -0.340372 -0.345246 -0.336284 -0.319027 -0.303566 -0.340387 -0.34461 -0.340394 -0.303565 -0.319026 -0.336284 -0.345244 -0.340371 -0.342107 
3.26 -4.99859 1.09319 16 -0.341763 -0.340267 -0.345075 -0.33617 -0.318767 -0.304104 -0.340697 -0.344899 -0.340704 -0.304104 -0.318766 -0.33617 -0.345073 -0.340265 -0.341766 
3.27 -4.99859 1.09625 16 -0.341422 -0.340162 -0.3449 -0.336056 -0.318512 -0.304644 -0.341008 -0.345177 -0.341015 -0.304644 -0.318511 -0.336056 -0.344899 -0.340161 -0.341424 
3.28 -4.99859 1.09927 16 -0.34108 -0.340059 -0.344723 -0.335942 -0.318262 -0.305186 -0.341318 -0.345445 -0.341326 -0.305185 -0.318261 -0.335943 -0.344722 -0.340058 -0.341083 
3.29 -4.99859 1.10226 16 -0.340739 -0.339958 -0.344543 -0.335828 -0.318017 -0.305728 -0.341629 -0.345702 -0.341637 -0.305728 -0.318016 -0.335828 -0.344542 -0.339957 -0.340741 
3.3 -4.9986 1.10522 16 -0.340397 -0.339858 -0.344361 -0.335714 -0.317777 -0.306272 -0.341941 -0.34595 -0.341948 -0.306271 -0.317776 -0.335714 -0.344359 -0.339857 -0.340399 
3.31 -4.9986 1.10814 16 -0.340055 -0.339759 -0.344176 -0.3356 -0.317543 -0.306816 -0.342252 -0.346189 -0.342259 -0.306816 -0.317542 -0.3356 -0.344174 -0.339758 -0.340058 
3.32 -4.9986 1.11103 16 -0.339713 -0.339662 -0.343988 -0.335485 -0.317314 -0.307362 -0.342563 -0.346418 -0.342571 -0.307361 -0.317312 -0.335485 -0.343986 -0.339661 -0.339716 
3.33 -4.9986 1.11389 16 -0.339371 -0.339567 -0.343797 -0.33537 -0.31709 -0.307908 -0.342874 -0.346638 -0.342882 -0.307907 -0.317089 -0.335371 -0.343795 -0.339566 -0.339374 
3.34 -4.9986 1.11673 16 -0.339029 -0.339473 -0.343604 -0.335256 -0.316872 -0.308454 -0.343184 -0.346849 -0.343192 -0.308453 -0.316871 -0.335256 -0.343602 -0.339471 -0.339032 
3.35 -4.9986 1.11953 16 -0.338687 -0.33938 -0.343407 -0.33514 -0.31666 -0.309001 -0.343494 -0.347053 -0.343503 -0.309 -0.316658 -0.335141 -0.343406 -0.339379 -0.338689 
3.36 -4.9986 1.1223 16 -0.338345 -0.339289 -0.343209 -0.335025 -0.316453 -0.309548 -0.343804 -0.347248 -0.343812 -0.309547 -0.316452 -0.335026 -0.343207 -0.339288 -0.338347 
3.37 -4.9986 1.12505 16 -0.338002 -0.339199 -0.343007 -0.33491 -0.316252 -0.310095 -0.344113 -0.347435 -0.344122 -0.310094 -0.316251 -0.33491 -0.343006 -0.339198 -0.338005 
3.38 -4.9986 1.12777 16 -0.33766 -0.339111 -0.342803 -0.334795 -0.316058 -0.310642 -0.344421 -0.347615 -0.34443 -0.310641 -0.316056 -0.334795 -0.342801 -0.33911 -0.337662 
3.39 -4.9986 1.13047 16 -0.337317 -0.339025 -0.342596 -0.334679 -0.315869 -0.311189 -0.344729 -0.347787 -0.344738 -0.311188 -0.315867 -0.334679 -0.342595 -0.339024 -0.337319 
3.4 -4.9986 1.13314 16 -0.336974 -0.33894 -0.342387 -0.334563 -0.315686 -0.311735 -0.345036 -0.347953 -0.345044 -0.311734 -0.315685 -0.334563 -0.342385 -0.338939 -0.336976 
3.41 -4.9986 1.13579 16 -0.336631 -0.338856 -0.342175 -0.334447 -0.31551 -0.312281 -0.345341 -0.348112 -0.34535 -0.31228 -0.315508 -0.334448 -0.342173 -0.338856 -0.336633 
3.42 -4.9986 1.13842 16 -0.336287 -0.338775 -0.34196 -0.334331 -0.31534 -0.312827 -0.345646 -0.348264 -0.345655 -0.312826 -0.315338 -0.334332 -0.341958 -0.338774 -0.336289 
3.43 -4.9986 1.14103 16 -0.335944 -0.338695 -0.341743 -0.334215 -0.315176 -0.313371 -0.345949 -0.348411 -0.345958 -0.31337 -0.315174 -0.334215 -0.341741 -0.338694 -0.335946 
3.44 -4.9986 1.14362 16 -0.3356 -0.338616 -0.341523 -0.334099 -0.315018 -0.313915 -0.346251 -0.348551 -0.34626 -0.313914 -0.315017 -0.334099 -0.341521 -0.338615 -0.335602 
3.45 -4.9986 1.14619 16 -0.335256 -0.338539 -0.3413 -0.333982 -0.314867 -0.314458 -0.346552 -0.348686 -0.346561 -0.314457 -0.314866 -0.333982 -0.341299 -0.338538 -0.335258 
3.46 -4.9986 1.14874 16 -0.334912 -0.338464 -0.341075 -0.333865 -0.314723 -0.315 -0.346851 -0.348815 -0.34686 -0.314999 -0.314721 -0.333866 -0.341074 -0.338463 -0.334914 
3.47 -4.9986 1.15127 16 -0.334567 -0.33839 -0.340848 -0.333749 -0.314585 -0.315541 -0.347148 -0.348939 -0.347158 -0.31554 -0.314583 -0.333749 -0.340847 -0.338389 -0.334569 
3.48 -4.9986 1.15379 16 -0.334223 -0.338317 -0.340618 -0.333632 -0.314454 -0.31608 -0.347444 -0.349059 -0.347454 -0.316079 -0.314452 -0.333632 -0.340617 -0.338317 -0.334225 
3.49 -4.9986 1.1563 16 -0.333878 -0.338247 -0.340386 -0.333514 -0.31433 -0.316618 -0.347739 -0.349173 -0.347748 -0.316617 -0.314328 -0.333515 -0.340385 -0.338246 -0.33388 
3.5 -4.9986 1.15879 16 -0.333533 -0.338178 -0.340151 -0.333397 -0.314212 -0.317154 -0.348031 -0.349283 -0.348041 -0.317153 -0.31421 -0.333398 -0.34015 -0.338177 -0.333534 
3.51 -4.9986 1.16126 16 -0.333187 -0.33811 -0.339914 -0.33328 -0.314101 -0.317689 -0.348322 -0.349389 -0.348331 -0.317688 -0.314099 -0.33328 -0.339913 -0.338109 -0.333189 
3.52 -4.9986 1.16373 16 -0.332841 -0.338044 -0.339675 -0.333162 -0.313997 -0.318221 -0.34861 -0.349491 -0.34862 -0.318221 -0.313995 -0.333163 -0.339673 -0.338044 -0.332843 
3.53 -4.9986 1.16618 16 -0.332496 -0.33798 -0.339433 -0.333045 -0.3139 -0.318752 -0.348897 -0.34959 -0.348907 -0.318752 -0.313898 -0.333045 -0.339432 -0.337979 -0.332497 
3.54 -4.9986 1.16863 16 -0.332149 -0.337917 -0.339189 -0.332927 -0.31381 -0.319281 -0.349181 -0.349685 -0.349191 -0.319281 -0.313808 -0.332928 -0.339188 -0.337916 -0.332151 
3.55 -4.9986 1.17107 16 -0.331803 -0.337856 -0.338943 -0.332809 -0.313727 -0.319808 -0.349464 -0.349776 -0.349474 -0.319808 -0.313725 -0.33281 -0.338942 -0.337855 -0.331804 
3.56 -4.9986 1.1735 16 -0.331456 -0.337796 -0.338695 -0.332691 -0.313651 -0.320333 -0.349744 -0.349865 -0.349754 -0.320332 -0.313649 -0.332692 -0.338693 -0.337795 -0.331458 
3.57 -4.9986 1.17592 16 -0.331109 -0.337738 -0.338444 -0.332573 -0.313582 -0.320855 -0.350021 -0.34995 -0.350032 -0.320855 -0.31358 -0.332574 -0.338443 -0.337737 -0.331111 
3.58 -4.9986 1.17834 16 -0.330762 -0.337681 -0.338191 -0.332455 -0.31352 -0.321375 -0.350297 -0.350033 -0.350307 -0.321374 -0.313518 -0.332455 -0.33819 -0.33768 -0.330763 
3.59 -4.9986 1.18075 17 -0.330414 -0.337625 -0.337937 -0.332336 -0.313466 -0.321892 -0.35057 -0.350114 -0.35058 -0.321892 -0.313463 -0.332337 -0.337936 -0.337625 -0.330416 
3.6 -4.9986 1.18316 17 -0.330066 -0.337572 -0.33768 -0.332218 -0.313418 -0.322407 -0.35084 -0.350192 -0.350851 -0.322407 -0.313416 -0.332219 -0.337679 -0.337571 -0.330068 
3.61 -4.9986 1.18557 17 -0.329718 -0.337519 -0.337421 -0.332099 -0.313378 -0.322919 -0.351108 -0.350269 -0.351119 -0.322919 -0.313375 -0.3321 -0.33742 -0.337519 -0.329719 
3.62 -4.9986 1.18797 17 -0.32937 -0.337468 -0.337161 -0.331981 -0.313345 -0.323428 -0.351374 -0.350343 -0.351384 -0.323428 -0.313342 -0.331982 -0.33716 -0.337467 -0.329371 
3.63 -4.9986 1.19038 17 -0.329021 -0.337418 -0.336898 -0.331862 -0.313319 -0.323934 -0.351636 -0.350416 -0.351647 -0.323934 -0.313316 -0.331863 -0.336897 -0.337418 -0.329022 
3.64 -4.9986 1.19278 17 -0.328672 -0.33737 -0.336634 -0.331743 -0.3133 -0.324438 -0.351896 -0.350488 -0.351907 -0.324438 -0.313297 -0.331744 -0.336633 -0.33737 -0.328673 
3.65 -4.9986 1.19519 17 -0.328323 -0.337323 -0.336368 -0.331624 -0.313289 -0.324938 -0.352153 -0.350558 -0.352164 -0.324938 -0.313286 -0.331625 -0.336367 -0.337323 -0.328324 
3.66 -4.9986 1.1976 17 -0.327973 -0.337278 -0.3361 -0.331505 -0.313285 -0.325435 -0.352408 -0.350627 -0.352418 -0.325435 -0.313282 -0.331507 -0.336099 -0.337277 -0.327974 
3.67 -4.9986 1.20001 17 -0.327623 -0.337233 -0.335831 -0.331387 -0.313288 -0.325929 -0.352659 -0.350695 -0.35267 -0.325929 -0.313285 -0.331388 -0.33583 -0.337233 -0.327624 
3.68 -4.9986 1.20243 17 -0.327273 -0.33719 -0.33556 -0.331268 -0.313298 -0.326419 -0.352908 -0.350763 -0.352918 -0.326419 -0.313295 -0.331269 -0.335559 -0.33719 -0.327274 
3.69 -4.9986 1.20485 17 -0.326923 -0.337148 -0.335287 -0.331149 -0.313316 -0.326906 -0.353153 -0.35083 -0.353164 -0.326907 -0.313313 -0.33115 -0.335286 -0.337148 -0.326924 
3.7 -4.9986 1.20727 17 -0.326572 -0.337108 -0.335013 -0.33103 -0.313341 -0.32739 -0.353396 -0.350896 -0.353407 -0.32739 -0.313337 -0.331031 -0.335012 -0.337107 -0.326573 
3.71 -4.9986 1.20971 17 -0.326221 -0.337068 -0.334738 -0.330911 -0.313373 -0.32787 -0.353636 -0.350962 -0.353646 -0.32787 -0.313369 -0.330912 -0.334737 -0.337068 -0.326222 
3.72 -4.9986 1.21215 17 -0.32587 -0.33703 -0.334461 -0.330792 -0.313412 -0.328346 -0.353872 -0.351028 -0.353883 -0.328347 -0.313409 -0.330793 -0.33446 -0.33703 -0.325871 
3.73 -4.9986 1.2146 18 -0.325518 -0.336993 -0.334183 -0.330673 -0.313458 -0.328819 -0.354106 -0.351094 -0.354116 -0.32882 -0.313455 -0.330674 -0.334182 -0.336993 -0.325519 
3.74 -4.9986 1.21706 18 -0.325167 -0.336957 -0.333903 -0.330554 -0.313512 -0.329288 -0.354336 -0.351161 -0.354347 -0.329289 -0.313509 -0.330555 -0.333902 -0.336957 -0.325168 
3.75 -4.9986 1.21953 18 -0.324815 -0.336922 -0.333622 -0.330435 -0.313573 -0.329753 -0.354563 -0.351227 -0.354574 -0.329754 -0.313569 -0.330436 -0.333622 -0.336922 -0.324816 
