time energy SvN maxBondDim localEnergy 
0 -6.91174 0.592307 37 -0.654357 -0.293102 -0.568737 -0.334223 -0.544405 -0.348861 -0.535766 -0.352834 -0.535766 -0.348861 -0.544405 -0.334223 -0.568737 -0.293102 -0.654357 
0 -5.93785 0.0850604 12 -0.492278 -0.376618 -0.416682 -0.395639 -0.427073 -0.336564 -0.555584 0.0630302 -0.555584 -0.336564 -0.427073 -0.395639 -0.416682 -0.376618 -0.492278 
0.01 -5.93785 0.0850604 12 -0.492278 -0.376618 -0.416682 -0.395639 -0.427073 -0.336564 -0.555584 0.0630302 -0.555584 -0.336564 -0.427073 -0.395639 -0.416682 -0.376618 -0.492278 
0.02 -5.93785 0.0850604 12 -0.492278 -0.376618 -0.416682 -0.395639 -0.427073 -0.336564 -0.555585 0.0630302 -0.555584 -0.336564 -0.427073 -0.395639 -0.416682 -0.376618 -0.492278 
0.03 -5.93785 0.0850604 12 -0.492278 -0.376618 -0.416682 -0.395639 -0.427073 -0.336564 -0.555585 0.06303 -0.555585 -0.336564 -0.427073 -0.395639 -0.416682 -0.376618 -0.492278 
0.04 -5.93785 0.0850604 12 -0.492278 -0.376618 -0.416682 -0.395639 -0.427073 -0.336564 -0.555585 0.0630297 -0.555585 -0.336564 -0.427073 -0.395639 -0.416682 -0.376618 -0.492278 
0.05 -5.93785 0.0850604 12 -0.492278 -0.376618 -0.416682 -0.395639 -0.427073 -0.336564 -0.555585 0.0630292 -0.555585 -0.336564 -0.427073 -0.395639 -0.416682 -0.376618 -0.492278 
0.06 -5.93785 0.0850604 12 -0.492278 -0.376618 -0.416682 -0.395639 -0.427073 -0.336563 -0.555586 0.0630284 -0.555586 -0.336563 -0.427073 -0.395639 -0.416682 -0.376618 -0.492278 
0.07 -5.93785 0.0850604 12 -0.492278 -0.376618 -0.416682 -0.395639 -0.427073 -0.336563 -0.555587 0.0630273 -0.555587 -0.336563 -0.427073 -0.395639 -0.416682 -0.376618 -0.492278 
0.08 -5.93786 0.0850604 12 -0.492278 -0.376618 -0.416682 -0.395639 -0.427073 -0.336563 -0.555589 0.0630258 -0.555589 -0.336563 -0.427073 -0.395639 -0.416682 -0.376618 -0.492278 
0.09 -5.93786 0.0850604 12 -0.492278 -0.376618 -0.416682 -0.395639 -0.427073 -0.336562 -0.555591 0.0630239 -0.555591 -0.336562 -0.427073 -0.395639 -0.416682 -0.376618 -0.492278 
0.1 -5.93787 0.0850604 12 -0.492278 -0.376618 -0.416682 -0.395639 -0.427073 -0.336561 -0.555593 0.0630215 -0.555593 -0.336561 -0.427073 -0.395639 -0.416682 -0.376618 -0.492278 
0.11 -5.93787 0.0850605 12 -0.492278 -0.376618 -0.416682 -0.395639 -0.427073 -0.336561 -0.555596 0.0630184 -0.555596 -0.336561 -0.427073 -0.395639 -0.416682 -0.376618 -0.492278 
0.12 -5.93788 0.0850605 12 -0.492278 -0.376618 -0.416682 -0.395639 -0.427073 -0.33656 -0.5556 0.0630146 -0.5556 -0.33656 -0.427073 -0.395639 -0.416682 -0.376618 -0.492278 
0.13 -5.93789 0.0850605 12 -0.492278 -0.376618 -0.416682 -0.395639 -0.427073 -0.336558 -0.555604 0.06301 -0.555604 -0.336558 -0.427073 -0.395639 -0.416682 -0.376618 -0.492278 
0.14 -5.93791 0.0850606 12 -0.492278 -0.376618 -0.416682 -0.395639 -0.427073 -0.336557 -0.555609 0.0630044 -0.555609 -0.336557 -0.427073 -0.395639 -0.416682 -0.376618 -0.492278 
0.15 -5.93792 0.0850606 12 -0.492278 -0.376618 -0.416682 -0.395639 -0.427073 -0.336555 -0.555616 0.0629977 -0.555616 -0.336555 -0.427073 -0.395639 -0.416682 -0.376618 -0.492278 
0.16 -5.93794 0.0850607 12 -0.492278 -0.376618 -0.416682 -0.395639 -0.427073 -0.336553 -0.555623 0.0629898 -0.555623 -0.336553 -0.427073 -0.395639 -0.416682 -0.376618 -0.492278 
0.17 -5.93796 0.0850608 12 -0.492278 -0.376618 -0.416682 -0.395639 -0.427073 -0.33655 -0.555632 0.0629806 -0.555632 -0.33655 -0.427073 -0.395639 -0.416682 -0.376618 -0.492278 
0.18 -5.93799 0.085061 12 -0.492278 -0.376618 -0.416682 -0.395639 -0.427073 -0.336547 -0.555642 0.0629698 -0.555642 -0.336547 -0.427073 -0.395639 -0.416682 -0.376618 -0.492278 
0.19 -5.93802 0.0850611 12 -0.492278 -0.376618 -0.416682 -0.395639 -0.427073 -0.336544 -0.555653 0.0629572 -0.555653 -0.336544 -0.427073 -0.395639 -0.416682 -0.376618 -0.492278 
0.2 -5.93805 0.0850614 12 -0.492278 -0.376618 -0.416682 -0.395639 -0.427073 -0.33654 -0.555667 0.0629428 -0.555666 -0.33654 -0.427073 -0.395639 -0.416682 -0.376618 -0.492278 
0.21 -5.93809 0.0850616 12 -0.492278 -0.376618 -0.416682 -0.395639 -0.427073 -0.336536 -0.555682 0.0629262 -0.555681 -0.336536 -0.427073 -0.395639 -0.416682 -0.376618 -0.492278 
0.22 -5.93813 0.0850619 12 -0.492278 -0.376618 -0.416682 -0.395639 -0.427073 -0.336531 -0.555699 0.0629073 -0.555698 -0.336531 -0.427073 -0.395639 -0.416682 -0.376618 -0.492278 
0.23 -5.93818 0.0850623 12 -0.492278 -0.376618 -0.416682 -0.395639 -0.427074 -0.336525 -0.555718 0.0628858 -0.555717 -0.336525 -0.427074 -0.395639 -0.416682 -0.376618 -0.492278 
0.24 -5.93823 0.0850628 12 -0.492278 -0.376618 -0.416682 -0.395639 -0.427074 -0.336518 -0.555739 0.0628614 -0.555739 -0.336519 -0.427074 -0.395639 -0.416682 -0.376618 -0.492278 
0.25 -5.93829 0.0850634 12 -0.492278 -0.376618 -0.416682 -0.395638 -0.427074 -0.336511 -0.555763 0.0628338 -0.555763 -0.336511 -0.427074 -0.395638 -0.416682 -0.376618 -0.492278 
0.26 -5.93836 0.0850641 12 -0.492278 -0.376618 -0.416682 -0.395638 -0.427074 -0.336503 -0.555789 0.0628027 -0.555789 -0.336503 -0.427074 -0.395638 -0.416682 -0.376618 -0.492278 
0.27 -5.93844 0.0850649 12 -0.492278 -0.376618 -0.416682 -0.395638 -0.427075 -0.336494 -0.555819 0.0627679 -0.555818 -0.336494 -0.427075 -0.395638 -0.416682 -0.376618 -0.492278 
0.28 -5.93852 0.0850659 12 -0.492278 -0.376618 -0.416682 -0.395638 -0.427075 -0.336484 -0.555851 0.0627289 -0.555851 -0.336484 -0.427075 -0.395638 -0.416682 -0.376618 -0.492278 
0.29 -5.93861 0.0850671 12 -0.492277 -0.376618 -0.416682 -0.395638 -0.427075 -0.336472 -0.555887 0.0626853 -0.555886 -0.336473 -0.427075 -0.395638 -0.416682 -0.376618 -0.492278 
0.3 -5.93872 0.0850684 12 -0.492277 -0.376618 -0.416682 -0.395637 -0.427076 -0.33646 -0.555925 0.0626368 -0.555925 -0.33646 -0.427076 -0.395637 -0.416682 -0.376618 -0.492278 
0.31 -5.93883 0.08507 12 -0.492277 -0.376618 -0.416682 -0.395637 -0.427076 -0.336446 -0.555967 0.0625829 -0.555967 -0.336446 -0.427076 -0.395637 -0.416682 -0.376618 -0.492278 
0.32 -5.93895 0.0850719 12 -0.492277 -0.376618 -0.416682 -0.395637 -0.427077 -0.336431 -0.556013 0.0625232 -0.556013 -0.336431 -0.427077 -0.395637 -0.416682 -0.376618 -0.492278 
0.33 -5.93908 0.085074 12 -0.492277 -0.376618 -0.416682 -0.395636 -0.427078 -0.336414 -0.556063 0.0624572 -0.556062 -0.336415 -0.427078 -0.395636 -0.416682 -0.376618 -0.492278 
0.34 -5.93922 0.0850765 12 -0.492277 -0.376618 -0.416682 -0.395636 -0.427078 -0.336396 -0.556116 0.0623844 -0.556115 -0.336396 -0.427078 -0.395636 -0.416682 -0.376618 -0.492278 
0.35 -5.93938 0.0850794 12 -0.492277 -0.376618 -0.416682 -0.395636 -0.427079 -0.336376 -0.556173 0.0623043 -0.556172 -0.336377 -0.427079 -0.395636 -0.416682 -0.376618 -0.492278 
0.36 -5.93955 0.0850826 12 -0.492277 -0.376618 -0.416682 -0.395635 -0.427081 -0.336355 -0.556234 0.0622164 -0.556233 -0.336355 -0.42708 -0.395635 -0.416682 -0.376618 -0.492278 
0.37 -5.93973 0.0850864 12 -0.492277 -0.376618 -0.416682 -0.395635 -0.427082 -0.336331 -0.556298 0.06212 -0.556298 -0.336331 -0.427082 -0.395635 -0.416682 -0.376618 -0.492278 
0.38 -5.93992 0.0850907 12 -0.492277 -0.376618 -0.416682 -0.395634 -0.427083 -0.336306 -0.556367 0.0620147 -0.556366 -0.336306 -0.427083 -0.395634 -0.416682 -0.376618 -0.492278 
0.39 -5.94012 0.0850956 12 -0.492277 -0.376618 -0.416681 -0.395633 -0.427085 -0.336278 -0.556439 0.0618997 -0.556438 -0.336279 -0.427085 -0.395633 -0.416681 -0.376618 -0.492278 
0.4 -5.94034 0.0851012 12 -0.492277 -0.376618 -0.416681 -0.395632 -0.427087 -0.336249 -0.556515 0.0617746 -0.556514 -0.336249 -0.427087 -0.395632 -0.416681 -0.376618 -0.492278 
0.41 -5.94058 0.0851075 12 -0.492277 -0.376618 -0.416681 -0.395632 -0.427089 -0.336217 -0.556594 0.0616386 -0.556593 -0.336217 -0.427089 -0.395632 -0.416681 -0.376618 -0.492278 
0.42 -5.94082 0.0851146 12 -0.492277 -0.376618 -0.416681 -0.395631 -0.427091 -0.336183 -0.556676 0.0614911 -0.556676 -0.336183 -0.427091 -0.395631 -0.416681 -0.376618 -0.492278 
0.43 -5.94108 0.0851226 12 -0.492277 -0.376618 -0.416681 -0.39563 -0.427094 -0.336146 -0.556761 0.0613314 -0.556761 -0.336147 -0.427094 -0.39563 -0.416681 -0.376618 -0.492278 
0.44 -5.94136 0.0851317 12 -0.492277 -0.376618 -0.416681 -0.395629 -0.427097 -0.336108 -0.556849 0.061159 -0.556849 -0.336108 -0.427097 -0.395629 -0.416681 -0.376618 -0.492278 
0.45 -5.94165 0.0851418 12 -0.492277 -0.376618 -0.416681 -0.395627 -0.4271 -0.336066 -0.55694 0.060973 -0.556939 -0.336067 -0.4271 -0.395627 -0.416681 -0.376617 -0.492278 
0.46 -5.94195 0.0851533 12 -0.492277 -0.376618 -0.416681 -0.395626 -0.427104 -0.336022 -0.557032 0.0607729 -0.557031 -0.336023 -0.427104 -0.395626 -0.416681 -0.376617 -0.492278 
0.47 -5.94226 0.085166 12 -0.492277 -0.376618 -0.41668 -0.395624 -0.427109 -0.335976 -0.557125 0.060558 -0.557125 -0.335976 -0.427109 -0.395625 -0.41668 -0.376617 -0.492278 
0.48 -5.94259 0.0851803 12 -0.492277 -0.376618 -0.41668 -0.395623 -0.427114 -0.335927 -0.55722 0.0603275 -0.557219 -0.335927 -0.427114 -0.395623 -0.41668 -0.376617 -0.492278 
0.49 -5.94293 0.0851961 12 -0.492277 -0.376618 -0.41668 -0.395621 -0.42712 -0.335874 -0.557315 0.0600809 -0.557314 -0.335875 -0.42712 -0.395621 -0.41668 -0.376617 -0.492278 
0.5 -5.94328 0.0852138 12 -0.492277 -0.376618 -0.41668 -0.395619 -0.427126 -0.33582 -0.55741 0.0598174 -0.557409 -0.33582 -0.427126 -0.395619 -0.41668 -0.376617 -0.492278 
0.51 -5.94365 0.0852334 12 -0.492277 -0.376618 -0.416679 -0.395617 -0.427134 -0.335762 -0.557504 0.0595363 -0.557504 -0.335762 -0.427134 -0.395617 -0.41668 -0.376617 -0.492278 
0.52 -5.94402 0.0852551 12 -0.492277 -0.376618 -0.416679 -0.395615 -0.427142 -0.335701 -0.557597 0.0592371 -0.557597 -0.335702 -0.427142 -0.395615 -0.416679 -0.376617 -0.492278 
0.53 -5.94441 0.0852792 12 -0.492276 -0.376618 -0.416679 -0.395612 -0.427151 -0.335637 -0.557689 0.058919 -0.557688 -0.335638 -0.427151 -0.395612 -0.416679 -0.376617 -0.492278 
0.54 -5.9448 0.0853058 12 -0.492276 -0.376617 -0.416679 -0.39561 -0.427162 -0.33557 -0.557777 0.0585815 -0.557777 -0.335571 -0.427162 -0.39561 -0.416679 -0.376617 -0.492278 
0.55 -5.94521 0.0853351 12 -0.492276 -0.376617 -0.416678 -0.395607 -0.427173 -0.3355 -0.557863 0.058224 -0.557862 -0.3355 -0.427173 -0.395607 -0.416678 -0.376617 -0.492278 
0.56 -5.94562 0.0853673 12 -0.492276 -0.376617 -0.416678 -0.395604 -0.427187 -0.335426 -0.557945 0.0578458 -0.557944 -0.335427 -0.427187 -0.395604 -0.416678 -0.376617 -0.492278 
0.57 -5.94604 0.0854028 12 -0.492276 -0.376617 -0.416677 -0.3956 -0.427201 -0.335349 -0.558022 0.0574464 -0.558021 -0.33535 -0.427201 -0.3956 -0.416677 -0.376616 -0.492278 
0.58 -5.94647 0.0854417 12 -0.492276 -0.376617 -0.416677 -0.395597 -0.427217 -0.335269 -0.558095 0.0570253 -0.558094 -0.335269 -0.427217 -0.395597 -0.416677 -0.376616 -0.492278 
0.59 -5.94691 0.0854843 12 -0.492276 -0.376617 -0.416676 -0.395593 -0.427235 -0.335184 -0.558162 0.0565818 -0.558161 -0.335185 -0.427235 -0.395593 -0.416676 -0.376616 -0.492278 
0.6 -5.94735 0.085531 12 -0.492276 -0.376617 -0.416676 -0.395589 -0.427255 -0.335097 -0.558223 0.0561156 -0.558222 -0.335097 -0.427255 -0.395589 -0.416676 -0.376616 -0.492278 
0.61 -5.9478 0.0855819 12 -0.492276 -0.376617 -0.416675 -0.395585 -0.427277 -0.335005 -0.558277 0.0556262 -0.558276 -0.335005 -0.427277 -0.395585 -0.416675 -0.376616 -0.492278 
0.62 -5.94825 0.0856375 12 -0.492276 -0.376616 -0.416675 -0.395581 -0.427301 -0.334909 -0.558324 0.0551131 -0.558323 -0.33491 -0.427301 -0.395581 -0.416675 -0.376615 -0.492278 
0.63 -5.94871 0.0856981 12 -0.492275 -0.376616 -0.416674 -0.395576 -0.427328 -0.334809 -0.558364 0.0545759 -0.558363 -0.334809 -0.427328 -0.395576 -0.416674 -0.376615 -0.492277 
0.64 -5.94917 0.0857639 12 -0.492275 -0.376616 -0.416673 -0.395572 -0.427357 -0.334704 -0.558396 0.0540142 -0.558395 -0.334705 -0.427357 -0.395572 -0.416673 -0.376615 -0.492277 
0.65 -5.94964 0.0858354 12 -0.492275 -0.376616 -0.416673 -0.395567 -0.427388 -0.334595 -0.558419 0.0534276 -0.558418 -0.334596 -0.427388 -0.395567 -0.416673 -0.376615 -0.492277 
0.66 -5.95011 0.085913 12 -0.492275 -0.376615 -0.416672 -0.395562 -0.427422 -0.334482 -0.558433 0.052816 -0.558433 -0.334483 -0.427422 -0.395562 -0.416672 -0.376614 -0.492277 
0.67 -5.95058 0.085997 12 -0.492275 -0.376615 -0.416671 -0.395557 -0.427459 -0.334363 -0.558439 0.0521788 -0.558438 -0.334364 -0.427458 -0.395557 -0.416671 -0.376614 -0.492277 
0.68 -5.95106 0.0860878 12 -0.492275 -0.376615 -0.41667 -0.395552 -0.427498 -0.33424 -0.558435 0.0515159 -0.558435 -0.334241 -0.427498 -0.395552 -0.41667 -0.376614 -0.492277 
0.69 -5.95153 0.0861859 12 -0.492274 -0.376614 -0.416669 -0.395547 -0.42754 -0.334112 -0.558422 0.0508271 -0.558422 -0.334113 -0.42754 -0.395547 -0.416669 -0.376613 -0.492277 
0.7 -5.95201 0.0862917 12 -0.492274 -0.376614 -0.416668 -0.395542 -0.427585 -0.333978 -0.5584 0.0501121 -0.558399 -0.333979 -0.427585 -0.395542 -0.416668 -0.376613 -0.492277 
0.71 -5.95249 0.0864057 12 -0.492274 -0.376613 -0.416667 -0.395538 -0.427633 -0.333839 -0.558367 0.0493707 -0.558366 -0.33384 -0.427633 -0.395538 -0.416668 -0.376612 -0.492276 
0.72 -5.95298 0.0865283 12 -0.492274 -0.376613 -0.416667 -0.395533 -0.427684 -0.333695 -0.558325 0.0486028 -0.558324 -0.333696 -0.427684 -0.395533 -0.416667 -0.376612 -0.492276 
0.73 -5.95346 0.0866601 12 -0.492273 -0.376612 -0.416666 -0.395529 -0.427737 -0.333545 -0.558272 0.0478083 -0.558271 -0.333546 -0.427737 -0.395529 -0.416666 -0.376611 -0.492276 
0.74 -5.95395 0.0868014 12 -0.492273 -0.376612 -0.416665 -0.395525 -0.427794 -0.333389 -0.55821 0.0469869 -0.558209 -0.33339 -0.427793 -0.395525 -0.416665 -0.376611 -0.492276 
0.75 -5.95444 0.086953 12 -0.492273 -0.376611 -0.416664 -0.395522 -0.427852 -0.333227 -0.558137 0.0461387 -0.558136 -0.333228 -0.427852 -0.395522 -0.416664 -0.37661 -0.492275 
0.76 -5.95492 0.0871152 12 -0.492272 -0.376611 -0.416664 -0.395519 -0.427914 -0.33306 -0.558054 0.0452636 -0.558053 -0.333061 -0.427914 -0.395519 -0.416664 -0.376609 -0.492275 
0.77 -5.95541 0.0872886 12 -0.492272 -0.37661 -0.416663 -0.395516 -0.427978 -0.332886 -0.557961 0.0443616 -0.55796 -0.332887 -0.427978 -0.395516 -0.416663 -0.376609 -0.492275 
0.78 -5.9559 0.0874738 12 -0.492272 -0.376609 -0.416663 -0.395514 -0.428044 -0.332707 -0.557858 0.0434325 -0.557857 -0.332708 -0.428044 -0.395515 -0.416663 -0.376608 -0.492274 
0.79 -5.95639 0.0876714 12 -0.492271 -0.376608 -0.416663 -0.395513 -0.428112 -0.332522 -0.557745 0.0424764 -0.557744 -0.332523 -0.428112 -0.395513 -0.416663 -0.376607 -0.492274 
0.8 -5.95689 0.0878819 12 -0.492271 -0.376608 -0.416663 -0.395513 -0.428182 -0.33233 -0.557621 0.0414934 -0.55762 -0.332331 -0.428182 -0.395513 -0.416664 -0.376606 -0.492274 
0.81 -5.95738 0.088106 12 -0.49227 -0.376607 -0.416664 -0.395514 -0.428254 -0.332133 -0.557488 0.0404834 -0.557487 -0.332134 -0.428254 -0.395514 -0.416664 -0.376605 -0.492273 
0.82 -5.95787 0.0883442 12 -0.492269 -0.376606 -0.416665 -0.395515 -0.428328 -0.33193 -0.557345 0.0394465 -0.557344 -0.331931 -0.428328 -0.395515 -0.416665 -0.376604 -0.492273 
0.83 -5.95836 0.0885972 12 -0.492269 -0.376605 -0.416667 -0.395517 -0.428403 -0.33172 -0.557192 0.0383827 -0.557191 -0.331721 -0.428403 -0.395517 -0.416667 -0.376603 -0.492272 
0.84 -5.95886 0.0888656 12 -0.492268 -0.376604 -0.416669 -0.39552 -0.428479 -0.331505 -0.557029 0.0372921 -0.557028 -0.331506 -0.428478 -0.39552 -0.416669 -0.376602 -0.492271 
0.85 -5.95935 0.08915 12 -0.492267 -0.376603 -0.416672 -0.395524 -0.428555 -0.331284 -0.556856 0.0361749 -0.556856 -0.331285 -0.428555 -0.395524 -0.416672 -0.376601 -0.492271 
0.86 -5.95984 0.0894511 12 -0.492266 -0.376602 -0.416675 -0.395529 -0.428633 -0.331056 -0.556674 0.035031 -0.556674 -0.331058 -0.428633 -0.395529 -0.416675 -0.3766 -0.49227 
0.87 -5.96034 0.0897696 12 -0.492265 -0.376601 -0.41668 -0.395535 -0.428711 -0.330824 -0.556483 0.0338607 -0.556482 -0.330825 -0.428711 -0.395535 -0.41668 -0.376599 -0.492269 
0.88 -5.96083 0.090106 12 -0.492264 -0.3766 -0.416685 -0.395542 -0.428789 -0.330585 -0.556282 0.0326641 -0.556281 -0.330586 -0.428789 -0.395542 -0.416685 -0.376598 -0.492268 
0.89 -5.96133 0.0904612 12 -0.492263 -0.376599 -0.416691 -0.395549 -0.428867 -0.330341 -0.556072 0.0314412 -0.556071 -0.330342 -0.428867 -0.395549 -0.416692 -0.376597 -0.492267 
0.9 -5.96182 0.0908357 12 -0.492262 -0.376598 -0.416699 -0.395557 -0.428945 -0.330091 -0.555852 0.0301922 -0.555852 -0.330093 -0.428945 -0.395557 -0.416699 -0.376596 -0.492266 
0.91 -5.96231 0.0912303 12 -0.492261 -0.376597 -0.416708 -0.395565 -0.429023 -0.329836 -0.555624 0.0289173 -0.555623 -0.329838 -0.429022 -0.395565 -0.416708 -0.376596 -0.492265 
0.92 -5.96281 0.0916456 12 -0.49226 -0.376597 -0.416718 -0.395574 -0.4291 -0.329576 -0.555387 0.0276166 -0.555386 -0.329577 -0.4291 -0.395574 -0.416718 -0.376595 -0.492263 
0.93 -5.9633 0.0920824 12 -0.492258 -0.376596 -0.41673 -0.395583 -0.429176 -0.32931 -0.55514 0.0262904 -0.55514 -0.329312 -0.429176 -0.395583 -0.41673 -0.376595 -0.492262 
0.94 -5.96379 0.0925413 12 -0.492257 -0.376596 -0.416743 -0.395592 -0.429252 -0.32904 -0.554885 0.0249387 -0.554885 -0.329041 -0.429252 -0.395592 -0.416743 -0.376594 -0.492261 
0.95 -5.96429 0.093023 12 -0.492255 -0.376596 -0.416758 -0.395601 -0.429327 -0.328764 -0.554622 0.0235618 -0.554621 -0.328766 -0.429327 -0.395601 -0.416758 -0.376595 -0.492259 
0.96 -5.96478 0.0935282 12 -0.492253 -0.376597 -0.416774 -0.39561 -0.429401 -0.328484 -0.55435 0.0221598 -0.554349 -0.328485 -0.429401 -0.39561 -0.416774 -0.376595 -0.492257 
0.97 -5.96527 0.0940577 12 -0.492251 -0.376598 -0.416792 -0.395619 -0.429474 -0.328199 -0.554069 0.020733 -0.554068 -0.3282 -0.429473 -0.395619 -0.416792 -0.376596 -0.492255 
0.98 -5.96577 0.0946122 12 -0.492249 -0.376599 -0.416812 -0.395627 -0.429545 -0.327909 -0.55378 0.0192816 -0.553779 -0.327911 -0.429545 -0.395627 -0.416812 -0.376597 -0.492253 
0.99 -5.96626 0.0951922 12 -0.492247 -0.376601 -0.416834 -0.395634 -0.429616 -0.327615 -0.553483 0.0178058 -0.553482 -0.327617 -0.429616 -0.395634 -0.416834 -0.376599 -0.492251 
1 -5.96675 0.0957986 12 -0.492245 -0.376604 -0.416857 -0.395641 -0.429685 -0.327317 -0.553178 0.0163058 -0.553177 -0.327318 -0.429685 -0.395641 -0.416857 -0.376602 -0.492249 
1.01 -5.96724 0.0964321 12 -0.492243 -0.376607 -0.416882 -0.395646 -0.429753 -0.327014 -0.552864 0.0147818 -0.552864 -0.327016 -0.429753 -0.395646 -0.416882 -0.376605 -0.492247 
1.02 -5.96773 0.0970933 12 -0.49224 -0.376611 -0.416909 -0.395651 -0.429819 -0.326707 -0.552543 0.013234 -0.552542 -0.326709 -0.429819 -0.395651 -0.416909 -0.376609 -0.492245 
1.03 -5.96822 0.0977829 12 -0.492238 -0.376616 -0.416938 -0.395654 -0.429885 -0.326397 -0.552214 0.0116628 -0.552213 -0.326398 -0.429884 -0.395654 -0.416938 -0.376614 -0.492242 
1.04 -5.96871 0.0985016 12 -0.492235 -0.376622 -0.416968 -0.395655 -0.429948 -0.326082 -0.551877 0.0100682 -0.551876 -0.326084 -0.429948 -0.395655 -0.416968 -0.37662 -0.49224 
1.05 -5.9692 0.0992501 12 -0.492233 -0.37663 -0.416999 -0.395655 -0.430011 -0.325764 -0.551533 0.00845069 -0.551532 -0.325766 -0.43001 -0.395655 -0.417 -0.376627 -0.492237 
1.06 -5.96969 0.100029 12 -0.49223 -0.376638 -0.417032 -0.395653 -0.430072 -0.325442 -0.551181 0.00681035 -0.55118 -0.325444 -0.430071 -0.395653 -0.417033 -0.376636 -0.492235 
1.07 -5.97018 0.100839 12 -0.492227 -0.376648 -0.417067 -0.395649 -0.430131 -0.325117 -0.550821 0.00514748 -0.550821 -0.325119 -0.430131 -0.395649 -0.417067 -0.376646 -0.492232 
1.08 -5.97067 0.101681 12 -0.492225 -0.376659 -0.417102 -0.395643 -0.43019 -0.324789 -0.550455 0.00346234 -0.550454 -0.324791 -0.430189 -0.395643 -0.417102 -0.376657 -0.49223 
1.09 -5.97115 0.102555 12 -0.492222 -0.376671 -0.417138 -0.395636 -0.430247 -0.324458 -0.550081 0.00175519 -0.55008 -0.324459 -0.430246 -0.395636 -0.417138 -0.376669 -0.492227 
1.1 -5.97164 0.103463 12 -0.49222 -0.376685 -0.417175 -0.395626 -0.430302 -0.324123 -0.549699 2.63032e-05 -0.549699 -0.324125 -0.430302 -0.395626 -0.417176 -0.376683 -0.492225 
1.11 -5.97212 0.104404 12 -0.492218 -0.376701 -0.417213 -0.395614 -0.430356 -0.323786 -0.549311 -0.00172406 -0.54931 -0.323787 -0.430356 -0.395614 -0.417213 -0.376699 -0.492223 
1.12 -5.97261 0.10538 12 -0.492216 -0.376718 -0.417251 -0.395599 -0.430409 -0.323445 -0.548916 -0.00349563 -0.548915 -0.323447 -0.430409 -0.395599 -0.417251 -0.376716 -0.492221 
1.13 -5.97309 0.10639 12 -0.492214 -0.376737 -0.41729 -0.395583 -0.430461 -0.323103 -0.548513 -0.00528813 -0.548513 -0.323104 -0.430461 -0.395583 -0.41729 -0.376734 -0.492219 
1.14 -5.97358 0.107436 12 -0.492213 -0.376757 -0.417328 -0.395564 -0.430511 -0.322757 -0.548104 -0.00710127 -0.548104 -0.322759 -0.430511 -0.395564 -0.417329 -0.376755 -0.492218 
1.15 -5.97406 0.108518 12 -0.492212 -0.376779 -0.417367 -0.395543 -0.43056 -0.32241 -0.547688 -0.00893478 -0.547688 -0.322412 -0.43056 -0.395543 -0.417367 -0.376777 -0.492217 
1.16 -5.97454 0.109637 12 -0.492212 -0.376802 -0.417405 -0.395519 -0.430608 -0.32206 -0.547266 -0.0107884 -0.547265 -0.322062 -0.430608 -0.395519 -0.417406 -0.3768 -0.492217 
1.17 -5.97502 0.110793 12 -0.492212 -0.376827 -0.417443 -0.395493 -0.430654 -0.321708 -0.546837 -0.0126618 -0.546836 -0.32171 -0.430654 -0.395493 -0.417443 -0.376825 -0.492217 
1.18 -5.97549 0.111987 12 -0.492213 -0.376854 -0.417481 -0.395465 -0.4307 -0.321354 -0.546401 -0.0145546 -0.546401 -0.321356 -0.430699 -0.395465 -0.417481 -0.376851 -0.492218 
1.19 -5.97597 0.113219 12 -0.492214 -0.376881 -0.417518 -0.395435 -0.430744 -0.320999 -0.545959 -0.0164667 -0.545959 -0.321 -0.430743 -0.395435 -0.417518 -0.376879 -0.49222 
1.2 -5.97644 0.11449 12 -0.492217 -0.37691 -0.417554 -0.395402 -0.430786 -0.320641 -0.545511 -0.0183977 -0.54551 -0.320643 -0.430786 -0.395402 -0.417554 -0.376907 -0.492222 
1.21 -5.97691 0.115801 12 -0.49222 -0.37694 -0.417589 -0.395367 -0.430828 -0.320282 -0.545057 -0.0203473 -0.545056 -0.320284 -0.430828 -0.395367 -0.417589 -0.376937 -0.492225 
1.22 -5.97738 0.117151 12 -0.492223 -0.37697 -0.417623 -0.39533 -0.430869 -0.319922 -0.544596 -0.0223152 -0.544595 -0.319924 -0.430868 -0.39533 -0.417623 -0.376968 -0.492229 
1.23 -5.97785 0.118542 12 -0.492228 -0.377002 -0.417656 -0.39529 -0.430908 -0.31956 -0.544129 -0.0243011 -0.544128 -0.319562 -0.430907 -0.39529 -0.417656 -0.376999 -0.492233 
1.24 -5.97832 0.119973 12 -0.492233 -0.377034 -0.417688 -0.395249 -0.430946 -0.319197 -0.543656 -0.0263047 -0.543656 -0.319199 -0.430946 -0.395249 -0.417688 -0.377031 -0.492239 
1.25 -5.97878 0.121446 12 -0.49224 -0.377066 -0.417719 -0.395205 -0.430983 -0.318833 -0.543178 -0.0283257 -0.543177 -0.318835 -0.430982 -0.395205 -0.417719 -0.377064 -0.492245 
1.26 -5.97923 0.12296 12 -0.492247 -0.377099 -0.417749 -0.395159 -0.431018 -0.318468 -0.542693 -0.0303638 -0.542693 -0.31847 -0.431018 -0.395159 -0.417749 -0.377096 -0.492252 
1.27 -5.97969 0.124517 12 -0.492255 -0.377131 -0.417777 -0.395111 -0.431053 -0.318103 -0.542203 -0.0324186 -0.542202 -0.318104 -0.431053 -0.395111 -0.417777 -0.377129 -0.49226 
1.28 -5.98014 0.126115 12 -0.492263 -0.377164 -0.417804 -0.395061 -0.431086 -0.317736 -0.541707 -0.0344899 -0.541706 -0.317738 -0.431086 -0.395061 -0.417804 -0.377161 -0.492269 
1.29 -5.98058 0.127757 12 -0.492272 -0.377196 -0.41783 -0.395009 -0.431118 -0.317369 -0.541206 -0.0365773 -0.541205 -0.317371 -0.431118 -0.395009 -0.41783 -0.377193 -0.492278 
1.3 -5.98102 0.129441 12 -0.492282 -0.377227 -0.417855 -0.394955 -0.431149 -0.317002 -0.540699 -0.0386804 -0.540698 -0.317004 -0.431149 -0.394955 -0.417855 -0.377224 -0.492288 
1.31 -5.98145 0.131169 12 -0.492292 -0.377257 -0.417878 -0.394899 -0.431179 -0.316635 -0.540186 -0.0407991 -0.540186 -0.316636 -0.431178 -0.394899 -0.417878 -0.377255 -0.492298 
1.32 -5.98188 0.132941 12 -0.492302 -0.377287 -0.4179 -0.394841 -0.431207 -0.316267 -0.539669 -0.0429329 -0.539668 -0.316269 -0.431207 -0.394841 -0.4179 -0.377284 -0.492308 
1.33 -5.9823 0.134756 12 -0.492313 -0.377315 -0.417921 -0.394782 -0.431234 -0.315899 -0.539146 -0.0450816 -0.539145 -0.315901 -0.431234 -0.394782 -0.417921 -0.377312 -0.492319 
1.34 -5.98272 0.136616 12 -0.492323 -0.377342 -0.417941 -0.39472 -0.43126 -0.315532 -0.538617 -0.0472448 -0.538617 -0.315533 -0.43126 -0.39472 -0.417941 -0.377339 -0.492329 
1.35 -5.98313 0.138521 12 -0.492333 -0.377367 -0.417959 -0.394657 -0.431285 -0.315164 -0.538084 -0.0494221 -0.538084 -0.315166 -0.431285 -0.394657 -0.417959 -0.377365 -0.492339 
1.36 -5.98353 0.14047 12 -0.492343 -0.377391 -0.417976 -0.394592 -0.431308 -0.314797 -0.537546 -0.0516133 -0.537546 -0.314799 -0.431308 -0.394592 -0.417977 -0.377388 -0.492349 
1.37 -5.98392 0.142464 12 -0.492352 -0.377413 -0.417993 -0.394525 -0.43133 -0.314431 -0.537003 -0.053818 -0.537002 -0.314433 -0.43133 -0.394525 -0.417993 -0.37741 -0.492358 
1.38 -5.9843 0.144503 12 -0.49236 -0.377433 -0.418008 -0.394457 -0.431351 -0.314065 -0.536455 -0.0560358 -0.536455 -0.314067 -0.431351 -0.394457 -0.418008 -0.37743 -0.492366 
1.39 -5.98467 0.146588 12 -0.492368 -0.377451 -0.418022 -0.394387 -0.43137 -0.3137 -0.535902 -0.0582666 -0.535902 -0.313702 -0.43137 -0.394387 -0.418022 -0.377448 -0.492373 
1.4 -5.98503 0.148718 12 -0.492373 -0.377467 -0.418035 -0.394315 -0.431388 -0.313336 -0.535345 -0.0605098 -0.535345 -0.313338 -0.431388 -0.394315 -0.418035 -0.377464 -0.492379 
1.41 -5.98539 0.150894 12 -0.492378 -0.377481 -0.418047 -0.394242 -0.431405 -0.312973 -0.534783 -0.0627652 -0.534783 -0.312974 -0.431405 -0.394242 -0.418048 -0.377478 -0.492384 
1.42 -5.98573 0.153115 12 -0.492381 -0.377492 -0.418059 -0.394167 -0.43142 -0.31261 -0.534217 -0.0650324 -0.534216 -0.312612 -0.43142 -0.394167 -0.418059 -0.377489 -0.492386 
1.43 -5.98606 0.155382 12 -0.492381 -0.377501 -0.418069 -0.39409 -0.431434 -0.31225 -0.533646 -0.0673112 -0.533646 -0.312252 -0.431433 -0.39409 -0.418069 -0.377498 -0.492387 
1.44 -5.98638 0.157695 12 -0.49238 -0.377508 -0.418079 -0.394012 -0.431446 -0.31189 -0.533071 -0.0696011 -0.533071 -0.311892 -0.431446 -0.394013 -0.418079 -0.377505 -0.492386 
1.45 -5.98669 0.160054 12 -0.492377 -0.377512 -0.418087 -0.393933 -0.431457 -0.311533 -0.532492 -0.0719018 -0.532491 -0.311535 -0.431456 -0.393933 -0.418088 -0.377509 -0.492383 
1.46 -5.98698 0.162459 12 -0.492371 -0.377514 -0.418095 -0.393852 -0.431466 -0.311176 -0.531908 -0.0742129 -0.531908 -0.311178 -0.431466 -0.393852 -0.418096 -0.377511 -0.492377 
1.47 -5.98727 0.164909 12 -0.492363 -0.377513 -0.418103 -0.39377 -0.431474 -0.310822 -0.531321 -0.0765343 -0.53132 -0.310824 -0.431473 -0.39377 -0.418103 -0.37751 -0.492369 
1.48 -5.98754 0.167406 12 -0.492352 -0.37751 -0.418109 -0.393686 -0.43148 -0.310469 -0.530729 -0.0788654 -0.530729 -0.310471 -0.431479 -0.393686 -0.418109 -0.377507 -0.492358 
1.49 -5.9878 0.169949 12 -0.492338 -0.377504 -0.418115 -0.393601 -0.431484 -0.310119 -0.530134 -0.0812059 -0.530134 -0.310121 -0.431484 -0.393601 -0.418115 -0.377501 -0.492344 
1.5 -5.98805 0.172537 12 -0.492322 -0.377495 -0.41812 -0.393515 -0.431487 -0.309771 -0.529535 -0.0835555 -0.529535 -0.309773 -0.431487 -0.393515 -0.418121 -0.377492 -0.492328 
1.51 -5.98829 0.175171 12 -0.492304 -0.377484 -0.418125 -0.393427 -0.431488 -0.309424 -0.528932 -0.0859139 -0.528932 -0.309427 -0.431488 -0.393427 -0.418125 -0.377481 -0.49231 
1.52 -5.98851 0.17785 12 -0.492282 -0.377471 -0.418129 -0.393338 -0.431487 -0.309081 -0.528326 -0.0882807 -0.528325 -0.309083 -0.431487 -0.393338 -0.418129 -0.377468 -0.492288 
1.53 -5.98873 0.180576 11 -0.492258 -0.377455 -0.418132 -0.393248 -0.431485 -0.30874 -0.527716 -0.0906556 -0.527716 -0.308742 -0.431485 -0.393248 -0.418133 -0.377452 -0.492264 
1.54 -5.98893 0.183346 11 -0.492232 -0.377436 -0.418135 -0.393156 -0.431481 -0.308401 -0.527103 -0.0930382 -0.527102 -0.308403 -0.431481 -0.393156 -0.418136 -0.377433 -0.492238 
1.55 -5.98912 0.186162 11 -0.492203 -0.377415 -0.418137 -0.393063 -0.431475 -0.308065 -0.526486 -0.0954281 -0.526486 -0.308067 -0.431475 -0.393063 -0.418138 -0.377412 -0.492209 
1.56 -5.9893 0.189023 11 -0.492171 -0.377391 -0.418139 -0.392969 -0.431467 -0.307733 -0.525866 -0.0978251 -0.525866 -0.307735 -0.431467 -0.392969 -0.41814 -0.377388 -0.492177 
1.57 -5.98947 0.191929 11 -0.492137 -0.377365 -0.418141 -0.392874 -0.431457 -0.307403 -0.525243 -0.100229 -0.525243 -0.307405 -0.431457 -0.392874 -0.418141 -0.377362 -0.492144 
1.58 -5.98963 0.19488 11 -0.492101 -0.377337 -0.418141 -0.392777 -0.431446 -0.307076 -0.524617 -0.102639 -0.524617 -0.307078 -0.431446 -0.392777 -0.418142 -0.377334 -0.492108 
1.59 -5.98979 0.197875 11 -0.492063 -0.377306 -0.418141 -0.392679 -0.431432 -0.306752 -0.523988 -0.105055 -0.523988 -0.306754 -0.431432 -0.39268 -0.418142 -0.377303 -0.49207 
1.6 -5.98993 0.200914 11 -0.492023 -0.377273 -0.418141 -0.39258 -0.431417 -0.306432 -0.523356 -0.107476 -0.523356 -0.306434 -0.431416 -0.392581 -0.418142 -0.37727 -0.492029 
1.61 -5.99006 0.203997 11 -0.491981 -0.377237 -0.41814 -0.39248 -0.431399 -0.306116 -0.522721 -0.109903 -0.522721 -0.306118 -0.431399 -0.392481 -0.418141 -0.377234 -0.491987 
1.62 -5.99018 0.207124 11 -0.491938 -0.3772 -0.418139 -0.392379 -0.43138 -0.305802 -0.522084 -0.112335 -0.522084 -0.305805 -0.431379 -0.392379 -0.41814 -0.377196 -0.491944 
1.63 -5.9903 0.210294 11 -0.491892 -0.37716 -0.418137 -0.392277 -0.431358 -0.305493 -0.521444 -0.114772 -0.521444 -0.305495 -0.431358 -0.392277 -0.418138 -0.377156 -0.491899 
1.64 -5.99041 0.213508 11 -0.491846 -0.377117 -0.418135 -0.392173 -0.431334 -0.305187 -0.520801 -0.117212 -0.520801 -0.30519 -0.431334 -0.392174 -0.418136 -0.377114 -0.491852 
1.65 -5.99051 0.216764 11 -0.491798 -0.377073 -0.418133 -0.392069 -0.431309 -0.304886 -0.520157 -0.119657 -0.520156 -0.304888 -0.431308 -0.392069 -0.418133 -0.37707 -0.491804 
1.66 -5.9906 0.220063 11 -0.491749 -0.377027 -0.418129 -0.391963 -0.43128 -0.304588 -0.519509 -0.122105 -0.519509 -0.30459 -0.43128 -0.391963 -0.41813 -0.377024 -0.491755 
1.67 -5.99069 0.223403 11 -0.491699 -0.376978 -0.418126 -0.391857 -0.43125 -0.304295 -0.51886 -0.124557 -0.51886 -0.304297 -0.43125 -0.391857 -0.418126 -0.376975 -0.491705 
1.68 -5.99077 0.226786 11 -0.491648 -0.376928 -0.418121 -0.391749 -0.431218 -0.304005 -0.518208 -0.127011 -0.518208 -0.304007 -0.431217 -0.391749 -0.418122 -0.376924 -0.491654 
1.69 -5.99085 0.230209 11 -0.491596 -0.376875 -0.418117 -0.39164 -0.431183 -0.30372 -0.517555 -0.129468 -0.517555 -0.303723 -0.431183 -0.39164 -0.418117 -0.376872 -0.491603 
1.7 -5.99092 0.233674 11 -0.491544 -0.376821 -0.418112 -0.39153 -0.431146 -0.30344 -0.516899 -0.131927 -0.516899 -0.303442 -0.431146 -0.39153 -0.418112 -0.376818 -0.49155 
1.71 -5.99098 0.237179 11 -0.491491 -0.376764 -0.418106 -0.391419 -0.431107 -0.303164 -0.516242 -0.134388 -0.516242 -0.303166 -0.431106 -0.39142 -0.418106 -0.376761 -0.491498 
1.72 -5.99104 0.240724 11 -0.491438 -0.376706 -0.4181 -0.391308 -0.431065 -0.302893 -0.515583 -0.136851 -0.515583 -0.302895 -0.431065 -0.391308 -0.4181 -0.376703 -0.491444 
1.73 -5.9911 0.244309 11 -0.491385 -0.376647 -0.418093 -0.391195 -0.431021 -0.302626 -0.514922 -0.139315 -0.514922 -0.302629 -0.431021 -0.391195 -0.418093 -0.376643 -0.491391 
1.74 -5.99115 0.247932 11 -0.491331 -0.376585 -0.418085 -0.391081 -0.430974 -0.302365 -0.51426 -0.141779 -0.51426 -0.302367 -0.430974 -0.391082 -0.418086 -0.376582 -0.491337 
1.75 -5.9912 0.251595 11 -0.491277 -0.376522 -0.418077 -0.390967 -0.430925 -0.302108 -0.513596 -0.144244 -0.513596 -0.30211 -0.430925 -0.390967 -0.418078 -0.376519 -0.491284 
1.76 -5.99124 0.255295 11 -0.491224 -0.376457 -0.418069 -0.390851 -0.430874 -0.301857 -0.512931 -0.14671 -0.512931 -0.301859 -0.430874 -0.390851 -0.418069 -0.376454 -0.49123 
1.77 -5.99128 0.259034 11 -0.49117 -0.37639 -0.41806 -0.390735 -0.43082 -0.30161 -0.512265 -0.149175 -0.512264 -0.301612 -0.43082 -0.390735 -0.41806 -0.376387 -0.491176 
1.78 -5.99132 0.262809 11 -0.491117 -0.376322 -0.41805 -0.390617 -0.430764 -0.301369 -0.511597 -0.15164 -0.511597 -0.301371 -0.430763 -0.390618 -0.41805 -0.376319 -0.491123 
1.79 -5.99135 0.266621 11 -0.491063 -0.376253 -0.418039 -0.390499 -0.430704 -0.301133 -0.510928 -0.154104 -0.510928 -0.301136 -0.430704 -0.390499 -0.41804 -0.37625 -0.49107 
1.8 -5.99138 0.270469 11 -0.491011 -0.376182 -0.418028 -0.39038 -0.430643 -0.300903 -0.510259 -0.156566 -0.510259 -0.300905 -0.430643 -0.39038 -0.418029 -0.376179 -0.491017 
1.81 -5.99141 0.274352 11 -0.490958 -0.376109 -0.418017 -0.39026 -0.430579 -0.300678 -0.509588 -0.159028 -0.509588 -0.30068 -0.430578 -0.39026 -0.418017 -0.376106 -0.490964 
1.82 -5.99144 0.278271 11 -0.490906 -0.376036 -0.418004 -0.390139 -0.430512 -0.300459 -0.508917 -0.161487 -0.508917 -0.300461 -0.430512 -0.39014 -0.418005 -0.376033 -0.490912 
1.83 -5.99146 0.282223 11 -0.490854 -0.375961 -0.417991 -0.390018 -0.430442 -0.300245 -0.508245 -0.163945 -0.508245 -0.300248 -0.430442 -0.390018 -0.417991 -0.375957 -0.49086 
1.84 -5.99149 0.28621 11 -0.490803 -0.375884 -0.417977 -0.389895 -0.43037 -0.300038 -0.507573 -0.1664 -0.507573 -0.30004 -0.43037 -0.389896 -0.417978 -0.375881 -0.490809 
1.85 -5.99151 0.29023 11 -0.490752 -0.375807 -0.417963 -0.389772 -0.430295 -0.299836 -0.5069 -0.168852 -0.5069 -0.299838 -0.430295 -0.389772 -0.417963 -0.375804 -0.490758 
1.86 -5.99153 0.294282 11 -0.490702 -0.375728 -0.417947 -0.389648 -0.430218 -0.29964 -0.506226 -0.171301 -0.506226 -0.299642 -0.430218 -0.389648 -0.417948 -0.375725 -0.490708 
1.87 -5.99154 0.298366 11 -0.490652 -0.375649 -0.417931 -0.389524 -0.430138 -0.29945 -0.505553 -0.173747 -0.505553 -0.299452 -0.430137 -0.389524 -0.417931 -0.375645 -0.490659 
1.88 -5.99156 0.302481 11 -0.490603 -0.375568 -0.417914 -0.389398 -0.430054 -0.299266 -0.504879 -0.176189 -0.504879 -0.299268 -0.430054 -0.389398 -0.417914 -0.375565 -0.49061 
1.89 -5.99157 0.306628 11 -0.490555 -0.375486 -0.417896 -0.389272 -0.429969 -0.299088 -0.504205 -0.178627 -0.504205 -0.29909 -0.429968 -0.389272 -0.417897 -0.375483 -0.490561 
1.9 -5.99159 0.310804 11 -0.490507 -0.375403 -0.417878 -0.389145 -0.42988 -0.298917 -0.503531 -0.181061 -0.503531 -0.298919 -0.42988 -0.389145 -0.417878 -0.3754 -0.490513 
1.91 -5.9916 0.315009 11 -0.49046 -0.375319 -0.417858 -0.389017 -0.429788 -0.298752 -0.502857 -0.18349 -0.502857 -0.298754 -0.429788 -0.389018 -0.417859 -0.375316 -0.490466 
1.92 -5.99161 0.319244 11 -0.490414 -0.375235 -0.417838 -0.388889 -0.429694 -0.298593 -0.502183 -0.185915 -0.502183 -0.298595 -0.429694 -0.388889 -0.417838 -0.375232 -0.49042 
1.93 -5.99162 0.323506 11 -0.490368 -0.375149 -0.417816 -0.38876 -0.429597 -0.298441 -0.50151 -0.188334 -0.50151 -0.298443 -0.429597 -0.38876 -0.417817 -0.375146 -0.490374 
1.94 -5.99163 0.327796 11 -0.490323 -0.375063 -0.417794 -0.388631 -0.429497 -0.298295 -0.500837 -0.190748 -0.500836 -0.298297 -0.429497 -0.388631 -0.417795 -0.37506 -0.490329 
1.95 -5.99164 0.332112 11 -0.490278 -0.374976 -0.417771 -0.3885 -0.429394 -0.298156 -0.500164 -0.193155 -0.500164 -0.298158 -0.429394 -0.388501 -0.417771 -0.374973 -0.490285 
1.96 -5.99165 0.336455 11 -0.490234 -0.374888 -0.417747 -0.38837 -0.429288 -0.298023 -0.499492 -0.195557 -0.499492 -0.298025 -0.429288 -0.38837 -0.417747 -0.374885 -0.490241 
1.97 -5.99166 0.340822 11 -0.490191 -0.3748 -0.417722 -0.388238 -0.42918 -0.297897 -0.49882 -0.197952 -0.49882 -0.297899 -0.429179 -0.388238 -0.417722 -0.374797 -0.490198 
1.98 -5.99166 0.345215 11 -0.490149 -0.374711 -0.417695 -0.388106 -0.429068 -0.297778 -0.49815 -0.200341 -0.49815 -0.29778 -0.429068 -0.388106 -0.417696 -0.374708 -0.490155 
1.99 -5.99167 0.349631 11 -0.490107 -0.374622 -0.417668 -0.387974 -0.428954 -0.297666 -0.49748 -0.202723 -0.49748 -0.297668 -0.428953 -0.387974 -0.417668 -0.374619 -0.490114 
2 -5.99167 0.35407 11 -0.490066 -0.374532 -0.41764 -0.387841 -0.428836 -0.29756 -0.496811 -0.205097 -0.496811 -0.297562 -0.428836 -0.387841 -0.41764 -0.374529 -0.490072 
2.01 -5.99168 0.358532 11 -0.490026 -0.374441 -0.41761 -0.387707 -0.428716 -0.297462 -0.496143 -0.207464 -0.496143 -0.297464 -0.428716 -0.387707 -0.41761 -0.374438 -0.490032 
2.02 -5.99168 0.363016 11 -0.489986 -0.374351 -0.417579 -0.387573 -0.428593 -0.29737 -0.495476 -0.209823 -0.495476 -0.297372 -0.428592 -0.387573 -0.41758 -0.374348 -0.489992 
2.03 -5.99169 0.36752 11 -0.489946 -0.374259 -0.417548 -0.387438 -0.428466 -0.297285 -0.494811 -0.212174 -0.494811 -0.297287 -0.428466 -0.387438 -0.417548 -0.374256 -0.489953 
2.04 -5.99169 0.372045 11 -0.489908 -0.374168 -0.417515 -0.387303 -0.428337 -0.297208 -0.494146 -0.214517 -0.494146 -0.29721 -0.428337 -0.387303 -0.417515 -0.374165 -0.489914 
2.05 -5.99169 0.37659 11 -0.48987 -0.374076 -0.417481 -0.387167 -0.428205 -0.297137 -0.493483 -0.216851 -0.493484 -0.297139 -0.428205 -0.387168 -0.417481 -0.374073 -0.489876 
2.06 -5.9917 0.381153 11 -0.489832 -0.373984 -0.417445 -0.387031 -0.42807 -0.297074 -0.492822 -0.219176 -0.492822 -0.297076 -0.42807 -0.387031 -0.417446 -0.373981 -0.489838 
2.07 -5.9917 0.385734 11 -0.489795 -0.373892 -0.417409 -0.386895 -0.427932 -0.297018 -0.492162 -0.221492 -0.492162 -0.29702 -0.427932 -0.386895 -0.417409 -0.373889 -0.489801 
2.08 -5.9917 0.390333 11 -0.489758 -0.373799 -0.417371 -0.386758 -0.427791 -0.296969 -0.491504 -0.223798 -0.491504 -0.296971 -0.427791 -0.386758 -0.417371 -0.373796 -0.489765 
2.09 -5.99171 0.394948 11 -0.489722 -0.373707 -0.417332 -0.38662 -0.427647 -0.296927 -0.490847 -0.226095 -0.490848 -0.296929 -0.427647 -0.386621 -0.417332 -0.373704 -0.489729 
2.1 -5.99171 0.399579 11 -0.489687 -0.373614 -0.417291 -0.386483 -0.4275 -0.296892 -0.490193 -0.228382 -0.490193 -0.296894 -0.4275 -0.386483 -0.417292 -0.373611 -0.489693 
2.11 -5.99171 0.404225 11 -0.489652 -0.373522 -0.417249 -0.386345 -0.42735 -0.296865 -0.48954 -0.230659 -0.48954 -0.296867 -0.42735 -0.386345 -0.41725 -0.373519 -0.489658 
2.12 -5.99171 0.408886 11 -0.489617 -0.373429 -0.417206 -0.386206 -0.427197 -0.296845 -0.488889 -0.232926 -0.488889 -0.296847 -0.427197 -0.386207 -0.417207 -0.373426 -0.489623 
2.13 -5.99171 0.41356 11 -0.489583 -0.373337 -0.417162 -0.386067 -0.427041 -0.296833 -0.488241 -0.235182 -0.488241 -0.296835 -0.427041 -0.386068 -0.417162 -0.373334 -0.489589 
2.14 -5.99172 0.418247 11 -0.489549 -0.373244 -0.417116 -0.385928 -0.426882 -0.296828 -0.487594 -0.237427 -0.487594 -0.29683 -0.426882 -0.385929 -0.417116 -0.373241 -0.489555 
2.15 -5.99172 0.422946 11 -0.489515 -0.373152 -0.417068 -0.385789 -0.426721 -0.29683 -0.48695 -0.23966 -0.48695 -0.296832 -0.426721 -0.385789 -0.417069 -0.373149 -0.489521 
2.16 -5.99172 0.427657 11 -0.489482 -0.37306 -0.417019 -0.385649 -0.426556 -0.29684 -0.486308 -0.241883 -0.486308 -0.296842 -0.426556 -0.38565 -0.41702 -0.373057 -0.489488 
2.17 -5.99172 0.432378 12 -0.489449 -0.372968 -0.416969 -0.385509 -0.426389 -0.296857 -0.485668 -0.244094 -0.485668 -0.296859 -0.426389 -0.38551 -0.416969 -0.372965 -0.489455 
2.18 -5.99172 0.437109 12 -0.489416 -0.372877 -0.416917 -0.385369 -0.426218 -0.296881 -0.485031 -0.246293 -0.485031 -0.296883 -0.426218 -0.38537 -0.416917 -0.372874 -0.489423 
2.19 -5.99172 0.441849 12 -0.489384 -0.372786 -0.416864 -0.385229 -0.426045 -0.296913 -0.484397 -0.24848 -0.484397 -0.296915 -0.426045 -0.385229 -0.416864 -0.372783 -0.48939 
2.2 -5.99172 0.446597 12 -0.489352 -0.372695 -0.416809 -0.385088 -0.425869 -0.296953 -0.483765 -0.250655 -0.483765 -0.296955 -0.425869 -0.385089 -0.416809 -0.372692 -0.489358 
2.21 -5.99172 0.451353 12 -0.48932 -0.372605 -0.416752 -0.384947 -0.42569 -0.297 -0.483136 -0.252818 -0.483136 -0.297002 -0.42569 -0.384948 -0.416752 -0.372602 -0.489326 
2.22 -5.99172 0.456116 12 -0.489288 -0.372515 -0.416694 -0.384806 -0.425508 -0.297054 -0.482509 -0.254968 -0.482509 -0.297056 -0.425508 -0.384807 -0.416694 -0.372512 -0.489294 
2.23 -5.99172 0.460885 12 -0.489257 -0.372425 -0.416634 -0.384665 -0.425323 -0.297116 -0.481886 -0.257105 -0.481886 -0.297118 -0.425323 -0.384666 -0.416634 -0.372422 -0.489263 
2.24 -5.99172 0.46566 12 -0.489225 -0.372336 -0.416573 -0.384524 -0.425136 -0.297186 -0.481265 -0.259229 -0.481265 -0.297188 -0.425136 -0.384524 -0.416573 -0.372334 -0.489231 
2.25 -5.99173 0.470439 12 -0.489194 -0.372248 -0.41651 -0.384383 -0.424946 -0.297263 -0.480648 -0.26134 -0.480648 -0.297265 -0.424946 -0.384383 -0.41651 -0.372245 -0.4892 
2.26 -5.99173 0.475222 12 -0.489162 -0.37216 -0.416445 -0.384241 -0.424753 -0.297347 -0.480033 -0.263437 -0.480033 -0.297349 -0.424753 -0.384241 -0.416445 -0.372158 -0.489169 
2.27 -5.99173 0.480009 12 -0.489131 -0.372073 -0.416378 -0.384099 -0.424557 -0.297439 -0.479422 -0.265521 -0.479422 -0.297441 -0.424557 -0.3841 -0.416379 -0.372071 -0.489137 
2.28 -5.99173 0.484798 12 -0.4891 -0.371987 -0.41631 -0.383958 -0.424358 -0.297538 -0.478814 -0.267591 -0.478814 -0.29754 -0.424358 -0.383958 -0.41631 -0.371984 -0.489106 
2.29 -5.99173 0.489589 12 -0.489069 -0.371901 -0.41624 -0.383816 -0.424157 -0.297645 -0.478209 -0.269647 -0.478209 -0.297647 -0.424157 -0.383816 -0.41624 -0.371899 -0.489075 
2.3 -5.99173 0.49438 12 -0.489037 -0.371816 -0.416168 -0.383674 -0.423953 -0.29776 -0.477607 -0.271689 -0.477608 -0.297761 -0.423953 -0.383674 -0.416168 -0.371814 -0.489043 
2.31 -5.99173 0.499173 12 -0.489006 -0.371732 -0.416094 -0.383532 -0.423747 -0.297881 -0.477009 -0.273717 -0.47701 -0.297883 -0.423747 -0.383532 -0.416095 -0.37173 -0.489012 
2.32 -5.99173 0.503965 12 -0.488975 -0.371649 -0.416019 -0.38339 -0.423538 -0.29801 -0.476415 -0.27573 -0.476415 -0.298012 -0.423538 -0.38339 -0.416019 -0.371646 -0.488981 
2.33 -5.99173 0.508756 12 -0.488943 -0.371567 -0.415942 -0.383248 -0.423326 -0.298147 -0.475824 -0.277728 -0.475824 -0.298149 -0.423326 -0.383249 -0.415942 -0.371564 -0.488949 
2.34 -5.99173 0.513545 12 -0.488911 -0.371485 -0.415863 -0.383106 -0.423112 -0.298291 -0.475237 -0.279712 -0.475237 -0.298293 -0.423112 -0.383107 -0.415863 -0.371482 -0.488917 
2.35 -5.99173 0.518332 12 -0.48888 -0.371405 -0.415782 -0.382965 -0.422895 -0.298443 -0.474653 -0.281681 -0.474653 -0.298444 -0.422895 -0.382965 -0.415782 -0.371402 -0.488886 
2.36 -5.99173 0.523115 12 -0.488848 -0.371325 -0.415699 -0.382823 -0.422676 -0.298601 -0.474073 -0.283634 -0.474073 -0.298603 -0.422676 -0.382823 -0.415699 -0.371322 -0.488854 
2.37 -5.99173 0.527896 12 -0.488815 -0.371247 -0.415614 -0.382681 -0.422454 -0.298767 -0.473497 -0.285573 -0.473497 -0.298769 -0.422454 -0.382681 -0.415614 -0.371244 -0.488821 
2.38 -5.99173 0.532671 12 -0.488783 -0.371169 -0.415527 -0.382539 -0.42223 -0.298941 -0.472924 -0.287496 -0.472925 -0.298943 -0.42223 -0.38254 -0.415527 -0.371166 -0.488789 
2.39 -5.99173 0.537442 12 -0.48875 -0.371093 -0.415438 -0.382398 -0.422003 -0.299122 -0.472356 -0.289403 -0.472356 -0.299123 -0.422003 -0.382398 -0.415439 -0.37109 -0.488756 
2.4 -5.99173 0.542207 12 -0.488717 -0.371017 -0.415348 -0.382256 -0.421775 -0.29931 -0.471792 -0.291295 -0.471792 -0.299311 -0.421774 -0.382257 -0.415348 -0.371015 -0.488723 
2.41 -5.99173 0.546966 12 -0.488684 -0.370943 -0.415255 -0.382115 -0.421543 -0.299505 -0.471231 -0.293171 -0.471231 -0.299507 -0.421543 -0.382115 -0.415255 -0.37094 -0.48869 
2.42 -5.99173 0.551717 12 -0.48865 -0.37087 -0.41516 -0.381974 -0.42131 -0.299707 -0.470675 -0.295032 -0.470675 -0.299709 -0.42131 -0.381974 -0.415161 -0.370867 -0.488656 
2.43 -5.99173 0.556461 12 -0.488616 -0.370798 -0.415063 -0.381833 -0.421074 -0.299917 -0.470122 -0.296876 -0.470123 -0.299918 -0.421074 -0.381833 -0.415064 -0.370795 -0.488622 
2.44 -5.99173 0.561197 12 -0.488582 -0.370727 -0.414965 -0.381692 -0.420836 -0.300133 -0.469574 -0.298704 -0.469575 -0.300135 -0.420836 -0.381692 -0.414965 -0.370725 -0.488588 
2.45 -5.99173 0.565924 12 -0.488547 -0.370658 -0.414864 -0.381551 -0.420596 -0.300357 -0.46903 -0.300516 -0.469031 -0.300359 -0.420596 -0.381551 -0.414864 -0.370655 -0.488553 
2.46 -5.99173 0.570642 12 -0.488512 -0.37059 -0.414761 -0.381411 -0.420354 -0.300588 -0.468491 -0.302311 -0.468491 -0.30059 -0.420354 -0.381411 -0.414761 -0.370587 -0.488518 
2.47 -5.99173 0.57535 12 -0.488477 -0.370523 -0.414656 -0.38127 -0.42011 -0.300826 -0.467955 -0.30409 -0.467956 -0.300827 -0.42011 -0.381271 -0.414656 -0.370521 -0.488483 
2.48 -5.99173 0.580047 12 -0.488441 -0.370458 -0.414549 -0.38113 -0.419864 -0.30107 -0.467424 -0.305853 -0.467424 -0.301072 -0.419864 -0.381131 -0.414549 -0.370455 -0.488447 
2.49 -5.99173 0.584733 12 -0.488404 -0.370394 -0.41444 -0.380991 -0.419615 -0.301322 -0.466897 -0.307599 -0.466898 -0.301324 -0.419615 -0.380991 -0.41444 -0.370391 -0.48841 
2.5 -5.99173 0.589407 12 -0.488367 -0.370331 -0.414328 -0.380851 -0.419365 -0.301581 -0.466375 -0.309328 -0.466375 -0.301582 -0.419365 -0.380851 -0.414329 -0.370328 -0.488373 
2.51 -5.99173 0.594069 12 -0.488329 -0.370269 -0.414215 -0.380712 -0.419113 -0.301846 -0.465857 -0.31104 -0.465858 -0.301848 -0.419113 -0.380712 -0.414215 -0.370267 -0.488335 
2.52 -5.99173 0.598718 12 -0.488291 -0.37021 -0.414099 -0.380573 -0.418859 -0.302118 -0.465344 -0.312736 -0.465344 -0.30212 -0.418859 -0.380573 -0.414099 -0.370207 -0.488297 
2.53 -5.99173 0.603353 12 -0.488253 -0.370151 -0.413981 -0.380434 -0.418604 -0.302397 -0.464835 -0.314414 -0.464835 -0.302399 -0.418604 -0.380434 -0.413982 -0.370149 -0.488259 
2.54 -5.99173 0.607975 12 -0.488213 -0.370094 -0.413861 -0.380296 -0.418346 -0.302683 -0.46433 -0.316076 -0.464331 -0.302684 -0.418346 -0.380296 -0.413862 -0.370092 -0.488219 
2.55 -5.99173 0.612583 12 -0.488173 -0.370039 -0.413739 -0.380158 -0.418087 -0.302975 -0.463831 -0.31772 -0.463831 -0.302976 -0.418087 -0.380158 -0.413739 -0.370036 -0.488179 
2.56 -5.99173 0.617175 12 -0.488133 -0.369985 -0.413615 -0.38002 -0.417827 -0.303274 -0.463336 -0.319348 -0.463336 -0.303275 -0.417827 -0.38002 -0.413615 -0.369982 -0.488139 
2.57 -5.99173 0.621753 12 -0.488092 -0.369932 -0.413488 -0.379883 -0.417564 -0.303579 -0.462845 -0.320958 -0.462846 -0.30358 -0.417565 -0.379883 -0.413489 -0.36993 -0.488098 
2.58 -5.99173 0.626314 12 -0.48805 -0.369881 -0.413359 -0.379746 -0.417301 -0.30389 -0.462359 -0.322551 -0.46236 -0.303892 -0.417301 -0.379746 -0.41336 -0.369879 -0.488056 
2.59 -5.99173 0.630859 12 -0.488007 -0.369832 -0.413228 -0.379609 -0.417035 -0.304209 -0.461878 -0.324126 -0.461879 -0.30421 -0.417036 -0.379609 -0.413229 -0.36983 -0.488013 
2.6 -5.99173 0.635387 12 -0.487964 -0.369784 -0.413095 -0.379473 -0.416769 -0.304533 -0.461402 -0.325684 -0.461402 -0.304535 -0.416769 -0.379473 -0.413095 -0.369782 -0.48797 
2.61 -5.99173 0.639898 12 -0.48792 -0.369738 -0.41296 -0.379337 -0.416501 -0.304864 -0.46093 -0.327225 -0.46093 -0.304865 -0.416501 -0.379337 -0.41296 -0.369736 -0.487926 
2.62 -5.99173 0.644391 13 -0.487875 -0.369694 -0.412822 -0.379202 -0.416232 -0.305201 -0.460463 -0.328749 -0.460463 -0.305202 -0.416232 -0.379202 -0.412822 -0.369692 -0.487881 
2.63 -5.99173 0.648867 13 -0.48783 -0.369651 -0.412682 -0.379067 -0.415961 -0.305544 -0.460001 -0.330255 -0.460001 -0.305545 -0.415961 -0.379067 -0.412682 -0.369649 -0.487836 
2.64 -5.99173 0.653323 13 -0.487784 -0.36961 -0.41254 -0.378932 -0.415689 -0.305893 -0.459543 -0.331743 -0.459544 -0.305894 -0.415689 -0.378933 -0.41254 -0.369608 -0.487789 
2.65 -5.99173 0.657761 13 -0.487736 -0.36957 -0.412395 -0.378798 -0.415416 -0.306248 -0.45909 -0.333214 -0.459091 -0.306249 -0.415416 -0.378799 -0.412395 -0.369568 -0.487742 
2.66 -5.99173 0.66218 13 -0.487689 -0.369533 -0.412248 -0.378665 -0.415142 -0.306609 -0.458643 -0.334668 -0.458643 -0.30661 -0.415143 -0.378665 -0.412249 -0.369531 -0.487694 
2.67 -5.99173 0.666579 13 -0.48764 -0.369497 -0.412099 -0.378532 -0.414867 -0.306976 -0.4582 -0.336104 -0.4582 -0.306977 -0.414868 -0.378532 -0.4121 -0.369494 -0.487646 
2.68 -5.99173 0.670957 13 -0.48759 -0.369462 -0.411948 -0.378399 -0.414592 -0.307348 -0.457761 -0.337522 -0.457762 -0.30735 -0.414592 -0.3784 -0.411948 -0.36946 -0.487596 
2.69 -5.99173 0.675316 13 -0.48754 -0.369429 -0.411794 -0.378267 -0.414315 -0.307727 -0.457328 -0.338923 -0.457329 -0.307728 -0.414315 -0.378267 -0.411795 -0.369427 -0.487546 
2.7 -5.99173 0.679653 13 -0.487489 -0.369398 -0.411638 -0.378136 -0.414037 -0.308111 -0.456899 -0.340306 -0.4569 -0.308113 -0.414037 -0.378136 -0.411639 -0.369396 -0.487494 
2.71 -5.99173 0.68397 13 -0.487437 -0.369369 -0.41148 -0.378005 -0.413759 -0.308501 -0.456476 -0.341672 -0.456476 -0.308502 -0.413759 -0.378005 -0.411481 -0.369367 -0.487442 
2.72 -5.99173 0.688265 14 -0.487383 -0.369342 -0.41132 -0.377874 -0.41348 -0.308896 -0.456057 -0.34302 -0.456057 -0.308898 -0.41348 -0.377875 -0.41132 -0.36934 -0.487389 
2.73 -5.99173 0.692539 14 -0.48733 -0.369316 -0.411157 -0.377744 -0.4132 -0.309297 -0.455643 -0.344351 -0.455643 -0.309298 -0.4132 -0.377745 -0.411158 -0.369314 -0.487335 
2.74 -5.99173 0.696791 14 -0.487275 -0.369292 -0.410992 -0.377615 -0.41292 -0.309703 -0.455234 -0.345664 -0.455234 -0.309704 -0.41292 -0.377615 -0.410993 -0.36929 -0.48728 
2.75 -5.99173 0.70102 14 -0.487219 -0.36927 -0.410825 -0.377486 -0.412639 -0.310114 -0.45483 -0.34696 -0.45483 -0.310116 -0.412639 -0.377487 -0.410825 -0.369268 -0.487224 
2.76 -5.99173 0.705227 14 -0.487162 -0.369249 -0.410655 -0.377358 -0.412357 -0.310531 -0.45443 -0.348239 -0.454431 -0.310532 -0.412357 -0.377358 -0.410656 -0.369247 -0.487168 
2.77 -5.99173 0.709411 14 -0.487104 -0.36923 -0.410484 -0.377231 -0.412076 -0.310952 -0.454035 -0.349499 -0.454036 -0.310954 -0.412076 -0.377231 -0.410484 -0.369228 -0.48711 
2.78 -5.99173 0.713572 14 -0.487045 -0.369213 -0.41031 -0.377104 -0.411794 -0.311379 -0.453646 -0.350743 -0.453646 -0.311381 -0.411794 -0.377104 -0.41031 -0.369211 -0.487051 
2.79 -5.99173 0.71771 15 -0.486986 -0.369198 -0.410133 -0.376977 -0.411511 -0.311811 -0.453261 -0.351969 -0.453261 -0.311812 -0.411511 -0.376978 -0.410134 -0.369196 -0.486991 
2.8 -5.99173 0.721824 15 -0.486925 -0.369185 -0.409955 -0.376852 -0.411229 -0.312248 -0.452881 -0.353178 -0.452881 -0.312249 -0.411229 -0.376852 -0.409955 -0.369183 -0.48693 
2.81 -5.99173 0.725915 15 -0.486863 -0.369173 -0.409774 -0.376727 -0.410946 -0.312689 -0.452505 -0.354369 -0.452506 -0.31269 -0.410946 -0.376727 -0.409775 -0.369171 -0.486869 
