time energy SvN maxBondDim localEnergy 
0 -6.91174 0.592307 37 -0.654357 -0.293102 -0.568737 -0.334223 -0.544405 -0.348861 -0.535766 -0.352834 -0.535766 -0.348861 -0.544405 -0.334223 -0.568737 -0.293102 -0.654357 
0 -5.93696 0.0847783 12 -0.492277 -0.376621 -0.416675 -0.39566 -0.427014 -0.336607 -0.555358 0.063468 -0.555358 -0.336607 -0.427014 -0.39566 -0.416675 -0.376621 -0.492277 
0.01 -5.93696 0.0847782 12 -0.492277 -0.376621 -0.416675 -0.39566 -0.427014 -0.336607 -0.555358 0.0634679 -0.555358 -0.336607 -0.427014 -0.39566 -0.416675 -0.376621 -0.492277 
0.02 -5.93696 0.0847782 12 -0.492277 -0.376621 -0.416675 -0.39566 -0.427014 -0.336607 -0.555358 0.0634678 -0.555358 -0.336607 -0.427014 -0.39566 -0.416675 -0.376621 -0.492277 
0.03 -5.93696 0.0847782 12 -0.492277 -0.376621 -0.416675 -0.39566 -0.427014 -0.336607 -0.555358 0.0634675 -0.555358 -0.336607 -0.427014 -0.39566 -0.416675 -0.376621 -0.492277 
0.04 -5.93696 0.0847782 12 -0.492277 -0.376621 -0.416675 -0.39566 -0.427014 -0.336607 -0.555359 0.0634669 -0.555359 -0.336607 -0.427014 -0.39566 -0.416675 -0.376621 -0.492277 
0.05 -5.93696 0.0847783 12 -0.492277 -0.376621 -0.416675 -0.39566 -0.427014 -0.336606 -0.55536 0.0634659 -0.55536 -0.336606 -0.427014 -0.39566 -0.416675 -0.376621 -0.492277 
0.06 -5.93696 0.0847783 12 -0.492277 -0.376621 -0.416675 -0.39566 -0.427014 -0.336605 -0.555362 0.0634644 -0.555362 -0.336605 -0.427014 -0.39566 -0.416675 -0.376621 -0.492277 
0.07 -5.93697 0.0847783 12 -0.492277 -0.376621 -0.416675 -0.39566 -0.427014 -0.336604 -0.555364 0.0634621 -0.555364 -0.336604 -0.427014 -0.39566 -0.416675 -0.376621 -0.492277 
0.08 -5.93697 0.0847783 12 -0.492277 -0.376621 -0.416675 -0.39566 -0.427014 -0.336603 -0.555367 0.063459 -0.555367 -0.336603 -0.427014 -0.39566 -0.416675 -0.376621 -0.492277 
0.09 -5.93698 0.0847783 12 -0.492277 -0.376621 -0.416675 -0.39566 -0.427014 -0.3366 -0.555372 0.0634547 -0.555372 -0.3366 -0.427014 -0.39566 -0.416675 -0.376621 -0.492277 
0.1 -5.93699 0.0847783 12 -0.492277 -0.376621 -0.416675 -0.39566 -0.427014 -0.336597 -0.555378 0.0634489 -0.555378 -0.336597 -0.427014 -0.39566 -0.416675 -0.376621 -0.492277 
0.11 -5.93701 0.0847784 12 -0.492277 -0.376621 -0.416675 -0.39566 -0.427014 -0.336593 -0.555385 0.0634414 -0.555385 -0.336593 -0.427014 -0.39566 -0.416675 -0.376621 -0.492277 
0.12 -5.93703 0.0847784 12 -0.492277 -0.376621 -0.416675 -0.39566 -0.427014 -0.336588 -0.555395 0.0634317 -0.555395 -0.336588 -0.427014 -0.39566 -0.416675 -0.376621 -0.492277 
0.13 -5.93705 0.0847785 12 -0.492277 -0.376621 -0.416675 -0.39566 -0.427014 -0.336581 -0.555407 0.0634194 -0.555407 -0.336581 -0.427014 -0.39566 -0.416675 -0.376621 -0.492277 
0.14 -5.93708 0.0847786 12 -0.492276 -0.376621 -0.416675 -0.39566 -0.427014 -0.336573 -0.555422 0.063404 -0.555422 -0.336573 -0.427014 -0.39566 -0.416675 -0.376621 -0.492277 
0.15 -5.93711 0.0847787 12 -0.492276 -0.376621 -0.416675 -0.39566 -0.427014 -0.336562 -0.55544 0.063385 -0.55544 -0.336562 -0.427014 -0.39566 -0.416675 -0.376621 -0.492277 
0.16 -5.93715 0.0847789 12 -0.492276 -0.376621 -0.416675 -0.39566 -0.427014 -0.33655 -0.555461 0.0633617 -0.555461 -0.33655 -0.427014 -0.39566 -0.416675 -0.376621 -0.492277 
0.17 -5.9372 0.0847792 12 -0.492276 -0.376621 -0.416675 -0.39566 -0.427014 -0.336534 -0.555487 0.0633334 -0.555487 -0.336534 -0.427014 -0.39566 -0.416675 -0.376621 -0.492277 
0.18 -5.93726 0.0847795 12 -0.492276 -0.376621 -0.416675 -0.39566 -0.427014 -0.336516 -0.555517 0.0632995 -0.555516 -0.336516 -0.427014 -0.39566 -0.416675 -0.376621 -0.492277 
0.19 -5.93732 0.0847799 12 -0.492276 -0.376621 -0.416675 -0.39566 -0.427014 -0.336494 -0.555551 0.0632591 -0.555551 -0.336494 -0.427014 -0.39566 -0.416675 -0.376621 -0.492277 
0.2 -5.9374 0.0847805 12 -0.492276 -0.376621 -0.416675 -0.39566 -0.427014 -0.336468 -0.55559 0.0632115 -0.55559 -0.336468 -0.427014 -0.39566 -0.416675 -0.376621 -0.492277 
0.21 -5.93748 0.0847812 12 -0.492276 -0.376621 -0.416675 -0.39566 -0.427014 -0.336438 -0.555634 0.063156 -0.555634 -0.336438 -0.427014 -0.39566 -0.416675 -0.376621 -0.492277 
0.22 -5.93757 0.0847821 12 -0.492276 -0.376621 -0.416675 -0.39566 -0.427014 -0.336403 -0.555684 0.0630916 -0.555683 -0.336404 -0.427014 -0.39566 -0.416675 -0.376621 -0.492277 
0.23 -5.93768 0.0847832 12 -0.492276 -0.376621 -0.416675 -0.39566 -0.427014 -0.336363 -0.555738 0.0630178 -0.555738 -0.336364 -0.427014 -0.39566 -0.416675 -0.376621 -0.492277 
0.24 -5.93779 0.0847846 12 -0.492276 -0.376621 -0.416675 -0.39566 -0.427014 -0.336318 -0.555799 0.0629337 -0.555799 -0.336318 -0.427014 -0.39566 -0.416675 -0.376621 -0.492277 
0.25 -5.93792 0.0847863 12 -0.492276 -0.376621 -0.416675 -0.39566 -0.427014 -0.336267 -0.555865 0.0628387 -0.555865 -0.336267 -0.427014 -0.39566 -0.416675 -0.376621 -0.492277 
0.26 -5.93805 0.0847884 12 -0.492276 -0.376621 -0.416675 -0.39566 -0.427015 -0.336209 -0.555938 0.0627322 -0.555937 -0.336209 -0.427015 -0.39566 -0.416675 -0.376621 -0.492277 
0.27 -5.9382 0.084791 12 -0.492276 -0.376621 -0.416675 -0.39566 -0.427015 -0.336145 -0.556016 0.0626135 -0.556016 -0.336145 -0.427015 -0.39566 -0.416675 -0.376621 -0.492277 
0.28 -5.93836 0.0847941 12 -0.492276 -0.376621 -0.416675 -0.39566 -0.427015 -0.336074 -0.556101 0.0624823 -0.5561 -0.336074 -0.427015 -0.39566 -0.416675 -0.376621 -0.492277 
0.29 -5.93853 0.0847977 12 -0.492276 -0.376621 -0.416675 -0.395659 -0.427015 -0.335996 -0.556191 0.062338 -0.556191 -0.335996 -0.427015 -0.395659 -0.416675 -0.376621 -0.492277 
0.3 -5.93871 0.0848021 12 -0.492276 -0.376621 -0.416675 -0.395659 -0.427015 -0.335911 -0.556289 0.0621802 -0.556288 -0.335911 -0.427015 -0.395659 -0.416675 -0.376621 -0.492277 
0.31 -5.93891 0.0848073 12 -0.492276 -0.376621 -0.416675 -0.395659 -0.427016 -0.335819 -0.556392 0.0620087 -0.556392 -0.335819 -0.427016 -0.395659 -0.416675 -0.376621 -0.492277 
0.32 -5.93911 0.0848134 12 -0.492276 -0.376621 -0.416675 -0.395659 -0.427016 -0.335719 -0.556503 0.061823 -0.556502 -0.335719 -0.427016 -0.395659 -0.416675 -0.376621 -0.492277 
0.33 -5.93933 0.0848205 12 -0.492276 -0.376621 -0.416675 -0.395659 -0.427017 -0.335611 -0.55662 0.0616231 -0.556619 -0.335611 -0.427017 -0.395659 -0.416675 -0.376621 -0.492277 
0.34 -5.93957 0.0848287 12 -0.492276 -0.376621 -0.416675 -0.395659 -0.427017 -0.335496 -0.556744 0.0614085 -0.556743 -0.335496 -0.427017 -0.395659 -0.416675 -0.376621 -0.492277 
0.35 -5.93981 0.0848382 12 -0.492276 -0.376621 -0.416675 -0.395658 -0.427018 -0.335373 -0.556874 0.0611792 -0.556874 -0.335373 -0.427018 -0.395658 -0.416675 -0.376621 -0.492277 
0.36 -5.94007 0.0848492 12 -0.492276 -0.376621 -0.416675 -0.395658 -0.427018 -0.335242 -0.557012 0.0609349 -0.557012 -0.335242 -0.427018 -0.395658 -0.416675 -0.376621 -0.492277 
0.37 -5.94034 0.0848617 12 -0.492276 -0.376621 -0.416675 -0.395658 -0.427019 -0.335104 -0.557156 0.0606756 -0.557156 -0.335104 -0.427019 -0.395658 -0.416675 -0.376621 -0.492277 
0.38 -5.94063 0.0848759 12 -0.492276 -0.376621 -0.416675 -0.395657 -0.42702 -0.334957 -0.557307 0.0604009 -0.557307 -0.334958 -0.42702 -0.395657 -0.416675 -0.376621 -0.492277 
0.39 -5.94092 0.0848921 12 -0.492276 -0.376621 -0.416675 -0.395657 -0.42702 -0.334803 -0.557465 0.0601108 -0.557465 -0.334803 -0.42702 -0.395657 -0.416675 -0.376621 -0.492277 
0.4 -5.94123 0.0849103 12 -0.492276 -0.376621 -0.416675 -0.395656 -0.427021 -0.334641 -0.557629 0.0598052 -0.557629 -0.334642 -0.427021 -0.395656 -0.416675 -0.376621 -0.492277 
0.41 -5.94156 0.0849308 12 -0.492276 -0.376621 -0.416675 -0.395656 -0.427022 -0.334472 -0.557799 0.0594838 -0.557798 -0.334472 -0.427022 -0.395656 -0.416675 -0.37662 -0.492277 
0.42 -5.94189 0.0849538 12 -0.492276 -0.376621 -0.416675 -0.395655 -0.427023 -0.334294 -0.557974 0.0591465 -0.557974 -0.334295 -0.427023 -0.395655 -0.416675 -0.37662 -0.492277 
0.43 -5.94224 0.0849794 12 -0.492276 -0.376621 -0.416675 -0.395655 -0.427023 -0.33411 -0.558155 0.058793 -0.558155 -0.33411 -0.427023 -0.395655 -0.416675 -0.37662 -0.492277 
0.44 -5.94259 0.085008 12 -0.492276 -0.376621 -0.416675 -0.395654 -0.427024 -0.333917 -0.558341 0.0584233 -0.55834 -0.333918 -0.427024 -0.395654 -0.416675 -0.37662 -0.492277 
0.45 -5.94296 0.0850396 12 -0.492276 -0.376621 -0.416675 -0.395653 -0.427024 -0.333718 -0.55853 0.0580369 -0.558529 -0.333718 -0.427024 -0.395653 -0.416675 -0.37662 -0.492277 
0.46 -5.94333 0.0850746 12 -0.492276 -0.376621 -0.416675 -0.395652 -0.427025 -0.333511 -0.558722 0.0576337 -0.558722 -0.333512 -0.427025 -0.395652 -0.416675 -0.37662 -0.492277 
0.47 -5.94371 0.0851132 12 -0.492276 -0.376621 -0.416675 -0.395651 -0.427025 -0.333298 -0.558916 0.0572132 -0.558916 -0.333298 -0.427025 -0.395651 -0.416675 -0.37662 -0.492277 
0.48 -5.94409 0.0851557 12 -0.492276 -0.376621 -0.416675 -0.39565 -0.427024 -0.333077 -0.559111 0.0567752 -0.559111 -0.333078 -0.427024 -0.39565 -0.416675 -0.37662 -0.492277 
0.49 -5.94448 0.0852022 12 -0.492276 -0.376621 -0.416675 -0.395649 -0.427024 -0.33285 -0.559306 0.0563191 -0.559305 -0.332851 -0.427024 -0.395649 -0.416675 -0.37662 -0.492277 
0.5 -5.94487 0.0852531 12 -0.492276 -0.376621 -0.416675 -0.395648 -0.427022 -0.332617 -0.559498 0.0558445 -0.559498 -0.332617 -0.427022 -0.395648 -0.416675 -0.37662 -0.492277 
0.51 -5.94526 0.0853087 12 -0.492276 -0.376621 -0.416675 -0.395646 -0.42702 -0.332378 -0.559688 0.0553509 -0.559687 -0.332378 -0.42702 -0.395646 -0.416675 -0.37662 -0.492277 
0.52 -5.94564 0.0853693 12 -0.492276 -0.376621 -0.416675 -0.395645 -0.427018 -0.332132 -0.559872 0.0548376 -0.559871 -0.332133 -0.427018 -0.395645 -0.416675 -0.37662 -0.492277 
0.53 -5.94601 0.0854351 12 -0.492275 -0.376621 -0.416675 -0.395643 -0.427014 -0.331881 -0.560049 0.054304 -0.560048 -0.331882 -0.427014 -0.395643 -0.416675 -0.37662 -0.492277 
0.54 -5.94638 0.0855065 12 -0.492275 -0.376621 -0.416675 -0.395641 -0.427009 -0.331625 -0.560218 0.0537495 -0.560217 -0.331626 -0.427009 -0.395641 -0.416675 -0.37662 -0.492277 
0.55 -5.94673 0.0855838 12 -0.492275 -0.376621 -0.416675 -0.395639 -0.427003 -0.331363 -0.560376 0.0531733 -0.560376 -0.331364 -0.427003 -0.395639 -0.416675 -0.37662 -0.492277 
0.56 -5.94707 0.0856674 12 -0.492275 -0.376621 -0.416675 -0.395637 -0.426995 -0.331097 -0.560524 0.0525747 -0.560524 -0.331097 -0.426995 -0.395637 -0.416675 -0.37662 -0.492277 
0.57 -5.9474 0.0857577 12 -0.492275 -0.376621 -0.416675 -0.395635 -0.426986 -0.330825 -0.560659 0.0519531 -0.560659 -0.330826 -0.426985 -0.395635 -0.416675 -0.37662 -0.492277 
0.58 -5.94771 0.0858549 12 -0.492275 -0.376621 -0.416675 -0.395632 -0.426974 -0.330549 -0.560782 0.0513076 -0.560781 -0.33055 -0.426974 -0.395632 -0.416675 -0.37662 -0.492277 
0.59 -5.948 0.0859595 12 -0.492275 -0.376621 -0.416675 -0.395629 -0.426961 -0.330268 -0.56089 0.0506378 -0.56089 -0.330269 -0.426961 -0.395629 -0.416675 -0.37662 -0.492277 
0.6 -5.94828 0.0860719 12 -0.492275 -0.376621 -0.416675 -0.395627 -0.426946 -0.329983 -0.560985 0.0499429 -0.560984 -0.329983 -0.426946 -0.395627 -0.416675 -0.37662 -0.492277 
0.61 -5.94854 0.0861925 12 -0.492275 -0.376621 -0.416675 -0.395623 -0.426928 -0.329693 -0.561066 0.0492224 -0.561065 -0.329694 -0.426928 -0.395624 -0.416675 -0.37662 -0.492277 
0.62 -5.94879 0.0863218 12 -0.492275 -0.376621 -0.416675 -0.39562 -0.426908 -0.329399 -0.561133 0.0484759 -0.561133 -0.3294 -0.426908 -0.39562 -0.416675 -0.37662 -0.492277 
0.63 -5.94902 0.0864602 12 -0.492275 -0.376621 -0.416675 -0.395617 -0.426886 -0.329101 -0.561187 0.0477028 -0.561187 -0.329102 -0.426886 -0.395617 -0.416675 -0.37662 -0.492277 
0.64 -5.94924 0.0866081 12 -0.492275 -0.376621 -0.416675 -0.395613 -0.426861 -0.328798 -0.561229 0.0469029 -0.561229 -0.328799 -0.426861 -0.395613 -0.416675 -0.37662 -0.492277 
0.65 -5.94946 0.0867661 12 -0.492275 -0.376621 -0.416675 -0.395609 -0.426834 -0.328492 -0.561259 0.0460758 -0.561259 -0.328493 -0.426834 -0.395609 -0.416675 -0.37662 -0.492277 
0.66 -5.94966 0.0869347 12 -0.492275 -0.376621 -0.416675 -0.395605 -0.426804 -0.328182 -0.561278 0.0452213 -0.561277 -0.328182 -0.426804 -0.395605 -0.416675 -0.37662 -0.492277 
0.67 -5.94985 0.0871143 12 -0.492275 -0.376621 -0.416675 -0.3956 -0.426771 -0.327867 -0.561286 0.0443393 -0.561286 -0.327868 -0.426771 -0.3956 -0.416675 -0.37662 -0.492277 
0.68 -5.95004 0.0873054 12 -0.492275 -0.376621 -0.416675 -0.395595 -0.426736 -0.327549 -0.561285 0.0434295 -0.561285 -0.32755 -0.426736 -0.395595 -0.416675 -0.37662 -0.492277 
0.69 -5.95023 0.0875087 12 -0.492275 -0.376621 -0.416675 -0.39559 -0.426698 -0.327227 -0.561275 0.042492 -0.561275 -0.327228 -0.426698 -0.39559 -0.416675 -0.37662 -0.492277 
0.7 -5.95042 0.0877247 12 -0.492275 -0.376621 -0.416675 -0.395585 -0.426658 -0.326901 -0.561257 0.0415266 -0.561256 -0.326902 -0.426657 -0.395585 -0.416675 -0.37662 -0.492277 
0.71 -5.9506 0.0879539 12 -0.492275 -0.376621 -0.416675 -0.395579 -0.426615 -0.326572 -0.561231 0.0405333 -0.56123 -0.326573 -0.426615 -0.395579 -0.416675 -0.37662 -0.492277 
0.72 -5.95079 0.0881969 12 -0.492275 -0.376621 -0.416675 -0.395573 -0.426569 -0.326238 -0.561198 0.0395123 -0.561197 -0.326239 -0.426569 -0.395573 -0.416675 -0.37662 -0.492277 
0.73 -5.95097 0.0884543 12 -0.492275 -0.376621 -0.416675 -0.395566 -0.426522 -0.325901 -0.561158 0.0384635 -0.561158 -0.325902 -0.426522 -0.395566 -0.416675 -0.37662 -0.492277 
0.74 -5.95116 0.0887268 12 -0.492275 -0.376621 -0.416675 -0.395559 -0.426472 -0.32556 -0.561112 0.0373871 -0.561112 -0.325561 -0.426472 -0.395559 -0.416675 -0.37662 -0.492277 
0.75 -5.95135 0.0890148 12 -0.492275 -0.376621 -0.416674 -0.395551 -0.42642 -0.325215 -0.56106 0.036283 -0.56106 -0.325216 -0.42642 -0.395552 -0.416675 -0.37662 -0.492277 
0.76 -5.95155 0.0893191 12 -0.492275 -0.376621 -0.416674 -0.395543 -0.426366 -0.324866 -0.561003 0.0351515 -0.561003 -0.324867 -0.426366 -0.395543 -0.416674 -0.37662 -0.492277 
0.77 -5.95175 0.0896402 12 -0.492274 -0.376621 -0.416674 -0.395535 -0.42631 -0.324513 -0.560941 0.0339927 -0.56094 -0.324514 -0.42631 -0.395535 -0.416674 -0.37662 -0.492277 
0.78 -5.95195 0.0899789 12 -0.492274 -0.376621 -0.416674 -0.395525 -0.426253 -0.324155 -0.560873 0.0328067 -0.560873 -0.324156 -0.426253 -0.395525 -0.416674 -0.37662 -0.492277 
0.79 -5.95216 0.0903357 12 -0.492274 -0.376621 -0.416674 -0.395515 -0.426194 -0.323793 -0.560801 0.0315936 -0.560801 -0.323794 -0.426194 -0.395515 -0.416674 -0.376619 -0.492277 
0.8 -5.95237 0.0907112 12 -0.492274 -0.376621 -0.416674 -0.395504 -0.426135 -0.323427 -0.560724 0.0303537 -0.560724 -0.323428 -0.426134 -0.395505 -0.416674 -0.376619 -0.492277 
0.81 -5.95258 0.0911063 12 -0.492274 -0.376621 -0.416674 -0.395493 -0.426074 -0.323055 -0.560643 0.029087 -0.560643 -0.323056 -0.426074 -0.395493 -0.416674 -0.376619 -0.492277 
0.82 -5.9528 0.0915214 12 -0.492274 -0.376621 -0.416673 -0.39548 -0.426013 -0.322679 -0.560558 0.0277939 -0.560557 -0.32268 -0.426012 -0.39548 -0.416674 -0.376619 -0.492277 
0.83 -5.95303 0.0919573 12 -0.492274 -0.376621 -0.416673 -0.395466 -0.425951 -0.322297 -0.560468 0.0264745 -0.560467 -0.322298 -0.425951 -0.395466 -0.416673 -0.376619 -0.492277 
0.84 -5.95325 0.0924147 12 -0.492274 -0.376621 -0.416673 -0.39545 -0.42589 -0.321909 -0.560373 0.025129 -0.560373 -0.32191 -0.425889 -0.395451 -0.416673 -0.376619 -0.492277 
0.85 -5.95348 0.0928941 12 -0.492274 -0.376621 -0.416673 -0.395434 -0.425828 -0.321515 -0.560275 0.0237575 -0.560274 -0.321516 -0.425828 -0.395434 -0.416673 -0.376619 -0.492277 
0.86 -5.95372 0.0933964 12 -0.492274 -0.37662 -0.416672 -0.395415 -0.425768 -0.321115 -0.560172 0.0223604 -0.560171 -0.321116 -0.425768 -0.395415 -0.416672 -0.376619 -0.492277 
0.87 -5.95395 0.0939221 12 -0.492274 -0.37662 -0.416672 -0.395395 -0.425709 -0.320708 -0.560064 0.0209377 -0.560064 -0.320709 -0.425709 -0.395395 -0.416672 -0.376619 -0.492277 
0.88 -5.95418 0.094472 12 -0.492274 -0.37662 -0.416672 -0.395372 -0.425652 -0.320293 -0.559952 0.0194898 -0.559952 -0.320294 -0.425651 -0.395372 -0.416672 -0.376619 -0.492277 
0.89 -5.95442 0.0950467 12 -0.492274 -0.37662 -0.416671 -0.395347 -0.425596 -0.319871 -0.559835 0.0180169 -0.559835 -0.319872 -0.425596 -0.395347 -0.416671 -0.376619 -0.492278 
0.9 -5.95465 0.0956469 12 -0.492274 -0.37662 -0.416671 -0.395319 -0.425543 -0.319441 -0.559714 0.0165192 -0.559713 -0.319442 -0.425543 -0.39532 -0.416671 -0.376618 -0.492278 
0.91 -5.95488 0.0962733 12 -0.492274 -0.37662 -0.41667 -0.395289 -0.425493 -0.319003 -0.559587 0.014997 -0.559587 -0.319004 -0.425493 -0.395289 -0.41667 -0.376618 -0.492278 
0.92 -5.95511 0.0969265 12 -0.492274 -0.37662 -0.41667 -0.395255 -0.425446 -0.318557 -0.559455 0.0134504 -0.559455 -0.318558 -0.425446 -0.395255 -0.41667 -0.376618 -0.492278 
0.93 -5.95533 0.0976072 12 -0.492274 -0.37662 -0.416669 -0.395218 -0.425403 -0.318103 -0.559318 0.0118798 -0.559318 -0.318104 -0.425403 -0.395218 -0.416669 -0.376618 -0.492278 
0.94 -5.95555 0.0983161 12 -0.492274 -0.37662 -0.416669 -0.395176 -0.425363 -0.317641 -0.559175 0.0102853 -0.559175 -0.317643 -0.425363 -0.395177 -0.416669 -0.376618 -0.492278 
0.95 -5.95577 0.0990538 12 -0.492274 -0.37662 -0.416668 -0.395131 -0.425328 -0.317172 -0.559026 0.00866729 -0.559026 -0.317173 -0.425328 -0.395131 -0.416668 -0.376618 -0.492278 
0.96 -5.95599 0.0998209 12 -0.492274 -0.376619 -0.416667 -0.395082 -0.425297 -0.316696 -0.558872 0.00702597 -0.558871 -0.316697 -0.425297 -0.395082 -0.416667 -0.376618 -0.492278 
0.97 -5.9562 0.100618 12 -0.492274 -0.376619 -0.416667 -0.395028 -0.425271 -0.316212 -0.558711 0.00536159 -0.558711 -0.316213 -0.425271 -0.395028 -0.416667 -0.376617 -0.492278 
0.98 -5.95642 0.101446 12 -0.492274 -0.376619 -0.416666 -0.394969 -0.42525 -0.315723 -0.558544 0.00367444 -0.558544 -0.315724 -0.42525 -0.394969 -0.416666 -0.376617 -0.492278 
0.99 -5.95663 0.102306 12 -0.492273 -0.376619 -0.416665 -0.394905 -0.425235 -0.315228 -0.558371 0.00196479 -0.55837 -0.315229 -0.425234 -0.394906 -0.416665 -0.376617 -0.492278 
1 -5.95684 0.103197 12 -0.492273 -0.376619 -0.416664 -0.394837 -0.425225 -0.314728 -0.558191 0.000232893 -0.558191 -0.314729 -0.425225 -0.394837 -0.416664 -0.376617 -0.492278 
1.01 -5.95706 0.104121 12 -0.492273 -0.376618 -0.416663 -0.394763 -0.425221 -0.314223 -0.558005 -0.00152096 -0.558005 -0.314224 -0.425221 -0.394763 -0.416663 -0.376616 -0.492278 
1.02 -5.95728 0.105078 12 -0.492273 -0.376618 -0.416662 -0.394684 -0.425224 -0.313715 -0.557812 -0.00329649 -0.557812 -0.313716 -0.425223 -0.394684 -0.416662 -0.376616 -0.492278 
1.03 -5.9575 0.106069 12 -0.492273 -0.376618 -0.416661 -0.394599 -0.425232 -0.313203 -0.557613 -0.00509342 -0.557613 -0.313204 -0.425232 -0.394599 -0.416661 -0.376616 -0.492278 
1.04 -5.95772 0.107095 12 -0.492273 -0.376618 -0.41666 -0.394509 -0.425248 -0.312689 -0.557407 -0.00691145 -0.557407 -0.31269 -0.425247 -0.39451 -0.41666 -0.376616 -0.492278 
1.05 -5.95795 0.108155 12 -0.492273 -0.376617 -0.416659 -0.394414 -0.42527 -0.312172 -0.557194 -0.00875031 -0.557194 -0.312173 -0.425269 -0.394414 -0.416659 -0.376615 -0.492278 
1.06 -5.95819 0.109251 12 -0.492273 -0.376617 -0.416658 -0.394313 -0.425299 -0.311653 -0.556976 -0.0106097 -0.556975 -0.311654 -0.425298 -0.394313 -0.416658 -0.376615 -0.492278 
1.07 -5.95843 0.110383 12 -0.492273 -0.376616 -0.416656 -0.394207 -0.425335 -0.311132 -0.55675 -0.0124893 -0.55675 -0.311133 -0.425334 -0.394207 -0.416657 -0.376614 -0.492278 
1.08 -5.95868 0.111552 12 -0.492273 -0.376616 -0.416655 -0.394095 -0.425377 -0.31061 -0.556518 -0.0143889 -0.556518 -0.310611 -0.425377 -0.394095 -0.416655 -0.376614 -0.492278 
1.09 -5.95894 0.112757 12 -0.492273 -0.376616 -0.416653 -0.393978 -0.425427 -0.310087 -0.55628 -0.0163081 -0.55628 -0.310088 -0.425427 -0.393978 -0.416654 -0.376613 -0.492278 
1.1 -5.95921 0.114 12 -0.492273 -0.376615 -0.416652 -0.393855 -0.425484 -0.309563 -0.556035 -0.0182466 -0.556035 -0.309565 -0.425483 -0.393855 -0.416652 -0.376613 -0.492278 
1.11 -5.95948 0.115282 12 -0.492273 -0.376615 -0.41665 -0.393727 -0.425548 -0.309039 -0.555784 -0.0202042 -0.555784 -0.309041 -0.425547 -0.393727 -0.41665 -0.376612 -0.492278 
1.12 -5.95976 0.116601 12 -0.492273 -0.376614 -0.416648 -0.393594 -0.425618 -0.308515 -0.555527 -0.0221804 -0.555527 -0.308516 -0.425617 -0.393594 -0.416648 -0.376612 -0.492278 
1.13 -5.96005 0.11796 12 -0.492273 -0.376613 -0.416645 -0.393456 -0.425695 -0.30799 -0.555264 -0.0241751 -0.555264 -0.307991 -0.425694 -0.393456 -0.416646 -0.376611 -0.492278 
1.14 -5.96035 0.119358 12 -0.492273 -0.376613 -0.416643 -0.393312 -0.425778 -0.307465 -0.554995 -0.0261879 -0.554995 -0.307467 -0.425777 -0.393312 -0.416643 -0.37661 -0.492278 
1.15 -5.96065 0.120796 12 -0.492273 -0.376612 -0.41664 -0.393164 -0.425867 -0.306941 -0.554719 -0.0282185 -0.554719 -0.306942 -0.425866 -0.393164 -0.41664 -0.376609 -0.492278 
1.16 -5.96097 0.122275 12 -0.492273 -0.376611 -0.416636 -0.393011 -0.425962 -0.306417 -0.554438 -0.0302665 -0.554438 -0.306418 -0.425961 -0.393012 -0.416637 -0.376609 -0.492278 
1.17 -5.96128 0.123794 12 -0.492273 -0.37661 -0.416633 -0.392854 -0.426061 -0.305893 -0.554151 -0.0323317 -0.554151 -0.305894 -0.426061 -0.392854 -0.416633 -0.376608 -0.492278 
1.18 -5.96161 0.125354 12 -0.492273 -0.376609 -0.416628 -0.392693 -0.426165 -0.305369 -0.553859 -0.0344138 -0.553859 -0.30537 -0.426164 -0.392693 -0.416629 -0.376607 -0.492278 
1.19 -5.96194 0.126955 12 -0.492273 -0.376608 -0.416623 -0.392527 -0.426273 -0.304846 -0.55356 -0.0365123 -0.55356 -0.304847 -0.426272 -0.392528 -0.416623 -0.376606 -0.492278 
1.2 -5.96227 0.128598 12 -0.492272 -0.376607 -0.416617 -0.392359 -0.426383 -0.304323 -0.553256 -0.038627 -0.553257 -0.304324 -0.426383 -0.392359 -0.416617 -0.376605 -0.492278 
1.21 -5.9626 0.130283 12 -0.492272 -0.376606 -0.41661 -0.392186 -0.426496 -0.303801 -0.552947 -0.0407576 -0.552947 -0.303802 -0.426495 -0.392187 -0.41661 -0.376603 -0.492278 
1.22 -5.96293 0.13201 12 -0.492272 -0.376605 -0.416602 -0.392011 -0.426609 -0.303279 -0.552633 -0.0429037 -0.552633 -0.30328 -0.426608 -0.392012 -0.416602 -0.376602 -0.492278 
1.23 -5.96326 0.133779 12 -0.492272 -0.376603 -0.416593 -0.391834 -0.426723 -0.302758 -0.552313 -0.045065 -0.552313 -0.302759 -0.426722 -0.391834 -0.416593 -0.376601 -0.492278 
1.24 -5.96359 0.135592 12 -0.492272 -0.376602 -0.416582 -0.391654 -0.426835 -0.302237 -0.551988 -0.0472412 -0.551988 -0.302238 -0.426834 -0.391655 -0.416582 -0.376599 -0.492278 
1.25 -5.9639 0.137447 12 -0.492272 -0.3766 -0.416569 -0.391473 -0.426946 -0.301717 -0.551658 -0.049432 -0.551658 -0.301718 -0.426945 -0.391473 -0.416569 -0.376598 -0.492278 
1.26 -5.96422 0.139346 12 -0.492272 -0.376599 -0.416554 -0.39129 -0.427053 -0.301197 -0.551323 -0.0516369 -0.551324 -0.301198 -0.427052 -0.39129 -0.416554 -0.376596 -0.492278 
1.27 -5.96452 0.141288 12 -0.492272 -0.376597 -0.416537 -0.391106 -0.427157 -0.300677 -0.550984 -0.0538558 -0.550984 -0.300678 -0.427157 -0.391106 -0.416537 -0.376594 -0.492278 
1.28 -5.96481 0.143274 12 -0.492272 -0.376595 -0.416518 -0.390921 -0.427257 -0.300158 -0.550639 -0.0560882 -0.550639 -0.300159 -0.427257 -0.390921 -0.416518 -0.376592 -0.492278 
1.29 -5.9651 0.145304 12 -0.492272 -0.376593 -0.416495 -0.390736 -0.427353 -0.299639 -0.55029 -0.0583338 -0.55029 -0.299641 -0.427352 -0.390736 -0.416496 -0.37659 -0.492278 
1.3 -5.96537 0.147377 12 -0.492272 -0.376591 -0.41647 -0.390551 -0.427444 -0.299121 -0.549936 -0.0605923 -0.549937 -0.299122 -0.427443 -0.390551 -0.416471 -0.376588 -0.492278 
1.31 -5.96563 0.149494 12 -0.492272 -0.376589 -0.416442 -0.390366 -0.42753 -0.298602 -0.549578 -0.0628633 -0.549578 -0.298604 -0.427529 -0.390366 -0.416443 -0.376586 -0.492278 
1.32 -5.96587 0.151656 12 -0.492272 -0.376586 -0.416411 -0.390181 -0.427612 -0.298085 -0.549216 -0.0651465 -0.549216 -0.298086 -0.427611 -0.390181 -0.416411 -0.376583 -0.492278 
1.33 -5.96611 0.153861 12 -0.492272 -0.376584 -0.416376 -0.389997 -0.42769 -0.297567 -0.548849 -0.0674416 -0.548849 -0.297569 -0.427689 -0.389997 -0.416376 -0.376581 -0.492278 
1.34 -5.96634 0.156111 12 -0.492271 -0.376581 -0.416337 -0.389813 -0.427765 -0.29705 -0.548478 -0.0697482 -0.548478 -0.297052 -0.427764 -0.389814 -0.416338 -0.376578 -0.492277 
1.35 -5.96657 0.158405 12 -0.492271 -0.376578 -0.416295 -0.389631 -0.427837 -0.296534 -0.548102 -0.072066 -0.548103 -0.296535 -0.427836 -0.389631 -0.416295 -0.376575 -0.492277 
1.36 -5.96678 0.160743 12 -0.492271 -0.376575 -0.416248 -0.38945 -0.427906 -0.296018 -0.547723 -0.0743947 -0.547723 -0.296019 -0.427906 -0.389451 -0.416249 -0.376572 -0.492277 
1.37 -5.967 0.163126 12 -0.492271 -0.376572 -0.416198 -0.389271 -0.427975 -0.295502 -0.54734 -0.0767339 -0.54734 -0.295504 -0.427974 -0.389271 -0.416199 -0.376569 -0.492277 
1.38 -5.9672 0.165552 12 -0.492271 -0.376569 -0.416144 -0.389093 -0.428042 -0.294987 -0.546952 -0.0790832 -0.546952 -0.294989 -0.428042 -0.389093 -0.416144 -0.376566 -0.492277 
1.39 -5.96741 0.168023 12 -0.492271 -0.376565 -0.416085 -0.388916 -0.42811 -0.294473 -0.546561 -0.0814424 -0.546561 -0.294475 -0.428109 -0.388917 -0.416086 -0.376562 -0.492277 
1.4 -5.96762 0.170538 12 -0.492271 -0.376562 -0.416023 -0.388742 -0.428178 -0.29396 -0.546166 -0.0838111 -0.546166 -0.293962 -0.428177 -0.388742 -0.416024 -0.376559 -0.492277 
1.41 -5.96783 0.173097 12 -0.49227 -0.376558 -0.415957 -0.388569 -0.428247 -0.293448 -0.545768 -0.0861889 -0.545768 -0.29345 -0.428246 -0.388569 -0.415957 -0.376555 -0.492277 
1.42 -5.96804 0.175699 12 -0.49227 -0.376554 -0.415886 -0.388398 -0.428317 -0.292937 -0.545365 -0.0885756 -0.545366 -0.292938 -0.428317 -0.388398 -0.415886 -0.376551 -0.492276 
1.43 -5.96825 0.178345 12 -0.49227 -0.376549 -0.415811 -0.388229 -0.42839 -0.292427 -0.544959 -0.0909707 -0.54496 -0.292428 -0.428389 -0.388229 -0.415812 -0.376546 -0.492276 
1.44 -5.96846 0.181035 12 -0.49227 -0.376545 -0.415733 -0.388062 -0.428464 -0.291918 -0.54455 -0.093374 -0.54455 -0.29192 -0.428464 -0.388062 -0.415733 -0.376542 -0.492276 
1.45 -5.96868 0.183769 12 -0.492269 -0.37654 -0.41565 -0.387897 -0.428542 -0.291411 -0.544137 -0.095785 -0.544138 -0.291413 -0.428541 -0.387897 -0.415651 -0.376537 -0.492276 
1.46 -5.96891 0.186545 12 -0.492269 -0.376535 -0.415564 -0.387734 -0.428622 -0.290906 -0.543721 -0.0982035 -0.543722 -0.290907 -0.428621 -0.387734 -0.415565 -0.376532 -0.492275 
1.47 -5.96914 0.189365 12 -0.492269 -0.376529 -0.415474 -0.387572 -0.428705 -0.290402 -0.543302 -0.100629 -0.543302 -0.290403 -0.428704 -0.387572 -0.415475 -0.376526 -0.492275 
1.48 -5.96938 0.192227 12 -0.492268 -0.376523 -0.41538 -0.387412 -0.428791 -0.2899 -0.54288 -0.103062 -0.54288 -0.289901 -0.42879 -0.387412 -0.415381 -0.37652 -0.492275 
1.49 -5.96962 0.195132 12 -0.492268 -0.376517 -0.415283 -0.387253 -0.428881 -0.2894 -0.542454 -0.1055 -0.542454 -0.289402 -0.42888 -0.387254 -0.415284 -0.376514 -0.492274 
1.5 -5.96987 0.198079 12 -0.492267 -0.37651 -0.415183 -0.387096 -0.428973 -0.288902 -0.542025 -0.107945 -0.542026 -0.288904 -0.428972 -0.387096 -0.415184 -0.376507 -0.492274 
1.51 -5.97012 0.201068 12 -0.492267 -0.376503 -0.41508 -0.386939 -0.42907 -0.288407 -0.541594 -0.110396 -0.541594 -0.288408 -0.429069 -0.38694 -0.415081 -0.3765 -0.492273 
1.52 -5.97038 0.204099 12 -0.492266 -0.376495 -0.414974 -0.386783 -0.429169 -0.287914 -0.541159 -0.112852 -0.541159 -0.287915 -0.429168 -0.386783 -0.414974 -0.376492 -0.492273 
1.53 -5.97064 0.207171 12 -0.492266 -0.376487 -0.414865 -0.386627 -0.429272 -0.287423 -0.540722 -0.115313 -0.540722 -0.287425 -0.429272 -0.386627 -0.414866 -0.376484 -0.492272 
1.54 -5.97091 0.210284 12 -0.492265 -0.376477 -0.414754 -0.386471 -0.429379 -0.286936 -0.540281 -0.117779 -0.540282 -0.286937 -0.429378 -0.386471 -0.414755 -0.376474 -0.492272 
1.55 -5.97118 0.213438 12 -0.492264 -0.376467 -0.414641 -0.386313 -0.429488 -0.286451 -0.539838 -0.12025 -0.539839 -0.286453 -0.429488 -0.386314 -0.414642 -0.376464 -0.492271 
1.56 -5.97146 0.216632 12 -0.492263 -0.376456 -0.414527 -0.386155 -0.429601 -0.285969 -0.539393 -0.122724 -0.539393 -0.285971 -0.4296 -0.386155 -0.414528 -0.376452 -0.49227 
1.57 -5.97173 0.219866 12 -0.492263 -0.376443 -0.414411 -0.385994 -0.429717 -0.285491 -0.538944 -0.125203 -0.538945 -0.285493 -0.429716 -0.385994 -0.414412 -0.37644 -0.492269 
1.58 -5.97201 0.22314 12 -0.492262 -0.376429 -0.414294 -0.38583 -0.429835 -0.285016 -0.538494 -0.127684 -0.538494 -0.285017 -0.429834 -0.385831 -0.414295 -0.376426 -0.492268 
1.59 -5.97229 0.226452 12 -0.492261 -0.376413 -0.414177 -0.385664 -0.429956 -0.284544 -0.53804 -0.130169 -0.538041 -0.284546 -0.429956 -0.385664 -0.414178 -0.37641 -0.492267 
1.6 -5.97256 0.229804 12 -0.49226 -0.376396 -0.41406 -0.385493 -0.43008 -0.284076 -0.537585 -0.132657 -0.537585 -0.284078 -0.430079 -0.385493 -0.414061 -0.376393 -0.492266 
1.61 -5.97283 0.233193 12 -0.492258 -0.376377 -0.413943 -0.385317 -0.430205 -0.283612 -0.537127 -0.135147 -0.537127 -0.283614 -0.430204 -0.385318 -0.413944 -0.376374 -0.492265 
1.62 -5.9731 0.23662 12 -0.492257 -0.376355 -0.413826 -0.385137 -0.430333 -0.283152 -0.536667 -0.137639 -0.536667 -0.283154 -0.430332 -0.385137 -0.413827 -0.376352 -0.492264 
1.63 -5.97336 0.240085 12 -0.492256 -0.376331 -0.413711 -0.384951 -0.430461 -0.282696 -0.536204 -0.140133 -0.536205 -0.282698 -0.430461 -0.384951 -0.413712 -0.376328 -0.492263 
1.64 -5.97362 0.243586 12 -0.492254 -0.376305 -0.413597 -0.384759 -0.430592 -0.282244 -0.53574 -0.142628 -0.53574 -0.282246 -0.430591 -0.38476 -0.413597 -0.376302 -0.492261 
1.65 -5.97386 0.247124 12 -0.492253 -0.376275 -0.413484 -0.384562 -0.430723 -0.281797 -0.535273 -0.145125 -0.535274 -0.281798 -0.430722 -0.384563 -0.413485 -0.376272 -0.49226 
1.66 -5.97411 0.250697 12 -0.492251 -0.376243 -0.413373 -0.384359 -0.430855 -0.281354 -0.534804 -0.147622 -0.534805 -0.281356 -0.430854 -0.38436 -0.413374 -0.376239 -0.492258 
1.67 -5.97434 0.254306 12 -0.49225 -0.376207 -0.413265 -0.384151 -0.430987 -0.280916 -0.534334 -0.15012 -0.534334 -0.280917 -0.430986 -0.384151 -0.413266 -0.376203 -0.492256 
1.68 -5.97457 0.257949 12 -0.492248 -0.376167 -0.413159 -0.383938 -0.431119 -0.280482 -0.533861 -0.152618 -0.533862 -0.280484 -0.431118 -0.383938 -0.41316 -0.376164 -0.492255 
1.69 -5.9748 0.261626 12 -0.492246 -0.376124 -0.413056 -0.38372 -0.431252 -0.280054 -0.533387 -0.155116 -0.533387 -0.280056 -0.431251 -0.38372 -0.413057 -0.376121 -0.492253 
1.7 -5.97502 0.265337 12 -0.492244 -0.376077 -0.412957 -0.383498 -0.431384 -0.279631 -0.532911 -0.157613 -0.532911 -0.279633 -0.431383 -0.383498 -0.412957 -0.376074 -0.492251 
1.71 -5.97524 0.269081 12 -0.492242 -0.376026 -0.41286 -0.383272 -0.431516 -0.279213 -0.532433 -0.16011 -0.532433 -0.279215 -0.431515 -0.383272 -0.412861 -0.376023 -0.492248 
1.72 -5.97546 0.272857 12 -0.492239 -0.375971 -0.412767 -0.383044 -0.431647 -0.2788 -0.531954 -0.162605 -0.531954 -0.278802 -0.431646 -0.383044 -0.412768 -0.375968 -0.492246 
1.73 -5.97567 0.276665 12 -0.492237 -0.375912 -0.412678 -0.382813 -0.431777 -0.278393 -0.531472 -0.165099 -0.531473 -0.278395 -0.431776 -0.382814 -0.412679 -0.375909 -0.492244 
1.74 -5.97589 0.280504 12 -0.492234 -0.375849 -0.412593 -0.382581 -0.431907 -0.277992 -0.53099 -0.167592 -0.53099 -0.277994 -0.431906 -0.382581 -0.412593 -0.375846 -0.492241 
1.75 -5.97611 0.284374 12 -0.492231 -0.375781 -0.412512 -0.382347 -0.432035 -0.277596 -0.530506 -0.170082 -0.530506 -0.277598 -0.432034 -0.382348 -0.412512 -0.375778 -0.492238 
1.76 -5.97633 0.288274 12 -0.492228 -0.37571 -0.412435 -0.382113 -0.432162 -0.277207 -0.53002 -0.17257 -0.530021 -0.277208 -0.432161 -0.382114 -0.412436 -0.375706 -0.492235 
1.77 -5.97655 0.292202 12 -0.492225 -0.375634 -0.412363 -0.381879 -0.432288 -0.276823 -0.529534 -0.175056 -0.529534 -0.276825 -0.432287 -0.381879 -0.412363 -0.37563 -0.492232 
1.78 -5.97678 0.29616 12 -0.492222 -0.375553 -0.412295 -0.381645 -0.432413 -0.276446 -0.529045 -0.177538 -0.529046 -0.276448 -0.432412 -0.381645 -0.412296 -0.37555 -0.492229 
1.79 -5.97702 0.300145 12 -0.492218 -0.375469 -0.412232 -0.381411 -0.432536 -0.276075 -0.528556 -0.180017 -0.528557 -0.276077 -0.432535 -0.381411 -0.412232 -0.375465 -0.492225 
1.8 -5.97726 0.304157 12 -0.492214 -0.37538 -0.412173 -0.381178 -0.432657 -0.27571 -0.528066 -0.182493 -0.528066 -0.275712 -0.432656 -0.381178 -0.412174 -0.375377 -0.492221 
1.81 -5.9775 0.308196 12 -0.49221 -0.375287 -0.412119 -0.380946 -0.432777 -0.275352 -0.527574 -0.184965 -0.527574 -0.275354 -0.432776 -0.380947 -0.41212 -0.375284 -0.492217 
1.82 -5.97776 0.312261 12 -0.492206 -0.37519 -0.41207 -0.380716 -0.432896 -0.275001 -0.527081 -0.187433 -0.527082 -0.275003 -0.432895 -0.380716 -0.41207 -0.375187 -0.492213 
1.83 -5.97802 0.316351 12 -0.492201 -0.375089 -0.412024 -0.380486 -0.433012 -0.274657 -0.526588 -0.189896 -0.526588 -0.274658 -0.433011 -0.380487 -0.412025 -0.375086 -0.492208 
1.84 -5.97829 0.320465 12 -0.492196 -0.374985 -0.411984 -0.380259 -0.433127 -0.274319 -0.526093 -0.192355 -0.526093 -0.274321 -0.433126 -0.380259 -0.411984 -0.374981 -0.492203 
1.85 -5.97856 0.324603 12 -0.49219 -0.374876 -0.411947 -0.380033 -0.43324 -0.273989 -0.525597 -0.194808 -0.525598 -0.273991 -0.43324 -0.380033 -0.411948 -0.374873 -0.492197 
1.86 -5.97884 0.328764 12 -0.492184 -0.374765 -0.411914 -0.379808 -0.433352 -0.273666 -0.525101 -0.197257 -0.525102 -0.273668 -0.433351 -0.379809 -0.411915 -0.374761 -0.492191 
1.87 -5.97913 0.332948 12 -0.492177 -0.37465 -0.411884 -0.379586 -0.433461 -0.27335 -0.524604 -0.199699 -0.524604 -0.273352 -0.43346 -0.379586 -0.411885 -0.374646 -0.492184 
1.88 -5.97942 0.337153 12 -0.49217 -0.374532 -0.411858 -0.379365 -0.433569 -0.273042 -0.524106 -0.202136 -0.524107 -0.273044 -0.433568 -0.379365 -0.411859 -0.374528 -0.492176 
1.89 -5.97972 0.341379 12 -0.492161 -0.374411 -0.411834 -0.379146 -0.433674 -0.272741 -0.523607 -0.204567 -0.523608 -0.272743 -0.433674 -0.379146 -0.411835 -0.374407 -0.492168 
1.9 -5.98003 0.345625 12 -0.492152 -0.374287 -0.411812 -0.378929 -0.433778 -0.272448 -0.523108 -0.206991 -0.523109 -0.27245 -0.433777 -0.378929 -0.411813 -0.374284 -0.492159 
1.91 -5.98033 0.34989 12 -0.492142 -0.374161 -0.411791 -0.378713 -0.43388 -0.272163 -0.522609 -0.209409 -0.522609 -0.272164 -0.433879 -0.378713 -0.411792 -0.374158 -0.492149 
1.92 -5.98064 0.354174 12 -0.49213 -0.374034 -0.411772 -0.378499 -0.433979 -0.271885 -0.522108 -0.211819 -0.522109 -0.271887 -0.433978 -0.378499 -0.411772 -0.374031 -0.492137 
1.93 -5.98095 0.358475 12 -0.492117 -0.373905 -0.411752 -0.378286 -0.434077 -0.271616 -0.521608 -0.214223 -0.521609 -0.271617 -0.434076 -0.378286 -0.411752 -0.373902 -0.492124 
1.94 -5.98126 0.362794 12 -0.492103 -0.373775 -0.411731 -0.378074 -0.434172 -0.271354 -0.521107 -0.216619 -0.521108 -0.271356 -0.434171 -0.378075 -0.411731 -0.373772 -0.492109 
1.95 -5.98156 0.367129 12 -0.492086 -0.373644 -0.411708 -0.377864 -0.434266 -0.271101 -0.520606 -0.219007 -0.520606 -0.271103 -0.434265 -0.377864 -0.411708 -0.373641 -0.492093 
1.96 -5.98186 0.37148 12 -0.492068 -0.373513 -0.411682 -0.377655 -0.434357 -0.270856 -0.520104 -0.221387 -0.520105 -0.270858 -0.434356 -0.377655 -0.411683 -0.37351 -0.492074 
1.97 -5.98216 0.375845 12 -0.492047 -0.373382 -0.411654 -0.377446 -0.434446 -0.27062 -0.519602 -0.223759 -0.519603 -0.270622 -0.434445 -0.377446 -0.411654 -0.373379 -0.492053 
1.98 -5.98245 0.380225 12 -0.492023 -0.373252 -0.411621 -0.377238 -0.434533 -0.270392 -0.5191 -0.226122 -0.519101 -0.270394 -0.434532 -0.377238 -0.411622 -0.373249 -0.49203 
1.99 -5.98273 0.384617 12 -0.491997 -0.373122 -0.411584 -0.37703 -0.434617 -0.270173 -0.518598 -0.228477 -0.518599 -0.270175 -0.434617 -0.37703 -0.411585 -0.373119 -0.492003 
2 -5.983 0.389023 12 -0.491967 -0.372994 -0.411542 -0.376822 -0.4347 -0.269962 -0.518096 -0.230822 -0.518096 -0.269964 -0.434699 -0.376823 -0.411543 -0.372991 -0.491973 
2.01 -5.98326 0.393439 12 -0.491934 -0.372868 -0.411496 -0.376615 -0.43478 -0.269761 -0.517594 -0.233158 -0.517594 -0.269762 -0.434779 -0.376615 -0.411497 -0.372864 -0.49194 
2.02 -5.98351 0.397867 12 -0.491897 -0.372743 -0.411445 -0.376407 -0.434858 -0.269568 -0.517091 -0.235485 -0.517092 -0.269569 -0.434857 -0.376407 -0.411445 -0.37274 -0.491903 
2.03 -5.98375 0.402305 12 -0.491856 -0.372621 -0.411389 -0.376198 -0.434933 -0.269384 -0.516589 -0.237802 -0.51659 -0.269386 -0.434933 -0.376199 -0.41139 -0.372618 -0.491863 
2.04 -5.98398 0.406753 12 -0.491811 -0.372501 -0.411329 -0.375989 -0.435006 -0.269209 -0.516088 -0.240108 -0.516088 -0.269211 -0.435006 -0.37599 -0.41133 -0.372498 -0.491818 
2.05 -5.98421 0.411209 12 -0.491762 -0.372384 -0.411266 -0.37578 -0.435077 -0.269043 -0.515586 -0.242405 -0.515587 -0.269045 -0.435076 -0.37578 -0.411266 -0.372381 -0.491768 
2.06 -5.98442 0.415673 12 -0.491708 -0.372271 -0.411199 -0.375569 -0.435146 -0.268887 -0.515084 -0.244691 -0.515085 -0.268888 -0.435145 -0.37557 -0.4112 -0.372267 -0.491714 
2.07 -5.98464 0.420144 12 -0.491649 -0.37216 -0.411131 -0.375358 -0.435211 -0.268739 -0.514583 -0.246966 -0.514584 -0.268741 -0.435211 -0.375358 -0.411131 -0.372157 -0.491656 
2.08 -5.98485 0.424621 12 -0.491586 -0.372053 -0.411061 -0.375146 -0.435275 -0.268602 -0.514083 -0.24923 -0.514083 -0.268603 -0.435274 -0.375146 -0.411061 -0.37205 -0.491592 
2.09 -5.98505 0.429104 12 -0.491518 -0.37195 -0.41099 -0.374932 -0.435336 -0.268473 -0.513582 -0.251483 -0.513583 -0.268475 -0.435335 -0.374932 -0.41099 -0.371947 -0.491524 
2.1 -5.98526 0.433592 12 -0.491445 -0.371851 -0.410918 -0.374717 -0.435394 -0.268354 -0.513082 -0.253725 -0.513083 -0.268356 -0.435394 -0.374718 -0.410919 -0.371848 -0.491451 
2.11 -5.98546 0.438084 12 -0.491366 -0.371756 -0.410847 -0.374501 -0.43545 -0.268245 -0.512583 -0.255955 -0.512584 -0.268247 -0.43545 -0.374502 -0.410848 -0.371753 -0.491373 
2.12 -5.98566 0.442579 12 -0.491283 -0.371665 -0.410777 -0.374284 -0.435504 -0.268145 -0.512084 -0.258173 -0.512085 -0.268147 -0.435503 -0.374285 -0.410778 -0.371662 -0.49129 
2.13 -5.98587 0.447077 12 -0.491195 -0.371578 -0.410708 -0.374066 -0.435554 -0.268055 -0.511586 -0.260379 -0.511587 -0.268057 -0.435554 -0.374067 -0.410709 -0.371575 -0.491201 
2.14 -5.98608 0.451576 12 -0.491102 -0.371496 -0.410641 -0.373846 -0.435603 -0.267975 -0.511088 -0.262573 -0.511089 -0.267977 -0.435602 -0.373847 -0.410642 -0.371493 -0.491108 
2.15 -5.9863 0.456077 12 -0.491003 -0.371418 -0.410576 -0.373626 -0.435648 -0.267905 -0.510592 -0.264755 -0.510592 -0.267906 -0.435647 -0.373626 -0.410577 -0.371415 -0.49101 
2.16 -5.98652 0.460578 12 -0.4909 -0.371344 -0.410514 -0.373404 -0.435691 -0.267844 -0.510096 -0.266923 -0.510096 -0.267846 -0.43569 -0.373404 -0.410515 -0.371341 -0.490906 
2.17 -5.98674 0.465078 12 -0.490792 -0.371275 -0.410455 -0.37318 -0.435731 -0.267794 -0.5096 -0.269079 -0.509601 -0.267795 -0.43573 -0.373181 -0.410455 -0.371272 -0.490798 
2.18 -5.98697 0.469577 12 -0.490679 -0.37121 -0.410398 -0.372956 -0.435768 -0.267753 -0.509106 -0.271222 -0.509107 -0.267755 -0.435768 -0.372956 -0.410399 -0.371207 -0.490685 
2.19 -5.9872 0.474074 12 -0.490561 -0.371149 -0.410345 -0.37273 -0.435803 -0.267723 -0.508613 -0.273351 -0.508613 -0.267724 -0.435802 -0.372731 -0.410345 -0.371146 -0.490567 
2.2 -5.98745 0.478569 12 -0.490439 -0.371092 -0.410295 -0.372503 -0.435835 -0.267702 -0.50812 -0.275467 -0.508121 -0.267704 -0.435834 -0.372504 -0.410295 -0.371089 -0.490445 
2.21 -5.98769 0.483061 12 -0.490312 -0.371039 -0.410248 -0.372276 -0.435864 -0.267692 -0.507629 -0.27757 -0.507629 -0.267694 -0.435863 -0.372276 -0.410249 -0.371036 -0.490318 
2.22 -5.98795 0.487548 12 -0.490181 -0.370989 -0.410205 -0.372047 -0.43589 -0.267692 -0.507138 -0.279658 -0.507139 -0.267693 -0.43589 -0.372047 -0.410206 -0.370986 -0.490187 
2.23 -5.98821 0.49203 12 -0.490045 -0.370942 -0.410165 -0.371817 -0.435914 -0.267702 -0.506649 -0.281733 -0.50665 -0.267703 -0.435913 -0.371817 -0.410166 -0.370939 -0.490051 
2.24 -5.98847 0.496507 12 -0.489906 -0.370898 -0.410129 -0.371586 -0.435935 -0.267722 -0.506161 -0.283793 -0.506162 -0.267724 -0.435934 -0.371586 -0.41013 -0.370895 -0.489912 
2.25 -5.98874 0.500978 12 -0.489763 -0.370857 -0.410097 -0.371354 -0.435952 -0.267752 -0.505674 -0.285839 -0.505675 -0.267754 -0.435952 -0.371354 -0.410097 -0.370854 -0.489769 
2.26 -5.98902 0.505442 12 -0.489617 -0.370817 -0.410068 -0.371121 -0.435967 -0.267793 -0.505188 -0.287871 -0.505189 -0.267795 -0.435967 -0.371121 -0.410068 -0.370814 -0.489622 
2.27 -5.9893 0.509899 12 -0.489467 -0.370779 -0.410042 -0.370887 -0.43598 -0.267844 -0.504704 -0.289888 -0.504704 -0.267846 -0.435979 -0.370888 -0.410043 -0.370776 -0.489473 
2.28 -5.98958 0.514348 12 -0.489314 -0.370741 -0.41002 -0.370652 -0.435989 -0.267906 -0.504221 -0.291889 -0.504221 -0.267908 -0.435988 -0.370653 -0.410021 -0.370738 -0.48932 
2.29 -5.98987 0.518787 12 -0.489159 -0.370704 -0.410001 -0.370417 -0.435995 -0.267978 -0.503739 -0.293876 -0.50374 -0.267979 -0.435994 -0.370418 -0.410001 -0.370701 -0.489164 
2.3 -5.99015 0.523217 12 -0.489001 -0.370665 -0.409985 -0.370181 -0.435998 -0.26806 -0.503259 -0.295848 -0.503259 -0.268062 -0.435998 -0.370182 -0.409985 -0.370662 -0.489007 
2.31 -5.99044 0.527637 12 -0.488841 -0.370625 -0.409971 -0.369944 -0.435999 -0.268153 -0.50278 -0.297805 -0.502781 -0.268154 -0.435998 -0.369945 -0.409972 -0.370622 -0.488846 
2.32 -5.99072 0.532046 12 -0.488679 -0.370583 -0.409961 -0.369707 -0.435996 -0.268256 -0.502303 -0.299746 -0.502303 -0.268257 -0.435996 -0.369707 -0.409961 -0.37058 -0.488684 
2.33 -5.991 0.536444 12 -0.488515 -0.370539 -0.409953 -0.369469 -0.435991 -0.268369 -0.501827 -0.301671 -0.501828 -0.268371 -0.43599 -0.369469 -0.409953 -0.370536 -0.488521 
2.34 -5.99128 0.54083 12 -0.48835 -0.370491 -0.409947 -0.36923 -0.435983 -0.268493 -0.501353 -0.303581 -0.501354 -0.268495 -0.435982 -0.369231 -0.409947 -0.370488 -0.488355 
2.35 -5.99155 0.545203 12 -0.488184 -0.37044 -0.409943 -0.368991 -0.435971 -0.268627 -0.50088 -0.305474 -0.500881 -0.268629 -0.435971 -0.368992 -0.409943 -0.370437 -0.488189 
2.36 -5.99182 0.549562 12 -0.488016 -0.370385 -0.40994 -0.368752 -0.435957 -0.268772 -0.50041 -0.307352 -0.50041 -0.268774 -0.435957 -0.368752 -0.409941 -0.370382 -0.488021 
2.37 -5.99208 0.553908 12 -0.487847 -0.370326 -0.40994 -0.368512 -0.43594 -0.268927 -0.499941 -0.309214 -0.499941 -0.268929 -0.435939 -0.368513 -0.40994 -0.370323 -0.487852 
2.38 -5.99234 0.55824 12 -0.487677 -0.370264 -0.40994 -0.368272 -0.43592 -0.269093 -0.499473 -0.311059 -0.499474 -0.269094 -0.435919 -0.368272 -0.409941 -0.370261 -0.487683 
2.39 -5.9926 0.562556 12 -0.487507 -0.370198 -0.409942 -0.368031 -0.435897 -0.269269 -0.499008 -0.312888 -0.499009 -0.26927 -0.435896 -0.368032 -0.409943 -0.370196 -0.487512 
2.4 -5.99285 0.566857 12 -0.487336 -0.37013 -0.409945 -0.36779 -0.43587 -0.269455 -0.498544 -0.314701 -0.498545 -0.269457 -0.43587 -0.367791 -0.409945 -0.370127 -0.487341 
2.41 -5.9931 0.571142 12 -0.487165 -0.370059 -0.409948 -0.367549 -0.435841 -0.269652 -0.498083 -0.316497 -0.498084 -0.269654 -0.435841 -0.36755 -0.409949 -0.370056 -0.48717 
2.42 -5.99334 0.57541 12 -0.486993 -0.369985 -0.409952 -0.367308 -0.435809 -0.269859 -0.497623 -0.318276 -0.497624 -0.269861 -0.435809 -0.367309 -0.409953 -0.369983 -0.486998 
2.43 -5.99359 0.57966 12 -0.486821 -0.369911 -0.409956 -0.367067 -0.435774 -0.270077 -0.497165 -0.320038 -0.497166 -0.270078 -0.435774 -0.367068 -0.409957 -0.369908 -0.486826 
2.44 -5.99383 0.583893 12 -0.486649 -0.369835 -0.409961 -0.366826 -0.435736 -0.270305 -0.49671 -0.321783 -0.49671 -0.270306 -0.435736 -0.366826 -0.409962 -0.369833 -0.486654 
2.45 -5.99408 0.588108 12 -0.486477 -0.369759 -0.409966 -0.366584 -0.435696 -0.270543 -0.496256 -0.323512 -0.496257 -0.270545 -0.435695 -0.366585 -0.409967 -0.369757 -0.486482 
2.46 -5.99433 0.592304 12 -0.486306 -0.369684 -0.409971 -0.366343 -0.435652 -0.270792 -0.495804 -0.325223 -0.495805 -0.270793 -0.435651 -0.366344 -0.409971 -0.369681 -0.486311 
2.47 -5.99459 0.596481 12 -0.486135 -0.369609 -0.409976 -0.366102 -0.435605 -0.271051 -0.495355 -0.326917 -0.495356 -0.271052 -0.435605 -0.366102 -0.409976 -0.369606 -0.48614 
2.48 -5.99485 0.600638 12 -0.485964 -0.369535 -0.409981 -0.365861 -0.435555 -0.27132 -0.494907 -0.328594 -0.494908 -0.271321 -0.435555 -0.365861 -0.409981 -0.369532 -0.485969 
2.49 -5.99511 0.604775 12 -0.485795 -0.369462 -0.409985 -0.36562 -0.435503 -0.271599 -0.494462 -0.330253 -0.494463 -0.271601 -0.435502 -0.36562 -0.409986 -0.36946 -0.4858 
2.5 -5.99538 0.608891 12 -0.485626 -0.369392 -0.40999 -0.365379 -0.435447 -0.271889 -0.494019 -0.331895 -0.49402 -0.27189 -0.435447 -0.36538 -0.40999 -0.369389 -0.48563 
2.51 -5.99566 0.612986 12 -0.485457 -0.369323 -0.409994 -0.365138 -0.435389 -0.272188 -0.493579 -0.333519 -0.49358 -0.27219 -0.435389 -0.365139 -0.409995 -0.369321 -0.485462 
2.52 -5.99595 0.61706 12 -0.48529 -0.369257 -0.409998 -0.364898 -0.435328 -0.272498 -0.49314 -0.335126 -0.493141 -0.2725 -0.435327 -0.364899 -0.409999 -0.369255 -0.485294 
2.53 -5.99625 0.621111 12 -0.485123 -0.369194 -0.410002 -0.364658 -0.435264 -0.272818 -0.492704 -0.336715 -0.492705 -0.27282 -0.435263 -0.364659 -0.410002 -0.369191 -0.485127 
2.54 -5.99655 0.62514 12 -0.484956 -0.369133 -0.410005 -0.364419 -0.435197 -0.273148 -0.492271 -0.338286 -0.492272 -0.27315 -0.435197 -0.364419 -0.410005 -0.36913 -0.484961 
2.55 -5.99686 0.629147 12 -0.48479 -0.369075 -0.410007 -0.36418 -0.435127 -0.273488 -0.49184 -0.33984 -0.49184 -0.273489 -0.435127 -0.36418 -0.410008 -0.369073 -0.484795 
2.56 -5.99718 0.63313 12 -0.484624 -0.369021 -0.41001 -0.363941 -0.435055 -0.273838 -0.491411 -0.341375 -0.491412 -0.273839 -0.435054 -0.363942 -0.41001 -0.369018 -0.484629 
2.57 -5.99751 0.637089 12 -0.484459 -0.368969 -0.410012 -0.363703 -0.43498 -0.274197 -0.490984 -0.342893 -0.490985 -0.274199 -0.434979 -0.363704 -0.410012 -0.368967 -0.484463 
2.58 -5.99784 0.641025 12 -0.484292 -0.36892 -0.410013 -0.363465 -0.434901 -0.274567 -0.490561 -0.344393 -0.490561 -0.274568 -0.434901 -0.363466 -0.410014 -0.368918 -0.484297 
2.59 -5.99818 0.644937 12 -0.484125 -0.368875 -0.410014 -0.363229 -0.434821 -0.274946 -0.490139 -0.345875 -0.49014 -0.274948 -0.43482 -0.363229 -0.410014 -0.368873 -0.48413 
2.6 -5.99852 0.648824 12 -0.483956 -0.368833 -0.410014 -0.362992 -0.434737 -0.275335 -0.48972 -0.347339 -0.489721 -0.275337 -0.434737 -0.362993 -0.410015 -0.36883 -0.483961 
2.61 -5.99887 0.652686 12 -0.483785 -0.368793 -0.410014 -0.362757 -0.434651 -0.275734 -0.489304 -0.348784 -0.489305 -0.275735 -0.434651 -0.362758 -0.410014 -0.368791 -0.48379 
2.62 -5.99921 0.656522 12 -0.483611 -0.368757 -0.410013 -0.362522 -0.434562 -0.276142 -0.48889 -0.350212 -0.488891 -0.276144 -0.434562 -0.362523 -0.410014 -0.368755 -0.483616 
2.63 -5.99956 0.660334 12 -0.483434 -0.368724 -0.410011 -0.362288 -0.434471 -0.27656 -0.488479 -0.351621 -0.48848 -0.276561 -0.43447 -0.362289 -0.410012 -0.368721 -0.483438 
2.64 -5.9999 0.664119 12 -0.483252 -0.368693 -0.410009 -0.362055 -0.434377 -0.276987 -0.488071 -0.353013 -0.488072 -0.276988 -0.434376 -0.362056 -0.41001 -0.36869 -0.483256 
2.65 -6.00024 0.667878 12 -0.483063 -0.368664 -0.410006 -0.361823 -0.43428 -0.277424 -0.487665 -0.354386 -0.487666 -0.277425 -0.43428 -0.361824 -0.410007 -0.368662 -0.483068 
2.66 -6.00057 0.671611 12 -0.482869 -0.368638 -0.410003 -0.361592 -0.434181 -0.277869 -0.487262 -0.355741 -0.487263 -0.277871 -0.434181 -0.361593 -0.410004 -0.368636 -0.482873 
2.67 -6.00089 0.675317 12 -0.482666 -0.368614 -0.409999 -0.361362 -0.434079 -0.278325 -0.486862 -0.357077 -0.486862 -0.278326 -0.434079 -0.361362 -0.409999 -0.368612 -0.48267 
2.68 -6.0012 0.678997 12 -0.482454 -0.368591 -0.409994 -0.361132 -0.433975 -0.278789 -0.486464 -0.358396 -0.486465 -0.27879 -0.433975 -0.361133 -0.409995 -0.368589 -0.482459 
2.69 -6.00149 0.682649 12 -0.482233 -0.368571 -0.409988 -0.360904 -0.433868 -0.279262 -0.486069 -0.359696 -0.48607 -0.279264 -0.433868 -0.360905 -0.409989 -0.368568 -0.482237 
2.7 -6.00177 0.686274 12 -0.482001 -0.368551 -0.409982 -0.360677 -0.433759 -0.279744 -0.485677 -0.360978 -0.485678 -0.279746 -0.433759 -0.360678 -0.409983 -0.368549 -0.482005 
2.71 -6.00202 0.689872 12 -0.481758 -0.368532 -0.409975 -0.360452 -0.433648 -0.280236 -0.485288 -0.362242 -0.485288 -0.280237 -0.433648 -0.360452 -0.409975 -0.36853 -0.481763 
2.72 -6.00226 0.693442 12 -0.481504 -0.368514 -0.409967 -0.360227 -0.433534 -0.280736 -0.484901 -0.363488 -0.484902 -0.280737 -0.433534 -0.360228 -0.409967 -0.368512 -0.481508 
2.73 -6.00248 0.696984 12 -0.481239 -0.368497 -0.409958 -0.360004 -0.433418 -0.281245 -0.484517 -0.364715 -0.484518 -0.281246 -0.433418 -0.360004 -0.409959 -0.368495 -0.481243 
2.74 -6.00267 0.700498 12 -0.480963 -0.36848 -0.409948 -0.359782 -0.4333 -0.281762 -0.484136 -0.365924 -0.484137 -0.281763 -0.4333 -0.359782 -0.409949 -0.368478 -0.480967 
2.75 -6.00285 0.703984 12 -0.480676 -0.368462 -0.409938 -0.359561 -0.433179 -0.282288 -0.483758 -0.367115 -0.483759 -0.282289 -0.433179 -0.359562 -0.409938 -0.36846 -0.48068 
2.76 -6.003 0.707441 13 -0.480379 -0.368445 -0.409926 -0.359342 -0.433057 -0.282823 -0.483383 -0.368288 -0.483384 -0.282824 -0.433056 -0.359342 -0.409927 -0.368443 -0.480383 
2.77 -6.00314 0.710871 13 -0.480073 -0.368427 -0.409914 -0.359124 -0.432932 -0.283366 -0.483011 -0.369443 -0.483012 -0.283367 -0.432931 -0.359125 -0.409914 -0.368425 -0.480077 
2.78 -6.00326 0.714271 13 -0.479759 -0.368408 -0.4099 -0.358907 -0.432805 -0.283917 -0.482642 -0.37058 -0.482642 -0.283918 -0.432805 -0.358908 -0.409901 -0.368406 -0.479763 
2.79 -6.00336 0.717643 13 -0.479436 -0.368389 -0.409886 -0.358692 -0.432676 -0.284476 -0.482275 -0.371698 -0.482276 -0.284478 -0.432676 -0.358693 -0.409886 -0.368387 -0.479441 
2.8 -6.00346 0.720986 13 -0.479108 -0.368369 -0.40987 -0.358479 -0.432545 -0.285044 -0.481911 -0.372799 -0.481912 -0.285045 -0.432545 -0.35848 -0.409871 -0.368367 -0.479112 
2.81 -6.00353 0.724301 13 -0.478773 -0.368348 -0.409853 -0.358267 -0.432412 -0.285619 -0.481551 -0.373881 -0.481552 -0.28562 -0.432412 -0.358268 -0.409854 -0.368346 -0.478777 
2.82 -6.0036 0.727586 13 -0.478434 -0.368326 -0.409836 -0.358057 -0.432277 -0.286203 -0.481193 -0.374946 -0.481194 -0.286204 -0.432277 -0.358058 -0.409836 -0.368324 -0.478438 
2.83 -6.00366 0.730843 13 -0.47809 -0.368303 -0.409817 -0.357849 -0.43214 -0.286794 -0.480838 -0.375992 -0.480839 -0.286795 -0.43214 -0.35785 -0.409817 -0.368301 -0.478094 
2.84 -6.00371 0.734071 13 -0.477742 -0.368279 -0.409797 -0.357642 -0.432002 -0.287393 -0.480486 -0.377021 -0.480487 -0.287394 -0.432001 -0.357643 -0.409797 -0.368277 -0.477746 
2.85 -6.00375 0.73727 13 -0.477392 -0.368254 -0.409775 -0.357437 -0.431861 -0.287999 -0.480137 -0.378032 -0.480138 -0.288 -0.431861 -0.357438 -0.409776 -0.368252 -0.477396 
2.86 -6.00379 0.74044 13 -0.477039 -0.368228 -0.409753 -0.357234 -0.431719 -0.288613 -0.479791 -0.379025 -0.479792 -0.288614 -0.431719 -0.357235 -0.409753 -0.368226 -0.477043 
2.87 -6.00382 0.74358 13 -0.476684 -0.3682 -0.409729 -0.357033 -0.431576 -0.289234 -0.479448 -0.380001 -0.479449 -0.289235 -0.431575 -0.357034 -0.409729 -0.368199 -0.476688 
2.88 -6.00384 0.746692 14 -0.476328 -0.368172 -0.409703 -0.356834 -0.43143 -0.289863 -0.479108 -0.380959 -0.479109 -0.289864 -0.43143 -0.356835 -0.409704 -0.36817 -0.476331 
2.89 -6.00386 0.749775 14 -0.47597 -0.368143 -0.409677 -0.356637 -0.431283 -0.290498 -0.478771 -0.381899 -0.478772 -0.290499 -0.431283 -0.356637 -0.409677 -0.368141 -0.475974 
2.9 -6.00388 0.752829 14 -0.475611 -0.368112 -0.409649 -0.356441 -0.431135 -0.291141 -0.478437 -0.382822 -0.478438 -0.291142 -0.431135 -0.356442 -0.409649 -0.36811 -0.475615 
2.91 -6.00389 0.755854 14 -0.475252 -0.36808 -0.409619 -0.356248 -0.430985 -0.29179 -0.478106 -0.383727 -0.478107 -0.291792 -0.430985 -0.356249 -0.40962 -0.368078 -0.475256 
2.92 -6.00391 0.758851 14 -0.474893 -0.368048 -0.409588 -0.356056 -0.430834 -0.292447 -0.477778 -0.384615 -0.477779 -0.292448 -0.430834 -0.356057 -0.409589 -0.368046 -0.474897 
2.93 -6.00392 0.761818 14 -0.474533 -0.368014 -0.409556 -0.355867 -0.430681 -0.29311 -0.477453 -0.385486 -0.477453 -0.293111 -0.430681 -0.355868 -0.409556 -0.368012 -0.474537 
2.94 -6.00393 0.764757 14 -0.474173 -0.367979 -0.409522 -0.35568 -0.430528 -0.293779 -0.47713 -0.386339 -0.477131 -0.29378 -0.430527 -0.355681 -0.409522 -0.367978 -0.474177 
2.95 -6.00393 0.767668 15 -0.473813 -0.367944 -0.409486 -0.355495 -0.430373 -0.294455 -0.476811 -0.387176 -0.476812 -0.294456 -0.430372 -0.355496 -0.409486 -0.367942 -0.473817 
2.96 -6.00394 0.77055 15 -0.473453 -0.367907 -0.409449 -0.355312 -0.430216 -0.295138 -0.476495 -0.387995 -0.476495 -0.295139 -0.430216 -0.355313 -0.409449 -0.367906 -0.473457 
2.97 -6.00395 0.773403 15 -0.473094 -0.36787 -0.40941 -0.355131 -0.430059 -0.295826 -0.476181 -0.388798 -0.476182 -0.295827 -0.430059 -0.355132 -0.40941 -0.367868 -0.473098 
2.98 -6.00395 0.776229 15 -0.472735 -0.367832 -0.409369 -0.354953 -0.429901 -0.296521 -0.475871 -0.389583 -0.475872 -0.296522 -0.4299 -0.354954 -0.409369 -0.36783 -0.472739 
2.99 -6.00395 0.779026 15 -0.472376 -0.367793 -0.409327 -0.354777 -0.429741 -0.297221 -0.475563 -0.390352 -0.475564 -0.297222 -0.429741 -0.354778 -0.409327 -0.367791 -0.47238 
3 -6.00396 0.781795 15 -0.472018 -0.367753 -0.409282 -0.354603 -0.429581 -0.297928 -0.475259 -0.391104 -0.475259 -0.297929 -0.429581 -0.354604 -0.409283 -0.367752 -0.472021 
3.01 -6.00396 0.784537 15 -0.471659 -0.367713 -0.409236 -0.354432 -0.42942 -0.29864 -0.474957 -0.39184 -0.474958 -0.298641 -0.42942 -0.354433 -0.409237 -0.367711 -0.471663 
3.02 -6.00396 0.787251 15 -0.471302 -0.367672 -0.409188 -0.354263 -0.429258 -0.299358 -0.474658 -0.392559 -0.474659 -0.299359 -0.429257 -0.354264 -0.409189 -0.36767 -0.471306 
3.03 -6.00396 0.789937 15 -0.470945 -0.36763 -0.409139 -0.354096 -0.429095 -0.300081 -0.474362 -0.393262 -0.474363 -0.300082 -0.429095 -0.354098 -0.409139 -0.367629 -0.470948 
3.04 -6.00396 0.792596 15 -0.470588 -0.367588 -0.409087 -0.353932 -0.428931 -0.300809 -0.474069 -0.393948 -0.47407 -0.30081 -0.428931 -0.353933 -0.409088 -0.367587 -0.470592 
3.05 -6.00397 0.795229 15 -0.470232 -0.367545 -0.409034 -0.353771 -0.428767 -0.301543 -0.473779 -0.394619 -0.47378 -0.301544 -0.428767 -0.353772 -0.409034 -0.367544 -0.470236 
3.06 -6.00397 0.797834 15 -0.469876 -0.367502 -0.408978 -0.353612 -0.428603 -0.302282 -0.473492 -0.395273 -0.473492 -0.302283 -0.428603 -0.353613 -0.408979 -0.367501 -0.46988 
3.07 -6.00397 0.800413 15 -0.469521 -0.367459 -0.40892 -0.353455 -0.428437 -0.303025 -0.473207 -0.395912 -0.473208 -0.303026 -0.428437 -0.353456 -0.408921 -0.367457 -0.469524 
3.08 -6.00397 0.802965 15 -0.469166 -0.367415 -0.408861 -0.353301 -0.428272 -0.303774 -0.472926 -0.396535 -0.472926 -0.303775 -0.428272 -0.353302 -0.408861 -0.367413 -0.46917 
3.09 -6.00397 0.805491 16 -0.468812 -0.36737 -0.408799 -0.35315 -0.428106 -0.304527 -0.472647 -0.397142 -0.472648 -0.304528 -0.428106 -0.353151 -0.4088 -0.367369 -0.468815 
3.1 -6.00397 0.807991 16 -0.468458 -0.367326 -0.408736 -0.353001 -0.42794 -0.305285 -0.472371 -0.397734 -0.472372 -0.305286 -0.42794 -0.353002 -0.408736 -0.367324 -0.468461 
3.11 -6.00397 0.810466 16 -0.468104 -0.367281 -0.40867 -0.352855 -0.427773 -0.306047 -0.472098 -0.39831 -0.472098 -0.306048 -0.427773 -0.352856 -0.40867 -0.367279 -0.468108 
3.12 -6.00397 0.812915 16 -0.467751 -0.367236 -0.408602 -0.352712 -0.427606 -0.306813 -0.471827 -0.398871 -0.471828 -0.306814 -0.427606 -0.352713 -0.408602 -0.367234 -0.467754 
3.13 -6.00397 0.815339 16 -0.467398 -0.36719 -0.408531 -0.352571 -0.427439 -0.307584 -0.471559 -0.399417 -0.47156 -0.307585 -0.427439 -0.352572 -0.408532 -0.367189 -0.467402 
3.14 -6.00397 0.817738 16 -0.467046 -0.367145 -0.408459 -0.352433 -0.427273 -0.308359 -0.471294 -0.399948 -0.471295 -0.30836 -0.427273 -0.352434 -0.40846 -0.367144 -0.467049 
3.15 -6.00397 0.820112 16 -0.466694 -0.3671 -0.408384 -0.352298 -0.427106 -0.309137 -0.471032 -0.400464 -0.471033 -0.309138 -0.427106 -0.352299 -0.408385 -0.367098 -0.466697 
3.16 -6.00397 0.822463 16 -0.466342 -0.367054 -0.408307 -0.352166 -0.426939 -0.30992 -0.470772 -0.400965 -0.470773 -0.309921 -0.426939 -0.352167 -0.408308 -0.367053 -0.466346 
3.17 -6.00397 0.824789 16 -0.465991 -0.367009 -0.408228 -0.352036 -0.426772 -0.310706 -0.470515 -0.401452 -0.470516 -0.310707 -0.426772 -0.352037 -0.408229 -0.367007 -0.465994 
3.18 -6.00397 0.827091 16 -0.465639 -0.366963 -0.408147 -0.35191 -0.426605 -0.311495 -0.470261 -0.401924 -0.470262 -0.311496 -0.426606 -0.351911 -0.408147 -0.366962 -0.465643 
3.19 -6.00397 0.82937 16 -0.465289 -0.366918 -0.408063 -0.351786 -0.426439 -0.312288 -0.470009 -0.402383 -0.47001 -0.312289 -0.426439 -0.351787 -0.408063 -0.366917 -0.465292 
3.2 -6.00397 0.831626 16 -0.464938 -0.366873 -0.407977 -0.351665 -0.426273 -0.313084 -0.46976 -0.402826 -0.469761 -0.313085 -0.426273 -0.351666 -0.407977 -0.366871 -0.464942 
3.21 -6.00397 0.833859 16 -0.464588 -0.366828 -0.407888 -0.351547 -0.426108 -0.313883 -0.469513 -0.403256 -0.469514 -0.313884 -0.426108 -0.351548 -0.407889 -0.366826 -0.464591 
3.22 -6.00397 0.83607 16 -0.464238 -0.366783 -0.407797 -0.351432 -0.425943 -0.314686 -0.469269 -0.403672 -0.46927 -0.314687 -0.425943 -0.351433 -0.407797 -0.366782 -0.464241 
3.23 -6.00397 0.838259 16 -0.463888 -0.366739 -0.407703 -0.35132 -0.425778 -0.315491 -0.469028 -0.404075 -0.469028 -0.315492 -0.425778 -0.351321 -0.407704 -0.366737 -0.463891 
3.24 -6.00397 0.840426 16 -0.463538 -0.366694 -0.407607 -0.35121 -0.425614 -0.316299 -0.468789 -0.404464 -0.468789 -0.316299 -0.425614 -0.351212 -0.407608 -0.366693 -0.463541 
3.25 -6.00397 0.842571 16 -0.463188 -0.366651 -0.407509 -0.351104 -0.42545 -0.317109 -0.468552 -0.404839 -0.468553 -0.31711 -0.42545 -0.351105 -0.40751 -0.366649 -0.463192 
3.26 -6.00397 0.844696 16 -0.462839 -0.366607 -0.407408 -0.351001 -0.425288 -0.317922 -0.468318 -0.405201 -0.468319 -0.317923 -0.425288 -0.351002 -0.407409 -0.366606 -0.462842 
3.27 -6.00397 0.846799 16 -0.462489 -0.366564 -0.407305 -0.350901 -0.425126 -0.318737 -0.468086 -0.40555 -0.468087 -0.318738 -0.425126 -0.350902 -0.407305 -0.366563 -0.462493 
3.28 -6.00397 0.848883 16 -0.46214 -0.366522 -0.407199 -0.350804 -0.424964 -0.319554 -0.467857 -0.405887 -0.467857 -0.319555 -0.424965 -0.350805 -0.407199 -0.366521 -0.462144 
3.29 -6.00397 0.850946 16 -0.461791 -0.36648 -0.40709 -0.35071 -0.424804 -0.320374 -0.46763 -0.40621 -0.46763 -0.320374 -0.424804 -0.350711 -0.407091 -0.366479 -0.461794 
3.3 -6.00397 0.85299 16 -0.461442 -0.366439 -0.406979 -0.350619 -0.424645 -0.321195 -0.467405 -0.406521 -0.467405 -0.321196 -0.424645 -0.35062 -0.406979 -0.366437 -0.461445 
3.31 -6.00397 0.855015 16 -0.461093 -0.366398 -0.406865 -0.350531 -0.424486 -0.322018 -0.467182 -0.406819 -0.467183 -0.322019 -0.424487 -0.350532 -0.406866 -0.366397 -0.461096 
3.32 -6.00397 0.85702 16 -0.460744 -0.366358 -0.406749 -0.350446 -0.424329 -0.322843 -0.466962 -0.407106 -0.466963 -0.322844 -0.424329 -0.350447 -0.406749 -0.366357 -0.460747 
3.33 -6.00397 0.859008 16 -0.460394 -0.366318 -0.40663 -0.350364 -0.424173 -0.323669 -0.466744 -0.40738 -0.466744 -0.32367 -0.424173 -0.350366 -0.40663 -0.366317 -0.460398 
3.34 -6.00397 0.860977 16 -0.460045 -0.36628 -0.406508 -0.350286 -0.424018 -0.324497 -0.466528 -0.407642 -0.466529 -0.324498 -0.424018 -0.350287 -0.406509 -0.366279 -0.460049 
3.35 -6.00397 0.862928 16 -0.459696 -0.366242 -0.406384 -0.35021 -0.423864 -0.325326 -0.466314 -0.407892 -0.466315 -0.325327 -0.423864 -0.350212 -0.406385 -0.366241 -0.459699 
3.36 -6.00397 0.864862 16 -0.459347 -0.366205 -0.406257 -0.350138 -0.423712 -0.326156 -0.466103 -0.408131 -0.466103 -0.326157 -0.423712 -0.350139 -0.406258 -0.366204 -0.45935 
3.37 -6.00397 0.86678 16 -0.458997 -0.366169 -0.406128 -0.350069 -0.42356 -0.326988 -0.465893 -0.408358 -0.465894 -0.326988 -0.423561 -0.35007 -0.406128 -0.366167 -0.459001 
3.38 -6.00397 0.86868 16 -0.458648 -0.366133 -0.405996 -0.350003 -0.423411 -0.32782 -0.465685 -0.408574 -0.465686 -0.327821 -0.423411 -0.350005 -0.405996 -0.366132 -0.458651 
3.39 -6.00397 0.870565 16 -0.458298 -0.366099 -0.405861 -0.349941 -0.423262 -0.328653 -0.46548 -0.408779 -0.465481 -0.328654 -0.423263 -0.349942 -0.405861 -0.366098 -0.458302 
3.4 -6.00397 0.872433 16 -0.457948 -0.366065 -0.405723 -0.349881 -0.423116 -0.329487 -0.465276 -0.408973 -0.465277 -0.329487 -0.423116 -0.349883 -0.405724 -0.366064 -0.457952 
3.41 -6.00397 0.874287 16 -0.457598 -0.366033 -0.405583 -0.349825 -0.42297 -0.330321 -0.465075 -0.409157 -0.465076 -0.330321 -0.422971 -0.349826 -0.405583 -0.366032 -0.457602 
3.42 -6.00397 0.876125 16 -0.457248 -0.366001 -0.40544 -0.349772 -0.422827 -0.331155 -0.464875 -0.409329 -0.464876 -0.331156 -0.422827 -0.349773 -0.40544 -0.366 -0.457252 
3.43 -6.00397 0.877949 16 -0.456898 -0.365971 -0.405294 -0.349722 -0.422685 -0.33199 -0.464677 -0.409492 -0.464678 -0.331991 -0.422685 -0.349724 -0.405295 -0.36597 -0.456901 
3.44 -6.00397 0.879758 16 -0.456547 -0.365941 -0.405146 -0.349676 -0.422545 -0.332825 -0.464481 -0.409644 -0.464482 -0.332826 -0.422545 -0.349677 -0.405146 -0.36594 -0.456551 
3.45 -6.00397 0.881554 16 -0.456196 -0.365913 -0.404995 -0.349633 -0.422406 -0.33366 -0.464287 -0.409786 -0.464288 -0.333661 -0.422406 -0.349634 -0.404995 -0.365912 -0.4562 
3.46 -6.00397 0.883337 16 -0.455845 -0.365886 -0.404841 -0.349592 -0.422269 -0.334495 -0.464095 -0.409918 -0.464096 -0.334496 -0.42227 -0.349594 -0.404841 -0.365885 -0.455849 
3.47 -6.00397 0.885106 16 -0.455494 -0.36586 -0.404684 -0.349556 -0.422135 -0.33533 -0.463904 -0.41004 -0.463905 -0.33533 -0.422135 -0.349557 -0.404685 -0.365859 -0.455497 
3.48 -6.00397 0.886863 16 -0.455142 -0.365836 -0.404525 -0.349522 -0.422002 -0.336164 -0.463715 -0.410153 -0.463716 -0.336165 -0.422002 -0.349524 -0.404526 -0.365835 -0.455145 
3.49 -6.00397 0.888608 16 -0.45479 -0.365812 -0.404363 -0.349492 -0.421871 -0.336999 -0.463528 -0.410257 -0.463529 -0.336999 -0.421871 -0.349493 -0.404364 -0.365811 -0.454793 
3.5 -6.00397 0.890341 16 -0.454438 -0.36579 -0.404198 -0.349465 -0.421742 -0.337832 -0.463342 -0.410351 -0.463343 -0.337832 -0.421742 -0.349466 -0.404199 -0.365789 -0.454441 
3.51 -6.00397 0.892062 16 -0.454085 -0.365769 -0.404031 -0.349442 -0.421615 -0.338665 -0.463158 -0.410436 -0.463159 -0.338665 -0.421615 -0.349443 -0.404032 -0.365768 -0.454088 
3.52 -6.00397 0.893773 16 -0.453732 -0.36575 -0.403861 -0.349421 -0.42149 -0.339497 -0.462975 -0.410513 -0.462976 -0.339497 -0.421491 -0.349422 -0.403861 -0.365749 -0.453735 
3.53 -6.00397 0.895472 16 -0.453378 -0.365732 -0.403688 -0.349404 -0.421368 -0.340328 -0.462794 -0.410581 -0.462795 -0.340329 -0.421368 -0.349405 -0.403689 -0.365731 -0.453382 
3.54 -6.00397 0.897162 16 -0.453024 -0.365715 -0.403513 -0.34939 -0.421247 -0.341158 -0.462615 -0.41064 -0.462615 -0.341159 -0.421248 -0.349392 -0.403513 -0.365714 -0.453028 
3.55 -6.00397 0.898842 16 -0.45267 -0.3657 -0.403334 -0.34938 -0.421129 -0.341987 -0.462436 -0.410691 -0.462437 -0.341988 -0.421129 -0.349381 -0.403335 -0.365699 -0.452673 
3.56 -6.00397 0.900512 16 -0.452315 -0.365686 -0.403154 -0.349373 -0.421013 -0.342815 -0.46226 -0.410734 -0.46226 -0.342816 -0.421014 -0.349374 -0.403154 -0.365685 -0.452319 
3.57 -6.00397 0.902173 16 -0.45196 -0.365674 -0.40297 -0.349369 -0.4209 -0.343642 -0.462084 -0.41077 -0.462085 -0.343642 -0.4209 -0.34937 -0.402971 -0.365673 -0.451963 
3.58 -6.00397 0.903825 16 -0.451604 -0.365663 -0.402784 -0.349368 -0.420788 -0.344467 -0.46191 -0.410797 -0.461911 -0.344467 -0.420789 -0.34937 -0.402785 -0.365662 -0.451608 
3.59 -6.00397 0.905469 16 -0.451248 -0.365654 -0.402595 -0.349371 -0.420679 -0.34529 -0.461737 -0.410816 -0.461738 -0.345291 -0.42068 -0.349372 -0.402596 -0.365653 -0.451251 
3.6 -6.00397 0.907105 16 -0.450891 -0.365646 -0.402404 -0.349377 -0.420573 -0.346112 -0.461565 -0.410829 -0.461566 -0.346113 -0.420573 -0.349378 -0.402405 -0.365645 -0.450895 
3.61 -6.00397 0.908734 16 -0.450534 -0.36564 -0.40221 -0.349386 -0.420469 -0.346932 -0.461395 -0.410834 -0.461396 -0.346933 -0.420469 -0.349387 -0.402211 -0.365639 -0.450537 
3.62 -6.00397 0.910355 16 -0.450176 -0.365635 -0.402013 -0.349399 -0.420367 -0.347751 -0.461226 -0.410832 -0.461226 -0.347751 -0.420368 -0.3494 -0.402014 -0.365634 -0.45018 
3.63 -6.00397 0.911969 16 -0.449818 -0.365632 -0.401814 -0.349414 -0.420268 -0.348567 -0.461057 -0.410823 -0.461058 -0.348567 -0.420268 -0.349416 -0.401815 -0.365631 -0.449821 
3.64 -6.00397 0.913576 16 -0.449459 -0.365631 -0.401613 -0.349434 -0.420172 -0.349381 -0.46089 -0.410807 -0.460891 -0.349381 -0.420172 -0.349435 -0.401613 -0.36563 -0.449462 
3.65 -6.00397 0.915178 16 -0.4491 -0.365631 -0.401408 -0.349456 -0.420078 -0.350193 -0.460724 -0.410785 -0.460725 -0.350193 -0.420078 -0.349457 -0.401409 -0.365631 -0.449103 
3.66 -6.00397 0.916773 16 -0.44874 -0.365633 -0.401202 -0.349482 -0.419986 -0.351003 -0.460559 -0.410756 -0.46056 -0.351003 -0.419987 -0.349483 -0.401202 -0.365633 -0.448743 
3.67 -6.00397 0.918363 16 -0.448379 -0.365637 -0.400993 -0.349511 -0.419898 -0.35181 -0.460395 -0.410721 -0.460396 -0.351811 -0.419898 -0.349512 -0.400993 -0.365636 -0.448382 
3.68 -6.00397 0.919948 16 -0.448018 -0.365643 -0.400781 -0.349543 -0.419811 -0.352615 -0.460232 -0.41068 -0.460233 -0.352615 -0.419812 -0.349544 -0.400782 -0.365642 -0.448021 
3.69 -6.00397 0.921527 16 -0.447656 -0.36565 -0.400567 -0.349578 -0.419728 -0.353418 -0.46007 -0.410633 -0.460071 -0.353418 -0.419728 -0.34958 -0.400567 -0.365649 -0.447659 
3.7 -6.00397 0.923103 16 -0.447293 -0.365659 -0.40035 -0.349617 -0.419647 -0.354217 -0.459909 -0.410581 -0.459909 -0.354218 -0.419647 -0.349618 -0.400351 -0.365658 -0.447297 
3.71 -6.00397 0.924673 16 -0.44693 -0.365669 -0.400131 -0.349659 -0.419569 -0.355014 -0.459748 -0.410523 -0.459749 -0.355015 -0.419569 -0.34966 -0.400132 -0.365669 -0.446933 
3.72 -6.00397 0.92624 16 -0.446566 -0.365682 -0.39991 -0.349704 -0.419494 -0.355809 -0.459589 -0.410459 -0.459589 -0.355809 -0.419494 -0.349706 -0.399911 -0.365681 -0.446569 
3.73 -6.00397 0.927804 16 -0.446202 -0.365696 -0.399687 -0.349753 -0.419421 -0.3566 -0.45943 -0.41039 -0.45943 -0.3566 -0.419422 -0.349754 -0.399687 -0.365695 -0.446205 
3.74 -6.00397 0.929364 16 -0.445836 -0.365712 -0.399461 -0.349804 -0.419352 -0.357388 -0.459271 -0.410317 -0.459272 -0.357388 -0.419352 -0.349806 -0.399461 -0.365711 -0.44584 
3.75 -6.00397 0.93092 16 -0.44547 -0.36573 -0.399232 -0.349859 -0.419285 -0.358173 -0.459114 -0.410238 -0.459115 -0.358174 -0.419285 -0.34986 -0.399233 -0.365729 -0.445474 
3.76 -6.00397 0.932474 16 -0.445104 -0.36575 -0.399002 -0.349917 -0.41922 -0.358955 -0.458957 -0.410155 -0.458958 -0.358956 -0.419221 -0.349919 -0.399003 -0.365749 -0.445107 
3.77 -6.00397 0.934026 16 -0.444736 -0.365772 -0.398769 -0.349978 -0.419159 -0.359734 -0.458801 -0.410067 -0.458802 -0.359734 -0.419159 -0.34998 -0.39877 -0.365771 -0.44474 
3.78 -6.00397 0.935575 16 -0.444368 -0.365795 -0.398535 -0.350043 -0.419101 -0.36051 -0.458645 -0.409974 -0.458646 -0.36051 -0.419101 -0.350044 -0.398535 -0.365794 -0.444371 
3.79 -6.00397 0.937123 16 -0.443999 -0.36582 -0.398298 -0.35011 -0.419045 -0.361282 -0.45849 -0.409878 -0.458491 -0.361282 -0.419045 -0.350112 -0.398298 -0.36582 -0.444002 
3.8 -6.00397 0.938668 16 -0.44363 -0.365847 -0.398058 -0.350181 -0.418992 -0.36205 -0.458335 -0.409777 -0.458336 -0.36205 -0.418992 -0.350183 -0.398059 -0.365847 -0.443633 
3.81 -6.00397 0.940212 17 -0.443259 -0.365877 -0.397817 -0.350255 -0.418942 -0.362815 -0.458181 -0.409673 -0.458182 -0.362815 -0.418942 -0.350256 -0.397818 -0.365876 -0.443262 
3.82 -6.00397 0.941755 17 -0.442888 -0.365907 -0.397574 -0.350332 -0.418895 -0.363576 -0.458028 -0.409564 -0.458029 -0.363576 -0.418895 -0.350334 -0.397575 -0.365907 -0.442891 
3.83 -6.00397 0.943297 17 -0.442516 -0.36594 -0.397329 -0.350412 -0.418851 -0.364334 -0.457875 -0.409452 -0.457875 -0.364334 -0.418851 -0.350414 -0.39733 -0.36594 -0.442519 
3.84 -6.00397 0.944838 17 -0.442143 -0.365975 -0.397082 -0.350496 -0.418809 -0.365088 -0.457722 -0.409337 -0.457723 -0.365088 -0.41881 -0.350497 -0.397083 -0.365974 -0.442146 
3.85 -6.00397 0.946379 17 -0.44177 -0.366012 -0.396833 -0.350582 -0.418771 -0.365837 -0.457569 -0.409218 -0.45757 -0.365837 -0.418771 -0.350583 -0.396834 -0.366011 -0.441773 
3.86 -6.00397 0.947919 17 -0.441395 -0.36605 -0.396582 -0.350671 -0.418735 -0.366583 -0.457417 -0.409096 -0.457418 -0.366583 -0.418736 -0.350673 -0.396583 -0.36605 -0.441398 
3.87 -6.00397 0.949459 17 -0.44102 -0.366091 -0.396329 -0.350764 -0.418703 -0.367325 -0.457265 -0.408971 -0.457266 -0.367325 -0.418703 -0.350765 -0.39633 -0.36609 -0.441023 
3.88 -6.00397 0.950999 17 -0.440644 -0.366133 -0.396075 -0.35086 -0.418673 -0.368063 -0.457114 -0.408843 -0.457115 -0.368063 -0.418673 -0.350861 -0.396076 -0.366133 -0.440647 
3.89 -6.00397 0.95254 17 -0.440267 -0.366178 -0.395819 -0.350958 -0.418646 -0.368797 -0.456963 -0.408712 -0.456964 -0.368797 -0.418646 -0.35096 -0.395819 -0.366177 -0.44027 
3.9 -6.00397 0.954081 17 -0.439889 -0.366224 -0.395561 -0.35106 -0.418622 -0.369526 -0.456812 -0.408579 -0.456813 -0.369526 -0.418622 -0.351061 -0.395561 -0.366223 -0.439892 
3.91 -6.00397 0.955622 17 -0.439511 -0.366272 -0.395301 -0.351165 -0.418601 -0.370251 -0.456661 -0.408443 -0.456662 -0.370251 -0.418601 -0.351166 -0.395302 -0.366272 -0.439514 
