time energy SvN maxBondDim localEnergy 
0 -6.91174 0.592307 37 -0.654357 -0.293102 -0.568737 -0.334223 -0.544405 -0.348861 -0.535766 -0.352834 -0.535766 -0.348861 -0.544405 -0.334223 -0.568737 -0.293102 -0.654357 
0 -5.93763 0.0849989 12 -0.492277 -0.376619 -0.41668 -0.395644 -0.427051 -0.33657 -0.555538 0.0631248 -0.555538 -0.33657 -0.427051 -0.395644 -0.41668 -0.376619 -0.492277 
0.01 -5.93763 0.0849989 12 -0.492277 -0.376619 -0.41668 -0.395644 -0.427051 -0.33657 -0.555538 0.0631247 -0.555538 -0.33657 -0.427051 -0.395644 -0.41668 -0.376619 -0.492277 
0.02 -5.93763 0.0849989 12 -0.492277 -0.376619 -0.41668 -0.395644 -0.427051 -0.33657 -0.555538 0.0631247 -0.555538 -0.33657 -0.427051 -0.395644 -0.41668 -0.376619 -0.492277 
0.03 -5.93763 0.0849989 12 -0.492277 -0.376619 -0.41668 -0.395644 -0.427051 -0.33657 -0.555538 0.0631245 -0.555538 -0.33657 -0.427051 -0.395644 -0.41668 -0.376619 -0.492277 
0.04 -5.93764 0.0849989 12 -0.492277 -0.376619 -0.41668 -0.395644 -0.427051 -0.33657 -0.555538 0.0631242 -0.555538 -0.33657 -0.427051 -0.395644 -0.41668 -0.376619 -0.492277 
0.05 -5.93764 0.0849989 12 -0.492277 -0.376619 -0.41668 -0.395644 -0.427051 -0.33657 -0.555539 0.0631237 -0.555539 -0.33657 -0.427051 -0.395644 -0.41668 -0.376619 -0.492277 
0.06 -5.93764 0.0849989 12 -0.492277 -0.376619 -0.41668 -0.395644 -0.427051 -0.336569 -0.555539 0.063123 -0.555539 -0.336569 -0.427051 -0.395644 -0.41668 -0.376619 -0.492277 
0.07 -5.93764 0.0849989 12 -0.492277 -0.376619 -0.41668 -0.395644 -0.427051 -0.336569 -0.555541 0.0631219 -0.55554 -0.336569 -0.427051 -0.395644 -0.41668 -0.376619 -0.492277 
0.08 -5.93764 0.0849989 12 -0.492277 -0.376619 -0.41668 -0.395644 -0.427051 -0.336568 -0.555542 0.0631205 -0.555542 -0.336569 -0.427051 -0.395644 -0.41668 -0.376619 -0.492277 
0.09 -5.93765 0.0849989 12 -0.492277 -0.376619 -0.41668 -0.395644 -0.427051 -0.336568 -0.555544 0.0631187 -0.555544 -0.336568 -0.427051 -0.395644 -0.41668 -0.376619 -0.492277 
0.1 -5.93765 0.0849989 12 -0.492277 -0.376619 -0.41668 -0.395644 -0.427051 -0.336567 -0.555546 0.0631164 -0.555546 -0.336567 -0.427051 -0.395644 -0.41668 -0.376619 -0.492277 
0.11 -5.93766 0.084999 12 -0.492277 -0.376619 -0.41668 -0.395644 -0.427051 -0.336566 -0.555549 0.0631134 -0.555549 -0.336566 -0.427051 -0.395644 -0.41668 -0.376619 -0.492277 
0.12 -5.93767 0.084999 12 -0.492277 -0.376619 -0.41668 -0.395644 -0.427051 -0.336565 -0.555553 0.0631098 -0.555552 -0.336565 -0.427051 -0.395644 -0.41668 -0.376619 -0.492277 
0.13 -5.93768 0.084999 12 -0.492277 -0.376619 -0.41668 -0.395644 -0.427051 -0.336564 -0.555557 0.0631053 -0.555557 -0.336564 -0.427051 -0.395644 -0.41668 -0.376619 -0.492277 
0.14 -5.93769 0.0849991 12 -0.492277 -0.376619 -0.41668 -0.395644 -0.427051 -0.336562 -0.555562 0.0631 -0.555562 -0.336562 -0.427051 -0.395644 -0.41668 -0.376619 -0.492277 
0.15 -5.9377 0.0849991 12 -0.492277 -0.376619 -0.41668 -0.395644 -0.427051 -0.33656 -0.555568 0.0630936 -0.555568 -0.33656 -0.427051 -0.395644 -0.41668 -0.376619 -0.492277 
0.16 -5.93772 0.0849992 12 -0.492277 -0.376619 -0.41668 -0.395644 -0.427051 -0.336557 -0.555576 0.063086 -0.555575 -0.336557 -0.427051 -0.395644 -0.41668 -0.376619 -0.492277 
0.17 -5.93774 0.0849993 12 -0.492277 -0.376619 -0.41668 -0.395644 -0.427051 -0.336554 -0.555584 0.0630772 -0.555584 -0.336554 -0.427051 -0.395644 -0.41668 -0.376619 -0.492277 
0.18 -5.93776 0.0849994 12 -0.492277 -0.376619 -0.41668 -0.395644 -0.427051 -0.336551 -0.555594 0.0630668 -0.555594 -0.336551 -0.427051 -0.395644 -0.41668 -0.376619 -0.492277 
0.19 -5.93779 0.0849996 12 -0.492277 -0.376619 -0.41668 -0.395644 -0.427051 -0.336547 -0.555605 0.0630548 -0.555605 -0.336547 -0.427051 -0.395644 -0.41668 -0.376619 -0.492277 
0.2 -5.93782 0.0849998 12 -0.492277 -0.376619 -0.41668 -0.395644 -0.427051 -0.336543 -0.555618 0.063041 -0.555618 -0.336543 -0.427051 -0.395644 -0.41668 -0.376619 -0.492277 
0.21 -5.93786 0.0850001 12 -0.492277 -0.376619 -0.41668 -0.395644 -0.427051 -0.336538 -0.555633 0.0630252 -0.555633 -0.336538 -0.427051 -0.395644 -0.41668 -0.376619 -0.492277 
0.22 -5.9379 0.0850004 12 -0.492277 -0.376619 -0.41668 -0.395644 -0.427051 -0.336532 -0.555649 0.0630071 -0.555649 -0.336532 -0.427051 -0.395644 -0.41668 -0.376619 -0.492277 
0.23 -5.93794 0.0850008 12 -0.492277 -0.376619 -0.41668 -0.395644 -0.427051 -0.336525 -0.555668 0.0629865 -0.555668 -0.336525 -0.427051 -0.395644 -0.41668 -0.376619 -0.492277 
0.24 -5.93799 0.0850012 12 -0.492277 -0.376619 -0.41668 -0.395643 -0.42705 -0.336518 -0.555689 0.0629631 -0.555689 -0.336518 -0.42705 -0.395643 -0.41668 -0.376619 -0.492277 
0.25 -5.93805 0.0850018 12 -0.492277 -0.376619 -0.416679 -0.395643 -0.42705 -0.336509 -0.555713 0.0629367 -0.555712 -0.33651 -0.42705 -0.395643 -0.416679 -0.376619 -0.492277 
0.26 -5.93811 0.0850024 12 -0.492277 -0.376619 -0.416679 -0.395643 -0.42705 -0.3365 -0.555739 0.062907 -0.555738 -0.3365 -0.42705 -0.395643 -0.416679 -0.376619 -0.492277 
0.27 -5.93818 0.0850032 12 -0.492277 -0.376619 -0.416679 -0.395643 -0.42705 -0.336489 -0.555768 0.0628737 -0.555767 -0.33649 -0.42705 -0.395643 -0.416679 -0.376619 -0.492277 
0.28 -5.93825 0.0850042 12 -0.492277 -0.376619 -0.416679 -0.395643 -0.42705 -0.336478 -0.555799 0.0628364 -0.555799 -0.336478 -0.42705 -0.395643 -0.416679 -0.376619 -0.492277 
0.29 -5.93834 0.0850053 12 -0.492277 -0.376619 -0.416679 -0.395642 -0.42705 -0.336465 -0.555834 0.0627947 -0.555834 -0.336465 -0.42705 -0.395642 -0.416679 -0.376619 -0.492277 
0.3 -5.93843 0.0850066 12 -0.492277 -0.376619 -0.416679 -0.395642 -0.427049 -0.33645 -0.555873 0.0627483 -0.555872 -0.336451 -0.427049 -0.395642 -0.416679 -0.376619 -0.492277 
0.31 -5.93853 0.0850081 12 -0.492277 -0.376619 -0.416679 -0.395642 -0.427049 -0.336434 -0.555914 0.0626968 -0.555914 -0.336435 -0.427049 -0.395642 -0.416679 -0.376619 -0.492278 
0.32 -5.93864 0.0850098 12 -0.492277 -0.376619 -0.416679 -0.395642 -0.427049 -0.336417 -0.55596 0.0626398 -0.555959 -0.336417 -0.427049 -0.395642 -0.416679 -0.376619 -0.492278 
0.33 -5.93877 0.0850119 12 -0.492277 -0.376619 -0.416679 -0.395641 -0.427049 -0.336398 -0.556009 0.0625768 -0.556008 -0.336398 -0.427049 -0.395641 -0.416679 -0.376619 -0.492278 
0.34 -5.9389 0.0850143 12 -0.492277 -0.376619 -0.416679 -0.395641 -0.427049 -0.336377 -0.556062 0.0625073 -0.556061 -0.336377 -0.427048 -0.395641 -0.416679 -0.376619 -0.492278 
0.35 -5.93904 0.085017 12 -0.492277 -0.376619 -0.416679 -0.39564 -0.427048 -0.336354 -0.556119 0.0624308 -0.556118 -0.336354 -0.427048 -0.39564 -0.416679 -0.376619 -0.492278 
0.36 -5.93919 0.0850201 12 -0.492277 -0.376619 -0.416679 -0.39564 -0.427048 -0.336328 -0.556179 0.0623469 -0.556179 -0.336329 -0.427048 -0.39564 -0.416679 -0.376619 -0.492278 
0.37 -5.93936 0.0850237 12 -0.492277 -0.376619 -0.416679 -0.395639 -0.427048 -0.336301 -0.556244 0.062255 -0.556244 -0.336302 -0.427048 -0.395639 -0.416679 -0.376619 -0.492278 
0.38 -5.93954 0.0850278 12 -0.492277 -0.376619 -0.416679 -0.395638 -0.427047 -0.336272 -0.556313 0.0621545 -0.556312 -0.336272 -0.427047 -0.395638 -0.416679 -0.376619 -0.492278 
0.39 -5.93972 0.0850324 12 -0.492277 -0.376619 -0.416679 -0.395638 -0.427047 -0.33624 -0.556386 0.0620449 -0.556385 -0.33624 -0.427047 -0.395638 -0.416679 -0.376619 -0.492278 
0.4 -5.93993 0.0850377 12 -0.492277 -0.376619 -0.416679 -0.395637 -0.427047 -0.336206 -0.556462 0.0619256 -0.556462 -0.336206 -0.427047 -0.395637 -0.416679 -0.376618 -0.492278 
0.41 -5.94014 0.0850437 12 -0.492277 -0.376619 -0.416678 -0.395636 -0.427047 -0.336169 -0.556543 0.061796 -0.556542 -0.336169 -0.427047 -0.395636 -0.416678 -0.376618 -0.492278 
0.42 -5.94037 0.0850505 12 -0.492277 -0.376619 -0.416678 -0.395635 -0.427047 -0.336129 -0.556627 0.0616554 -0.556626 -0.336129 -0.427047 -0.395635 -0.416678 -0.376618 -0.492278 
0.43 -5.94061 0.0850581 12 -0.492277 -0.376619 -0.416678 -0.395634 -0.427046 -0.336087 -0.556715 0.0615034 -0.556714 -0.336087 -0.427046 -0.395634 -0.416678 -0.376618 -0.492278 
0.44 -5.94086 0.0850667 12 -0.492277 -0.376619 -0.416678 -0.395632 -0.427046 -0.336041 -0.556805 0.0613391 -0.556805 -0.336042 -0.427046 -0.395632 -0.416678 -0.376618 -0.492278 
0.45 -5.94112 0.0850764 12 -0.492276 -0.376619 -0.416678 -0.395631 -0.427046 -0.335993 -0.556899 0.0611621 -0.556898 -0.335994 -0.427046 -0.395631 -0.416678 -0.376618 -0.492278 
0.46 -5.9414 0.0850872 12 -0.492276 -0.376619 -0.416678 -0.395629 -0.427046 -0.335942 -0.556995 0.0609716 -0.556995 -0.335943 -0.427046 -0.395629 -0.416678 -0.376618 -0.492278 
0.47 -5.94169 0.0850993 12 -0.492276 -0.376619 -0.416677 -0.395628 -0.427047 -0.335888 -0.557094 0.060767 -0.557093 -0.335889 -0.427047 -0.395628 -0.416677 -0.376618 -0.492278 
0.48 -5.94199 0.0851129 12 -0.492276 -0.376619 -0.416677 -0.395626 -0.427047 -0.335831 -0.557194 0.0605477 -0.557193 -0.335831 -0.427047 -0.395626 -0.416677 -0.376618 -0.492278 
0.49 -5.94231 0.0851279 12 -0.492276 -0.376619 -0.416677 -0.395624 -0.427048 -0.33577 -0.557296 0.060313 -0.557295 -0.335771 -0.427048 -0.395624 -0.416677 -0.376618 -0.492278 
0.5 -5.94263 0.0851447 12 -0.492276 -0.376619 -0.416677 -0.395621 -0.427048 -0.335707 -0.557399 0.0600622 -0.557398 -0.335707 -0.427048 -0.395621 -0.416677 -0.376618 -0.492278 
0.51 -5.94297 0.0851633 12 -0.492276 -0.376618 -0.416676 -0.395619 -0.42705 -0.33564 -0.557502 0.0597948 -0.557501 -0.33564 -0.427049 -0.395619 -0.416676 -0.376618 -0.492278 
0.52 -5.94331 0.0851838 12 -0.492276 -0.376618 -0.416676 -0.395616 -0.427051 -0.33557 -0.557605 0.05951 -0.557604 -0.33557 -0.427051 -0.395616 -0.416676 -0.376618 -0.492278 
0.53 -5.94367 0.0852066 12 -0.492276 -0.376618 -0.416675 -0.395613 -0.427053 -0.335496 -0.557707 0.0592073 -0.557706 -0.335497 -0.427053 -0.395613 -0.416675 -0.376618 -0.492278 
0.54 -5.94404 0.0852318 12 -0.492276 -0.376618 -0.416675 -0.39561 -0.427055 -0.335419 -0.557808 0.0588861 -0.557807 -0.33542 -0.427055 -0.39561 -0.416675 -0.376618 -0.492278 
0.55 -5.94441 0.0852595 12 -0.492276 -0.376618 -0.416674 -0.395606 -0.427058 -0.335339 -0.557908 0.0585457 -0.557907 -0.335339 -0.427058 -0.395606 -0.416674 -0.376617 -0.492278 
0.56 -5.9448 0.08529 12 -0.492276 -0.376618 -0.416674 -0.395602 -0.427061 -0.335255 -0.558004 0.0581855 -0.558003 -0.335255 -0.427061 -0.395602 -0.416674 -0.376617 -0.492278 
0.57 -5.94519 0.0853236 12 -0.492276 -0.376618 -0.416673 -0.395598 -0.427065 -0.335167 -0.558098 0.057805 -0.558097 -0.335168 -0.427065 -0.395598 -0.416673 -0.376617 -0.492278 
0.58 -5.94558 0.0853604 12 -0.492276 -0.376618 -0.416673 -0.395593 -0.42707 -0.335076 -0.558188 0.0574035 -0.558187 -0.335077 -0.42707 -0.395593 -0.416673 -0.376617 -0.492277 
0.59 -5.94599 0.0854007 12 -0.492276 -0.376618 -0.416672 -0.395588 -0.427076 -0.334981 -0.558274 0.0569807 -0.558273 -0.334982 -0.427076 -0.395588 -0.416672 -0.376617 -0.492277 
0.6 -5.9464 0.0854448 12 -0.492276 -0.376618 -0.416671 -0.395583 -0.427083 -0.334882 -0.558354 0.0565359 -0.558353 -0.334883 -0.427083 -0.395583 -0.416671 -0.376617 -0.492277 
0.61 -5.94681 0.0854929 12 -0.492275 -0.376617 -0.41667 -0.395577 -0.427091 -0.33478 -0.55843 0.0560687 -0.558429 -0.334781 -0.427091 -0.395577 -0.41667 -0.376617 -0.492277 
0.62 -5.94723 0.0855454 12 -0.492275 -0.376617 -0.416669 -0.39557 -0.427101 -0.334674 -0.558499 0.0555786 -0.558498 -0.334674 -0.427101 -0.39557 -0.416669 -0.376616 -0.492277 
0.63 -5.94766 0.0856026 12 -0.492275 -0.376617 -0.416668 -0.395563 -0.427112 -0.334563 -0.558562 0.0550651 -0.558561 -0.334564 -0.427111 -0.395563 -0.416668 -0.376616 -0.492277 
0.64 -5.94808 0.0856648 12 -0.492275 -0.376617 -0.416667 -0.395556 -0.427124 -0.334449 -0.558618 0.0545279 -0.558617 -0.33445 -0.427124 -0.395556 -0.416667 -0.376616 -0.492277 
0.65 -5.94852 0.0857323 12 -0.492275 -0.376617 -0.416666 -0.395548 -0.427138 -0.33433 -0.558667 0.0539664 -0.558666 -0.334331 -0.427138 -0.395548 -0.416666 -0.376616 -0.492277 
0.66 -5.94895 0.0858056 12 -0.492275 -0.376616 -0.416664 -0.395539 -0.427154 -0.334207 -0.558708 0.0533805 -0.558707 -0.334208 -0.427154 -0.395539 -0.416664 -0.376615 -0.492277 
0.67 -5.94938 0.0858849 12 -0.492275 -0.376616 -0.416663 -0.39553 -0.427172 -0.33408 -0.558741 0.0527697 -0.55874 -0.334081 -0.427172 -0.39553 -0.416663 -0.376615 -0.492277 
0.68 -5.94982 0.0859706 12 -0.492275 -0.376616 -0.416661 -0.395521 -0.427192 -0.333948 -0.558765 0.0521337 -0.558764 -0.333949 -0.427192 -0.395521 -0.416661 -0.376615 -0.492277 
0.69 -5.95026 0.0860633 12 -0.492275 -0.376615 -0.416659 -0.395511 -0.427215 -0.333811 -0.558781 0.0514722 -0.55878 -0.333812 -0.427215 -0.395511 -0.416659 -0.376614 -0.492277 
0.7 -5.9507 0.0861632 12 -0.492274 -0.376615 -0.416657 -0.3955 -0.42724 -0.33367 -0.558787 0.050785 -0.558786 -0.33367 -0.427239 -0.3955 -0.416657 -0.376614 -0.492277 
0.71 -5.95114 0.0862708 12 -0.492274 -0.376614 -0.416655 -0.395488 -0.427267 -0.333523 -0.558785 0.0500719 -0.558784 -0.333524 -0.427267 -0.395488 -0.416655 -0.376613 -0.492277 
0.72 -5.95159 0.0863866 12 -0.492274 -0.376614 -0.416653 -0.395477 -0.427297 -0.333372 -0.558773 0.0493326 -0.558772 -0.333373 -0.427297 -0.395477 -0.416653 -0.376613 -0.492277 
0.73 -5.95203 0.0865111 12 -0.492274 -0.376613 -0.41665 -0.395464 -0.42733 -0.333215 -0.558751 0.048567 -0.558751 -0.333216 -0.42733 -0.395464 -0.41665 -0.376612 -0.492276 
0.74 -5.95247 0.0866447 12 -0.492274 -0.376613 -0.416647 -0.395451 -0.427366 -0.333053 -0.55872 0.0477749 -0.558719 -0.333054 -0.427365 -0.395451 -0.416647 -0.376611 -0.492276 
0.75 -5.95292 0.0867879 12 -0.492273 -0.376612 -0.416644 -0.395438 -0.427404 -0.332886 -0.55868 0.0469563 -0.558679 -0.332887 -0.427404 -0.395438 -0.416644 -0.376611 -0.492276 
0.76 -5.95337 0.0869412 12 -0.492273 -0.376611 -0.416641 -0.395424 -0.427445 -0.332713 -0.558629 0.0461109 -0.558628 -0.332714 -0.427445 -0.395424 -0.416641 -0.37661 -0.492276 
0.77 -5.95381 0.0871052 12 -0.492273 -0.37661 -0.416638 -0.39541 -0.42749 -0.332535 -0.558568 0.0452387 -0.558568 -0.332536 -0.42749 -0.39541 -0.416638 -0.376609 -0.492276 
0.78 -5.95426 0.0872803 12 -0.492273 -0.376609 -0.416634 -0.395396 -0.427537 -0.332351 -0.558498 0.0443397 -0.558497 -0.332352 -0.427537 -0.395396 -0.416634 -0.376608 -0.492275 
0.79 -5.9547 0.0874672 12 -0.492272 -0.376608 -0.41663 -0.395381 -0.427587 -0.332161 -0.558418 0.0434138 -0.558417 -0.332162 -0.427587 -0.395381 -0.41663 -0.376607 -0.492275 
0.8 -5.95515 0.0876664 12 -0.492272 -0.376607 -0.416626 -0.395366 -0.427641 -0.331966 -0.558328 0.042461 -0.558327 -0.331967 -0.42764 -0.395366 -0.416626 -0.376606 -0.492275 
0.81 -5.9556 0.0878785 12 -0.492271 -0.376606 -0.416622 -0.395351 -0.427696 -0.331764 -0.558228 0.0414813 -0.558227 -0.331765 -0.427696 -0.395351 -0.416622 -0.376605 -0.492275 
0.82 -5.95605 0.0881041 12 -0.492271 -0.376605 -0.416617 -0.395336 -0.427755 -0.331557 -0.558118 0.0404747 -0.558118 -0.331558 -0.427755 -0.395336 -0.416617 -0.376603 -0.492274 
0.83 -5.95649 0.0883438 12 -0.492271 -0.376603 -0.416612 -0.395322 -0.427816 -0.331344 -0.557999 0.0394413 -0.557998 -0.331345 -0.427816 -0.395322 -0.416612 -0.376602 -0.492274 
0.84 -5.95694 0.0885981 12 -0.49227 -0.376602 -0.416607 -0.395307 -0.42788 -0.331125 -0.55787 0.0383811 -0.557869 -0.331126 -0.42788 -0.395307 -0.416607 -0.3766 -0.492273 
0.85 -5.95739 0.0888678 12 -0.49227 -0.3766 -0.416601 -0.395293 -0.427946 -0.3309 -0.557731 0.0372941 -0.557731 -0.330901 -0.427946 -0.395293 -0.416602 -0.376599 -0.492273 
0.86 -5.95784 0.0891533 12 -0.492269 -0.376598 -0.416596 -0.395279 -0.428015 -0.330669 -0.557583 0.0361805 -0.557582 -0.330671 -0.428014 -0.395279 -0.416596 -0.376597 -0.492272 
0.87 -5.95829 0.0894555 12 -0.492268 -0.376596 -0.41659 -0.395265 -0.428085 -0.330433 -0.557426 0.0350403 -0.557425 -0.330434 -0.428085 -0.395265 -0.41659 -0.376595 -0.492272 
0.88 -5.95874 0.0897749 12 -0.492268 -0.376594 -0.416584 -0.395252 -0.428157 -0.330191 -0.557259 0.0338737 -0.557258 -0.330192 -0.428157 -0.395252 -0.416585 -0.376592 -0.492271 
0.89 -5.95919 0.0901122 12 -0.492267 -0.376592 -0.416579 -0.395239 -0.428231 -0.329943 -0.557083 0.0326807 -0.557082 -0.329944 -0.42823 -0.39524 -0.416579 -0.37659 -0.49227 
0.9 -5.95964 0.0904681 12 -0.492266 -0.376589 -0.416573 -0.395228 -0.428306 -0.329689 -0.556897 0.0314615 -0.556896 -0.329691 -0.428305 -0.395228 -0.416573 -0.376587 -0.49227 
0.91 -5.96008 0.0908432 12 -0.492265 -0.376586 -0.416567 -0.395216 -0.428382 -0.32943 -0.556703 0.0302163 -0.556702 -0.329432 -0.428382 -0.395216 -0.416567 -0.376584 -0.492269 
0.92 -5.96053 0.0912382 12 -0.492264 -0.376583 -0.416561 -0.395206 -0.428459 -0.329166 -0.556499 0.0289451 -0.556498 -0.329167 -0.428459 -0.395206 -0.416561 -0.376581 -0.492268 
0.93 -5.96098 0.0916538 12 -0.492263 -0.37658 -0.416555 -0.395196 -0.428537 -0.328896 -0.556287 0.0276481 -0.556286 -0.328897 -0.428537 -0.395196 -0.416556 -0.376578 -0.492267 
0.94 -5.96143 0.0920907 12 -0.492262 -0.376576 -0.41655 -0.395187 -0.428616 -0.328621 -0.556066 0.0263255 -0.556065 -0.328622 -0.428616 -0.395187 -0.41655 -0.376575 -0.492265 
0.95 -5.96188 0.0925495 12 -0.49226 -0.376573 -0.416545 -0.395178 -0.428695 -0.32834 -0.555836 0.0249775 -0.555835 -0.328342 -0.428695 -0.395179 -0.416545 -0.376571 -0.492264 
0.96 -5.96233 0.093031 12 -0.492259 -0.376569 -0.41654 -0.395171 -0.428774 -0.328055 -0.555598 0.0236043 -0.555597 -0.328056 -0.428774 -0.395171 -0.416541 -0.376567 -0.492263 
0.97 -5.96278 0.0935359 12 -0.492257 -0.376564 -0.416537 -0.395164 -0.428854 -0.327764 -0.555351 0.022206 -0.55535 -0.327766 -0.428853 -0.395164 -0.416537 -0.376563 -0.492261 
0.98 -5.96323 0.0940648 12 -0.492255 -0.37656 -0.416533 -0.395157 -0.428933 -0.327469 -0.555096 0.0207828 -0.555095 -0.32747 -0.428932 -0.395157 -0.416533 -0.376558 -0.492259 
0.99 -5.96367 0.0946184 12 -0.492253 -0.376555 -0.416531 -0.395151 -0.429011 -0.327169 -0.554832 0.019335 -0.554831 -0.32717 -0.429011 -0.395151 -0.416531 -0.376553 -0.492257 
1 -5.96412 0.0951975 12 -0.492251 -0.37655 -0.416529 -0.395146 -0.42909 -0.326864 -0.554561 0.0178627 -0.55456 -0.326866 -0.429089 -0.395146 -0.416529 -0.376548 -0.492255 
1.01 -5.96457 0.0958027 12 -0.492249 -0.376545 -0.416528 -0.395141 -0.429168 -0.326555 -0.554281 0.0163662 -0.55428 -0.326557 -0.429167 -0.395141 -0.416529 -0.376543 -0.492253 
1.02 -5.96502 0.0964347 12 -0.492246 -0.37654 -0.416529 -0.395136 -0.429245 -0.326241 -0.553993 0.0148457 -0.553992 -0.326243 -0.429244 -0.395136 -0.416529 -0.376538 -0.492251 
1.03 -5.96546 0.0970943 12 -0.492244 -0.376534 -0.416531 -0.395131 -0.429321 -0.325924 -0.553698 0.0133014 -0.553697 -0.325925 -0.429321 -0.395131 -0.416531 -0.376532 -0.492248 
1.04 -5.96591 0.097782 12 -0.492241 -0.376528 -0.416534 -0.395126 -0.429397 -0.325602 -0.553394 0.0117336 -0.553393 -0.325603 -0.429396 -0.395126 -0.416534 -0.376526 -0.492245 
1.05 -5.96636 0.0984986 12 -0.492237 -0.376523 -0.416538 -0.39512 -0.429471 -0.325276 -0.553083 0.0101424 -0.553082 -0.325277 -0.429471 -0.39512 -0.416538 -0.37652 -0.492242 
1.06 -5.9668 0.0992448 12 -0.492234 -0.376517 -0.416544 -0.395115 -0.429545 -0.324946 -0.552764 0.00852819 -0.552764 -0.324947 -0.429545 -0.395115 -0.416544 -0.376514 -0.492238 
1.07 -5.96725 0.100021 12 -0.49223 -0.376511 -0.416551 -0.395108 -0.429618 -0.324612 -0.552438 0.00689115 -0.552437 -0.324614 -0.429618 -0.395108 -0.416552 -0.376508 -0.492235 
1.08 -5.9677 0.100828 12 -0.492226 -0.376505 -0.416561 -0.395102 -0.42969 -0.324275 -0.552105 0.00523155 -0.552104 -0.324277 -0.429689 -0.395102 -0.416561 -0.376503 -0.49223 
1.09 -5.96814 0.101667 12 -0.492221 -0.376499 -0.416571 -0.395094 -0.42976 -0.323934 -0.551764 0.00354963 -0.551763 -0.323936 -0.42976 -0.395094 -0.416572 -0.376497 -0.492226 
1.1 -5.96859 0.102538 12 -0.492216 -0.376493 -0.416584 -0.395085 -0.42983 -0.32359 -0.551416 0.00184565 -0.551415 -0.323592 -0.429829 -0.395085 -0.416584 -0.376491 -0.492221 
1.11 -5.96903 0.103442 12 -0.492211 -0.376488 -0.416598 -0.395075 -0.429898 -0.323243 -0.55106 0.000119895 -0.55106 -0.323244 -0.429898 -0.395075 -0.416598 -0.376486 -0.492216 
1.12 -5.96948 0.104379 12 -0.492206 -0.376483 -0.416614 -0.395064 -0.429965 -0.322892 -0.550698 -0.00162739 -0.550697 -0.322894 -0.429965 -0.395064 -0.416614 -0.376481 -0.492211 
1.13 -5.96992 0.105351 12 -0.4922 -0.376478 -0.416632 -0.395051 -0.430031 -0.322539 -0.550329 -0.00339592 -0.550328 -0.32254 -0.430031 -0.395052 -0.416632 -0.376476 -0.492205 
1.14 -5.97036 0.106356 12 -0.492193 -0.376474 -0.416651 -0.395037 -0.430096 -0.322182 -0.549953 -0.00518542 -0.549952 -0.322184 -0.430096 -0.395037 -0.416651 -0.376472 -0.492198 
1.15 -5.97081 0.107398 12 -0.492186 -0.376471 -0.416672 -0.395022 -0.43016 -0.321823 -0.54957 -0.00699562 -0.549569 -0.321825 -0.43016 -0.395022 -0.416672 -0.376469 -0.492191 
1.16 -5.97125 0.108475 12 -0.492179 -0.376468 -0.416695 -0.395004 -0.430223 -0.321462 -0.54918 -0.00882623 -0.549179 -0.321464 -0.430223 -0.395004 -0.416695 -0.376466 -0.492184 
1.17 -5.9717 0.109588 12 -0.492171 -0.376467 -0.416718 -0.394985 -0.430285 -0.321098 -0.548784 -0.010677 -0.548783 -0.321099 -0.430284 -0.394985 -0.416719 -0.376464 -0.492176 
1.18 -5.97214 0.110739 12 -0.492163 -0.376466 -0.416744 -0.394963 -0.430345 -0.320731 -0.548381 -0.0125476 -0.548381 -0.320733 -0.430345 -0.394964 -0.416744 -0.376463 -0.492168 
1.19 -5.97258 0.111927 12 -0.492154 -0.376466 -0.41677 -0.39494 -0.430404 -0.320363 -0.547972 -0.0144377 -0.547971 -0.320365 -0.430404 -0.39494 -0.41677 -0.376464 -0.49216 
1.2 -5.97302 0.113153 12 -0.492145 -0.376468 -0.416797 -0.394915 -0.430463 -0.319992 -0.547556 -0.0163471 -0.547556 -0.319994 -0.430462 -0.394915 -0.416798 -0.376465 -0.492151 
1.21 -5.97347 0.114417 12 -0.492136 -0.37647 -0.416826 -0.394888 -0.43052 -0.319619 -0.547135 -0.0182754 -0.547134 -0.319621 -0.430519 -0.394888 -0.416826 -0.376468 -0.492141 
1.22 -5.97391 0.115721 12 -0.492126 -0.376475 -0.416855 -0.394858 -0.430575 -0.319245 -0.546707 -0.0202225 -0.546706 -0.319247 -0.430575 -0.394858 -0.416855 -0.376472 -0.492131 
1.23 -5.97435 0.117064 12 -0.492116 -0.37648 -0.416884 -0.394827 -0.43063 -0.318869 -0.546272 -0.0221878 -0.546272 -0.318871 -0.43063 -0.394827 -0.416885 -0.376478 -0.492121 
1.24 -5.97479 0.118447 12 -0.492105 -0.376487 -0.416914 -0.394793 -0.430684 -0.318491 -0.545832 -0.0241713 -0.545832 -0.318493 -0.430684 -0.394793 -0.416915 -0.376485 -0.492111 
1.25 -5.97523 0.119871 12 -0.492094 -0.376496 -0.416945 -0.394757 -0.430737 -0.318112 -0.545386 -0.0261725 -0.545386 -0.318114 -0.430736 -0.394757 -0.416945 -0.376493 -0.4921 
1.26 -5.97567 0.121335 12 -0.492083 -0.376506 -0.416975 -0.394719 -0.430788 -0.317732 -0.544934 -0.0281911 -0.544934 -0.317734 -0.430788 -0.394719 -0.416976 -0.376504 -0.492089 
1.27 -5.97611 0.122841 12 -0.492072 -0.376518 -0.417006 -0.394679 -0.430838 -0.317351 -0.544477 -0.0302269 -0.544476 -0.317353 -0.430838 -0.394679 -0.417006 -0.376516 -0.492077 
1.28 -5.97655 0.124388 12 -0.49206 -0.376532 -0.417036 -0.394637 -0.430888 -0.316968 -0.544013 -0.0322794 -0.544012 -0.31697 -0.430887 -0.394637 -0.417036 -0.376529 -0.492066 
1.29 -5.97699 0.125977 12 -0.492049 -0.376547 -0.417066 -0.394592 -0.430936 -0.316585 -0.543544 -0.0343485 -0.543543 -0.316587 -0.430935 -0.394592 -0.417066 -0.376544 -0.492054 
1.3 -5.97743 0.127609 12 -0.492037 -0.376564 -0.417095 -0.394546 -0.430983 -0.316201 -0.543069 -0.0364338 -0.543069 -0.316203 -0.430982 -0.394546 -0.417096 -0.376561 -0.492043 
1.31 -5.97786 0.129284 12 -0.492025 -0.376582 -0.417124 -0.394497 -0.431029 -0.315816 -0.542589 -0.0385349 -0.542589 -0.315818 -0.431028 -0.394497 -0.417125 -0.376579 -0.492031 
1.32 -5.9783 0.131002 12 -0.492014 -0.376602 -0.417153 -0.394446 -0.431073 -0.315431 -0.542104 -0.0406516 -0.542103 -0.315433 -0.431073 -0.394446 -0.417153 -0.376599 -0.49202 
1.33 -5.97874 0.132763 12 -0.492003 -0.376623 -0.41718 -0.394393 -0.431117 -0.315045 -0.541613 -0.0427835 -0.541613 -0.315047 -0.431117 -0.394393 -0.417181 -0.37662 -0.492009 
1.34 -5.97917 0.134567 12 -0.491992 -0.376645 -0.417207 -0.394338 -0.431159 -0.314659 -0.541117 -0.0449303 -0.541117 -0.314661 -0.431159 -0.394339 -0.417207 -0.376642 -0.491998 
1.35 -5.97961 0.136416 12 -0.491981 -0.376669 -0.417233 -0.394281 -0.431201 -0.314274 -0.540616 -0.0470917 -0.540616 -0.314276 -0.4312 -0.394282 -0.417233 -0.376666 -0.491987 
1.36 -5.98004 0.138309 12 -0.491971 -0.376693 -0.417258 -0.394223 -0.431241 -0.313888 -0.54011 -0.0492673 -0.54011 -0.31389 -0.43124 -0.394223 -0.417258 -0.37669 -0.491977 
1.37 -5.98047 0.140246 12 -0.491961 -0.376718 -0.417282 -0.394162 -0.43128 -0.313502 -0.539599 -0.0514568 -0.539599 -0.313504 -0.431279 -0.394162 -0.417282 -0.376716 -0.491967 
1.38 -5.9809 0.142228 12 -0.491951 -0.376744 -0.417304 -0.394099 -0.431317 -0.313117 -0.539083 -0.05366 -0.539083 -0.313119 -0.431317 -0.394099 -0.417305 -0.376742 -0.491957 
1.39 -5.98133 0.144254 12 -0.491942 -0.376771 -0.417326 -0.394034 -0.431354 -0.312732 -0.538563 -0.0558763 -0.538562 -0.312734 -0.431354 -0.394034 -0.417327 -0.376768 -0.491948 
1.4 -5.98175 0.146326 12 -0.491934 -0.376798 -0.417347 -0.393968 -0.431389 -0.312347 -0.538037 -0.0581056 -0.538037 -0.312349 -0.431389 -0.393968 -0.417347 -0.376795 -0.49194 
1.41 -5.98217 0.148443 12 -0.491926 -0.376825 -0.417367 -0.393899 -0.431423 -0.311964 -0.537507 -0.0603475 -0.537507 -0.311966 -0.431423 -0.393899 -0.417367 -0.376822 -0.491932 
1.42 -5.98259 0.150605 12 -0.491918 -0.376852 -0.417386 -0.393829 -0.431456 -0.311581 -0.536973 -0.0626017 -0.536972 -0.311583 -0.431456 -0.393829 -0.417386 -0.376849 -0.491924 
1.43 -5.98301 0.152812 12 -0.491911 -0.376879 -0.417403 -0.393757 -0.431488 -0.311199 -0.536434 -0.0648678 -0.536433 -0.311201 -0.431487 -0.393757 -0.417404 -0.376876 -0.491917 
1.44 -5.98343 0.155064 12 -0.491904 -0.376905 -0.41742 -0.393683 -0.431518 -0.310818 -0.53589 -0.0671454 -0.53589 -0.31082 -0.431517 -0.393683 -0.41742 -0.376902 -0.49191 
1.45 -5.98384 0.157363 12 -0.491897 -0.376931 -0.417436 -0.393607 -0.431547 -0.310439 -0.535343 -0.0694343 -0.535342 -0.310441 -0.431546 -0.393607 -0.417436 -0.376928 -0.491903 
1.46 -5.98424 0.159706 12 -0.49189 -0.376956 -0.417451 -0.39353 -0.431574 -0.31006 -0.534791 -0.0717341 -0.53479 -0.310062 -0.431574 -0.39353 -0.417451 -0.376953 -0.491897 
1.47 -5.98464 0.162095 12 -0.491884 -0.37698 -0.417464 -0.393451 -0.4316 -0.309683 -0.534235 -0.0740444 -0.534234 -0.309686 -0.4316 -0.393451 -0.417465 -0.376977 -0.49189 
1.48 -5.98504 0.16453 12 -0.491877 -0.377003 -0.417477 -0.39337 -0.431625 -0.309308 -0.533675 -0.076365 -0.533674 -0.30931 -0.431625 -0.39337 -0.417478 -0.377 -0.491884 
1.49 -5.98543 0.16701 12 -0.49187 -0.377025 -0.417489 -0.393288 -0.431648 -0.308935 -0.533111 -0.0786954 -0.53311 -0.308937 -0.431648 -0.393288 -0.417489 -0.377022 -0.491877 
1.5 -5.98582 0.169536 12 -0.491863 -0.377046 -0.4175 -0.393204 -0.43167 -0.308563 -0.532543 -0.0810354 -0.532542 -0.308565 -0.43167 -0.393204 -0.417501 -0.377043 -0.491869 
1.51 -5.9862 0.172108 12 -0.491855 -0.377065 -0.417511 -0.393118 -0.43169 -0.308194 -0.531971 -0.0833846 -0.531971 -0.308196 -0.43169 -0.393118 -0.417511 -0.377062 -0.491862 
1.52 -5.98657 0.174724 12 -0.491846 -0.377083 -0.41752 -0.393031 -0.431709 -0.307826 -0.531396 -0.0857427 -0.531395 -0.307828 -0.431709 -0.393031 -0.41752 -0.37708 -0.491853 
1.53 -5.98694 0.177386 12 -0.491837 -0.377099 -0.417529 -0.392943 -0.431726 -0.307461 -0.530817 -0.0881092 -0.530816 -0.307463 -0.431726 -0.392943 -0.417529 -0.377096 -0.491843 
1.54 -5.98729 0.180093 12 -0.491826 -0.377113 -0.417537 -0.392852 -0.431742 -0.307098 -0.530234 -0.090484 -0.530234 -0.3071 -0.431742 -0.392853 -0.417537 -0.37711 -0.491832 
1.55 -5.98764 0.182845 12 -0.491814 -0.377126 -0.417544 -0.392761 -0.431756 -0.306738 -0.529648 -0.0928665 -0.529648 -0.30674 -0.431756 -0.392761 -0.417544 -0.377122 -0.49182 
1.56 -5.98798 0.185642 12 -0.4918 -0.377136 -0.41755 -0.392668 -0.431768 -0.30638 -0.529059 -0.0952565 -0.529058 -0.306382 -0.431768 -0.392668 -0.417551 -0.377133 -0.491806 
1.57 -5.98832 0.188484 12 -0.491784 -0.377145 -0.417556 -0.392573 -0.431779 -0.306025 -0.528466 -0.0976537 -0.528466 -0.306027 -0.431779 -0.392573 -0.417557 -0.377142 -0.491791 
1.58 -5.98864 0.191371 12 -0.491767 -0.377151 -0.417562 -0.392477 -0.431788 -0.305673 -0.52787 -0.100058 -0.52787 -0.305675 -0.431788 -0.392477 -0.417562 -0.377148 -0.491773 
1.59 -5.98895 0.194301 12 -0.491747 -0.377156 -0.417566 -0.39238 -0.431795 -0.305324 -0.527272 -0.102468 -0.527271 -0.305326 -0.431795 -0.39238 -0.417567 -0.377153 -0.491753 
1.6 -5.98926 0.197276 12 -0.491725 -0.377158 -0.41757 -0.392281 -0.431801 -0.304978 -0.52667 -0.104885 -0.526669 -0.30498 -0.4318 -0.392281 -0.417571 -0.377155 -0.491731 
1.61 -5.98955 0.200295 11 -0.4917 -0.377158 -0.417574 -0.392181 -0.431804 -0.304635 -0.526065 -0.107307 -0.526065 -0.304637 -0.431804 -0.392181 -0.417574 -0.377155 -0.491707 
1.62 -5.98983 0.203357 11 -0.491673 -0.377156 -0.417577 -0.392079 -0.431806 -0.304296 -0.525457 -0.109735 -0.525457 -0.304298 -0.431806 -0.39208 -0.417577 -0.377153 -0.49168 
1.63 -5.9901 0.206462 11 -0.491643 -0.377152 -0.417579 -0.391977 -0.431806 -0.30396 -0.524847 -0.112167 -0.524847 -0.303962 -0.431806 -0.391977 -0.417579 -0.377149 -0.49165 
1.64 -5.99036 0.209611 11 -0.49161 -0.377146 -0.417581 -0.391873 -0.431804 -0.303628 -0.524234 -0.114605 -0.524234 -0.30363 -0.431804 -0.391873 -0.417581 -0.377143 -0.491617 
1.65 -5.99061 0.212802 11 -0.491575 -0.377137 -0.417582 -0.391767 -0.4318 -0.303299 -0.523618 -0.117047 -0.523618 -0.303301 -0.4318 -0.391767 -0.417583 -0.377134 -0.491581 
1.66 -5.99085 0.216036 11 -0.491536 -0.377127 -0.417583 -0.391661 -0.431794 -0.302975 -0.523 -0.119493 -0.523 -0.302977 -0.431794 -0.391661 -0.417583 -0.377124 -0.491543 
1.67 -5.99108 0.219312 11 -0.491495 -0.377114 -0.417583 -0.391553 -0.431786 -0.302654 -0.52238 -0.121942 -0.52238 -0.302656 -0.431786 -0.391553 -0.417584 -0.377111 -0.491501 
1.68 -5.99129 0.222629 11 -0.49145 -0.377099 -0.417583 -0.391444 -0.431776 -0.302337 -0.521757 -0.124395 -0.521757 -0.302339 -0.431776 -0.391444 -0.417584 -0.377095 -0.491457 
1.69 -5.9915 0.225988 11 -0.491403 -0.377081 -0.417583 -0.391333 -0.431764 -0.302025 -0.521132 -0.126851 -0.521132 -0.302027 -0.431764 -0.391334 -0.417583 -0.377078 -0.49141 
1.7 -5.9917 0.229388 11 -0.491353 -0.377061 -0.417582 -0.391222 -0.43175 -0.301716 -0.520505 -0.12931 -0.520505 -0.301719 -0.43175 -0.391222 -0.417582 -0.377058 -0.49136 
1.71 -5.99188 0.232828 11 -0.4913 -0.37704 -0.41758 -0.391109 -0.431734 -0.301413 -0.519876 -0.131771 -0.519876 -0.301415 -0.431734 -0.391109 -0.41758 -0.377036 -0.491307 
1.72 -5.99206 0.236309 11 -0.491245 -0.377015 -0.417578 -0.390995 -0.431715 -0.301113 -0.519245 -0.134234 -0.519245 -0.301116 -0.431715 -0.390996 -0.417578 -0.377012 -0.491251 
1.73 -5.99222 0.239829 11 -0.491187 -0.376989 -0.417576 -0.39088 -0.431695 -0.300819 -0.518612 -0.136699 -0.518612 -0.300821 -0.431694 -0.390881 -0.417576 -0.376986 -0.491193 
1.74 -5.99238 0.243388 11 -0.491126 -0.376961 -0.417573 -0.390764 -0.431672 -0.300529 -0.517978 -0.139165 -0.517978 -0.300531 -0.431672 -0.390765 -0.417573 -0.376958 -0.491133 
1.75 -5.99252 0.246986 11 -0.491063 -0.37693 -0.417569 -0.390647 -0.431647 -0.300244 -0.517342 -0.141632 -0.517341 -0.300246 -0.431646 -0.390647 -0.41757 -0.376927 -0.49107 
1.76 -5.99266 0.250623 11 -0.490998 -0.376898 -0.417565 -0.390529 -0.431619 -0.299964 -0.516704 -0.1441 -0.516704 -0.299966 -0.431619 -0.390529 -0.417566 -0.376895 -0.491004 
1.77 -5.99279 0.254297 11 -0.490931 -0.376863 -0.417561 -0.39041 -0.43159 -0.299689 -0.516065 -0.146568 -0.516064 -0.299691 -0.431589 -0.39041 -0.417562 -0.37686 -0.490937 
1.78 -5.99291 0.258008 11 -0.490861 -0.376826 -0.417556 -0.390289 -0.431558 -0.299419 -0.515424 -0.149037 -0.515424 -0.299421 -0.431557 -0.390289 -0.417557 -0.376823 -0.490868 
1.79 -5.99302 0.261756 11 -0.49079 -0.376788 -0.417551 -0.390168 -0.431523 -0.299154 -0.514782 -0.151504 -0.514782 -0.299156 -0.431523 -0.390168 -0.417551 -0.376784 -0.490797 
1.8 -5.99313 0.265541 11 -0.490718 -0.376747 -0.417545 -0.390045 -0.431486 -0.298895 -0.514139 -0.153972 -0.514139 -0.298897 -0.431486 -0.390046 -0.417546 -0.376744 -0.490724 
1.81 -5.99323 0.269361 11 -0.490644 -0.376704 -0.417539 -0.389922 -0.431447 -0.298641 -0.513494 -0.156438 -0.513494 -0.298643 -0.431446 -0.389922 -0.417539 -0.376701 -0.49065 
1.82 -5.99332 0.273216 11 -0.490568 -0.37666 -0.417532 -0.389798 -0.431405 -0.298392 -0.512849 -0.158903 -0.512849 -0.298395 -0.431405 -0.389798 -0.417533 -0.376656 -0.490575 
1.83 -5.9934 0.277106 11 -0.490492 -0.376613 -0.417525 -0.389672 -0.431361 -0.29815 -0.512203 -0.161366 -0.512203 -0.298152 -0.43136 -0.389672 -0.417525 -0.37661 -0.490498 
1.84 -5.99348 0.28103 11 -0.490414 -0.376565 -0.417517 -0.389546 -0.431314 -0.297913 -0.511556 -0.163828 -0.511556 -0.297915 -0.431313 -0.389546 -0.417517 -0.376562 -0.490421 
1.85 -5.99355 0.284987 11 -0.490335 -0.376515 -0.417508 -0.389419 -0.431264 -0.297682 -0.510908 -0.166287 -0.510908 -0.297684 -0.431264 -0.389419 -0.417509 -0.376512 -0.490342 
1.86 -5.99362 0.288977 11 -0.490256 -0.376463 -0.417499 -0.389291 -0.431212 -0.297456 -0.510259 -0.168743 -0.510259 -0.297459 -0.431212 -0.389291 -0.4175 -0.37646 -0.490263 
1.87 -5.99369 0.292999 11 -0.490176 -0.37641 -0.41749 -0.389162 -0.431158 -0.297237 -0.50961 -0.171197 -0.50961 -0.297239 -0.431157 -0.389162 -0.41749 -0.376406 -0.490183 
1.88 -5.99375 0.297053 11 -0.490095 -0.376354 -0.41748 -0.389032 -0.4311 -0.297024 -0.508961 -0.173648 -0.508961 -0.297026 -0.4311 -0.389032 -0.41748 -0.376351 -0.490102 
1.89 -5.9938 0.301138 11 -0.490014 -0.376297 -0.417469 -0.388901 -0.43104 -0.296817 -0.508311 -0.176094 -0.508311 -0.296819 -0.43104 -0.388901 -0.417469 -0.376294 -0.490021 
1.9 -5.99385 0.305253 11 -0.489933 -0.376239 -0.417457 -0.388769 -0.430978 -0.296616 -0.507661 -0.178538 -0.507661 -0.296618 -0.430978 -0.38877 -0.417458 -0.376236 -0.48994 
1.91 -5.9939 0.309398 11 -0.489851 -0.376179 -0.417445 -0.388637 -0.430913 -0.296422 -0.50701 -0.180977 -0.50701 -0.296424 -0.430912 -0.388637 -0.417446 -0.376176 -0.489858 
1.92 -5.99394 0.313572 11 -0.48977 -0.376117 -0.417432 -0.388504 -0.430845 -0.296234 -0.50636 -0.183411 -0.50636 -0.296236 -0.430844 -0.388504 -0.417433 -0.376114 -0.489776 
1.93 -5.99398 0.317774 11 -0.489688 -0.376055 -0.417419 -0.38837 -0.430774 -0.296052 -0.505709 -0.185841 -0.505709 -0.296054 -0.430773 -0.38837 -0.417419 -0.376051 -0.489694 
1.94 -5.99402 0.322004 11 -0.489606 -0.37599 -0.417405 -0.388235 -0.4307 -0.295877 -0.505059 -0.188266 -0.505059 -0.295879 -0.4307 -0.388235 -0.417405 -0.375987 -0.489613 
1.95 -5.99405 0.326261 11 -0.489524 -0.375924 -0.41739 -0.388099 -0.430624 -0.295709 -0.504408 -0.190685 -0.504408 -0.295711 -0.430624 -0.3881 -0.41739 -0.375921 -0.489531 
1.96 -5.99408 0.330544 11 -0.489443 -0.375857 -0.417374 -0.387963 -0.430545 -0.295547 -0.503758 -0.193099 -0.503758 -0.295549 -0.430545 -0.387963 -0.417374 -0.375854 -0.489449 
1.97 -5.99411 0.334853 11 -0.489361 -0.375789 -0.417357 -0.387826 -0.430463 -0.295392 -0.503109 -0.195507 -0.503109 -0.295395 -0.430463 -0.387826 -0.417358 -0.375786 -0.489368 
1.98 -5.99413 0.339187 11 -0.48928 -0.375719 -0.41734 -0.387688 -0.430378 -0.295244 -0.502459 -0.197909 -0.502459 -0.295247 -0.430378 -0.387689 -0.417341 -0.375716 -0.489287 
1.99 -5.99416 0.343545 11 -0.4892 -0.375649 -0.417322 -0.38755 -0.430291 -0.295103 -0.50181 -0.200304 -0.50181 -0.295105 -0.43029 -0.38755 -0.417322 -0.375645 -0.489206 
2 -5.99418 0.347927 11 -0.489119 -0.375577 -0.417303 -0.387411 -0.4302 -0.294969 -0.501162 -0.202692 -0.501162 -0.294971 -0.4302 -0.387411 -0.417303 -0.375573 -0.489126 
2.01 -5.9942 0.352331 11 -0.489039 -0.375503 -0.417283 -0.387271 -0.430107 -0.294842 -0.500515 -0.205074 -0.500515 -0.294844 -0.430107 -0.387272 -0.417284 -0.3755 -0.489046 
2.02 -5.99422 0.356758 11 -0.48896 -0.375429 -0.417262 -0.387131 -0.430011 -0.294722 -0.499868 -0.207448 -0.499868 -0.294724 -0.430011 -0.387131 -0.417263 -0.375426 -0.488967 
2.03 -5.99424 0.361206 11 -0.488881 -0.375354 -0.417241 -0.38699 -0.429912 -0.294609 -0.499222 -0.209814 -0.499222 -0.294611 -0.429911 -0.38699 -0.417241 -0.375351 -0.488888 
2.04 -5.99425 0.365674 11 -0.488802 -0.375278 -0.417218 -0.386849 -0.42981 -0.294503 -0.498577 -0.212172 -0.498577 -0.294505 -0.429809 -0.386849 -0.417219 -0.375275 -0.488809 
2.05 -5.99427 0.370163 11 -0.488725 -0.375201 -0.417195 -0.386707 -0.429705 -0.294404 -0.497933 -0.214523 -0.497933 -0.294407 -0.429705 -0.386707 -0.417195 -0.375198 -0.488731 
2.06 -5.99428 0.374671 11 -0.488647 -0.375123 -0.41717 -0.386564 -0.429597 -0.294313 -0.497291 -0.216865 -0.497291 -0.294315 -0.429597 -0.386564 -0.417171 -0.37512 -0.488654 
2.07 -5.99429 0.379197 11 -0.48857 -0.375044 -0.417145 -0.386421 -0.429486 -0.294229 -0.496649 -0.219198 -0.496649 -0.294231 -0.429486 -0.386421 -0.417145 -0.375041 -0.488577 
2.08 -5.9943 0.383741 11 -0.488494 -0.374965 -0.417118 -0.386277 -0.429372 -0.294153 -0.496009 -0.221522 -0.496009 -0.294155 -0.429372 -0.386278 -0.417118 -0.374962 -0.488501 
2.09 -5.99431 0.388302 11 -0.488418 -0.374884 -0.41709 -0.386133 -0.429256 -0.294084 -0.49537 -0.223837 -0.49537 -0.294086 -0.429256 -0.386134 -0.417091 -0.374881 -0.488425 
2.1 -5.99432 0.39288 11 -0.488343 -0.374803 -0.417062 -0.385989 -0.429136 -0.294022 -0.494732 -0.226142 -0.494733 -0.294024 -0.429136 -0.385989 -0.417062 -0.3748 -0.48835 
2.11 -5.99433 0.397472 11 -0.488269 -0.374722 -0.417032 -0.385844 -0.429014 -0.293968 -0.494097 -0.228438 -0.494097 -0.29397 -0.429013 -0.385844 -0.417032 -0.374719 -0.488275 
2.12 -5.99434 0.40208 11 -0.488195 -0.374639 -0.417001 -0.385698 -0.428888 -0.293921 -0.493462 -0.230724 -0.493463 -0.293923 -0.428888 -0.385699 -0.417001 -0.374636 -0.488201 
2.13 -5.99435 0.406702 11 -0.488122 -0.374557 -0.416969 -0.385552 -0.42876 -0.293882 -0.49283 -0.233 -0.49283 -0.293884 -0.428759 -0.385553 -0.416969 -0.374554 -0.488128 
2.14 -5.99435 0.411337 11 -0.488049 -0.374473 -0.416935 -0.385406 -0.428628 -0.293851 -0.492199 -0.235265 -0.492199 -0.293853 -0.428628 -0.385406 -0.416936 -0.37447 -0.488055 
2.15 -5.99436 0.415984 11 -0.487977 -0.374389 -0.416901 -0.385259 -0.428494 -0.293827 -0.49157 -0.237519 -0.49157 -0.293829 -0.428494 -0.38526 -0.416901 -0.374386 -0.487983 
2.16 -5.99437 0.420643 11 -0.487905 -0.374305 -0.416865 -0.385112 -0.428356 -0.293811 -0.490943 -0.239763 -0.490943 -0.293813 -0.428356 -0.385113 -0.416866 -0.374302 -0.487912 
2.17 -5.99437 0.425313 11 -0.487834 -0.37422 -0.416828 -0.384965 -0.428216 -0.293803 -0.490318 -0.241995 -0.490319 -0.293805 -0.428216 -0.384965 -0.416829 -0.374217 -0.487841 
2.18 -5.99438 0.429994 11 -0.487764 -0.374135 -0.41679 -0.384817 -0.428073 -0.293802 -0.489696 -0.244216 -0.489696 -0.293804 -0.428073 -0.384818 -0.41679 -0.374132 -0.48777 
2.19 -5.99438 0.434684 11 -0.487694 -0.37405 -0.41675 -0.38467 -0.427927 -0.293809 -0.489075 -0.246425 -0.489075 -0.293811 -0.427927 -0.38467 -0.416751 -0.374047 -0.4877 
2.2 -5.99438 0.439383 11 -0.487624 -0.373964 -0.416709 -0.384521 -0.427778 -0.293824 -0.488457 -0.248623 -0.488457 -0.293826 -0.427777 -0.384522 -0.41671 -0.373961 -0.487631 
2.21 -5.99439 0.444089 11 -0.487555 -0.373879 -0.416667 -0.384373 -0.427626 -0.293846 -0.48784 -0.250808 -0.487841 -0.293848 -0.427626 -0.384373 -0.416667 -0.373876 -0.487562 
2.22 -5.99439 0.448804 11 -0.487487 -0.373793 -0.416623 -0.384224 -0.427471 -0.293877 -0.487227 -0.252981 -0.487227 -0.293879 -0.427471 -0.384224 -0.416624 -0.37379 -0.487493 
2.23 -5.99439 0.453524 11 -0.487419 -0.373707 -0.416578 -0.384075 -0.427313 -0.293915 -0.486616 -0.255142 -0.486616 -0.293917 -0.427313 -0.384075 -0.416578 -0.373704 -0.487425 
2.24 -5.9944 0.458251 11 -0.487351 -0.37362 -0.416531 -0.383926 -0.427152 -0.293961 -0.486007 -0.25729 -0.486007 -0.293963 -0.427152 -0.383926 -0.416532 -0.373618 -0.487358 
2.25 -5.9944 0.462983 11 -0.487284 -0.373534 -0.416483 -0.383777 -0.426989 -0.294015 -0.485401 -0.259425 -0.485401 -0.294017 -0.426989 -0.383777 -0.416484 -0.373531 -0.487291 
2.26 -5.9944 0.467719 11 -0.487218 -0.373448 -0.416434 -0.383627 -0.426822 -0.294076 -0.484798 -0.261547 -0.484798 -0.294078 -0.426822 -0.383627 -0.416434 -0.373445 -0.487224 
2.27 -5.9944 0.472458 12 -0.487152 -0.373362 -0.416383 -0.383477 -0.426653 -0.294146 -0.484197 -0.263656 -0.484198 -0.294148 -0.426653 -0.383478 -0.416383 -0.373359 -0.487158 
2.28 -5.9944 0.477201 12 -0.487086 -0.373276 -0.41633 -0.383328 -0.426481 -0.294223 -0.4836 -0.265751 -0.4836 -0.294225 -0.426481 -0.383328 -0.416331 -0.373273 -0.487092 
2.29 -5.99441 0.481946 12 -0.48702 -0.37319 -0.416276 -0.383178 -0.426306 -0.294308 -0.483005 -0.267833 -0.483005 -0.29431 -0.426306 -0.383178 -0.416277 -0.373187 -0.487027 
2.3 -5.99441 0.486692 12 -0.486955 -0.373104 -0.41622 -0.383028 -0.426128 -0.294401 -0.482413 -0.269901 -0.482413 -0.294403 -0.426128 -0.383028 -0.416221 -0.373101 -0.486961 
2.31 -5.99441 0.491439 12 -0.48689 -0.373019 -0.416163 -0.382878 -0.425948 -0.294502 -0.481824 -0.271955 -0.481825 -0.294504 -0.425948 -0.382878 -0.416163 -0.373016 -0.486896 
2.32 -5.99441 0.496186 12 -0.486825 -0.372933 -0.416104 -0.382728 -0.425765 -0.294611 -0.481239 -0.273995 -0.481239 -0.294613 -0.425765 -0.382728 -0.416104 -0.372931 -0.486832 
2.33 -5.99441 0.500933 12 -0.486761 -0.372849 -0.416043 -0.382577 -0.425579 -0.294727 -0.480656 -0.27602 -0.480656 -0.294729 -0.425579 -0.382578 -0.416044 -0.372846 -0.486767 
2.34 -5.99441 0.505678 12 -0.486697 -0.372764 -0.415981 -0.382427 -0.42539 -0.294851 -0.480077 -0.278031 -0.480077 -0.294853 -0.42539 -0.382428 -0.415981 -0.372761 -0.486703 
2.35 -5.99441 0.510421 12 -0.486633 -0.37268 -0.415917 -0.382277 -0.425199 -0.294983 -0.479501 -0.280027 -0.479501 -0.294985 -0.425199 -0.382278 -0.415917 -0.372677 -0.486639 
2.36 -5.99441 0.515162 12 -0.486569 -0.372596 -0.415851 -0.382127 -0.425005 -0.295123 -0.478928 -0.282008 -0.478928 -0.295125 -0.425005 -0.382127 -0.415852 -0.372593 -0.486576 
2.37 -5.99441 0.519899 12 -0.486506 -0.372513 -0.415784 -0.381977 -0.424808 -0.295271 -0.478359 -0.283975 -0.478359 -0.295272 -0.424808 -0.381977 -0.415784 -0.37251 -0.486512 
2.38 -5.99442 0.524632 12 -0.486442 -0.37243 -0.415714 -0.381827 -0.424609 -0.295426 -0.477793 -0.285926 -0.477793 -0.295428 -0.424609 -0.381827 -0.415715 -0.372427 -0.486449 
2.39 -5.99442 0.52936 12 -0.486379 -0.372347 -0.415643 -0.381677 -0.424407 -0.295589 -0.47723 -0.287862 -0.477231 -0.295591 -0.424407 -0.381677 -0.415644 -0.372345 -0.486385 
2.4 -5.99442 0.534084 12 -0.486316 -0.372266 -0.41557 -0.381527 -0.424203 -0.29576 -0.476672 -0.289783 -0.476672 -0.295761 -0.424203 -0.381528 -0.415571 -0.372263 -0.486322 
2.41 -5.99442 0.538801 12 -0.486253 -0.372185 -0.415495 -0.381377 -0.423996 -0.295938 -0.476117 -0.291688 -0.476117 -0.29594 -0.423996 -0.381378 -0.415496 -0.372182 -0.486259 
2.42 -5.99442 0.543511 12 -0.48619 -0.372104 -0.415419 -0.381228 -0.423787 -0.296124 -0.475565 -0.293578 -0.475566 -0.296126 -0.423787 -0.381228 -0.415419 -0.372101 -0.486196 
2.43 -5.99442 0.548214 12 -0.486127 -0.372024 -0.41534 -0.381078 -0.423576 -0.296318 -0.475017 -0.295451 -0.475018 -0.296319 -0.423575 -0.381079 -0.41534 -0.372022 -0.486133 
2.44 -5.99442 0.55291 12 -0.486063 -0.371945 -0.415259 -0.380929 -0.423362 -0.296519 -0.474473 -0.297309 -0.474474 -0.296521 -0.423361 -0.38093 -0.41526 -0.371943 -0.48607 
2.45 -5.99442 0.557597 12 -0.486 -0.371867 -0.415177 -0.38078 -0.423145 -0.296728 -0.473933 -0.299151 -0.473934 -0.296729 -0.423145 -0.380781 -0.415178 -0.371864 -0.486007 
2.46 -5.99442 0.562274 12 -0.485937 -0.37179 -0.415093 -0.380631 -0.422926 -0.296944 -0.473397 -0.300976 -0.473397 -0.296946 -0.422926 -0.380632 -0.415093 -0.371787 -0.485943 
2.47 -5.99442 0.566942 12 -0.485874 -0.371713 -0.415006 -0.380483 -0.422705 -0.297168 -0.472865 -0.302786 -0.472865 -0.29717 -0.422705 -0.380483 -0.415007 -0.37171 -0.48588 
2.48 -5.99442 0.5716 12 -0.48581 -0.371637 -0.414918 -0.380334 -0.422482 -0.297399 -0.472336 -0.304579 -0.472337 -0.297401 -0.422482 -0.380335 -0.414918 -0.371635 -0.485817 
2.49 -5.99442 0.576247 12 -0.485747 -0.371562 -0.414828 -0.380186 -0.422257 -0.297638 -0.471812 -0.306355 -0.471812 -0.297639 -0.422257 -0.380186 -0.414828 -0.37156 -0.485753 
2.5 -5.99442 0.580882 12 -0.485683 -0.371488 -0.414735 -0.380038 -0.422029 -0.297884 -0.471292 -0.308115 -0.471292 -0.297885 -0.422029 -0.380039 -0.414736 -0.371486 -0.48569 
2.51 -5.99442 0.585505 12 -0.485619 -0.371416 -0.414641 -0.379891 -0.421799 -0.298137 -0.470775 -0.309858 -0.470776 -0.298139 -0.421799 -0.379891 -0.414641 -0.371413 -0.485626 
2.52 -5.99442 0.590116 12 -0.485555 -0.371344 -0.414544 -0.379743 -0.421567 -0.298397 -0.470263 -0.311585 -0.470264 -0.298399 -0.421567 -0.379744 -0.414545 -0.371341 -0.485562 
2.53 -5.99442 0.594714 12 -0.485491 -0.371273 -0.414445 -0.379596 -0.421334 -0.298665 -0.469755 -0.313295 -0.469756 -0.298667 -0.421334 -0.379597 -0.414446 -0.37127 -0.485497 
2.54 -5.99442 0.599298 12 -0.485427 -0.371203 -0.414345 -0.37945 -0.421098 -0.29894 -0.469251 -0.314988 -0.469252 -0.298942 -0.421098 -0.37945 -0.414345 -0.3712 -0.485433 
2.55 -5.99442 0.603867 12 -0.485362 -0.371134 -0.414242 -0.379303 -0.42086 -0.299222 -0.468752 -0.316663 -0.468752 -0.299224 -0.42086 -0.379304 -0.414242 -0.371132 -0.485368 
2.56 -5.99442 0.608423 12 -0.485297 -0.371067 -0.414137 -0.379157 -0.42062 -0.299512 -0.468256 -0.318322 -0.468257 -0.299513 -0.42062 -0.379158 -0.414137 -0.371064 -0.485303 
2.57 -5.99442 0.612962 12 -0.485231 -0.371 -0.41403 -0.379012 -0.420379 -0.299808 -0.467765 -0.319964 -0.467766 -0.29981 -0.420379 -0.379012 -0.41403 -0.370998 -0.485237 
2.58 -5.99442 0.617487 12 -0.485165 -0.370935 -0.41392 -0.378867 -0.420136 -0.300111 -0.467279 -0.321589 -0.467279 -0.300113 -0.420136 -0.378867 -0.413921 -0.370932 -0.485172 
2.59 -5.99442 0.621995 12 -0.485099 -0.370871 -0.413809 -0.378722 -0.419891 -0.300421 -0.466796 -0.323196 -0.466797 -0.300423 -0.419891 -0.378723 -0.413809 -0.370868 -0.485105 
2.6 -5.99442 0.626486 12 -0.485033 -0.370808 -0.413695 -0.378578 -0.419644 -0.300738 -0.466318 -0.324786 -0.466319 -0.30074 -0.419644 -0.378578 -0.413695 -0.370806 -0.485039 
2.61 -5.99442 0.630961 12 -0.484966 -0.370746 -0.413579 -0.378434 -0.419396 -0.301062 -0.465845 -0.326359 -0.465845 -0.301064 -0.419396 -0.378435 -0.413579 -0.370744 -0.484972 
2.62 -5.99442 0.635418 12 -0.484898 -0.370686 -0.413461 -0.378291 -0.419146 -0.301393 -0.465376 -0.327914 -0.465376 -0.301394 -0.419146 -0.378291 -0.413461 -0.370684 -0.484905 
2.63 -5.99442 0.639857 12 -0.484831 -0.370627 -0.41334 -0.378148 -0.418894 -0.30173 -0.464911 -0.329452 -0.464911 -0.301731 -0.418894 -0.378148 -0.413341 -0.370625 -0.484837 
2.64 -5.99442 0.644277 12 -0.484762 -0.37057 -0.413218 -0.378006 -0.418641 -0.302074 -0.464451 -0.330973 -0.464451 -0.302075 -0.418641 -0.378006 -0.413218 -0.370567 -0.484768 
2.65 -5.99442 0.648679 12 -0.484694 -0.370513 -0.413093 -0.377864 -0.418387 -0.302424 -0.463995 -0.332476 -0.463995 -0.302426 -0.418387 -0.377864 -0.413093 -0.370511 -0.4847 
2.66 -5.99442 0.653061 13 -0.484624 -0.370459 -0.412965 -0.377723 -0.418131 -0.302781 -0.463544 -0.333961 -0.463544 -0.302783 -0.418131 -0.377723 -0.412966 -0.370456 -0.48463 
2.67 -5.99442 0.657424 13 -0.484554 -0.370405 -0.412836 -0.377582 -0.417874 -0.303144 -0.463097 -0.33543 -0.463097 -0.303146 -0.417874 -0.377582 -0.412836 -0.370403 -0.48456 
2.68 -5.99442 0.661767 13 -0.484484 -0.370353 -0.412704 -0.377442 -0.417616 -0.303514 -0.462655 -0.33688 -0.462655 -0.303515 -0.417616 -0.377442 -0.412705 -0.370351 -0.48449 
2.69 -5.99442 0.66609 13 -0.484413 -0.370303 -0.41257 -0.377302 -0.417356 -0.30389 -0.462217 -0.338313 -0.462218 -0.303891 -0.417356 -0.377302 -0.412571 -0.370301 -0.484419 
2.7 -5.99442 0.670392 13 -0.484342 -0.370254 -0.412434 -0.377163 -0.417096 -0.304272 -0.461784 -0.339728 -0.461784 -0.304273 -0.417096 -0.377163 -0.412434 -0.370252 -0.484347 
2.71 -5.99442 0.674673 13 -0.484269 -0.370206 -0.412295 -0.377024 -0.416834 -0.30466 -0.461355 -0.341126 -0.461356 -0.304662 -0.416834 -0.377025 -0.412295 -0.370204 -0.484275 
2.72 -5.99442 0.678932 13 -0.484197 -0.37016 -0.412154 -0.376887 -0.416571 -0.305055 -0.460931 -0.342506 -0.460932 -0.305056 -0.416571 -0.376887 -0.412154 -0.370158 -0.484202 
2.73 -5.99442 0.68317 13 -0.484123 -0.370116 -0.41201 -0.376749 -0.416308 -0.305455 -0.460512 -0.343869 -0.460512 -0.305456 -0.416308 -0.37675 -0.412011 -0.370114 -0.484129 
2.74 -5.99442 0.687386 13 -0.484049 -0.370073 -0.411864 -0.376613 -0.416043 -0.305861 -0.460097 -0.345214 -0.460098 -0.305863 -0.416043 -0.376613 -0.411865 -0.370071 -0.484055 
2.75 -5.99442 0.69158 13 -0.483974 -0.370031 -0.411716 -0.376477 -0.415778 -0.306273 -0.459687 -0.346542 -0.459687 -0.306275 -0.415778 -0.376477 -0.411717 -0.370029 -0.48398 
2.76 -5.99442 0.695751 14 -0.483899 -0.369992 -0.411566 -0.376342 -0.415512 -0.306691 -0.459281 -0.347852 -0.459282 -0.306693 -0.415512 -0.376342 -0.411566 -0.36999 -0.483904 
2.77 -5.99442 0.699899 14 -0.483822 -0.369953 -0.411413 -0.376207 -0.415245 -0.307115 -0.45888 -0.349144 -0.458881 -0.307116 -0.415245 -0.376208 -0.411414 -0.369951 -0.483828 
2.78 -5.99442 0.704024 14 -0.483745 -0.369917 -0.411258 -0.376073 -0.414977 -0.307544 -0.458484 -0.350419 -0.458484 -0.307545 -0.414977 -0.376074 -0.411258 -0.369915 -0.483751 
2.79 -5.99442 0.708126 14 -0.483668 -0.369882 -0.4111 -0.37594 -0.414709 -0.307978 -0.458092 -0.351677 -0.458092 -0.30798 -0.414709 -0.375941 -0.411101 -0.36988 -0.483673 
2.8 -5.99442 0.712205 14 -0.483589 -0.369849 -0.41094 -0.375808 -0.41444 -0.308419 -0.457705 -0.352917 -0.457705 -0.30842 -0.41444 -0.375808 -0.410941 -0.369847 -0.483595 
2.81 -5.99442 0.716259 14 -0.48351 -0.369817 -0.410778 -0.375676 -0.414171 -0.308864 -0.457322 -0.35414 -0.457322 -0.308865 -0.414171 -0.375677 -0.410778 -0.369815 -0.483516 
2.82 -5.99442 0.72029 14 -0.48343 -0.369787 -0.410613 -0.375545 -0.413902 -0.309315 -0.456944 -0.355345 -0.456944 -0.309316 -0.413902 -0.375546 -0.410614 -0.369785 -0.483436 
2.83 -5.99442 0.724297 15 -0.483349 -0.369758 -0.410446 -0.375415 -0.413632 -0.309771 -0.45657 -0.356533 -0.456571 -0.309772 -0.413632 -0.375415 -0.410447 -0.369757 -0.483355 
2.84 -5.99442 0.728279 15 -0.483267 -0.369732 -0.410277 -0.375285 -0.413362 -0.310232 -0.456201 -0.357703 -0.456202 -0.310233 -0.413362 -0.375286 -0.410277 -0.36973 -0.483273 
2.85 -5.99442 0.732237 15 -0.483185 -0.369707 -0.410105 -0.375157 -0.413091 -0.310698 -0.455837 -0.358857 -0.455837 -0.310699 -0.413091 -0.375157 -0.410106 -0.369705 -0.48319 
2.86 -5.99442 0.73617 15 -0.483101 -0.369684 -0.409931 -0.375029 -0.412821 -0.311169 -0.455477 -0.359993 -0.455477 -0.31117 -0.412821 -0.37503 -0.409931 -0.369682 -0.483107 
2.87 -5.99442 0.740078 15 -0.483017 -0.369662 -0.409754 -0.374902 -0.41255 -0.311645 -0.455121 -0.361112 -0.455122 -0.311646 -0.41255 -0.374903 -0.409755 -0.36966 -0.483022 
2.88 -5.99442 0.743962 15 -0.482932 -0.369642 -0.409576 -0.374776 -0.41228 -0.312126 -0.45477 -0.362214 -0.454771 -0.312127 -0.41228 -0.374776 -0.409576 -0.36964 -0.482937 
2.89 -5.99442 0.74782 15 -0.482845 -0.369624 -0.409394 -0.37465 -0.412009 -0.312611 -0.454424 -0.363299 -0.454424 -0.312612 -0.412009 -0.374651 -0.409395 -0.369622 -0.482851 
2.9 -5.99442 0.751653 15 -0.482758 -0.369608 -0.409211 -0.374526 -0.411738 -0.313101 -0.454082 -0.364367 -0.454082 -0.313102 -0.411739 -0.374526 -0.409211 -0.369606 -0.482764 
2.91 -5.99442 0.755461 15 -0.48267 -0.369593 -0.409025 -0.374402 -0.411468 -0.313596 -0.453744 -0.365418 -0.453745 -0.313597 -0.411468 -0.374403 -0.409025 -0.369591 -0.482676 
2.92 -5.99442 0.759244 15 -0.482581 -0.36958 -0.408837 -0.374279 -0.411198 -0.314095 -0.453411 -0.366452 -0.453412 -0.314096 -0.411198 -0.37428 -0.408837 -0.369578 -0.482587 
2.93 -5.99442 0.763002 15 -0.482492 -0.369569 -0.408646 -0.374158 -0.410928 -0.314598 -0.453082 -0.36747 -0.453083 -0.314599 -0.410929 -0.374158 -0.408647 -0.369567 -0.482497 
2.94 -5.99442 0.766734 15 -0.482401 -0.369559 -0.408453 -0.374037 -0.410659 -0.315105 -0.452758 -0.368471 -0.452759 -0.315106 -0.410659 -0.374037 -0.408454 -0.369558 -0.482406 
2.95 -5.99442 0.77044 15 -0.482309 -0.369551 -0.408258 -0.373916 -0.41039 -0.315617 -0.452438 -0.369455 -0.452439 -0.315618 -0.41039 -0.373917 -0.408259 -0.36955 -0.482314 
2.96 -5.99442 0.774121 16 -0.482216 -0.369545 -0.408061 -0.373797 -0.410122 -0.316133 -0.452123 -0.370423 -0.452123 -0.316134 -0.410122 -0.373798 -0.408061 -0.369544 -0.482222 
2.97 -5.99442 0.777777 16 -0.482122 -0.369541 -0.407861 -0.373679 -0.409854 -0.316652 -0.451811 -0.371374 -0.451812 -0.316653 -0.409854 -0.37368 -0.407861 -0.36954 -0.482128 
