time energy maxBondDim localEnergy 
0 -6.91174 37 -0.654357 -0.293102 -0.568737 -0.334223 -0.544405 -0.348861 -0.535766 -0.352834 -0.535766 -0.348861 -0.544405 -0.334223 -0.568737 -0.293102 -0.654357 
0 -5.06752 5 -0.352039 -0.334061 -0.335845 -0.335729 -0.335743 -0.335666 -0.336233 -0.336894 -0.336233 -0.335666 -0.335743 -0.335729 -0.335845 -0.334061 -0.352039 
0.01 -5.06752 5 -0.352039 -0.334061 -0.335845 -0.335729 -0.335743 -0.335666 -0.336233 -0.336894 -0.336233 -0.335666 -0.335743 -0.335729 -0.335845 -0.334061 -0.352039 
0.02 -5.06753 5 -0.352039 -0.334061 -0.335845 -0.335728 -0.335743 -0.335666 -0.336234 -0.336896 -0.336234 -0.335666 -0.335743 -0.335728 -0.335845 -0.334061 -0.352039 
0.03 -5.06753 5 -0.352039 -0.334061 -0.335845 -0.335728 -0.335743 -0.335665 -0.336235 -0.336899 -0.336235 -0.335665 -0.335743 -0.335728 -0.335845 -0.334061 -0.352039 
0.04 -5.06754 5 -0.352039 -0.334061 -0.335845 -0.335728 -0.335743 -0.335665 -0.336238 -0.336905 -0.336238 -0.335665 -0.335743 -0.335728 -0.335845 -0.334061 -0.352039 
0.05 -5.06756 5 -0.352039 -0.334061 -0.335845 -0.335728 -0.335743 -0.335664 -0.336243 -0.336916 -0.336243 -0.335664 -0.335743 -0.335728 -0.335845 -0.334061 -0.352039 
0.06 -5.06759 5 -0.352039 -0.334061 -0.335845 -0.335728 -0.335743 -0.335663 -0.33625 -0.336932 -0.33625 -0.335663 -0.335743 -0.335728 -0.335845 -0.334061 -0.352039 
0.07 -5.06763 5 -0.352039 -0.334061 -0.335845 -0.335728 -0.335743 -0.335662 -0.33626 -0.336955 -0.33626 -0.335662 -0.335743 -0.335728 -0.335845 -0.334061 -0.352039 
0.08 -5.06768 5 -0.352039 -0.334061 -0.335844 -0.335728 -0.335743 -0.33566 -0.336275 -0.336987 -0.336275 -0.33566 -0.335743 -0.335728 -0.335844 -0.33406 -0.352039 
0.09 -5.06776 5 -0.352038 -0.33406 -0.335844 -0.335728 -0.335743 -0.335657 -0.336294 -0.33703 -0.336294 -0.335657 -0.335743 -0.335728 -0.335844 -0.33406 -0.352039 
0.1 -5.06786 5 -0.352038 -0.33406 -0.335844 -0.335728 -0.335743 -0.335653 -0.33632 -0.337086 -0.33632 -0.335653 -0.335743 -0.335728 -0.335844 -0.33406 -0.352039 
0.11 -5.06799 5 -0.352038 -0.33406 -0.335844 -0.335728 -0.335742 -0.335648 -0.336353 -0.337158 -0.336353 -0.335648 -0.335742 -0.335728 -0.335844 -0.33406 -0.352039 
0.12 -5.06815 5 -0.352038 -0.33406 -0.335844 -0.335728 -0.335742 -0.335642 -0.336395 -0.337247 -0.336395 -0.335642 -0.335742 -0.335728 -0.335844 -0.33406 -0.352039 
0.13 -5.06834 5 -0.352038 -0.33406 -0.335844 -0.335728 -0.335742 -0.335634 -0.336447 -0.337357 -0.336447 -0.335634 -0.335742 -0.335728 -0.335844 -0.33406 -0.352039 
0.14 -5.06858 5 -0.352038 -0.33406 -0.335844 -0.335728 -0.335742 -0.335624 -0.336511 -0.33749 -0.336511 -0.335624 -0.335742 -0.335728 -0.335844 -0.33406 -0.352039 
0.15 -5.06887 5 -0.352037 -0.33406 -0.335844 -0.335727 -0.335742 -0.335612 -0.336588 -0.337647 -0.336588 -0.335612 -0.335742 -0.335727 -0.335844 -0.33406 -0.352038 
0.16 -5.0692 5 -0.352037 -0.33406 -0.335844 -0.335727 -0.335742 -0.335597 -0.33668 -0.33783 -0.33668 -0.335597 -0.335742 -0.335727 -0.335844 -0.334059 -0.352038 
0.17 -5.06959 5 -0.352037 -0.334059 -0.335843 -0.335727 -0.335742 -0.335579 -0.336789 -0.338039 -0.336788 -0.335579 -0.335742 -0.335727 -0.335843 -0.334059 -0.352038 
0.18 -5.07004 5 -0.352037 -0.334059 -0.335843 -0.335727 -0.335742 -0.335557 -0.336914 -0.338275 -0.336914 -0.335557 -0.335742 -0.335727 -0.335843 -0.334059 -0.352038 
0.19 -5.07053 5 -0.352036 -0.334059 -0.335843 -0.335727 -0.335741 -0.335532 -0.337059 -0.338537 -0.337059 -0.335532 -0.335741 -0.335727 -0.335843 -0.334059 -0.352038 
0.2 -5.07109 5 -0.352036 -0.334059 -0.335843 -0.335727 -0.335741 -0.335502 -0.337224 -0.338823 -0.337223 -0.335502 -0.335741 -0.335727 -0.335843 -0.334059 -0.352038 
0.21 -5.07169 5 -0.352036 -0.334059 -0.335843 -0.335726 -0.335741 -0.335467 -0.337409 -0.339131 -0.337408 -0.335467 -0.335741 -0.335726 -0.335843 -0.334059 -0.352038 
0.22 -5.07235 5 -0.352036 -0.334059 -0.335843 -0.335726 -0.335741 -0.335427 -0.337615 -0.339457 -0.337615 -0.335427 -0.335741 -0.335726 -0.335843 -0.334058 -0.352038 
0.23 -5.07305 5 -0.352035 -0.334058 -0.335842 -0.335726 -0.335741 -0.33538 -0.337843 -0.3398 -0.337843 -0.335381 -0.335741 -0.335726 -0.335842 -0.334058 -0.352038 
0.24 -5.0738 5 -0.352035 -0.334058 -0.335842 -0.335726 -0.335741 -0.335328 -0.338093 -0.340154 -0.338092 -0.335328 -0.335741 -0.335726 -0.335842 -0.334058 -0.352038 
0.25 -5.07459 5 -0.352035 -0.334058 -0.335842 -0.335726 -0.335741 -0.335269 -0.338365 -0.340518 -0.338365 -0.335269 -0.335741 -0.335726 -0.335842 -0.334058 -0.352037 
0.26 -5.07542 5 -0.352034 -0.334058 -0.335842 -0.335725 -0.335741 -0.335203 -0.33866 -0.340889 -0.338659 -0.335203 -0.335741 -0.335725 -0.335842 -0.334058 -0.352037 
0.27 -5.07628 5 -0.352034 -0.334058 -0.335842 -0.335725 -0.335741 -0.33513 -0.338977 -0.341265 -0.338977 -0.33513 -0.335741 -0.335725 -0.335842 -0.334057 -0.352037 
0.28 -5.07718 5 -0.352034 -0.334058 -0.335841 -0.335725 -0.335741 -0.335049 -0.339318 -0.341644 -0.339317 -0.33505 -0.335741 -0.335725 -0.335841 -0.334057 -0.352037 
0.29 -5.07811 5 -0.352033 -0.334057 -0.335841 -0.335725 -0.335741 -0.334961 -0.339681 -0.342026 -0.339681 -0.334961 -0.335741 -0.335725 -0.335841 -0.334057 -0.352037 
0.3 -5.07907 5 -0.352033 -0.334057 -0.335841 -0.335724 -0.335742 -0.334865 -0.340068 -0.34241 -0.340067 -0.334865 -0.335742 -0.335724 -0.335841 -0.334057 -0.352037 
0.31 -5.08007 5 -0.352033 -0.334057 -0.335841 -0.335724 -0.335742 -0.334761 -0.340479 -0.342798 -0.340478 -0.334761 -0.335742 -0.335724 -0.335841 -0.334056 -0.352037 
0.32 -5.08111 5 -0.352032 -0.334057 -0.335841 -0.335724 -0.335742 -0.334649 -0.340913 -0.343189 -0.340912 -0.334649 -0.335742 -0.335724 -0.335841 -0.334056 -0.352037 
0.33 -5.08218 5 -0.352032 -0.334057 -0.33584 -0.335724 -0.335743 -0.334528 -0.34137 -0.343586 -0.341369 -0.334528 -0.335743 -0.335724 -0.33584 -0.334056 -0.352037 
0.34 -5.08328 5 -0.352032 -0.334056 -0.33584 -0.335723 -0.335744 -0.3344 -0.341852 -0.343988 -0.34185 -0.3344 -0.335744 -0.335723 -0.33584 -0.334056 -0.352036 
0.35 -5.08443 5 -0.352031 -0.334056 -0.33584 -0.335723 -0.335744 -0.334263 -0.342356 -0.344398 -0.342355 -0.334264 -0.335744 -0.335723 -0.33584 -0.334056 -0.352036 
0.36 -5.08562 5 -0.352031 -0.334056 -0.33584 -0.335723 -0.335745 -0.334119 -0.342884 -0.344817 -0.342882 -0.334119 -0.335745 -0.335723 -0.33584 -0.334055 -0.352036 
0.37 -5.08684 5 -0.352031 -0.334056 -0.33584 -0.335722 -0.335746 -0.333966 -0.343434 -0.345247 -0.343433 -0.333967 -0.335746 -0.335722 -0.33584 -0.334055 -0.352036 
0.38 -5.08811 5 -0.35203 -0.334056 -0.335839 -0.335722 -0.335747 -0.333806 -0.344008 -0.345689 -0.344006 -0.333806 -0.335747 -0.335722 -0.335839 -0.334055 -0.352036 
0.39 -5.08942 5 -0.35203 -0.334056 -0.335839 -0.335722 -0.335749 -0.333638 -0.344603 -0.346145 -0.3446 -0.333638 -0.335749 -0.335722 -0.335839 -0.334055 -0.352036 
0.4 -5.09077 5 -0.35203 -0.334055 -0.335839 -0.335721 -0.33575 -0.333462 -0.345219 -0.346615 -0.345217 -0.333463 -0.33575 -0.335721 -0.335839 -0.334055 -0.352036 
0.41 -5.09217 5 -0.35203 -0.334055 -0.335839 -0.335721 -0.335752 -0.333279 -0.345856 -0.347102 -0.345853 -0.333279 -0.335752 -0.335721 -0.335839 -0.334054 -0.352036 
0.42 -5.09361 5 -0.352029 -0.334055 -0.335839 -0.335721 -0.335754 -0.333088 -0.346512 -0.347606 -0.34651 -0.333089 -0.335754 -0.335721 -0.335839 -0.334054 -0.352035 
0.43 -5.09509 5 -0.352029 -0.334055 -0.335839 -0.33572 -0.335756 -0.332891 -0.347188 -0.348129 -0.347185 -0.332891 -0.335756 -0.33572 -0.335839 -0.334054 -0.352035 
0.44 -5.09661 5 -0.352029 -0.334055 -0.335838 -0.33572 -0.335758 -0.332686 -0.347881 -0.348672 -0.347878 -0.332687 -0.335758 -0.33572 -0.335838 -0.334054 -0.352035 
0.45 -5.09817 5 -0.352028 -0.334055 -0.335838 -0.335719 -0.335761 -0.332475 -0.348591 -0.349235 -0.348588 -0.332476 -0.335761 -0.335719 -0.335838 -0.334054 -0.352035 
0.46 -5.09978 5 -0.352028 -0.334055 -0.335838 -0.335719 -0.335763 -0.332258 -0.349317 -0.34982 -0.349314 -0.332258 -0.335763 -0.335719 -0.335838 -0.334054 -0.352035 
0.47 -5.10142 5 -0.352028 -0.334054 -0.335838 -0.335718 -0.335766 -0.332034 -0.350057 -0.350427 -0.350054 -0.332034 -0.335766 -0.335718 -0.335838 -0.334054 -0.352035 
0.48 -5.1031 5 -0.352027 -0.334054 -0.335838 -0.335718 -0.33577 -0.331804 -0.350811 -0.351058 -0.350807 -0.331805 -0.33577 -0.335718 -0.335838 -0.334053 -0.352035 
0.49 -5.10482 5 -0.352027 -0.334054 -0.335838 -0.335717 -0.335773 -0.331569 -0.351576 -0.351712 -0.351572 -0.331569 -0.335773 -0.335717 -0.335838 -0.334053 -0.352035 
0.5 -5.10658 5 -0.352027 -0.334054 -0.335838 -0.335717 -0.335777 -0.331328 -0.352351 -0.35239 -0.352347 -0.331329 -0.335777 -0.335717 -0.335838 -0.334053 -0.352035 
0.51 -5.10837 5 -0.352027 -0.334054 -0.335838 -0.335716 -0.335782 -0.331082 -0.353135 -0.353094 -0.353132 -0.331083 -0.335781 -0.335716 -0.335838 -0.334053 -0.352035 
0.52 -5.11018 5 -0.352026 -0.334054 -0.335837 -0.335715 -0.335786 -0.330832 -0.353927 -0.353824 -0.353923 -0.330833 -0.335786 -0.335715 -0.335837 -0.334053 -0.352034 
0.53 -5.11203 5 -0.352026 -0.334054 -0.335837 -0.335715 -0.335791 -0.330578 -0.354724 -0.354579 -0.35472 -0.330579 -0.335791 -0.335715 -0.335837 -0.334053 -0.352034 
0.54 -5.11391 5 -0.352026 -0.334054 -0.335837 -0.335714 -0.335796 -0.33032 -0.355525 -0.355361 -0.35552 -0.330321 -0.335796 -0.335714 -0.335837 -0.334053 -0.352034 
0.55 -5.11581 5 -0.352026 -0.334054 -0.335837 -0.335713 -0.335801 -0.330058 -0.356327 -0.356171 -0.356323 -0.330059 -0.335801 -0.335713 -0.335837 -0.334053 -0.352034 
0.56 -5.11773 5 -0.352026 -0.334054 -0.335837 -0.335712 -0.335807 -0.329794 -0.35713 -0.357007 -0.357125 -0.329795 -0.335807 -0.335712 -0.335837 -0.334053 -0.352034 
0.57 -5.11967 5 -0.352025 -0.334054 -0.335837 -0.335711 -0.335813 -0.329528 -0.357931 -0.357872 -0.357926 -0.329529 -0.335813 -0.335711 -0.335837 -0.334053 -0.352034 
0.58 -5.12163 5 -0.352025 -0.334054 -0.335837 -0.335711 -0.335819 -0.32926 -0.358727 -0.358764 -0.358722 -0.329261 -0.335819 -0.335711 -0.335837 -0.334053 -0.352034 
0.59 -5.12361 5 -0.352025 -0.334054 -0.335837 -0.33571 -0.335825 -0.328992 -0.359517 -0.359684 -0.359511 -0.328993 -0.335825 -0.33571 -0.335837 -0.334053 -0.352034 
0.6 -5.12559 5 -0.352025 -0.334054 -0.335837 -0.335709 -0.335831 -0.328723 -0.360297 -0.360634 -0.360292 -0.328724 -0.335831 -0.335709 -0.335837 -0.334053 -0.352034 
0.61 -5.12758 5 -0.352025 -0.334054 -0.335837 -0.335708 -0.335837 -0.328455 -0.361066 -0.361611 -0.361061 -0.328456 -0.335837 -0.335708 -0.335837 -0.334053 -0.352034 
0.62 -5.12957 5 -0.352025 -0.334054 -0.335837 -0.335707 -0.335844 -0.328189 -0.361821 -0.362617 -0.361815 -0.32819 -0.335843 -0.335707 -0.335837 -0.334053 -0.352034 
0.63 -5.13157 5 -0.352025 -0.334054 -0.335837 -0.335705 -0.33585 -0.327926 -0.362558 -0.363652 -0.362552 -0.327927 -0.33585 -0.335705 -0.335837 -0.334053 -0.352034 
0.64 -5.13355 5 -0.352025 -0.334054 -0.335837 -0.335704 -0.335855 -0.327667 -0.363274 -0.364715 -0.363268 -0.327669 -0.335855 -0.335704 -0.335837 -0.334053 -0.352034 
0.65 -5.13553 5 -0.352025 -0.334054 -0.335837 -0.335703 -0.335861 -0.327414 -0.363967 -0.365807 -0.363961 -0.327415 -0.335861 -0.335703 -0.335837 -0.334053 -0.352034 
0.66 -5.13749 5 -0.352025 -0.334054 -0.335837 -0.335702 -0.335866 -0.327167 -0.364632 -0.366926 -0.364626 -0.327169 -0.335866 -0.335702 -0.335838 -0.334053 -0.352034 
0.67 -5.13944 5 -0.352025 -0.334054 -0.335838 -0.3357 -0.33587 -0.326929 -0.365266 -0.368072 -0.365259 -0.326931 -0.33587 -0.3357 -0.335838 -0.334053 -0.352034 
0.68 -5.14136 5 -0.352025 -0.334054 -0.335838 -0.335699 -0.335873 -0.326702 -0.365865 -0.369245 -0.365858 -0.326703 -0.335872 -0.335699 -0.335838 -0.334053 -0.352034 
0.69 -5.14325 5 -0.352025 -0.334055 -0.335838 -0.335698 -0.335874 -0.326486 -0.366426 -0.370444 -0.366419 -0.326487 -0.335874 -0.335698 -0.335838 -0.334053 -0.352034 
0.7 -5.1451 5 -0.352025 -0.334055 -0.335838 -0.335696 -0.335874 -0.326284 -0.366944 -0.371668 -0.366936 -0.326285 -0.335874 -0.335696 -0.335838 -0.334053 -0.352034 
0.71 -5.14691 5 -0.352025 -0.334055 -0.335838 -0.335695 -0.335872 -0.326098 -0.367416 -0.372916 -0.367408 -0.326099 -0.335872 -0.335695 -0.335838 -0.334053 -0.352034 
0.72 -5.14868 5 -0.352025 -0.334055 -0.335838 -0.335693 -0.335867 -0.325928 -0.367839 -0.374186 -0.367831 -0.32593 -0.335867 -0.335693 -0.335838 -0.334054 -0.352034 
0.73 -5.1504 5 -0.352025 -0.334055 -0.335838 -0.335691 -0.33586 -0.325778 -0.36821 -0.375477 -0.368203 -0.32578 -0.33586 -0.335691 -0.335838 -0.334054 -0.352034 
0.74 -5.15206 5 -0.352025 -0.334055 -0.335839 -0.33569 -0.33585 -0.325649 -0.368528 -0.376788 -0.36852 -0.32565 -0.33585 -0.33569 -0.335839 -0.334054 -0.352034 
0.75 -5.15367 5 -0.352025 -0.334055 -0.335839 -0.335688 -0.335836 -0.325541 -0.36879 -0.378116 -0.368783 -0.325543 -0.335835 -0.335688 -0.335839 -0.334054 -0.352034 
0.76 -5.15522 5 -0.352025 -0.334055 -0.335839 -0.335686 -0.335817 -0.325457 -0.368998 -0.37946 -0.36899 -0.325458 -0.335817 -0.335686 -0.335839 -0.334054 -0.352034 
0.77 -5.15671 5 -0.352025 -0.334056 -0.335839 -0.335684 -0.335794 -0.325396 -0.36915 -0.380818 -0.369142 -0.325397 -0.335794 -0.335684 -0.335839 -0.334054 -0.352034 
0.78 -5.15815 5 -0.352025 -0.334056 -0.335839 -0.335682 -0.335766 -0.32536 -0.369249 -0.382189 -0.369242 -0.325361 -0.335766 -0.335682 -0.335839 -0.334054 -0.352034 
0.79 -5.15953 5 -0.352025 -0.334056 -0.335839 -0.335681 -0.335733 -0.325349 -0.369298 -0.383569 -0.36929 -0.325351 -0.335733 -0.335681 -0.33584 -0.334055 -0.352034 
0.8 -5.16087 5 -0.352026 -0.334056 -0.33584 -0.335679 -0.335693 -0.325365 -0.369298 -0.384958 -0.36929 -0.325366 -0.335693 -0.335679 -0.33584 -0.334055 -0.352034 
0.81 -5.16217 5 -0.352026 -0.334056 -0.33584 -0.335677 -0.335648 -0.325406 -0.369254 -0.386354 -0.369246 -0.325407 -0.335647 -0.335677 -0.33584 -0.334055 -0.352034 
0.82 -5.16343 5 -0.352026 -0.334057 -0.33584 -0.335675 -0.335595 -0.325475 -0.36917 -0.387756 -0.369162 -0.325476 -0.335595 -0.335675 -0.33584 -0.334055 -0.352034 
0.83 -5.16466 5 -0.352026 -0.334057 -0.33584 -0.335673 -0.335536 -0.32557 -0.36905 -0.389161 -0.369042 -0.325571 -0.335536 -0.335673 -0.33584 -0.334055 -0.352034 
0.84 -5.16588 5 -0.352026 -0.334057 -0.335841 -0.335671 -0.33547 -0.325693 -0.368898 -0.390568 -0.36889 -0.325694 -0.33547 -0.335671 -0.335841 -0.334056 -0.352034 
0.85 -5.16708 5 -0.352027 -0.334057 -0.335841 -0.335669 -0.335396 -0.325844 -0.368719 -0.391976 -0.368711 -0.325845 -0.335396 -0.335669 -0.335841 -0.334056 -0.352034 
0.86 -5.16828 5 -0.352027 -0.334057 -0.335841 -0.335667 -0.335315 -0.326023 -0.368517 -0.393385 -0.368509 -0.326024 -0.335315 -0.335667 -0.335841 -0.334056 -0.352035 
0.87 -5.16948 5 -0.352027 -0.334057 -0.335841 -0.335665 -0.335227 -0.32623 -0.368296 -0.394792 -0.368287 -0.326231 -0.335227 -0.335665 -0.335841 -0.334056 -0.352035 
0.88 -5.17069 5 -0.352027 -0.334058 -0.335841 -0.335663 -0.33513 -0.326467 -0.368059 -0.396198 -0.36805 -0.326467 -0.33513 -0.335663 -0.335842 -0.334056 -0.352035 
0.89 -5.17191 5 -0.352028 -0.334058 -0.335842 -0.335661 -0.335026 -0.326731 -0.36781 -0.397601 -0.367801 -0.326732 -0.335026 -0.335661 -0.335842 -0.334057 -0.352035 
0.9 -5.17315 5 -0.352028 -0.334058 -0.335842 -0.335659 -0.334914 -0.327025 -0.367551 -0.399 -0.367543 -0.327025 -0.334914 -0.335659 -0.335842 -0.334057 -0.352035 
0.91 -5.17442 5 -0.352028 -0.334058 -0.335842 -0.335658 -0.334795 -0.327347 -0.367287 -0.400396 -0.367278 -0.327348 -0.334795 -0.335658 -0.335842 -0.334057 -0.352035 
0.92 -5.17572 5 -0.352029 -0.334058 -0.335842 -0.335656 -0.334667 -0.327698 -0.367018 -0.401786 -0.367009 -0.327698 -0.334667 -0.335656 -0.335842 -0.334057 -0.352035 
0.93 -5.17705 5 -0.352029 -0.334059 -0.335843 -0.335655 -0.334532 -0.328077 -0.366747 -0.403172 -0.366739 -0.328078 -0.334532 -0.335655 -0.335843 -0.334058 -0.352035 
0.94 -5.17842 5 -0.352029 -0.334059 -0.335843 -0.335653 -0.33439 -0.328485 -0.366476 -0.404551 -0.366468 -0.328485 -0.33439 -0.335653 -0.335843 -0.334058 -0.352035 
0.95 -5.17982 5 -0.35203 -0.334059 -0.335843 -0.335652 -0.334239 -0.328919 -0.366206 -0.405925 -0.366198 -0.328919 -0.33424 -0.335652 -0.335843 -0.334058 -0.352035 
0.96 -5.18126 5 -0.35203 -0.334059 -0.335843 -0.335651 -0.334082 -0.329381 -0.36594 -0.407292 -0.365932 -0.329381 -0.334082 -0.335651 -0.335843 -0.334058 -0.352036 
0.97 -5.18274 5 -0.35203 -0.334059 -0.335843 -0.33565 -0.333917 -0.329869 -0.365678 -0.408652 -0.365669 -0.329869 -0.333917 -0.33565 -0.335843 -0.334058 -0.352036 
0.98 -5.18426 5 -0.35203 -0.334059 -0.335843 -0.335649 -0.333744 -0.330383 -0.365421 -0.410004 -0.365413 -0.330382 -0.333745 -0.335649 -0.335843 -0.334058 -0.352036 
0.99 -5.18582 5 -0.352031 -0.33406 -0.335843 -0.335649 -0.333565 -0.330921 -0.36517 -0.411349 -0.365162 -0.330921 -0.333565 -0.335649 -0.335843 -0.334059 -0.352036 
1 -5.18743 5 -0.352031 -0.33406 -0.335843 -0.335649 -0.333379 -0.331484 -0.364927 -0.412686 -0.364919 -0.331483 -0.333379 -0.335649 -0.335843 -0.334059 -0.352036 
1.01 -5.18907 5 -0.352031 -0.33406 -0.335843 -0.335648 -0.333186 -0.332069 -0.364692 -0.414015 -0.364683 -0.332068 -0.333186 -0.335648 -0.335843 -0.334059 -0.352036 
1.02 -5.19075 5 -0.352032 -0.33406 -0.335843 -0.335649 -0.332986 -0.332676 -0.364465 -0.415335 -0.364457 -0.332676 -0.332986 -0.335649 -0.335843 -0.334059 -0.352036 
1.03 -5.19247 5 -0.352032 -0.33406 -0.335843 -0.335649 -0.33278 -0.333305 -0.364247 -0.416647 -0.364239 -0.333304 -0.33278 -0.335649 -0.335843 -0.334059 -0.352036 
1.04 -5.19423 5 -0.352033 -0.33406 -0.335843 -0.33565 -0.332568 -0.333953 -0.364039 -0.417949 -0.364031 -0.333951 -0.332568 -0.33565 -0.335843 -0.334059 -0.352037 
1.05 -5.19603 5 -0.352033 -0.33406 -0.335843 -0.335651 -0.33235 -0.334619 -0.363842 -0.419243 -0.363834 -0.334618 -0.33235 -0.335651 -0.335843 -0.33406 -0.352037 
1.06 -5.19786 5 -0.352033 -0.33406 -0.335843 -0.335652 -0.332126 -0.335303 -0.363655 -0.420526 -0.363647 -0.335301 -0.332126 -0.335652 -0.335843 -0.33406 -0.352037 
1.07 -5.19973 5 -0.352033 -0.334061 -0.335843 -0.335654 -0.331897 -0.336002 -0.363479 -0.421801 -0.363471 -0.336 -0.331897 -0.335654 -0.335843 -0.33406 -0.352037 
1.08 -5.20163 5 -0.352034 -0.334061 -0.335842 -0.335655 -0.331663 -0.336715 -0.363315 -0.423065 -0.363307 -0.336714 -0.331663 -0.335655 -0.335842 -0.33406 -0.352037 
1.09 -5.20356 5 -0.352034 -0.334061 -0.335842 -0.335658 -0.331424 -0.337442 -0.363162 -0.424319 -0.363154 -0.33744 -0.331424 -0.335658 -0.335842 -0.33406 -0.352037 
1.1 -5.20551 5 -0.352034 -0.334061 -0.335842 -0.33566 -0.33118 -0.338179 -0.363021 -0.425563 -0.363013 -0.338177 -0.331181 -0.33566 -0.335842 -0.33406 -0.352037 
1.11 -5.20749 5 -0.352035 -0.334061 -0.335841 -0.335663 -0.330933 -0.338926 -0.362892 -0.426797 -0.362884 -0.338924 -0.330934 -0.335663 -0.335841 -0.33406 -0.352037 
1.12 -5.2095 5 -0.352035 -0.334061 -0.335841 -0.335666 -0.330683 -0.339681 -0.362776 -0.42802 -0.362768 -0.339679 -0.330683 -0.335666 -0.335841 -0.33406 -0.352038 
1.13 -5.21152 5 -0.352035 -0.334061 -0.33584 -0.335669 -0.330429 -0.340441 -0.362673 -0.429232 -0.362665 -0.340439 -0.33043 -0.335669 -0.33584 -0.33406 -0.352038 
1.14 -5.21356 5 -0.352036 -0.334061 -0.33584 -0.335673 -0.330173 -0.341205 -0.362582 -0.430433 -0.362574 -0.341202 -0.330174 -0.335673 -0.33584 -0.33406 -0.352038 
1.15 -5.21562 5 -0.352036 -0.334061 -0.335839 -0.335677 -0.329916 -0.34197 -0.362504 -0.431623 -0.362497 -0.341967 -0.329917 -0.335676 -0.335839 -0.33406 -0.352038 
1.16 -5.21769 5 -0.352036 -0.334061 -0.335838 -0.33568 -0.329658 -0.342734 -0.36244 -0.432803 -0.362432 -0.342731 -0.329658 -0.33568 -0.335838 -0.33406 -0.352038 
1.17 -5.21976 5 -0.352036 -0.334061 -0.335838 -0.335684 -0.329399 -0.343495 -0.362388 -0.43397 -0.362381 -0.343492 -0.3294 -0.335684 -0.335838 -0.33406 -0.352038 
1.18 -5.22184 5 -0.352037 -0.334061 -0.335837 -0.335688 -0.329142 -0.344249 -0.36235 -0.435127 -0.362343 -0.344245 -0.329142 -0.335688 -0.335837 -0.33406 -0.352038 
1.19 -5.22392 5 -0.352037 -0.334061 -0.335836 -0.335692 -0.328886 -0.344993 -0.362325 -0.436272 -0.362318 -0.34499 -0.328887 -0.335692 -0.335836 -0.33406 -0.352038 
1.2 -5.226 5 -0.352037 -0.334061 -0.335835 -0.335695 -0.328634 -0.345725 -0.362314 -0.437405 -0.362306 -0.345721 -0.328634 -0.335695 -0.335835 -0.33406 -0.352038 
1.21 -5.22806 5 -0.352037 -0.334061 -0.335834 -0.335698 -0.328386 -0.34644 -0.362315 -0.438526 -0.362308 -0.346436 -0.328386 -0.335698 -0.335834 -0.33406 -0.352038 
1.22 -5.23011 5 -0.352038 -0.334061 -0.335833 -0.335701 -0.328144 -0.347136 -0.36233 -0.439635 -0.362322 -0.347132 -0.328144 -0.335701 -0.335833 -0.33406 -0.352039 
1.23 -5.23213 5 -0.352038 -0.33406 -0.335831 -0.335702 -0.327909 -0.347807 -0.362357 -0.440733 -0.36235 -0.347803 -0.32791 -0.335702 -0.335832 -0.33406 -0.352039 
1.24 -5.23413 5 -0.352038 -0.33406 -0.33583 -0.335703 -0.327684 -0.348451 -0.362397 -0.441818 -0.362389 -0.348447 -0.327685 -0.335703 -0.33583 -0.33406 -0.352039 
1.25 -5.2361 5 -0.352038 -0.33406 -0.335829 -0.335702 -0.32747 -0.349063 -0.362449 -0.442891 -0.362442 -0.349058 -0.327471 -0.335702 -0.335829 -0.33406 -0.352039 
1.26 -5.23803 5 -0.352038 -0.33406 -0.335827 -0.335699 -0.327268 -0.349638 -0.362513 -0.443952 -0.362506 -0.349633 -0.327269 -0.335699 -0.335827 -0.33406 -0.352039 
1.27 -5.23992 5 -0.352038 -0.33406 -0.335826 -0.335695 -0.327081 -0.350173 -0.362589 -0.445 -0.362582 -0.350168 -0.327082 -0.335695 -0.335826 -0.33406 -0.352039 
1.28 -5.24175 5 -0.352039 -0.33406 -0.335824 -0.335688 -0.326911 -0.350665 -0.362676 -0.446036 -0.362669 -0.35066 -0.326911 -0.335688 -0.335824 -0.33406 -0.352039 
1.29 -5.24353 5 -0.352039 -0.33406 -0.335823 -0.335678 -0.326758 -0.35111 -0.362774 -0.447059 -0.362767 -0.351105 -0.326759 -0.335678 -0.335823 -0.33406 -0.352039 
1.3 -5.24525 5 -0.352039 -0.33406 -0.335821 -0.335664 -0.326624 -0.351506 -0.362882 -0.44807 -0.362875 -0.351501 -0.326625 -0.335664 -0.335821 -0.33406 -0.352039 
1.31 -5.24691 5 -0.352039 -0.33406 -0.335819 -0.335647 -0.326511 -0.351852 -0.362999 -0.449067 -0.362992 -0.351847 -0.326512 -0.335647 -0.335819 -0.33406 -0.352039 
1.32 -5.24851 5 -0.352039 -0.334059 -0.335817 -0.335626 -0.32642 -0.352147 -0.363125 -0.450052 -0.363119 -0.352141 -0.32642 -0.335626 -0.335817 -0.334059 -0.352039 
1.33 -5.25004 5 -0.352039 -0.334059 -0.335816 -0.3356 -0.326351 -0.352391 -0.36326 -0.451023 -0.363253 -0.352386 -0.326351 -0.335599 -0.335816 -0.334059 -0.352039 
1.34 -5.25152 5 -0.352039 -0.334059 -0.335814 -0.335568 -0.326305 -0.352586 -0.363403 -0.451982 -0.363396 -0.352581 -0.326305 -0.335568 -0.335814 -0.334059 -0.352039 
1.35 -5.25294 5 -0.352039 -0.334059 -0.335812 -0.335531 -0.326283 -0.352735 -0.363553 -0.452926 -0.363546 -0.352729 -0.326283 -0.335531 -0.335812 -0.334059 -0.352039 
1.36 -5.25431 5 -0.352039 -0.334059 -0.33581 -0.335488 -0.326285 -0.352839 -0.36371 -0.453858 -0.363703 -0.352834 -0.326286 -0.335488 -0.33581 -0.334059 -0.352039 
1.37 -5.25563 5 -0.352039 -0.334059 -0.335807 -0.335439 -0.326312 -0.352904 -0.363873 -0.454776 -0.363866 -0.352898 -0.326313 -0.335439 -0.335807 -0.334059 -0.352039 
1.38 -5.25692 5 -0.352039 -0.334058 -0.335805 -0.335383 -0.326364 -0.352932 -0.364042 -0.45568 -0.364036 -0.352926 -0.326365 -0.335383 -0.335805 -0.334059 -0.352039 
1.39 -5.25817 5 -0.352039 -0.334058 -0.335803 -0.335321 -0.326442 -0.352928 -0.364217 -0.45657 -0.364211 -0.352922 -0.326442 -0.335321 -0.335803 -0.334058 -0.352039 
1.4 -5.25941 5 -0.352039 -0.334058 -0.335801 -0.335251 -0.326545 -0.352897 -0.364397 -0.457446 -0.364391 -0.352891 -0.326546 -0.335251 -0.335801 -0.334058 -0.352039 
1.41 -5.26063 5 -0.352039 -0.334058 -0.335799 -0.335174 -0.326675 -0.352842 -0.364582 -0.458308 -0.364576 -0.352836 -0.326675 -0.335174 -0.335799 -0.334058 -0.352039 
1.42 -5.26185 5 -0.352039 -0.334058 -0.335797 -0.335089 -0.326831 -0.352767 -0.364772 -0.459156 -0.364766 -0.352761 -0.326831 -0.33509 -0.335797 -0.334058 -0.352039 
1.43 -5.26307 5 -0.352039 -0.334057 -0.335794 -0.334998 -0.327014 -0.352677 -0.364966 -0.459989 -0.36496 -0.352671 -0.327014 -0.334998 -0.335794 -0.334058 -0.352039 
1.44 -5.26429 5 -0.352039 -0.334057 -0.335792 -0.334898 -0.327223 -0.352575 -0.365165 -0.460808 -0.365159 -0.352569 -0.327223 -0.334898 -0.335792 -0.334057 -0.352039 
1.45 -5.26554 5 -0.352038 -0.334057 -0.33579 -0.334791 -0.327459 -0.352464 -0.365368 -0.461612 -0.365362 -0.352458 -0.327459 -0.334791 -0.33579 -0.334057 -0.352039 
1.46 -5.2668 5 -0.352038 -0.334057 -0.335788 -0.334676 -0.327722 -0.352347 -0.365575 -0.462401 -0.365569 -0.352341 -0.327722 -0.334676 -0.335788 -0.334057 -0.352039 
1.47 -5.26808 5 -0.352038 -0.334057 -0.335786 -0.334554 -0.328012 -0.352226 -0.365786 -0.463175 -0.36578 -0.35222 -0.328012 -0.334554 -0.335786 -0.334057 -0.352039 
1.48 -5.2694 5 -0.352038 -0.334056 -0.335784 -0.334424 -0.328328 -0.352105 -0.366002 -0.463935 -0.365995 -0.352098 -0.328328 -0.334424 -0.335784 -0.334056 -0.352039 
1.49 -5.27074 5 -0.352038 -0.334056 -0.335782 -0.334286 -0.32867 -0.351983 -0.366221 -0.464679 -0.366215 -0.351977 -0.32867 -0.334286 -0.335782 -0.334056 -0.352039 
1.5 -5.27212 5 -0.352038 -0.334056 -0.335781 -0.334141 -0.329038 -0.351865 -0.366444 -0.465407 -0.366438 -0.351859 -0.329038 -0.334141 -0.335781 -0.334056 -0.352039 
1.51 -5.27354 5 -0.352037 -0.334055 -0.335779 -0.333989 -0.329431 -0.35175 -0.366671 -0.466121 -0.366665 -0.351744 -0.329431 -0.333989 -0.335779 -0.334056 -0.352038 
1.52 -5.27499 5 -0.352037 -0.334055 -0.335778 -0.333829 -0.329849 -0.351641 -0.366902 -0.466819 -0.366896 -0.351635 -0.329848 -0.33383 -0.335778 -0.334055 -0.352038 
1.53 -5.27648 5 -0.352037 -0.334055 -0.335776 -0.333663 -0.33029 -0.351539 -0.367136 -0.467501 -0.36713 -0.351533 -0.330289 -0.333663 -0.335776 -0.334055 -0.352038 
1.54 -5.27801 5 -0.352037 -0.334055 -0.335775 -0.333489 -0.330754 -0.351444 -0.367375 -0.468167 -0.367369 -0.351438 -0.330754 -0.333489 -0.335775 -0.334055 -0.352038 
1.55 -5.27958 5 -0.352036 -0.334054 -0.335774 -0.333309 -0.331241 -0.351357 -0.367617 -0.468818 -0.367612 -0.351351 -0.33124 -0.333309 -0.335774 -0.334054 -0.352038 
1.56 -5.2812 5 -0.352036 -0.334054 -0.335774 -0.333122 -0.331748 -0.35128 -0.367863 -0.469453 -0.367858 -0.351274 -0.331747 -0.333122 -0.335774 -0.334054 -0.352038 
1.57 -5.28285 5 -0.352036 -0.334054 -0.335773 -0.332928 -0.332276 -0.351212 -0.368114 -0.470072 -0.368108 -0.351206 -0.332275 -0.332928 -0.335773 -0.334054 -0.352038 
1.58 -5.28454 5 -0.352035 -0.334053 -0.335773 -0.332728 -0.332823 -0.351155 -0.368368 -0.470674 -0.368362 -0.351149 -0.332821 -0.332729 -0.335773 -0.334053 -0.352038 
1.59 -5.28626 5 -0.352035 -0.334053 -0.335773 -0.332523 -0.333387 -0.351109 -0.368626 -0.471261 -0.36862 -0.351103 -0.333386 -0.332523 -0.335773 -0.334053 -0.352038 
1.6 -5.28803 5 -0.352035 -0.334052 -0.335773 -0.332311 -0.333968 -0.351075 -0.368887 -0.471832 -0.368882 -0.351069 -0.333967 -0.332311 -0.335773 -0.334052 -0.352037 
1.61 -5.28982 6 -0.352035 -0.334052 -0.335774 -0.332094 -0.334565 -0.351052 -0.369153 -0.472386 -0.369148 -0.351046 -0.334563 -0.332094 -0.335774 -0.334052 -0.352037 
1.62 -5.29166 6 -0.352034 -0.334051 -0.335774 -0.331872 -0.335175 -0.351042 -0.369423 -0.472924 -0.369418 -0.351036 -0.335173 -0.331872 -0.335774 -0.334051 -0.352037 
1.63 -5.29352 6 -0.352034 -0.334051 -0.335776 -0.331644 -0.335798 -0.351044 -0.369696 -0.473446 -0.369691 -0.351038 -0.335795 -0.331645 -0.335775 -0.334051 -0.352037 
1.64 -5.29542 6 -0.352034 -0.33405 -0.335777 -0.331412 -0.336431 -0.351059 -0.369974 -0.473951 -0.369969 -0.351053 -0.336429 -0.331413 -0.335777 -0.33405 -0.352037 
1.65 -5.29734 6 -0.352033 -0.33405 -0.335779 -0.331176 -0.337074 -0.351087 -0.370256 -0.47444 -0.37025 -0.351081 -0.337071 -0.331177 -0.335779 -0.33405 -0.352037 
1.66 -5.29929 6 -0.352033 -0.334049 -0.335781 -0.330936 -0.337724 -0.351129 -0.370541 -0.474912 -0.370536 -0.351123 -0.337722 -0.330936 -0.33578 -0.334049 -0.352037 
1.67 -5.30126 6 -0.352032 -0.334049 -0.335783 -0.330692 -0.33838 -0.351184 -0.37083 -0.475368 -0.370825 -0.351178 -0.338378 -0.330693 -0.335783 -0.334048 -0.352037 
1.68 -5.30325 6 -0.352032 -0.334048 -0.335785 -0.330446 -0.33904 -0.351252 -0.371124 -0.475808 -0.371119 -0.351246 -0.339037 -0.330447 -0.335785 -0.334048 -0.352036 
1.69 -5.30527 6 -0.352032 -0.334047 -0.335788 -0.330197 -0.339702 -0.351335 -0.371421 -0.476231 -0.371416 -0.351329 -0.339699 -0.330198 -0.335788 -0.334047 -0.352036 
1.7 -5.30729 6 -0.352031 -0.334047 -0.335791 -0.329947 -0.340363 -0.351432 -0.371722 -0.476637 -0.371717 -0.351426 -0.34036 -0.329948 -0.335791 -0.334046 -0.352036 
1.71 -5.30933 6 -0.352031 -0.334046 -0.335794 -0.329696 -0.341021 -0.351542 -0.372027 -0.477027 -0.372023 -0.351536 -0.341018 -0.329696 -0.335794 -0.334045 -0.352036 
1.72 -5.31138 6 -0.352031 -0.334045 -0.335797 -0.329444 -0.341674 -0.351667 -0.372336 -0.477401 -0.372332 -0.351661 -0.341671 -0.329445 -0.335797 -0.334045 -0.352036 
1.73 -5.31344 6 -0.35203 -0.334044 -0.3358 -0.329193 -0.342319 -0.351806 -0.37265 -0.477758 -0.372645 -0.3518 -0.342316 -0.329194 -0.3358 -0.334044 -0.352036 
1.74 -5.31549 6 -0.35203 -0.334043 -0.335803 -0.328944 -0.342953 -0.35196 -0.372967 -0.478099 -0.372962 -0.351954 -0.34295 -0.328945 -0.335803 -0.334043 -0.352036 
1.75 -5.31754 6 -0.35203 -0.334042 -0.335806 -0.328698 -0.343573 -0.352127 -0.373287 -0.478423 -0.373283 -0.352121 -0.343569 -0.328698 -0.335806 -0.334042 -0.352035 
1.76 -5.31959 6 -0.352029 -0.334041 -0.335809 -0.328455 -0.344176 -0.352309 -0.373612 -0.47873 -0.373608 -0.352303 -0.344172 -0.328456 -0.335808 -0.334041 -0.352035 
1.77 -5.32162 6 -0.352029 -0.33404 -0.335811 -0.328218 -0.344758 -0.352505 -0.373941 -0.479022 -0.373937 -0.352499 -0.344753 -0.328219 -0.33581 -0.33404 -0.352035 
1.78 -5.32363 6 -0.352029 -0.334039 -0.335812 -0.327989 -0.345315 -0.352714 -0.374274 -0.479297 -0.374269 -0.352708 -0.34531 -0.32799 -0.335812 -0.334039 -0.352035 
1.79 -5.32562 6 -0.352028 -0.334038 -0.335812 -0.327767 -0.345843 -0.352938 -0.37461 -0.479556 -0.374606 -0.352932 -0.345838 -0.327768 -0.335812 -0.334038 -0.352035 
1.8 -5.32758 6 -0.352028 -0.334037 -0.335811 -0.327557 -0.346338 -0.353174 -0.37495 -0.479798 -0.374946 -0.353168 -0.346333 -0.327557 -0.335811 -0.334036 -0.352035 
1.81 -5.32951 6 -0.352028 -0.334036 -0.335809 -0.327358 -0.346797 -0.353424 -0.375295 -0.480024 -0.375291 -0.353418 -0.346792 -0.327359 -0.335808 -0.334035 -0.352035 
1.82 -5.33139 7 -0.352028 -0.334035 -0.335804 -0.327173 -0.347215 -0.353686 -0.375642 -0.480234 -0.375638 -0.35368 -0.34721 -0.327174 -0.335804 -0.334034 -0.352035 
1.83 -5.33323 7 -0.352027 -0.334033 -0.335798 -0.327003 -0.347588 -0.353961 -0.375994 -0.480428 -0.37599 -0.353955 -0.347583 -0.327004 -0.335797 -0.334032 -0.352034 
1.84 -5.33502 7 -0.352027 -0.334032 -0.335788 -0.326851 -0.347915 -0.354247 -0.376349 -0.480607 -0.376346 -0.354241 -0.347909 -0.326852 -0.335788 -0.334031 -0.352034 
1.85 -5.33675 7 -0.352027 -0.334031 -0.335776 -0.326718 -0.348191 -0.354544 -0.376708 -0.480769 -0.376705 -0.354538 -0.348185 -0.326719 -0.335776 -0.33403 -0.352034 
1.86 -5.33842 7 -0.352026 -0.334029 -0.33576 -0.326605 -0.348415 -0.354852 -0.377071 -0.480915 -0.377067 -0.354846 -0.34841 -0.326606 -0.33576 -0.334028 -0.352034 
1.87 -5.34004 7 -0.352026 -0.334028 -0.33574 -0.326513 -0.348586 -0.35517 -0.377437 -0.481046 -0.377433 -0.355164 -0.348581 -0.326514 -0.33574 -0.334027 -0.352034 
1.88 -5.34159 7 -0.352026 -0.334026 -0.335715 -0.326443 -0.348705 -0.355497 -0.377807 -0.481161 -0.377803 -0.355491 -0.348699 -0.326444 -0.335715 -0.334025 -0.352034 
1.89 -5.34308 7 -0.352026 -0.334025 -0.335686 -0.326397 -0.348771 -0.355832 -0.37818 -0.48126 -0.378176 -0.355826 -0.348765 -0.326398 -0.335686 -0.334023 -0.352034 
1.9 -5.34452 7 -0.352026 -0.334023 -0.335651 -0.326374 -0.348787 -0.356176 -0.378556 -0.481344 -0.378553 -0.35617 -0.348782 -0.326375 -0.335651 -0.334022 -0.352034 
1.91 -5.34591 7 -0.352025 -0.334021 -0.33561 -0.326376 -0.348756 -0.356527 -0.378936 -0.481412 -0.378933 -0.356521 -0.348751 -0.326376 -0.33561 -0.33402 -0.352034 
1.92 -5.34725 7 -0.352025 -0.33402 -0.335563 -0.326402 -0.348681 -0.356886 -0.379319 -0.481466 -0.379316 -0.35688 -0.348675 -0.326403 -0.335563 -0.334018 -0.352034 
1.93 -5.34855 7 -0.352025 -0.334018 -0.33551 -0.326453 -0.348565 -0.35725 -0.379705 -0.481504 -0.379702 -0.357244 -0.34856 -0.326454 -0.33551 -0.334017 -0.352034 
1.94 -5.34982 7 -0.352025 -0.334016 -0.33545 -0.32653 -0.348413 -0.357621 -0.380094 -0.481527 -0.380091 -0.357615 -0.348408 -0.326531 -0.33545 -0.334015 -0.352034 
1.95 -5.35107 7 -0.352025 -0.334015 -0.335382 -0.326634 -0.348229 -0.357997 -0.380486 -0.481536 -0.380483 -0.357991 -0.348224 -0.326634 -0.335382 -0.334013 -0.352034 
1.96 -5.35229 7 -0.352025 -0.334013 -0.335308 -0.326763 -0.348018 -0.358378 -0.380882 -0.481529 -0.380879 -0.358372 -0.348012 -0.326763 -0.335308 -0.334012 -0.352034 
1.97 -5.35352 7 -0.352025 -0.334011 -0.335226 -0.326919 -0.347782 -0.358764 -0.381279 -0.481508 -0.381276 -0.358758 -0.347776 -0.326919 -0.335226 -0.33401 -0.352033 
1.98 -5.35474 7 -0.352024 -0.33401 -0.335137 -0.327102 -0.347527 -0.359155 -0.38168 -0.481473 -0.381677 -0.359149 -0.347521 -0.327102 -0.335137 -0.334008 -0.352033 
1.99 -5.35596 8 -0.352024 -0.334008 -0.33504 -0.327312 -0.347256 -0.359549 -0.382083 -0.481423 -0.38208 -0.359544 -0.34725 -0.327312 -0.33504 -0.334007 -0.352033 
2 -5.3572 8 -0.352024 -0.334006 -0.334935 -0.327549 -0.346972 -0.359948 -0.382489 -0.481359 -0.382486 -0.359942 -0.346966 -0.327549 -0.334935 -0.334005 -0.352033 
2.01 -5.35846 8 -0.352024 -0.334005 -0.334823 -0.327814 -0.346678 -0.360351 -0.382897 -0.481281 -0.382894 -0.360345 -0.346672 -0.327814 -0.334823 -0.334003 -0.352033 
2.02 -5.35974 8 -0.352024 -0.334003 -0.334703 -0.328106 -0.346376 -0.360757 -0.383307 -0.481189 -0.383305 -0.360752 -0.34637 -0.328106 -0.334703 -0.334002 -0.352033 
2.03 -5.36105 8 -0.352024 -0.334002 -0.334575 -0.328425 -0.346071 -0.361167 -0.38372 -0.481083 -0.383717 -0.361161 -0.346065 -0.328425 -0.334576 -0.334001 -0.352033 
2.04 -5.36238 8 -0.352024 -0.334001 -0.33444 -0.328771 -0.345762 -0.361581 -0.384135 -0.480964 -0.384132 -0.361575 -0.345756 -0.32877 -0.33444 -0.333999 -0.352033 
2.05 -5.36376 8 -0.352024 -0.334 -0.334297 -0.329143 -0.345453 -0.361998 -0.384552 -0.480831 -0.384549 -0.361992 -0.345447 -0.329142 -0.334297 -0.333998 -0.352033 
2.06 -5.36516 8 -0.352024 -0.333999 -0.334147 -0.329541 -0.345145 -0.362418 -0.38497 -0.480685 -0.384968 -0.362412 -0.345139 -0.329541 -0.334147 -0.333997 -0.352033 
2.07 -5.36661 8 -0.352024 -0.333998 -0.333989 -0.329965 -0.344839 -0.362841 -0.385391 -0.480526 -0.385388 -0.362835 -0.344833 -0.329964 -0.333989 -0.333996 -0.352033 
2.08 -5.3681 8 -0.352024 -0.333997 -0.333824 -0.330413 -0.344537 -0.363267 -0.385813 -0.480354 -0.38581 -0.363261 -0.344531 -0.330413 -0.333824 -0.333995 -0.352033 
2.09 -5.36962 8 -0.352024 -0.333996 -0.333652 -0.330886 -0.344239 -0.363696 -0.386236 -0.480169 -0.386234 -0.36369 -0.344234 -0.330885 -0.333652 -0.333995 -0.352033 
2.1 -5.37119 8 -0.352024 -0.333996 -0.333472 -0.331382 -0.343948 -0.364128 -0.386661 -0.479972 -0.386659 -0.364123 -0.343942 -0.331381 -0.333473 -0.333994 -0.352033 
2.11 -5.37279 8 -0.352024 -0.333996 -0.333286 -0.331901 -0.343662 -0.364564 -0.387088 -0.479762 -0.387086 -0.364558 -0.343656 -0.3319 -0.333287 -0.333994 -0.352033 
2.12 -5.37444 8 -0.352024 -0.333996 -0.333093 -0.332441 -0.343384 -0.365002 -0.387515 -0.47954 -0.387513 -0.364996 -0.343378 -0.332439 -0.333094 -0.333994 -0.352032 
2.13 -5.37613 8 -0.352024 -0.333996 -0.332894 -0.333001 -0.343114 -0.365443 -0.387944 -0.479306 -0.387942 -0.365437 -0.343108 -0.333 -0.332895 -0.333994 -0.352032 
2.14 -5.37785 8 -0.352023 -0.333996 -0.332689 -0.333581 -0.342852 -0.365886 -0.388374 -0.47906 -0.388372 -0.365881 -0.342846 -0.333579 -0.332689 -0.333995 -0.352032 
2.15 -5.37962 8 -0.352023 -0.333997 -0.332477 -0.334179 -0.342599 -0.366333 -0.388804 -0.478802 -0.388802 -0.366327 -0.342593 -0.334177 -0.332477 -0.333995 -0.352032 
2.16 -5.38142 8 -0.352023 -0.333998 -0.332259 -0.334793 -0.342356 -0.366782 -0.389235 -0.478533 -0.389234 -0.366776 -0.34235 -0.334791 -0.33226 -0.333996 -0.352032 
2.17 -5.38326 8 -0.352023 -0.333999 -0.332036 -0.335424 -0.342122 -0.367234 -0.389667 -0.478253 -0.389666 -0.367228 -0.342116 -0.335422 -0.332037 -0.333998 -0.352031 
2.18 -5.38513 8 -0.352023 -0.334001 -0.331808 -0.336068 -0.341898 -0.367689 -0.3901 -0.477961 -0.390098 -0.367683 -0.341892 -0.336066 -0.331809 -0.333999 -0.352031 
2.19 -5.38703 8 -0.352023 -0.334002 -0.331575 -0.336725 -0.341685 -0.368147 -0.390533 -0.477659 -0.390531 -0.368141 -0.341679 -0.336723 -0.331575 -0.334001 -0.352031 
2.2 -5.38896 8 -0.352023 -0.334004 -0.331337 -0.337394 -0.341483 -0.368607 -0.390966 -0.477346 -0.390964 -0.368601 -0.341477 -0.337391 -0.331337 -0.334003 -0.35203 
2.21 -5.39092 8 -0.352022 -0.334007 -0.331094 -0.338072 -0.341291 -0.369069 -0.391399 -0.477022 -0.391398 -0.369064 -0.341285 -0.338069 -0.331095 -0.334005 -0.35203 
2.22 -5.39291 8 -0.352022 -0.334009 -0.330848 -0.338757 -0.341111 -0.369535 -0.391833 -0.476688 -0.391831 -0.369529 -0.341105 -0.338755 -0.330849 -0.334008 -0.35203 
2.23 -5.39492 8 -0.352022 -0.334012 -0.330599 -0.339449 -0.340942 -0.370003 -0.392266 -0.476344 -0.392265 -0.369997 -0.340936 -0.339446 -0.3306 -0.334011 -0.352029 
2.24 -5.39695 8 -0.352021 -0.334015 -0.330346 -0.340145 -0.340785 -0.370473 -0.392699 -0.475991 -0.392698 -0.370467 -0.340779 -0.340142 -0.330347 -0.334014 -0.352029 
2.25 -5.399 8 -0.352021 -0.334019 -0.330092 -0.340843 -0.340639 -0.370946 -0.393132 -0.475627 -0.393131 -0.370941 -0.340633 -0.34084 -0.330093 -0.334017 -0.352028 
2.26 -5.40107 8 -0.352021 -0.334022 -0.329836 -0.341541 -0.340505 -0.371422 -0.393565 -0.475254 -0.393563 -0.371416 -0.3405 -0.341537 -0.329836 -0.334021 -0.352027 
2.27 -5.40314 8 -0.35202 -0.334026 -0.329578 -0.342235 -0.340384 -0.3719 -0.393997 -0.474872 -0.393995 -0.371894 -0.340378 -0.342232 -0.329579 -0.334024 -0.352027 
2.28 -5.40523 8 -0.35202 -0.334029 -0.329321 -0.342925 -0.340274 -0.372381 -0.394428 -0.474481 -0.394427 -0.372375 -0.340268 -0.342921 -0.329322 -0.334028 -0.352026 
2.29 -5.40731 8 -0.352019 -0.334033 -0.329065 -0.343606 -0.340176 -0.372864 -0.394859 -0.47408 -0.394858 -0.372858 -0.340171 -0.343602 -0.329066 -0.334032 -0.352025 
2.3 -5.4094 8 -0.352019 -0.334036 -0.328811 -0.344277 -0.340091 -0.37335 -0.395288 -0.473672 -0.395288 -0.373344 -0.340085 -0.344273 -0.328812 -0.334035 -0.352025 
2.31 -5.41149 8 -0.352018 -0.33404 -0.328559 -0.344933 -0.340017 -0.373838 -0.395717 -0.473254 -0.395716 -0.373832 -0.340012 -0.344929 -0.32856 -0.334038 -0.352024 
2.32 -5.41356 8 -0.352017 -0.334042 -0.328312 -0.345571 -0.339956 -0.374328 -0.396145 -0.472829 -0.396144 -0.374322 -0.33995 -0.345566 -0.328314 -0.334041 -0.352023 
2.33 -5.41562 8 -0.352016 -0.334044 -0.328072 -0.346187 -0.339906 -0.374821 -0.396572 -0.472396 -0.396571 -0.374815 -0.3399 -0.346183 -0.328073 -0.334043 -0.352022 
2.34 -5.41766 8 -0.352016 -0.334046 -0.327838 -0.346778 -0.339868 -0.375316 -0.396997 -0.471955 -0.396996 -0.375311 -0.339862 -0.346774 -0.327839 -0.334044 -0.352021 
2.35 -5.41967 8 -0.352015 -0.334046 -0.327613 -0.34734 -0.339842 -0.375814 -0.397421 -0.471506 -0.39742 -0.375808 -0.339836 -0.347335 -0.327615 -0.334045 -0.35202 
2.36 -5.42166 8 -0.352014 -0.334045 -0.3274 -0.347867 -0.339826 -0.376314 -0.397844 -0.47105 -0.397843 -0.376308 -0.339821 -0.347862 -0.327401 -0.334044 -0.352019 
2.37 -5.4236 8 -0.352013 -0.334042 -0.327199 -0.348357 -0.339822 -0.376816 -0.398264 -0.470587 -0.398264 -0.37681 -0.339816 -0.348352 -0.3272 -0.334041 -0.352017 
2.38 -5.4255 8 -0.352012 -0.334037 -0.327012 -0.348805 -0.339828 -0.377321 -0.398684 -0.470117 -0.398683 -0.377315 -0.339823 -0.348799 -0.327013 -0.334036 -0.352016 
2.39 -5.42735 8 -0.352011 -0.334029 -0.326841 -0.349207 -0.339845 -0.377827 -0.399101 -0.46964 -0.3991 -0.377822 -0.339839 -0.349201 -0.326842 -0.334029 -0.352015 
2.4 -5.42914 8 -0.352009 -0.334019 -0.326688 -0.34956 -0.339871 -0.378336 -0.399516 -0.469157 -0.399516 -0.37833 -0.339865 -0.349555 -0.326689 -0.334018 -0.352013 
2.41 -5.43088 8 -0.352008 -0.334006 -0.326554 -0.349863 -0.339906 -0.378847 -0.39993 -0.468667 -0.399929 -0.378841 -0.3399 -0.349857 -0.326555 -0.334005 -0.352012 
2.42 -5.43256 8 -0.352007 -0.333988 -0.32644 -0.350113 -0.33995 -0.37936 -0.400341 -0.468172 -0.400341 -0.379355 -0.339944 -0.350107 -0.326442 -0.333988 -0.35201 
2.43 -5.43417 8 -0.352006 -0.333967 -0.326348 -0.350309 -0.340001 -0.379875 -0.40075 -0.467671 -0.40075 -0.37987 -0.339996 -0.350304 -0.326349 -0.333966 -0.352009 
2.44 -5.43572 8 -0.352004 -0.333941 -0.326278 -0.350453 -0.340061 -0.380393 -0.401157 -0.467164 -0.401157 -0.380387 -0.340055 -0.350447 -0.326279 -0.33394 -0.352007 
2.45 -5.43721 8 -0.352003 -0.333909 -0.326231 -0.350544 -0.340127 -0.380912 -0.401562 -0.466652 -0.401561 -0.380906 -0.340122 -0.350538 -0.326232 -0.333909 -0.352006 
2.46 -5.43865 8 -0.352001 -0.333873 -0.326208 -0.350586 -0.3402 -0.381433 -0.401963 -0.466134 -0.401963 -0.381427 -0.340195 -0.35058 -0.326209 -0.333872 -0.352004 
2.47 -5.44003 8 -0.352 -0.33383 -0.326209 -0.350581 -0.340279 -0.381955 -0.402363 -0.465612 -0.402363 -0.38195 -0.340274 -0.350575 -0.32621 -0.333829 -0.352002 
2.48 -5.44137 8 -0.351998 -0.333781 -0.326234 -0.350533 -0.340364 -0.38248 -0.402759 -0.465085 -0.402759 -0.382474 -0.340358 -0.350527 -0.326235 -0.33378 -0.352 
2.49 -5.44267 8 -0.351996 -0.333725 -0.326284 -0.350445 -0.340454 -0.383006 -0.403153 -0.464553 -0.403153 -0.383 -0.340448 -0.350439 -0.326285 -0.333725 -0.351999 
2.5 -5.44394 8 -0.351995 -0.333663 -0.32636 -0.350323 -0.340548 -0.383534 -0.403544 -0.464018 -0.403544 -0.383528 -0.340543 -0.350317 -0.326361 -0.333662 -0.351997 
2.51 -5.44518 8 -0.351993 -0.333593 -0.326462 -0.35017 -0.340647 -0.384063 -0.403933 -0.463478 -0.403933 -0.384057 -0.340642 -0.350163 -0.326462 -0.333593 -0.351995 
2.52 -5.44641 8 -0.351991 -0.333516 -0.326589 -0.34999 -0.340751 -0.384593 -0.404318 -0.462934 -0.404318 -0.384588 -0.340745 -0.349983 -0.32659 -0.333516 -0.351993 
2.53 -5.44764 8 -0.35199 -0.333432 -0.326743 -0.349787 -0.340858 -0.385125 -0.4047 -0.462387 -0.4047 -0.38512 -0.340853 -0.349781 -0.326743 -0.333432 -0.351991 
2.54 -5.44887 8 -0.351988 -0.33334 -0.326923 -0.349566 -0.340969 -0.385659 -0.405078 -0.461836 -0.405079 -0.385653 -0.340964 -0.349559 -0.326923 -0.33334 -0.351989 
2.55 -5.4501 8 -0.351986 -0.333241 -0.32713 -0.349329 -0.341084 -0.386193 -0.405454 -0.461282 -0.405454 -0.386187 -0.341079 -0.349323 -0.32713 -0.333241 -0.351988 
2.56 -5.45135 8 -0.351985 -0.333134 -0.327364 -0.349081 -0.341202 -0.386728 -0.405826 -0.460725 -0.405826 -0.386723 -0.341197 -0.349075 -0.327364 -0.333134 -0.351986 
2.57 -5.45262 8 -0.351983 -0.33302 -0.327624 -0.348824 -0.341324 -0.387264 -0.406195 -0.460165 -0.406195 -0.387259 -0.341319 -0.348817 -0.327624 -0.33302 -0.351984 
2.58 -5.45391 8 -0.351982 -0.332897 -0.327911 -0.34856 -0.341449 -0.387801 -0.40656 -0.459603 -0.406561 -0.387796 -0.341444 -0.348553 -0.327911 -0.332897 -0.351982 
2.59 -5.45523 8 -0.35198 -0.332768 -0.328224 -0.348292 -0.341578 -0.388339 -0.406922 -0.459038 -0.406922 -0.388334 -0.341573 -0.348285 -0.328224 -0.332768 -0.351981 
2.6 -5.45658 8 -0.351979 -0.33263 -0.328564 -0.348022 -0.34171 -0.388878 -0.40728 -0.458471 -0.40728 -0.388873 -0.341704 -0.348015 -0.328564 -0.332631 -0.351979 
2.61 -5.45797 8 -0.351977 -0.332486 -0.328929 -0.347751 -0.341845 -0.389417 -0.407634 -0.457902 -0.407635 -0.389412 -0.341839 -0.347745 -0.328929 -0.332486 -0.351978 
2.62 -5.45939 8 -0.351976 -0.332334 -0.32932 -0.347482 -0.341983 -0.389956 -0.407985 -0.457331 -0.407985 -0.389951 -0.341978 -0.347476 -0.329319 -0.332334 -0.351977 
2.63 -5.46085 8 -0.351975 -0.332174 -0.329735 -0.347216 -0.342125 -0.390496 -0.408331 -0.456759 -0.408332 -0.390491 -0.342119 -0.347209 -0.329734 -0.332175 -0.351976 
2.64 -5.46235 8 -0.351974 -0.332008 -0.330174 -0.346953 -0.342269 -0.391036 -0.408674 -0.456186 -0.408675 -0.391031 -0.342264 -0.346946 -0.330173 -0.332008 -0.351975 
2.65 -5.46389 8 -0.351974 -0.331834 -0.330636 -0.346695 -0.342417 -0.391577 -0.409013 -0.455611 -0.409014 -0.391571 -0.342412 -0.346689 -0.330635 -0.331835 -0.351974 
2.66 -5.46546 8 -0.351973 -0.331654 -0.33112 -0.346443 -0.342569 -0.392117 -0.409348 -0.455035 -0.409349 -0.392112 -0.342563 -0.346436 -0.331119 -0.331654 -0.351973 
2.67 -5.46708 8 -0.351973 -0.331467 -0.331625 -0.346197 -0.342723 -0.392657 -0.409679 -0.454458 -0.409679 -0.392652 -0.342718 -0.34619 -0.331624 -0.331468 -0.351973 
2.68 -5.46874 8 -0.351972 -0.331274 -0.332151 -0.345958 -0.342881 -0.393197 -0.410005 -0.453881 -0.410006 -0.393192 -0.342876 -0.345952 -0.33215 -0.331274 -0.351973 
2.69 -5.47044 8 -0.351972 -0.331074 -0.332696 -0.345728 -0.343043 -0.393737 -0.410327 -0.453304 -0.410328 -0.393732 -0.343037 -0.345721 -0.332695 -0.331074 -0.351973 
2.7 -5.47218 8 -0.351973 -0.330868 -0.333259 -0.345505 -0.343207 -0.394276 -0.410646 -0.452726 -0.410646 -0.394271 -0.343202 -0.345499 -0.333258 -0.330869 -0.351973 
2.71 -5.47395 8 -0.351973 -0.330656 -0.333839 -0.345291 -0.343375 -0.394815 -0.410959 -0.452148 -0.41096 -0.39481 -0.34337 -0.345285 -0.333838 -0.330657 -0.351973 
2.72 -5.47576 9 -0.351974 -0.330439 -0.334435 -0.345087 -0.343547 -0.395354 -0.411269 -0.45157 -0.41127 -0.395349 -0.343542 -0.34508 -0.334433 -0.33044 -0.351974 
2.73 -5.47761 9 -0.351975 -0.330216 -0.335044 -0.344892 -0.343722 -0.395891 -0.411574 -0.450993 -0.411575 -0.395886 -0.343717 -0.344885 -0.335042 -0.330217 -0.351975 
2.74 -5.47948 9 -0.351976 -0.329989 -0.335667 -0.344707 -0.343901 -0.396428 -0.411874 -0.450416 -0.411875 -0.396423 -0.343896 -0.3447 -0.335665 -0.329989 -0.351976 
2.75 -5.48139 9 -0.351978 -0.329756 -0.3363 -0.344532 -0.344083 -0.396964 -0.412171 -0.44984 -0.412172 -0.396959 -0.344078 -0.344525 -0.336298 -0.329757 -0.351978 
2.76 -5.48333 9 -0.35198 -0.32952 -0.336943 -0.344367 -0.344269 -0.397499 -0.412462 -0.449265 -0.412463 -0.397494 -0.344264 -0.344361 -0.336941 -0.32952 -0.35198 
2.77 -5.48529 9 -0.351982 -0.329279 -0.337594 -0.344214 -0.344459 -0.398033 -0.412749 -0.44869 -0.41275 -0.398028 -0.344453 -0.344207 -0.337592 -0.32928 -0.351982 
2.78 -5.48728 9 -0.351984 -0.329035 -0.338251 -0.344071 -0.344652 -0.398566 -0.413032 -0.448117 -0.413033 -0.398561 -0.344647 -0.344065 -0.338249 -0.329036 -0.351984 
2.79 -5.48929 9 -0.351987 -0.328788 -0.338913 -0.343939 -0.344849 -0.399097 -0.413309 -0.447545 -0.41331 -0.399092 -0.344844 -0.343933 -0.33891 -0.328788 -0.351987 
2.8 -5.49132 9 -0.35199 -0.328538 -0.339576 -0.343819 -0.34505 -0.399627 -0.413583 -0.446975 -0.413584 -0.399622 -0.345045 -0.343812 -0.339573 -0.328539 -0.35199 
2.81 -5.49337 9 -0.351993 -0.328286 -0.34024 -0.34371 -0.345255 -0.400156 -0.413851 -0.446407 -0.413852 -0.400151 -0.34525 -0.343703 -0.340236 -0.328287 -0.351993 
2.82 -5.49543 9 -0.351996 -0.328034 -0.340901 -0.343612 -0.345463 -0.400682 -0.414115 -0.44584 -0.414116 -0.400678 -0.345458 -0.343606 -0.340897 -0.328035 -0.351996 
2.83 -5.4975 9 -0.351999 -0.327781 -0.341557 -0.343526 -0.345676 -0.401208 -0.414374 -0.445276 -0.414375 -0.401203 -0.345671 -0.34352 -0.341554 -0.327782 -0.352 
2.84 -5.49958 9 -0.352002 -0.327528 -0.342206 -0.343452 -0.345893 -0.401731 -0.414628 -0.444713 -0.414629 -0.401726 -0.345888 -0.343445 -0.342202 -0.327529 -0.352003 
2.85 -5.50165 9 -0.352005 -0.327277 -0.342845 -0.343389 -0.346113 -0.402252 -0.414877 -0.444153 -0.414878 -0.402247 -0.346108 -0.343382 -0.342841 -0.327278 -0.352006 
2.86 -5.50373 9 -0.352008 -0.327029 -0.343469 -0.343338 -0.346338 -0.402772 -0.415122 -0.443595 -0.415123 -0.402767 -0.346333 -0.343331 -0.343465 -0.32703 -0.35201 
2.87 -5.5058 9 -0.352011 -0.326784 -0.344077 -0.343298 -0.346567 -0.403289 -0.415361 -0.44304 -0.415362 -0.403284 -0.346562 -0.343292 -0.344073 -0.326785 -0.352012 
2.88 -5.50786 10 -0.352013 -0.326545 -0.344665 -0.34327 -0.3468 -0.403804 -0.415596 -0.442488 -0.415597 -0.403799 -0.346795 -0.343264 -0.344661 -0.326546 -0.352015 
2.89 -5.5099 10 -0.352015 -0.326312 -0.345228 -0.343253 -0.347037 -0.404317 -0.415826 -0.441939 -0.415827 -0.404312 -0.347033 -0.343247 -0.345224 -0.326313 -0.352016 
2.9 -5.51192 10 -0.352015 -0.326088 -0.345763 -0.343247 -0.347279 -0.404827 -0.416051 -0.441392 -0.416052 -0.404822 -0.347274 -0.343241 -0.345758 -0.326089 -0.352017 
2.91 -5.51391 10 -0.352014 -0.325873 -0.346266 -0.343252 -0.347525 -0.405335 -0.416271 -0.440849 -0.416273 -0.40533 -0.34752 -0.343246 -0.346261 -0.325875 -0.352016 
2.92 -5.51586 10 -0.352012 -0.325671 -0.346731 -0.343268 -0.347775 -0.40584 -0.416487 -0.440309 -0.416488 -0.405836 -0.34777 -0.343262 -0.346727 -0.325672 -0.352014 
2.93 -5.51778 10 -0.352008 -0.325482 -0.347157 -0.343294 -0.348029 -0.406343 -0.416697 -0.439773 -0.416698 -0.406338 -0.348024 -0.343288 -0.347152 -0.325483 -0.35201 
2.94 -5.51964 10 -0.352001 -0.325308 -0.347538 -0.34333 -0.348288 -0.406842 -0.416902 -0.43924 -0.416904 -0.406838 -0.348283 -0.343324 -0.347533 -0.325309 -0.352004 
2.95 -5.52146 10 -0.351992 -0.325151 -0.347871 -0.343375 -0.348551 -0.407339 -0.417103 -0.43871 -0.417104 -0.407335 -0.348546 -0.343369 -0.347866 -0.325152 -0.351995 
2.96 -5.52322 10 -0.35198 -0.325013 -0.348154 -0.343429 -0.348818 -0.407833 -0.417299 -0.438185 -0.4173 -0.407829 -0.348813 -0.343423 -0.348149 -0.325014 -0.351983 
2.97 -5.52492 10 -0.351965 -0.324894 -0.348385 -0.343491 -0.34909 -0.408324 -0.417489 -0.437663 -0.417491 -0.40832 -0.349085 -0.343485 -0.348379 -0.324895 -0.351967 
2.98 -5.52657 10 -0.351945 -0.324797 -0.348561 -0.343561 -0.349366 -0.408812 -0.417675 -0.437146 -0.417677 -0.408808 -0.349361 -0.343555 -0.348556 -0.324797 -0.351948 
2.99 -5.52815 10 -0.351921 -0.324721 -0.348684 -0.343638 -0.349647 -0.409297 -0.417856 -0.436632 -0.417858 -0.409292 -0.349642 -0.343632 -0.348679 -0.324722 -0.351924 
3 -5.52966 10 -0.351891 -0.324668 -0.348754 -0.343722 -0.349932 -0.409778 -0.418032 -0.436123 -0.418034 -0.409774 -0.349927 -0.343716 -0.348748 -0.324669 -0.351895 
3.01 -5.53113 10 -0.351857 -0.324639 -0.348772 -0.343812 -0.350221 -0.410256 -0.418204 -0.435618 -0.418205 -0.410252 -0.350217 -0.343806 -0.348766 -0.32464 -0.351861 
3.02 -5.53253 10 -0.351816 -0.324634 -0.348741 -0.343907 -0.350515 -0.41073 -0.41837 -0.435118 -0.418371 -0.410726 -0.35051 -0.343901 -0.348735 -0.324635 -0.35182 
3.03 -5.53389 10 -0.35177 -0.324654 -0.348665 -0.344008 -0.350813 -0.411201 -0.418531 -0.434622 -0.418533 -0.411197 -0.350809 -0.344002 -0.348659 -0.324655 -0.351774 
3.04 -5.53521 10 -0.351717 -0.324699 -0.348546 -0.344113 -0.351116 -0.411668 -0.418688 -0.434131 -0.418689 -0.411664 -0.351111 -0.344107 -0.34854 -0.324699 -0.351721 
3.05 -5.53649 10 -0.351657 -0.324769 -0.34839 -0.344222 -0.351423 -0.412131 -0.41884 -0.433645 -0.418841 -0.412127 -0.351418 -0.344216 -0.348384 -0.324769 -0.351661 
3.06 -5.53775 10 -0.35159 -0.324864 -0.3482 -0.344335 -0.351734 -0.412591 -0.418987 -0.433163 -0.418988 -0.412587 -0.351729 -0.344329 -0.348194 -0.324865 -0.351595 
3.07 -5.53899 11 -0.351516 -0.324986 -0.34798 -0.344451 -0.35205 -0.413047 -0.419129 -0.432687 -0.419131 -0.413043 -0.352045 -0.344445 -0.347974 -0.324987 -0.351521 
3.08 -5.54022 11 -0.351434 -0.325135 -0.347736 -0.344571 -0.352369 -0.413499 -0.419267 -0.432215 -0.419268 -0.413495 -0.352365 -0.344565 -0.34773 -0.325135 -0.351439 
3.09 -5.54145 11 -0.351345 -0.32531 -0.347469 -0.344693 -0.352693 -0.413946 -0.419399 -0.431748 -0.419401 -0.413942 -0.352689 -0.344687 -0.347463 -0.32531 -0.35135 
3.1 -5.54268 11 -0.351248 -0.325512 -0.347186 -0.344819 -0.353021 -0.41439 -0.419527 -0.431287 -0.419529 -0.414386 -0.353017 -0.344812 -0.34718 -0.325512 -0.351254 
3.11 -5.54392 11 -0.351143 -0.325741 -0.346888 -0.344947 -0.353354 -0.414829 -0.419651 -0.430831 -0.419652 -0.414826 -0.353349 -0.34494 -0.346882 -0.325741 -0.351149 
3.12 -5.54518 11 -0.351031 -0.325997 -0.346578 -0.345077 -0.35369 -0.415265 -0.419769 -0.43038 -0.419771 -0.415261 -0.353685 -0.345071 -0.346572 -0.325997 -0.351037 
3.13 -5.54646 11 -0.350911 -0.32628 -0.34626 -0.34521 -0.35403 -0.415695 -0.419883 -0.429934 -0.419885 -0.415692 -0.354026 -0.345203 -0.346254 -0.32628 -0.350917 
3.14 -5.54777 11 -0.350784 -0.32659 -0.345937 -0.345345 -0.354375 -0.416122 -0.419993 -0.429494 -0.419994 -0.416118 -0.35437 -0.345338 -0.345931 -0.326589 -0.35079 
3.15 -5.54911 11 -0.350648 -0.326927 -0.345609 -0.345482 -0.354723 -0.416544 -0.420098 -0.42906 -0.420099 -0.41654 -0.354719 -0.345476 -0.345603 -0.326926 -0.350655 
3.16 -5.55048 11 -0.350505 -0.327289 -0.345279 -0.345621 -0.355075 -0.416961 -0.420198 -0.428631 -0.4202 -0.416958 -0.355071 -0.345615 -0.345273 -0.327288 -0.350512 
3.17 -5.55189 11 -0.350355 -0.327678 -0.344949 -0.345763 -0.355432 -0.417374 -0.420294 -0.428208 -0.420296 -0.41737 -0.355427 -0.345757 -0.344943 -0.327677 -0.350362 
3.18 -5.55333 11 -0.350197 -0.328092 -0.344621 -0.345906 -0.355792 -0.417782 -0.420386 -0.42779 -0.420387 -0.417779 -0.355787 -0.3459 -0.344614 -0.328091 -0.350205 
3.19 -5.55481 11 -0.350033 -0.32853 -0.344294 -0.346052 -0.356155 -0.418186 -0.420473 -0.427378 -0.420474 -0.418182 -0.356151 -0.346046 -0.344288 -0.328529 -0.35004 
3.2 -5.55633 11 -0.349861 -0.328992 -0.343971 -0.3462 -0.356523 -0.418584 -0.420556 -0.426972 -0.420557 -0.418581 -0.356518 -0.346194 -0.343965 -0.328991 -0.349868 
3.21 -5.55789 11 -0.349682 -0.329478 -0.343653 -0.34635 -0.356894 -0.418978 -0.420634 -0.426572 -0.420635 -0.418975 -0.356889 -0.346344 -0.343647 -0.329476 -0.349689 
3.22 -5.5595 12 -0.349496 -0.329985 -0.343339 -0.346502 -0.357268 -0.419367 -0.420708 -0.426177 -0.42071 -0.419363 -0.357264 -0.346495 -0.343333 -0.329983 -0.349504 
3.23 -5.56114 12 -0.349304 -0.330514 -0.343032 -0.346656 -0.357646 -0.419751 -0.420778 -0.425789 -0.420779 -0.419747 -0.357642 -0.34665 -0.343026 -0.330512 -0.349312 
3.24 -5.56282 12 -0.349105 -0.331063 -0.342732 -0.346812 -0.358028 -0.42013 -0.420844 -0.425406 -0.420845 -0.420126 -0.358023 -0.346806 -0.342726 -0.331061 -0.349113 
3.25 -5.56454 12 -0.3489 -0.331631 -0.342439 -0.34697 -0.358413 -0.420503 -0.420905 -0.42503 -0.420907 -0.4205 -0.358408 -0.346964 -0.342432 -0.331628 -0.348908 
3.26 -5.5663 12 -0.348689 -0.332216 -0.342153 -0.347131 -0.358801 -0.420872 -0.420963 -0.424659 -0.420964 -0.420869 -0.358797 -0.347125 -0.342147 -0.332214 -0.348697 
3.27 -5.56809 12 -0.348472 -0.332818 -0.341876 -0.347294 -0.359192 -0.421235 -0.421016 -0.424295 -0.421017 -0.421232 -0.359188 -0.347288 -0.341869 -0.332816 -0.348481 
3.28 -5.56992 12 -0.34825 -0.333436 -0.341607 -0.347459 -0.359587 -0.421593 -0.421065 -0.423936 -0.421067 -0.42159 -0.359583 -0.347453 -0.341601 -0.333433 -0.348259 
3.29 -5.57178 12 -0.348023 -0.334067 -0.341347 -0.347626 -0.359985 -0.421946 -0.421111 -0.423584 -0.421112 -0.421943 -0.359981 -0.34762 -0.341341 -0.334064 -0.348032 
3.3 -5.57368 12 -0.347791 -0.334711 -0.341096 -0.347796 -0.360386 -0.422294 -0.421152 -0.423238 -0.421154 -0.422291 -0.360382 -0.34779 -0.34109 -0.334708 -0.3478 
3.31 -5.5756 12 -0.347554 -0.335365 -0.340854 -0.347968 -0.36079 -0.422636 -0.42119 -0.422898 -0.421192 -0.422633 -0.360786 -0.347962 -0.340848 -0.335362 -0.347563 
3.32 -5.57755 12 -0.347313 -0.336029 -0.340623 -0.348142 -0.361197 -0.422973 -0.421224 -0.422564 -0.421225 -0.42297 -0.361193 -0.348136 -0.340617 -0.336026 -0.347323 
3.33 -5.57953 12 -0.347069 -0.3367 -0.340401 -0.348319 -0.361606 -0.423304 -0.421254 -0.422236 -0.421256 -0.423301 -0.361602 -0.348313 -0.340395 -0.336697 -0.347078 
3.34 -5.58153 12 -0.346821 -0.337377 -0.340189 -0.348498 -0.362019 -0.42363 -0.421281 -0.421915 -0.421282 -0.423626 -0.362015 -0.348492 -0.340183 -0.337373 -0.346831 
3.35 -5.58356 12 -0.346571 -0.338058 -0.339988 -0.34868 -0.362434 -0.42395 -0.421304 -0.4216 -0.421305 -0.423947 -0.36243 -0.348674 -0.339982 -0.338054 -0.34658 
3.36 -5.5856 13 -0.346318 -0.33874 -0.339797 -0.348865 -0.362852 -0.424264 -0.421323 -0.42129 -0.421324 -0.424261 -0.362848 -0.348858 -0.339791 -0.338736 -0.346328 
3.37 -5.58765 13 -0.346064 -0.339422 -0.339616 -0.349052 -0.363272 -0.424573 -0.421339 -0.420988 -0.42134 -0.42457 -0.363268 -0.349045 -0.33961 -0.339417 -0.346074 
3.38 -5.58972 13 -0.345809 -0.3401 -0.339446 -0.349241 -0.363695 -0.424876 -0.421351 -0.420691 -0.421353 -0.424873 -0.363691 -0.349235 -0.339441 -0.340095 -0.345819 
3.39 -5.59179 13 -0.345555 -0.340773 -0.339287 -0.349434 -0.364121 -0.425174 -0.42136 -0.4204 -0.421362 -0.425171 -0.364117 -0.349427 -0.339281 -0.340768 -0.345564 
3.4 -5.59388 13 -0.345301 -0.341438 -0.339139 -0.349629 -0.364549 -0.425466 -0.421366 -0.420116 -0.421367 -0.425463 -0.364545 -0.349623 -0.339133 -0.341433 -0.34531 
3.41 -5.59596 13 -0.345049 -0.342091 -0.339001 -0.349827 -0.364979 -0.425752 -0.421369 -0.419838 -0.42137 -0.425749 -0.364975 -0.349821 -0.338995 -0.342086 -0.345059 
3.42 -5.59804 13 -0.3448 -0.342729 -0.338874 -0.350028 -0.365411 -0.426032 -0.421368 -0.419566 -0.421369 -0.426029 -0.365407 -0.350021 -0.338868 -0.342724 -0.34481 
3.43 -5.60011 13 -0.344556 -0.34335 -0.338757 -0.350231 -0.365845 -0.426306 -0.421364 -0.419301 -0.421365 -0.426304 -0.365841 -0.350225 -0.338751 -0.343344 -0.344565 
3.44 -5.60216 13 -0.344317 -0.343949 -0.338651 -0.350438 -0.366282 -0.426575 -0.421357 -0.419041 -0.421358 -0.426572 -0.366278 -0.350432 -0.338645 -0.343943 -0.344327 
3.45 -5.6042 13 -0.344086 -0.344522 -0.338555 -0.350647 -0.36672 -0.426838 -0.421347 -0.418788 -0.421348 -0.426835 -0.366716 -0.350641 -0.338549 -0.344516 -0.344095 
3.46 -5.60622 13 -0.343863 -0.345065 -0.338469 -0.35086 -0.36716 -0.427095 -0.421334 -0.418541 -0.421335 -0.427092 -0.367157 -0.350854 -0.338463 -0.345059 -0.343873 
3.47 -5.60821 13 -0.343651 -0.345575 -0.338393 -0.351075 -0.367602 -0.427346 -0.421318 -0.4183 -0.421319 -0.427343 -0.367599 -0.351069 -0.338387 -0.345569 -0.343661 
3.48 -5.61016 13 -0.343451 -0.346046 -0.338326 -0.351294 -0.368046 -0.427591 -0.4213 -0.418065 -0.421301 -0.427588 -0.368043 -0.351288 -0.33832 -0.34604 -0.343461 
3.49 -5.61207 13 -0.343265 -0.346476 -0.338269 -0.351516 -0.368492 -0.42783 -0.421278 -0.417836 -0.421279 -0.427827 -0.368488 -0.35151 -0.338263 -0.34647 -0.343274 
3.5 -5.61394 13 -0.343094 -0.34686 -0.33822 -0.351741 -0.368939 -0.428063 -0.421254 -0.417614 -0.421255 -0.42806 -0.368935 -0.351735 -0.338214 -0.346854 -0.343103 
3.51 -5.61576 13 -0.342939 -0.347196 -0.338179 -0.351969 -0.369388 -0.42829 -0.421228 -0.417397 -0.421229 -0.428288 -0.369384 -0.351963 -0.338173 -0.347189 -0.342949 
3.52 -5.61753 13 -0.342803 -0.34748 -0.338146 -0.352201 -0.369838 -0.428511 -0.421198 -0.417187 -0.421199 -0.428509 -0.369834 -0.352194 -0.33814 -0.347474 -0.342812 
3.53 -5.61924 13 -0.342685 -0.347712 -0.33812 -0.352435 -0.370289 -0.428726 -0.421167 -0.416982 -0.421168 -0.428724 -0.370286 -0.352429 -0.338114 -0.347705 -0.342694 
3.54 -5.62089 13 -0.342587 -0.34789 -0.338101 -0.352673 -0.370742 -0.428936 -0.421132 -0.416783 -0.421133 -0.428933 -0.370739 -0.352667 -0.338095 -0.347883 -0.342596 
3.55 -5.62249 13 -0.342509 -0.348014 -0.338088 -0.352914 -0.371196 -0.429139 -0.421096 -0.416591 -0.421097 -0.429137 -0.371193 -0.352908 -0.338082 -0.348007 -0.342518 
3.56 -5.62403 13 -0.342452 -0.348086 -0.33808 -0.353158 -0.371651 -0.429336 -0.421057 -0.416404 -0.421058 -0.429334 -0.371648 -0.353152 -0.338074 -0.348079 -0.342461 
3.57 -5.62552 13 -0.342416 -0.348108 -0.338077 -0.353406 -0.372108 -0.429527 -0.421016 -0.416223 -0.421017 -0.429525 -0.372104 -0.3534 -0.338072 -0.348101 -0.342425 
3.58 -5.62697 13 -0.342402 -0.348082 -0.338079 -0.353657 -0.372565 -0.429712 -0.420973 -0.416048 -0.420973 -0.42971 -0.372561 -0.353651 -0.338073 -0.348075 -0.34241 
3.59 -5.62838 14 -0.342409 -0.348011 -0.338085 -0.353911 -0.373023 -0.429892 -0.420927 -0.415879 -0.420928 -0.429889 -0.373019 -0.353905 -0.338079 -0.348004 -0.342417 
3.6 -5.62976 14 -0.342438 -0.347901 -0.338094 -0.354169 -0.373482 -0.430065 -0.42088 -0.415715 -0.420881 -0.430063 -0.373478 -0.354162 -0.338089 -0.347894 -0.342447 
3.61 -5.63111 14 -0.34249 -0.347754 -0.338107 -0.354429 -0.373941 -0.430232 -0.42083 -0.415557 -0.420831 -0.43023 -0.373938 -0.354423 -0.338101 -0.347747 -0.342498 
3.62 -5.63245 14 -0.342564 -0.347575 -0.338122 -0.354693 -0.374401 -0.430393 -0.420779 -0.415405 -0.42078 -0.430391 -0.374398 -0.354687 -0.338117 -0.347568 -0.342572 
3.63 -5.63378 14 -0.342661 -0.347368 -0.338141 -0.354961 -0.374862 -0.430548 -0.420726 -0.415259 -0.420727 -0.430546 -0.374859 -0.354954 -0.338135 -0.347361 -0.342669 
3.64 -5.63511 14 -0.342782 -0.347137 -0.338161 -0.355231 -0.375324 -0.430697 -0.420671 -0.415118 -0.420672 -0.430695 -0.37532 -0.355225 -0.338156 -0.34713 -0.342789 
3.65 -5.63645 14 -0.342926 -0.346886 -0.338184 -0.355505 -0.375785 -0.430841 -0.420614 -0.414983 -0.420615 -0.430839 -0.375782 -0.355498 -0.338178 -0.346879 -0.342934 
3.66 -5.6378 14 -0.343094 -0.346618 -0.338209 -0.355781 -0.376247 -0.430978 -0.420556 -0.414853 -0.420557 -0.430976 -0.376244 -0.355775 -0.338203 -0.346611 -0.343102 
3.67 -5.63918 14 -0.343287 -0.346337 -0.338235 -0.356061 -0.37671 -0.431109 -0.420496 -0.414728 -0.420497 -0.431107 -0.376706 -0.356055 -0.33823 -0.34633 -0.343294 
3.68 -5.64059 14 -0.343504 -0.346045 -0.338264 -0.356344 -0.377172 -0.431235 -0.420435 -0.414609 -0.420436 -0.431233 -0.377169 -0.356338 -0.338258 -0.346038 -0.343512 
3.69 -5.64203 14 -0.343746 -0.345745 -0.338294 -0.35663 -0.377635 -0.431354 -0.420372 -0.414496 -0.420373 -0.431352 -0.377631 -0.356624 -0.338288 -0.345738 -0.343753 
3.7 -5.64351 14 -0.344013 -0.345439 -0.338326 -0.356919 -0.378097 -0.431468 -0.420308 -0.414387 -0.420308 -0.431466 -0.378094 -0.356913 -0.33832 -0.345432 -0.34402 
3.71 -5.64503 14 -0.344305 -0.34513 -0.338359 -0.357212 -0.37856 -0.431576 -0.420242 -0.414284 -0.420243 -0.431574 -0.378557 -0.357205 -0.338353 -0.345123 -0.344311 
3.72 -5.6466 14 -0.344621 -0.344819 -0.338394 -0.357507 -0.379022 -0.431677 -0.420175 -0.414186 -0.420176 -0.431676 -0.379019 -0.357501 -0.338388 -0.344812 -0.344627 
3.73 -5.64821 14 -0.344961 -0.344507 -0.33843 -0.357805 -0.379484 -0.431774 -0.420107 -0.414094 -0.420108 -0.431772 -0.379481 -0.357799 -0.338425 -0.3445 -0.344967 
3.74 -5.64988 14 -0.345326 -0.344196 -0.338468 -0.358106 -0.379946 -0.431864 -0.420038 -0.414006 -0.420039 -0.431862 -0.379943 -0.3581 -0.338463 -0.344189 -0.345332 
3.75 -5.65159 14 -0.345714 -0.343888 -0.338508 -0.35841 -0.380407 -0.431948 -0.419968 -0.413923 -0.419968 -0.431947 -0.380405 -0.358404 -0.338502 -0.343881 -0.34572 
3.76 -5.65336 15 -0.346126 -0.343582 -0.338549 -0.358716 -0.380868 -0.432027 -0.419897 -0.413846 -0.419897 -0.432025 -0.380866 -0.35871 -0.338543 -0.343575 -0.346132 
3.77 -5.65518 15 -0.346561 -0.34328 -0.338591 -0.359026 -0.381329 -0.4321 -0.419824 -0.413773 -0.419825 -0.432098 -0.381326 -0.35902 -0.338586 -0.343273 -0.346566 
3.78 -5.65705 15 -0.347017 -0.342983 -0.338635 -0.359338 -0.381789 -0.432167 -0.419751 -0.413705 -0.419752 -0.432166 -0.381786 -0.359332 -0.33863 -0.342976 -0.347023 
3.79 -5.65898 15 -0.347496 -0.342692 -0.338681 -0.359653 -0.382248 -0.432229 -0.419677 -0.413642 -0.419678 -0.432228 -0.382245 -0.359647 -0.338675 -0.342685 -0.347501 
3.8 -5.66095 15 -0.347995 -0.342406 -0.338728 -0.359971 -0.382706 -0.432285 -0.419602 -0.413584 -0.419603 -0.432284 -0.382703 -0.359965 -0.338723 -0.342399 -0.348 
3.81 -5.66298 15 -0.348515 -0.342127 -0.338777 -0.360291 -0.383164 -0.432336 -0.419527 -0.41353 -0.419527 -0.432334 -0.383161 -0.360285 -0.338772 -0.34212 -0.348519 
3.82 -5.66507 15 -0.349053 -0.341854 -0.338828 -0.360614 -0.38362 -0.432381 -0.419451 -0.413481 -0.419451 -0.432379 -0.383617 -0.360608 -0.338822 -0.341847 -0.349057 
3.83 -5.6672 15 -0.34961 -0.341589 -0.33888 -0.36094 -0.384076 -0.43242 -0.419374 -0.413436 -0.419374 -0.432419 -0.384073 -0.360934 -0.338875 -0.341582 -0.349614 
3.84 -5.66938 15 -0.350184 -0.341332 -0.338935 -0.361268 -0.38453 -0.432454 -0.419297 -0.413396 -0.419297 -0.432453 -0.384527 -0.361262 -0.338929 -0.341325 -0.350187 
3.85 -5.6716 15 -0.350773 -0.341083 -0.338991 -0.361598 -0.384983 -0.432483 -0.419219 -0.413361 -0.419219 -0.432481 -0.384981 -0.361592 -0.338985 -0.341076 -0.350777 
3.86 -5.67387 15 -0.351378 -0.340841 -0.339049 -0.361931 -0.385435 -0.432506 -0.41914 -0.41333 -0.41914 -0.432504 -0.385433 -0.361925 -0.339043 -0.340835 -0.351382 
3.87 -5.67619 15 -0.351996 -0.340609 -0.339108 -0.362267 -0.385886 -0.432524 -0.419062 -0.413303 -0.419062 -0.432522 -0.385883 -0.36226 -0.339103 -0.340602 -0.352 
3.88 -5.67854 15 -0.352627 -0.340385 -0.33917 -0.362604 -0.386335 -0.432536 -0.418983 -0.41328 -0.418983 -0.432535 -0.386333 -0.362598 -0.339165 -0.340378 -0.35263 
3.89 -5.68093 16 -0.353267 -0.34017 -0.339234 -0.362944 -0.386783 -0.432543 -0.418903 -0.413262 -0.418903 -0.432542 -0.386781 -0.362938 -0.339228 -0.340163 -0.35327 
3.9 -5.68336 16 -0.353917 -0.339964 -0.3393 -0.363286 -0.387229 -0.432546 -0.418824 -0.413247 -0.418823 -0.432544 -0.387227 -0.36328 -0.339294 -0.339957 -0.35392 
3.91 -5.68582 16 -0.354574 -0.339767 -0.339368 -0.363631 -0.387674 -0.432542 -0.418744 -0.413237 -0.418744 -0.432541 -0.387672 -0.363624 -0.339362 -0.33976 -0.354576 
3.92 -5.6883 16 -0.355235 -0.33958 -0.339438 -0.363977 -0.388117 -0.432534 -0.418664 -0.413231 -0.418664 -0.432533 -0.388115 -0.363971 -0.339432 -0.339573 -0.355237 
3.93 -5.69081 16 -0.355898 -0.339402 -0.33951 -0.364326 -0.388558 -0.432521 -0.418584 -0.413228 -0.418584 -0.43252 -0.388556 -0.364319 -0.339505 -0.339395 -0.3559 
3.94 -5.69333 16 -0.356562 -0.339233 -0.339585 -0.364676 -0.388998 -0.432503 -0.418504 -0.41323 -0.418503 -0.432502 -0.388995 -0.36467 -0.339579 -0.339227 -0.356564 
3.95 -5.69587 16 -0.357222 -0.339074 -0.339662 -0.365029 -0.389435 -0.43248 -0.418424 -0.413235 -0.418423 -0.432479 -0.389433 -0.365023 -0.339656 -0.339068 -0.357224 
3.96 -5.69841 16 -0.357876 -0.338925 -0.339741 -0.365383 -0.389871 -0.432452 -0.418343 -0.413244 -0.418343 -0.43245 -0.389869 -0.365377 -0.339735 -0.338918 -0.357877 
3.97 -5.70094 17 -0.35852 -0.338785 -0.339822 -0.36574 -0.390304 -0.432419 -0.418263 -0.413257 -0.418263 -0.432418 -0.390302 -0.365734 -0.339817 -0.338778 -0.358521 
3.98 -5.70347 17 -0.359149 -0.338655 -0.339907 -0.366098 -0.390736 -0.432381 -0.418184 -0.413273 -0.418183 -0.43238 -0.390733 -0.366092 -0.339901 -0.338648 -0.35915 
3.99 -5.70598 17 -0.35976 -0.338534 -0.339993 -0.366458 -0.391165 -0.432339 -0.418104 -0.413293 -0.418104 -0.432337 -0.391163 -0.366452 -0.339988 -0.338527 -0.359761 
4 -5.70845 17 -0.360348 -0.338422 -0.340083 -0.36682 -0.391592 -0.432291 -0.418025 -0.413316 -0.418024 -0.43229 -0.39159 -0.366814 -0.340077 -0.338415 -0.360348 
4.01 -5.71089 17 -0.360906 -0.338319 -0.340174 -0.367184 -0.392017 -0.43224 -0.417945 -0.413343 -0.417945 -0.432239 -0.392014 -0.367178 -0.340169 -0.338312 -0.360906 
4.02 -5.71327 17 -0.361429 -0.338225 -0.340269 -0.367549 -0.392439 -0.432183 -0.417867 -0.413372 -0.417866 -0.432183 -0.392437 -0.367543 -0.340263 -0.338218 -0.361429 
4.03 -5.71559 17 -0.361912 -0.338139 -0.340366 -0.367916 -0.392859 -0.432123 -0.417788 -0.413406 -0.417788 -0.432122 -0.392857 -0.36791 -0.340361 -0.338133 -0.361912 
4.04 -5.71783 17 -0.362348 -0.338061 -0.340466 -0.368284 -0.393276 -0.432058 -0.41771 -0.413442 -0.417709 -0.432057 -0.393274 -0.368278 -0.340461 -0.338055 -0.362348 
4.05 -5.71997 17 -0.362732 -0.337991 -0.340569 -0.368654 -0.393691 -0.431988 -0.417632 -0.413482 -0.417632 -0.431987 -0.393689 -0.368648 -0.340564 -0.337985 -0.362731 
4.06 -5.72202 17 -0.363057 -0.337928 -0.340675 -0.369025 -0.394103 -0.431914 -0.417555 -0.413524 -0.417554 -0.431913 -0.394101 -0.369019 -0.340669 -0.337922 -0.363056 
4.07 -5.72395 17 -0.36332 -0.337872 -0.340783 -0.369398 -0.394512 -0.431836 -0.417478 -0.41357 -0.417478 -0.431835 -0.39451 -0.369392 -0.340778 -0.337866 -0.363319 
4.08 -5.72575 17 -0.363515 -0.337822 -0.340895 -0.369772 -0.394919 -0.431754 -0.417402 -0.413619 -0.417401 -0.431753 -0.394917 -0.369766 -0.340889 -0.337816 -0.363514 
4.09 -5.72743 17 -0.363641 -0.337777 -0.341009 -0.370147 -0.395323 -0.431668 -0.417326 -0.41367 -0.417326 -0.431667 -0.395321 -0.370141 -0.341004 -0.337771 -0.36364 
4.1 -5.72897 17 -0.363696 -0.337737 -0.341126 -0.370523 -0.395724 -0.431577 -0.417251 -0.413725 -0.417251 -0.431577 -0.395722 -0.370517 -0.341121 -0.337731 -0.363694 
4.11 -5.73038 17 -0.363679 -0.337701 -0.341247 -0.370901 -0.396122 -0.431483 -0.417177 -0.413782 -0.417176 -0.431482 -0.39612 -0.370895 -0.341241 -0.337695 -0.363677 
4.12 -5.73165 17 -0.363591 -0.337669 -0.34137 -0.37128 -0.396517 -0.431385 -0.417103 -0.413841 -0.417102 -0.431384 -0.396515 -0.371274 -0.341364 -0.337663 -0.363589 
4.13 -5.73279 17 -0.363435 -0.33764 -0.341496 -0.371659 -0.396909 -0.431283 -0.41703 -0.413904 -0.417029 -0.431282 -0.396907 -0.371654 -0.341491 -0.337634 -0.363433 
4.14 -5.7338 17 -0.363214 -0.337614 -0.341625 -0.37204 -0.397298 -0.431177 -0.416957 -0.413969 -0.416957 -0.431176 -0.397296 -0.372035 -0.34162 -0.337608 -0.363212 
4.15 -5.73469 18 -0.362933 -0.337589 -0.341758 -0.372422 -0.397684 -0.431068 -0.416886 -0.414036 -0.416885 -0.431067 -0.397682 -0.372416 -0.341752 -0.337583 -0.362931 
4.16 -5.73547 18 -0.362596 -0.337567 -0.341893 -0.372805 -0.398066 -0.430955 -0.416815 -0.414106 -0.416814 -0.430954 -0.398064 -0.372799 -0.341887 -0.337561 -0.362594 
4.17 -5.73616 18 -0.362208 -0.337545 -0.342031 -0.373188 -0.398445 -0.430838 -0.416745 -0.414178 -0.416744 -0.430837 -0.398444 -0.373183 -0.342026 -0.337539 -0.362206 
4.18 -5.73675 18 -0.361774 -0.337525 -0.342172 -0.373572 -0.398821 -0.430718 -0.416676 -0.414253 -0.416675 -0.430717 -0.39882 -0.373567 -0.342167 -0.337519 -0.361772 
4.19 -5.73726 18 -0.3613 -0.337505 -0.342317 -0.373957 -0.399194 -0.430594 -0.416607 -0.41433 -0.416606 -0.430594 -0.399192 -0.373952 -0.342311 -0.337499 -0.361298 
4.2 -5.73769 18 -0.360791 -0.337486 -0.342464 -0.374343 -0.399563 -0.430468 -0.41654 -0.414409 -0.416539 -0.430467 -0.399561 -0.374338 -0.342458 -0.33748 -0.360789 
4.21 -5.73807 18 -0.360251 -0.337467 -0.342614 -0.374729 -0.399929 -0.430338 -0.416473 -0.41449 -0.416472 -0.430337 -0.399927 -0.374724 -0.342608 -0.337461 -0.360249 
4.22 -5.73839 18 -0.359685 -0.337448 -0.342767 -0.375116 -0.400291 -0.430204 -0.416407 -0.414573 -0.416406 -0.430204 -0.400289 -0.375111 -0.342761 -0.337442 -0.359682 
4.23 -5.73866 18 -0.359095 -0.337429 -0.342923 -0.375504 -0.40065 -0.430068 -0.416342 -0.414658 -0.416341 -0.430067 -0.400648 -0.375498 -0.342917 -0.337423 -0.359093 
4.24 -5.73889 18 -0.358487 -0.33741 -0.343081 -0.375892 -0.401005 -0.429929 -0.416279 -0.414746 -0.416278 -0.429928 -0.401003 -0.375886 -0.343076 -0.337404 -0.358485 
4.25 -5.73908 18 -0.357862 -0.337391 -0.343243 -0.37628 -0.401357 -0.429786 -0.416216 -0.414835 -0.416215 -0.429786 -0.401355 -0.376274 -0.343237 -0.337385 -0.35786 
4.26 -5.73925 18 -0.357224 -0.337372 -0.343408 -0.376668 -0.401704 -0.429641 -0.416154 -0.414926 -0.416153 -0.42964 -0.401703 -0.376663 -0.343402 -0.337366 -0.357222 
4.27 -5.73938 18 -0.356575 -0.337352 -0.343575 -0.377057 -0.402048 -0.429493 -0.416093 -0.415018 -0.416092 -0.429492 -0.402047 -0.377052 -0.343569 -0.337346 -0.356573 
4.28 -5.7395 18 -0.355917 -0.337332 -0.343745 -0.377446 -0.402389 -0.429342 -0.416033 -0.415113 -0.416032 -0.429342 -0.402387 -0.377441 -0.343739 -0.337326 -0.355915 
4.29 -5.7396 18 -0.355251 -0.337312 -0.343918 -0.377835 -0.402725 -0.429189 -0.415974 -0.415209 -0.415973 -0.429188 -0.402723 -0.37783 -0.343912 -0.337306 -0.355249 
4.3 -5.73968 19 -0.35458 -0.337292 -0.344093 -0.378224 -0.403058 -0.429033 -0.415917 -0.415306 -0.415916 -0.429032 -0.403056 -0.378219 -0.344088 -0.337286 -0.354577 
4.31 -5.73975 19 -0.353904 -0.337271 -0.344272 -0.378614 -0.403387 -0.428874 -0.41586 -0.415406 -0.415859 -0.428874 -0.403385 -0.378609 -0.344266 -0.337265 -0.353901 
4.32 -5.7398 19 -0.353224 -0.33725 -0.344453 -0.379003 -0.403712 -0.428714 -0.415805 -0.415506 -0.415803 -0.428713 -0.40371 -0.378998 -0.344447 -0.337244 -0.353222 
4.33 -5.73985 19 -0.352542 -0.337229 -0.344636 -0.379392 -0.404033 -0.42855 -0.41575 -0.415609 -0.415749 -0.42855 -0.404031 -0.379387 -0.34463 -0.337223 -0.35254 
4.34 -5.73989 19 -0.351858 -0.337207 -0.344822 -0.379781 -0.40435 -0.428385 -0.415697 -0.415712 -0.415695 -0.428384 -0.404348 -0.379776 -0.344817 -0.337202 -0.351856 
4.35 -5.73992 19 -0.351173 -0.337186 -0.345011 -0.38017 -0.404663 -0.428217 -0.415644 -0.415817 -0.415643 -0.428217 -0.404661 -0.380165 -0.345005 -0.337181 -0.35117 
4.36 -5.73995 19 -0.350488 -0.337165 -0.345203 -0.380558 -0.404971 -0.428047 -0.415593 -0.415923 -0.415592 -0.428047 -0.40497 -0.380554 -0.345197 -0.337159 -0.350485 
4.37 -5.73998 19 -0.349802 -0.337143 -0.345397 -0.380947 -0.405276 -0.427876 -0.415543 -0.416031 -0.415542 -0.427875 -0.405275 -0.380942 -0.345391 -0.337138 -0.349799 
4.38 -5.73999 19 -0.349116 -0.337122 -0.345593 -0.381335 -0.405577 -0.427702 -0.415494 -0.41614 -0.415493 -0.427701 -0.405575 -0.38133 -0.345587 -0.337116 -0.349113 
4.39 -5.74001 19 -0.348431 -0.3371 -0.345792 -0.381722 -0.405874 -0.427526 -0.415447 -0.416249 -0.415445 -0.427526 -0.405872 -0.381717 -0.345786 -0.337095 -0.348428 
4.4 -5.74002 20 -0.347747 -0.337079 -0.345993 -0.382109 -0.406166 -0.427349 -0.4154 -0.41636 -0.415399 -0.427348 -0.406165 -0.382104 -0.345987 -0.337073 -0.347744 
4.41 -5.74004 20 -0.347064 -0.337057 -0.346197 -0.382495 -0.406455 -0.42717 -0.415355 -0.416472 -0.415353 -0.427169 -0.406453 -0.38249 -0.346191 -0.337052 -0.347061 
4.42 -5.74004 20 -0.346383 -0.337036 -0.346403 -0.382881 -0.406739 -0.426989 -0.415311 -0.416585 -0.415309 -0.426988 -0.406737 -0.382876 -0.346397 -0.337031 -0.34638 
4.43 -5.74005 20 -0.345703 -0.337016 -0.346612 -0.383266 -0.407019 -0.426806 -0.415267 -0.416699 -0.415266 -0.426806 -0.407017 -0.383261 -0.346606 -0.33701 -0.345699 
4.44 -5.74006 20 -0.345024 -0.336995 -0.346822 -0.38365 -0.407294 -0.426622 -0.415226 -0.416813 -0.415224 -0.426622 -0.407293 -0.383645 -0.346816 -0.33699 -0.345021 
4.45 -5.74006 20 -0.344347 -0.336975 -0.347035 -0.384033 -0.407566 -0.426437 -0.415185 -0.416929 -0.415183 -0.426437 -0.407564 -0.384029 -0.347029 -0.33697 -0.344344 
4.46 -5.74007 20 -0.343672 -0.336955 -0.347251 -0.384416 -0.407833 -0.42625 -0.415145 -0.417045 -0.415144 -0.42625 -0.407831 -0.384412 -0.347245 -0.33695 -0.343669 
4.47 -5.74007 21 -0.342999 -0.336936 -0.347468 -0.384797 -0.408096 -0.426062 -0.415107 -0.417162 -0.415105 -0.426062 -0.408094 -0.384793 -0.347462 -0.336931 -0.342996 
4.48 -5.74007 21 -0.342328 -0.336917 -0.347688 -0.385178 -0.408354 -0.425873 -0.415069 -0.41728 -0.415068 -0.425873 -0.408353 -0.385174 -0.347682 -0.336912 -0.342325 
4.49 -5.74008 21 -0.34166 -0.336899 -0.34791 -0.385557 -0.408609 -0.425683 -0.415033 -0.417399 -0.415032 -0.425683 -0.408607 -0.385553 -0.347904 -0.336894 -0.341656 
4.5 -5.74008 21 -0.340993 -0.336881 -0.348134 -0.385936 -0.408859 -0.425492 -0.414998 -0.417518 -0.414997 -0.425491 -0.408857 -0.385932 -0.348128 -0.336876 -0.340989 
4.51 -5.74008 21 -0.340328 -0.336864 -0.34836 -0.386313 -0.409104 -0.425299 -0.414965 -0.417637 -0.414963 -0.425299 -0.409102 -0.386309 -0.348354 -0.336859 -0.340325 
4.52 -5.74008 21 -0.339666 -0.336847 -0.348588 -0.386689 -0.409345 -0.425106 -0.414932 -0.417758 -0.41493 -0.425106 -0.409343 -0.386685 -0.348582 -0.336842 -0.339662 
4.53 -5.74008 21 -0.339006 -0.336832 -0.348818 -0.387064 -0.409582 -0.424912 -0.414901 -0.417878 -0.414899 -0.424912 -0.40958 -0.38706 -0.348812 -0.336827 -0.339002 
4.54 -5.74008 21 -0.338348 -0.336817 -0.34905 -0.387437 -0.409814 -0.424717 -0.41487 -0.417999 -0.414868 -0.424717 -0.409813 -0.387433 -0.349044 -0.336812 -0.338344 
4.55 -5.74009 21 -0.337693 -0.336802 -0.349284 -0.387809 -0.410043 -0.424522 -0.414841 -0.418121 -0.414839 -0.424522 -0.410041 -0.387805 -0.349278 -0.336797 -0.337689 
4.56 -5.74009 21 -0.33704 -0.336789 -0.34952 -0.388179 -0.410266 -0.424326 -0.414813 -0.418243 -0.414811 -0.424326 -0.410264 -0.388175 -0.349514 -0.336784 -0.337036 
4.57 -5.74009 21 -0.336389 -0.336776 -0.349758 -0.388548 -0.410485 -0.424129 -0.414786 -0.418365 -0.414784 -0.424129 -0.410484 -0.388544 -0.349752 -0.336771 -0.336385 
4.58 -5.74009 21 -0.335741 -0.336765 -0.349997 -0.388915 -0.4107 -0.423932 -0.414761 -0.418487 -0.414759 -0.423932 -0.410698 -0.388912 -0.349991 -0.33676 -0.335737 
4.59 -5.74009 21 -0.335095 -0.336754 -0.350239 -0.389281 -0.410911 -0.423735 -0.414736 -0.41861 -0.414734 -0.423735 -0.410909 -0.389277 -0.350233 -0.336749 -0.335091 
4.6 -5.74009 21 -0.334451 -0.336744 -0.350482 -0.389644 -0.411117 -0.423537 -0.414712 -0.418733 -0.41471 -0.423537 -0.411115 -0.389641 -0.350476 -0.336739 -0.334447 
4.61 -5.74009 21 -0.33381 -0.336736 -0.350727 -0.390006 -0.411318 -0.423339 -0.41469 -0.418856 -0.414688 -0.423339 -0.411316 -0.390003 -0.350721 -0.336731 -0.333807 
4.62 -5.74009 22 -0.333172 -0.336728 -0.350974 -0.390367 -0.411516 -0.423141 -0.414669 -0.41898 -0.414667 -0.423141 -0.411514 -0.390363 -0.350967 -0.336723 -0.333168 
4.63 -5.74009 22 -0.332536 -0.336721 -0.351222 -0.390725 -0.411709 -0.422943 -0.414649 -0.419103 -0.414646 -0.422943 -0.411706 -0.390722 -0.351216 -0.336717 -0.332532 
4.64 -5.74009 22 -0.331903 -0.336716 -0.351472 -0.391081 -0.411897 -0.422744 -0.414629 -0.419227 -0.414627 -0.422744 -0.411895 -0.391078 -0.351466 -0.336711 -0.331899 
4.65 -5.74009 22 -0.331272 -0.336712 -0.351723 -0.391435 -0.412081 -0.422546 -0.414611 -0.41935 -0.414609 -0.422546 -0.412079 -0.391432 -0.351717 -0.336707 -0.331268 
4.66 -5.74009 22 -0.330644 -0.336708 -0.351976 -0.391787 -0.412261 -0.422348 -0.414594 -0.419473 -0.414592 -0.422348 -0.412259 -0.391785 -0.35197 -0.336704 -0.33064 
4.67 -5.74009 22 -0.330019 -0.336706 -0.352231 -0.392137 -0.412436 -0.422149 -0.414578 -0.419597 -0.414576 -0.422149 -0.412434 -0.392135 -0.352225 -0.336702 -0.330014 
4.68 -5.74009 22 -0.329396 -0.336706 -0.352487 -0.392485 -0.412607 -0.421951 -0.414563 -0.41972 -0.414561 -0.421952 -0.412605 -0.392482 -0.352481 -0.336701 -0.329391 
4.69 -5.74009 22 -0.328775 -0.336706 -0.352745 -0.392831 -0.412773 -0.421754 -0.41455 -0.419844 -0.414547 -0.421754 -0.412771 -0.392828 -0.352739 -0.336701 -0.328771 
4.7 -5.74009 22 -0.328158 -0.336708 -0.353004 -0.393174 -0.412935 -0.421557 -0.414537 -0.419967 -0.414534 -0.421557 -0.412933 -0.393171 -0.352998 -0.336703 -0.328154 
4.71 -5.74009 23 -0.327543 -0.336711 -0.353264 -0.393515 -0.413093 -0.42136 -0.414525 -0.42009 -0.414522 -0.42136 -0.413091 -0.393512 -0.353258 -0.336706 -0.327539 
4.72 -5.74009 23 -0.326931 -0.336715 -0.353526 -0.393853 -0.413247 -0.421163 -0.414514 -0.420213 -0.414512 -0.421163 -0.413245 -0.393851 -0.35352 -0.33671 -0.326927 
4.73 -5.74009 23 -0.326322 -0.336721 -0.353789 -0.394189 -0.413396 -0.420967 -0.414504 -0.420335 -0.414502 -0.420967 -0.413394 -0.394187 -0.353783 -0.336716 -0.326317 
4.74 -5.74009 23 -0.325715 -0.336728 -0.354054 -0.394522 -0.413541 -0.420772 -0.414495 -0.420457 -0.414493 -0.420772 -0.413539 -0.39452 -0.354047 -0.336723 -0.325711 
4.75 -5.74009 23 -0.325112 -0.336736 -0.35432 -0.394853 -0.413681 -0.420577 -0.414487 -0.420579 -0.414485 -0.420578 -0.413679 -0.394851 -0.354313 -0.336731 -0.325107 
4.76 -5.74009 23 -0.324511 -0.336746 -0.354587 -0.395181 -0.413818 -0.420383 -0.41448 -0.420701 -0.414477 -0.420384 -0.413815 -0.395179 -0.35458 -0.336741 -0.324506 
4.77 -5.74009 23 -0.323913 -0.336757 -0.354855 -0.395507 -0.41395 -0.42019 -0.414474 -0.420822 -0.414471 -0.42019 -0.413947 -0.395504 -0.354848 -0.336752 -0.323908 
4.78 -5.74009 23 -0.323318 -0.336769 -0.355124 -0.395829 -0.414078 -0.419998 -0.414469 -0.420943 -0.414466 -0.419998 -0.414075 -0.395827 -0.355118 -0.336765 -0.323313 
4.79 -5.74009 24 -0.322726 -0.336783 -0.355394 -0.396149 -0.414201 -0.419806 -0.414464 -0.421064 -0.414462 -0.419806 -0.414199 -0.396147 -0.355388 -0.336779 -0.322721 
4.8 -5.74009 24 -0.322137 -0.336798 -0.355666 -0.396466 -0.41432 -0.419615 -0.414461 -0.421184 -0.414458 -0.419616 -0.414318 -0.396464 -0.35566 -0.336794 -0.322132 
4.81 -5.74009 24 -0.32155 -0.336815 -0.355939 -0.39678 -0.414436 -0.419426 -0.414458 -0.421304 -0.414456 -0.419426 -0.414433 -0.396778 -0.355932 -0.336811 -0.321546 
4.82 -5.74009 24 -0.320967 -0.336833 -0.356212 -0.397091 -0.414547 -0.419237 -0.414456 -0.421423 -0.414454 -0.419238 -0.414544 -0.397089 -0.356206 -0.336829 -0.320962 
4.83 -5.74009 24 -0.320387 -0.336853 -0.356487 -0.397399 -0.414654 -0.41905 -0.414456 -0.421542 -0.414453 -0.41905 -0.414651 -0.397397 -0.356481 -0.336848 -0.320382 
4.84 -5.74009 24 -0.31981 -0.336874 -0.356763 -0.397704 -0.414756 -0.418863 -0.414456 -0.42166 -0.414453 -0.418864 -0.414754 -0.397702 -0.356756 -0.33687 -0.319805 
4.85 -5.74009 24 -0.319236 -0.336896 -0.357039 -0.398005 -0.414855 -0.418678 -0.414456 -0.421778 -0.414454 -0.418678 -0.414853 -0.398004 -0.357033 -0.336892 -0.319231 
4.86 -5.74009 24 -0.318666 -0.33692 -0.357317 -0.398304 -0.41495 -0.418494 -0.414458 -0.421895 -0.414455 -0.418494 -0.414947 -0.398302 -0.35731 -0.336916 -0.318661 
4.87 -5.74009 24 -0.318098 -0.336946 -0.357595 -0.398599 -0.415041 -0.418311 -0.41446 -0.422011 -0.414457 -0.418312 -0.415038 -0.398598 -0.357589 -0.336941 -0.318093 
4.88 -5.74009 25 -0.317534 -0.336973 -0.357874 -0.398891 -0.415127 -0.41813 -0.414463 -0.422127 -0.41446 -0.41813 -0.415124 -0.39889 -0.357868 -0.336968 -0.317529 
4.89 -5.74009 25 -0.316973 -0.337001 -0.358154 -0.39918 -0.41521 -0.41795 -0.414467 -0.422242 -0.414464 -0.41795 -0.415207 -0.399178 -0.358148 -0.336997 -0.316968 
4.9 -5.74009 25 -0.316415 -0.337031 -0.358435 -0.399465 -0.415289 -0.417771 -0.414471 -0.422357 -0.414469 -0.417772 -0.415286 -0.399464 -0.358429 -0.337026 -0.31641 
4.91 -5.74009 25 -0.315861 -0.337062 -0.358717 -0.399747 -0.415363 -0.417594 -0.414477 -0.422471 -0.414474 -0.417595 -0.415361 -0.399746 -0.35871 -0.337058 -0.315855 
4.92 -5.74009 25 -0.31531 -0.337094 -0.358999 -0.400025 -0.415434 -0.417418 -0.414483 -0.422584 -0.41448 -0.417419 -0.415432 -0.400024 -0.358993 -0.33709 -0.315304 
4.93 -5.74009 25 -0.314762 -0.337128 -0.359282 -0.4003 -0.415501 -0.417244 -0.414489 -0.422696 -0.414486 -0.417245 -0.415499 -0.400299 -0.359276 -0.337124 -0.314757 
4.94 -5.74009 25 -0.314218 -0.337164 -0.359566 -0.400571 -0.415565 -0.417072 -0.414497 -0.422808 -0.414494 -0.417072 -0.415562 -0.40057 -0.35956 -0.33716 -0.314212 
4.95 -5.74009 25 -0.313677 -0.337201 -0.35985 -0.400839 -0.415624 -0.416901 -0.414504 -0.422919 -0.414502 -0.416901 -0.415621 -0.400838 -0.359844 -0.337196 -0.313672 
4.96 -5.74009 25 -0.31314 -0.337239 -0.360135 -0.401103 -0.41568 -0.416732 -0.414513 -0.423029 -0.41451 -0.416732 -0.415677 -0.401102 -0.360129 -0.337235 -0.313134 
4.97 -5.74009 25 -0.312606 -0.337278 -0.360421 -0.401363 -0.415732 -0.416564 -0.414522 -0.423138 -0.414519 -0.416565 -0.415729 -0.401362 -0.360414 -0.337274 -0.312601 
4.98 -5.74009 25 -0.312076 -0.337319 -0.360707 -0.40162 -0.41578 -0.416398 -0.414532 -0.423247 -0.414529 -0.416399 -0.415777 -0.401619 -0.3607 -0.337315 -0.312071 
4.99 -5.74009 26 -0.31155 -0.337362 -0.360993 -0.401872 -0.415825 -0.416234 -0.414542 -0.423354 -0.414539 -0.416235 -0.415822 -0.401872 -0.360987 -0.337358 -0.311544 
5 -5.74009 26 -0.311027 -0.337405 -0.36128 -0.402121 -0.415866 -0.416072 -0.414553 -0.423461 -0.41455 -0.416072 -0.415863 -0.402121 -0.361274 -0.337401 -0.311021 
5.01 -5.74009 26 -0.310508 -0.33745 -0.361568 -0.402366 -0.415904 -0.415911 -0.414565 -0.423567 -0.414562 -0.415912 -0.4159 -0.402366 -0.361562 -0.337446 -0.310502 
5.02 -5.74009 26 -0.309993 -0.337496 -0.361856 -0.402607 -0.415938 -0.415753 -0.414577 -0.423672 -0.414574 -0.415753 -0.415934 -0.402607 -0.36185 -0.337492 -0.309987 
5.03 -5.74009 26 -0.309481 -0.337544 -0.362144 -0.402845 -0.415968 -0.415596 -0.41459 -0.423776 -0.414587 -0.415597 -0.415965 -0.402844 -0.362138 -0.33754 -0.309475 
5.04 -5.74009 26 -0.308973 -0.337593 -0.362433 -0.403078 -0.415995 -0.415441 -0.414603 -0.423879 -0.4146 -0.415442 -0.415992 -0.403077 -0.362427 -0.337589 -0.308968 
5.05 -5.74009 26 -0.30847 -0.337643 -0.362722 -0.403307 -0.416019 -0.415288 -0.414616 -0.423981 -0.414613 -0.415289 -0.416015 -0.403307 -0.362716 -0.337638 -0.308464 
5.06 -5.74009 26 -0.30797 -0.337694 -0.363012 -0.403532 -0.416039 -0.415138 -0.41463 -0.424082 -0.414627 -0.415138 -0.416036 -0.403532 -0.363006 -0.33769 -0.307964 
5.07 -5.74009 26 -0.307474 -0.337746 -0.363302 -0.403753 -0.416056 -0.414989 -0.414645 -0.424182 -0.414642 -0.414989 -0.416053 -0.403753 -0.363295 -0.337742 -0.307468 
5.08 -5.74009 26 -0.306982 -0.3378 -0.363592 -0.40397 -0.41607 -0.414842 -0.41466 -0.424281 -0.414657 -0.414843 -0.416066 -0.40397 -0.363586 -0.337795 -0.306976 
5.09 -5.74009 26 -0.306495 -0.337854 -0.363882 -0.404183 -0.41608 -0.414697 -0.414676 -0.424379 -0.414672 -0.414698 -0.416077 -0.404183 -0.363876 -0.33785 -0.306489 
5.1 -5.74009 26 -0.306011 -0.33791 -0.364172 -0.404392 -0.416087 -0.414554 -0.414691 -0.424476 -0.414688 -0.414555 -0.416084 -0.404391 -0.364166 -0.337906 -0.306005 
5.11 -5.74009 26 -0.305531 -0.337966 -0.364463 -0.404596 -0.416091 -0.414414 -0.414708 -0.424572 -0.414704 -0.414415 -0.416088 -0.404596 -0.364457 -0.337962 -0.305525 
5.12 -5.74009 27 -0.305056 -0.338024 -0.364754 -0.404796 -0.416092 -0.414275 -0.414724 -0.424667 -0.414721 -0.414276 -0.416088 -0.404796 -0.364748 -0.33802 -0.30505 
5.13 -5.74009 27 -0.304585 -0.338083 -0.365045 -0.404992 -0.41609 -0.414139 -0.414742 -0.424761 -0.414738 -0.41414 -0.416086 -0.404992 -0.365039 -0.338079 -0.304579 
5.14 -5.74009 27 -0.304119 -0.338143 -0.365336 -0.405183 -0.416084 -0.414005 -0.414759 -0.424853 -0.414756 -0.414006 -0.416081 -0.405183 -0.36533 -0.338138 -0.304112 
5.15 -5.74009 27 -0.303656 -0.338203 -0.365627 -0.405371 -0.416076 -0.413873 -0.414777 -0.424945 -0.414774 -0.413874 -0.416073 -0.405371 -0.365621 -0.338199 -0.30365 
5.16 -5.74009 27 -0.303198 -0.338265 -0.365918 -0.405553 -0.416065 -0.413743 -0.414795 -0.425035 -0.414792 -0.413744 -0.416062 -0.405554 -0.365913 -0.33826 -0.303192 
5.17 -5.74009 27 -0.302745 -0.338327 -0.36621 -0.405732 -0.416051 -0.413616 -0.414814 -0.425124 -0.41481 -0.413616 -0.416047 -0.405732 -0.366204 -0.338323 -0.302738 
5.18 -5.74009 27 -0.302296 -0.33839 -0.366501 -0.405906 -0.416034 -0.41349 -0.414833 -0.425213 -0.414829 -0.413491 -0.41603 -0.405906 -0.366495 -0.338386 -0.302289 
5.19 -5.74009 27 -0.301851 -0.338454 -0.366792 -0.406076 -0.416014 -0.413367 -0.414852 -0.425299 -0.414848 -0.413368 -0.416011 -0.406076 -0.366787 -0.33845 -0.301845 
5.2 -5.74009 28 -0.301411 -0.338518 -0.367083 -0.406241 -0.415992 -0.413246 -0.414871 -0.425385 -0.414868 -0.413247 -0.415988 -0.406241 -0.367078 -0.338514 -0.301405 
5.21 -5.74009 28 -0.300976 -0.338584 -0.367375 -0.406401 -0.415966 -0.413127 -0.414891 -0.42547 -0.414888 -0.413128 -0.415963 -0.406402 -0.367369 -0.338579 -0.30097 
5.22 -5.74009 28 -0.300546 -0.338649 -0.367666 -0.406558 -0.415939 -0.413011 -0.414911 -0.425553 -0.414908 -0.413012 -0.415935 -0.406558 -0.36766 -0.338645 -0.300539 
5.23 -5.74009 28 -0.30012 -0.338716 -0.367957 -0.406709 -0.415908 -0.412897 -0.414931 -0.425635 -0.414928 -0.412898 -0.415904 -0.40671 -0.367951 -0.338712 -0.300113 
5.24 -5.74009 28 -0.299699 -0.338783 -0.368248 -0.406856 -0.415875 -0.412785 -0.414952 -0.425716 -0.414948 -0.412786 -0.415871 -0.406857 -0.368242 -0.338779 -0.299692 
5.25 -5.74009 28 -0.299283 -0.33885 -0.368538 -0.406999 -0.415839 -0.412676 -0.414973 -0.425795 -0.414969 -0.412677 -0.415835 -0.406999 -0.368533 -0.338846 -0.299276 
5.26 -5.74009 28 -0.298871 -0.338918 -0.368829 -0.407137 -0.415801 -0.412569 -0.414994 -0.425874 -0.41499 -0.412569 -0.415797 -0.407137 -0.368824 -0.338914 -0.298865 
5.27 -5.74009 28 -0.298465 -0.338987 -0.369119 -0.40727 -0.41576 -0.412464 -0.415015 -0.425951 -0.415012 -0.412465 -0.415757 -0.407271 -0.369114 -0.338982 -0.298458 
5.28 -5.74009 29 -0.298064 -0.339055 -0.369409 -0.407399 -0.415717 -0.412361 -0.415037 -0.426026 -0.415033 -0.412362 -0.415713 -0.4074 -0.369404 -0.339051 -0.298057 
5.29 -5.74009 29 -0.297667 -0.339124 -0.369699 -0.407524 -0.415672 -0.412261 -0.415058 -0.426101 -0.415055 -0.412262 -0.415668 -0.407524 -0.369694 -0.33912 -0.297661 
