time energy SvN maxBondDim localEnergy 
0 -6.91174 0.592307 37 -0.654357 -0.293102 -0.568737 -0.334223 -0.544405 -0.348861 -0.535766 -0.352834 -0.535766 -0.348861 -0.544405 -0.334223 -0.568737 -0.293102 -0.654357 
0 -4.5527 0.00286916 6 -0.352039 -0.334062 -0.33585 -0.335718 -0.336005 -0.332034 -0.366641 0.232 -0.366641 -0.332034 -0.336005 -0.335718 -0.33585 -0.334062 -0.352039 
0.01 -4.5527 0.00286916 6 -0.352039 -0.334062 -0.33585 -0.335718 -0.336005 -0.332034 -0.366641 0.232 -0.366641 -0.332034 -0.336005 -0.335718 -0.33585 -0.334062 -0.352039 
0.02 -4.5527 0.00286916 6 -0.352039 -0.334062 -0.33585 -0.335718 -0.336005 -0.332034 -0.366641 0.232 -0.366641 -0.332034 -0.336005 -0.335718 -0.33585 -0.334062 -0.352039 
0.03 -4.5527 0.00286916 6 -0.352039 -0.334062 -0.33585 -0.335718 -0.336005 -0.332034 -0.366642 0.232 -0.366642 -0.332034 -0.336005 -0.335718 -0.33585 -0.334062 -0.352039 
0.04 -4.5527 0.00286917 6 -0.352039 -0.334062 -0.33585 -0.335718 -0.336005 -0.332034 -0.366643 0.232 -0.366643 -0.332034 -0.336005 -0.335718 -0.33585 -0.334062 -0.352039 
0.05 -4.5527 0.00286917 6 -0.352039 -0.334062 -0.33585 -0.335718 -0.336005 -0.332034 -0.366644 0.231999 -0.366644 -0.332034 -0.336005 -0.335718 -0.33585 -0.334062 -0.352039 
0.06 -4.55271 0.00286918 6 -0.352039 -0.334061 -0.33585 -0.335718 -0.336005 -0.332035 -0.366646 0.231999 -0.366646 -0.332035 -0.336005 -0.335718 -0.33585 -0.334061 -0.352039 
0.07 -4.55272 0.00286919 6 -0.352039 -0.334061 -0.335849 -0.335718 -0.336005 -0.332035 -0.366649 0.231998 -0.366649 -0.332035 -0.336005 -0.335718 -0.335849 -0.334061 -0.352039 
0.08 -4.55273 0.0028692 6 -0.352039 -0.334061 -0.335849 -0.335718 -0.336006 -0.332035 -0.366653 0.231997 -0.366652 -0.332036 -0.336006 -0.335718 -0.335849 -0.334061 -0.352039 
0.09 -4.55274 0.00286922 6 -0.352039 -0.334061 -0.335849 -0.335718 -0.336006 -0.332036 -0.366658 0.231996 -0.366657 -0.332036 -0.336006 -0.335718 -0.335849 -0.334061 -0.352039 
0.1 -4.55275 0.00286924 6 -0.352039 -0.334061 -0.335849 -0.335718 -0.336006 -0.332037 -0.366664 0.231994 -0.366663 -0.332037 -0.336006 -0.335718 -0.335849 -0.334061 -0.352039 
0.11 -4.55277 0.00286926 6 -0.352039 -0.334061 -0.335849 -0.335718 -0.336006 -0.332038 -0.366671 0.231992 -0.366671 -0.332038 -0.336006 -0.335718 -0.335849 -0.334061 -0.352039 
0.12 -4.5528 0.0028693 6 -0.352038 -0.334061 -0.335849 -0.335718 -0.336007 -0.332039 -0.36668 0.231989 -0.366679 -0.332039 -0.336007 -0.335718 -0.335849 -0.334061 -0.352039 
0.13 -4.55282 0.00286934 6 -0.352038 -0.334061 -0.335849 -0.335718 -0.336007 -0.332041 -0.366691 0.231986 -0.36669 -0.332041 -0.336007 -0.335718 -0.335849 -0.334061 -0.352039 
0.14 -4.55286 0.00286939 6 -0.352038 -0.334061 -0.335849 -0.335718 -0.336008 -0.332042 -0.366704 0.231983 -0.366703 -0.332043 -0.336008 -0.335718 -0.335849 -0.334061 -0.352039 
0.15 -4.55289 0.00286946 6 -0.352038 -0.334061 -0.335849 -0.335718 -0.336008 -0.332045 -0.366719 0.231978 -0.366717 -0.332045 -0.336008 -0.335718 -0.335849 -0.334061 -0.352039 
0.16 -4.55294 0.00286955 6 -0.352038 -0.334061 -0.335849 -0.335718 -0.336009 -0.332047 -0.366736 0.231974 -0.366734 -0.332047 -0.336009 -0.335718 -0.335849 -0.33406 -0.352039 
0.17 -4.55299 0.00286966 6 -0.352037 -0.33406 -0.335849 -0.335718 -0.33601 -0.33205 -0.366755 0.231968 -0.366753 -0.33205 -0.33601 -0.335718 -0.335849 -0.33406 -0.352039 
0.18 -4.55305 0.00286979 6 -0.352037 -0.33406 -0.335849 -0.335718 -0.336011 -0.332053 -0.366777 0.231962 -0.366775 -0.332053 -0.336011 -0.335718 -0.335849 -0.33406 -0.352039 
0.19 -4.55311 0.00286995 6 -0.352037 -0.33406 -0.335849 -0.335718 -0.336012 -0.332056 -0.366802 0.231955 -0.3668 -0.332057 -0.336012 -0.335718 -0.335849 -0.33406 -0.352039 
0.2 -4.55319 0.00287014 6 -0.352037 -0.33406 -0.335849 -0.335719 -0.336014 -0.33206 -0.36683 0.231947 -0.366828 -0.332061 -0.336013 -0.335719 -0.335849 -0.33406 -0.352038 
0.21 -4.55327 0.00287038 6 -0.352036 -0.33406 -0.335849 -0.335719 -0.336015 -0.332065 -0.366862 0.231937 -0.366859 -0.332065 -0.336015 -0.335719 -0.335849 -0.33406 -0.352038 
0.22 -4.55336 0.00287066 6 -0.352036 -0.33406 -0.335848 -0.335719 -0.336017 -0.332069 -0.366896 0.231927 -0.366893 -0.33207 -0.336017 -0.335719 -0.335848 -0.33406 -0.352038 
0.23 -4.55347 0.002871 6 -0.352036 -0.33406 -0.335848 -0.33572 -0.336019 -0.332075 -0.366935 0.231916 -0.366931 -0.332075 -0.336019 -0.33572 -0.335848 -0.334059 -0.352038 
0.24 -4.55358 0.0028714 6 -0.352036 -0.33406 -0.335848 -0.33572 -0.336021 -0.332081 -0.366977 0.231904 -0.366973 -0.332081 -0.336021 -0.33572 -0.335848 -0.334059 -0.352038 
0.25 -4.5537 0.00287186 6 -0.352035 -0.334059 -0.335848 -0.335721 -0.336023 -0.332087 -0.367023 0.23189 -0.367019 -0.332088 -0.336023 -0.335721 -0.335848 -0.334059 -0.352038 
0.26 -4.55384 0.00287241 6 -0.352035 -0.334059 -0.335848 -0.335721 -0.336025 -0.332094 -0.367074 0.231875 -0.36707 -0.332095 -0.336025 -0.335721 -0.335848 -0.334059 -0.352038 
0.27 -4.55399 0.00287305 6 -0.352035 -0.334059 -0.335849 -0.335722 -0.336028 -0.332102 -0.36713 0.231859 -0.367125 -0.332103 -0.336028 -0.335722 -0.335849 -0.334059 -0.352038 
0.28 -4.55415 0.00287378 6 -0.352034 -0.334059 -0.335849 -0.335723 -0.336031 -0.33211 -0.36719 0.231841 -0.367185 -0.332111 -0.336031 -0.335723 -0.335849 -0.334059 -0.352038 
0.29 -4.55433 0.00287463 6 -0.352034 -0.334059 -0.335849 -0.335723 -0.336035 -0.332119 -0.367256 0.231822 -0.36725 -0.33212 -0.336035 -0.335723 -0.335849 -0.334058 -0.352038 
0.3 -4.55452 0.0028756 6 -0.352034 -0.334059 -0.335849 -0.335724 -0.336038 -0.332129 -0.367327 0.231801 -0.367321 -0.33213 -0.336038 -0.335724 -0.335849 -0.334058 -0.352038 
0.31 -4.55472 0.00287671 6 -0.352034 -0.334059 -0.335849 -0.335725 -0.336042 -0.33214 -0.367403 0.231778 -0.367397 -0.33214 -0.336042 -0.335725 -0.335849 -0.334058 -0.352037 
0.32 -4.55495 0.00287798 6 -0.352033 -0.334059 -0.335849 -0.335726 -0.336046 -0.332151 -0.367486 0.231753 -0.367479 -0.332152 -0.336046 -0.335726 -0.335849 -0.334058 -0.352037 
0.33 -4.55518 0.00287941 6 -0.352033 -0.334059 -0.335849 -0.335727 -0.336051 -0.332163 -0.367574 0.231726 -0.367568 -0.332164 -0.336051 -0.335727 -0.335849 -0.334058 -0.352037 
0.34 -4.55544 0.00288102 6 -0.352033 -0.334059 -0.335849 -0.335729 -0.336056 -0.332176 -0.367669 0.231697 -0.367662 -0.332177 -0.336056 -0.335729 -0.335849 -0.334058 -0.352037 
0.35 -4.55572 0.00288284 6 -0.352032 -0.334058 -0.33585 -0.33573 -0.336061 -0.33219 -0.367771 0.231666 -0.367764 -0.332191 -0.336061 -0.33573 -0.33585 -0.334058 -0.352037 
0.36 -4.55601 0.00288489 6 -0.352032 -0.334058 -0.33585 -0.335731 -0.336067 -0.332204 -0.36788 0.231633 -0.367873 -0.332205 -0.336067 -0.335731 -0.33585 -0.334058 -0.352037 
0.37 -4.55633 0.00288717 6 -0.352032 -0.334058 -0.33585 -0.335733 -0.336073 -0.33222 -0.367997 0.231597 -0.367989 -0.332221 -0.336073 -0.335733 -0.33585 -0.334058 -0.352037 
0.38 -4.55666 0.00288972 6 -0.352031 -0.334058 -0.335851 -0.335735 -0.33608 -0.332236 -0.368121 0.231559 -0.368112 -0.332238 -0.33608 -0.335735 -0.335851 -0.334058 -0.352037 
0.39 -4.55702 0.00289256 6 -0.352031 -0.334058 -0.335851 -0.335736 -0.336087 -0.332254 -0.368253 0.231518 -0.368244 -0.332255 -0.336087 -0.335736 -0.335851 -0.334058 -0.352037 
0.4 -4.5574 0.0028957 6 -0.352031 -0.334058 -0.335852 -0.335738 -0.336094 -0.332272 -0.368393 0.231474 -0.368384 -0.332274 -0.336094 -0.335738 -0.335852 -0.334058 -0.352037 
0.41 -4.5578 0.00289918 6 -0.352031 -0.334058 -0.335852 -0.335741 -0.336102 -0.332292 -0.368541 0.231427 -0.368532 -0.332293 -0.336102 -0.335741 -0.335852 -0.334058 -0.352037 
0.42 -4.55823 0.00290303 6 -0.35203 -0.334058 -0.335853 -0.335743 -0.336111 -0.332313 -0.368699 0.231377 -0.368689 -0.332314 -0.336111 -0.335743 -0.335853 -0.334058 -0.352037 
0.43 -4.55869 0.00290727 6 -0.35203 -0.334059 -0.335853 -0.335745 -0.33612 -0.332335 -0.368866 0.231324 -0.368856 -0.332336 -0.33612 -0.335745 -0.335853 -0.334058 -0.352037 
0.44 -4.55917 0.00291192 6 -0.35203 -0.334059 -0.335854 -0.335748 -0.336129 -0.332358 -0.369042 0.231267 -0.369032 -0.332359 -0.336129 -0.335748 -0.335854 -0.334058 -0.352037 
0.45 -4.55968 0.00291703 6 -0.35203 -0.334059 -0.335854 -0.335751 -0.336139 -0.332382 -0.369229 0.231207 -0.369218 -0.332383 -0.336139 -0.335751 -0.335854 -0.334058 -0.352037 
0.46 -4.56021 0.00292262 6 -0.35203 -0.334059 -0.335855 -0.335753 -0.33615 -0.332407 -0.369425 0.231144 -0.369414 -0.332409 -0.33615 -0.335753 -0.335855 -0.334058 -0.352037 
0.47 -4.56078 0.00292874 6 -0.352029 -0.334059 -0.335856 -0.335757 -0.336162 -0.332434 -0.369632 0.231076 -0.36962 -0.332436 -0.336162 -0.335757 -0.335856 -0.334058 -0.352037 
0.48 -4.56137 0.0029354 6 -0.352029 -0.334059 -0.335857 -0.33576 -0.336174 -0.332462 -0.369849 0.231004 -0.369838 -0.332464 -0.336174 -0.33576 -0.335857 -0.334058 -0.352037 
0.49 -4.562 0.00294267 6 -0.352029 -0.334059 -0.335858 -0.335763 -0.336187 -0.332491 -0.370078 0.230929 -0.370066 -0.332493 -0.336187 -0.335763 -0.335858 -0.334058 -0.352037 
0.5 -4.56266 0.00295056 6 -0.352029 -0.33406 -0.335859 -0.335767 -0.3362 -0.332522 -0.370319 0.230848 -0.370306 -0.332524 -0.3362 -0.335767 -0.335859 -0.334059 -0.352037 
0.51 -4.56335 0.00295913 6 -0.352029 -0.33406 -0.33586 -0.335771 -0.336215 -0.332555 -0.370571 0.230764 -0.370558 -0.332557 -0.336215 -0.335771 -0.33586 -0.334059 -0.352037 
0.52 -4.56408 0.00296842 6 -0.352029 -0.33406 -0.335861 -0.335775 -0.33623 -0.332588 -0.370835 0.230674 -0.370822 -0.33259 -0.33623 -0.335775 -0.335861 -0.334059 -0.352037 
0.53 -4.56484 0.00297847 6 -0.352029 -0.33406 -0.335862 -0.335779 -0.336246 -0.332624 -0.371112 0.230579 -0.371098 -0.332626 -0.336246 -0.335779 -0.335862 -0.334059 -0.352037 
0.54 -4.56564 0.00298933 6 -0.352028 -0.334061 -0.335863 -0.335784 -0.336263 -0.33266 -0.371401 0.23048 -0.371387 -0.332663 -0.336263 -0.335784 -0.335864 -0.33406 -0.352037 
0.55 -4.56647 0.00300106 6 -0.352028 -0.334061 -0.335865 -0.335789 -0.33628 -0.332699 -0.371703 0.230374 -0.371689 -0.332701 -0.33628 -0.335789 -0.335865 -0.33406 -0.352037 
0.56 -4.56735 0.0030137 6 -0.352028 -0.334062 -0.335866 -0.335794 -0.336299 -0.332739 -0.372019 0.230263 -0.372005 -0.332741 -0.336299 -0.335794 -0.335866 -0.33406 -0.352037 
0.57 -4.56826 0.0030273 6 -0.352028 -0.334062 -0.335868 -0.3358 -0.336319 -0.332781 -0.372349 0.230147 -0.372334 -0.332783 -0.336319 -0.3358 -0.335868 -0.334061 -0.352037 
0.58 -4.56922 0.00304193 6 -0.352028 -0.334062 -0.33587 -0.335805 -0.33634 -0.332825 -0.372692 0.230024 -0.372677 -0.332827 -0.336339 -0.335805 -0.33587 -0.334061 -0.352037 
0.59 -4.57021 0.00305765 6 -0.352028 -0.334063 -0.335871 -0.335811 -0.336361 -0.332871 -0.37305 0.229895 -0.373035 -0.332873 -0.336361 -0.335811 -0.335871 -0.334062 -0.352037 
0.6 -4.57125 0.00307451 6 -0.352028 -0.334064 -0.335873 -0.335818 -0.336384 -0.332918 -0.373422 0.229759 -0.373407 -0.33292 -0.336384 -0.335818 -0.335873 -0.334062 -0.352037 
0.61 -4.57233 0.00309258 6 -0.352029 -0.334064 -0.335875 -0.335824 -0.336409 -0.332968 -0.373809 0.229616 -0.373794 -0.33297 -0.336408 -0.335824 -0.335875 -0.334063 -0.352037 
0.62 -4.57346 0.00311193 6 -0.352029 -0.334065 -0.335877 -0.335831 -0.336434 -0.333019 -0.374211 0.229466 -0.374195 -0.333022 -0.336434 -0.335831 -0.335877 -0.334063 -0.352038 
0.63 -4.57463 0.00313263 6 -0.352029 -0.334065 -0.335879 -0.335839 -0.336461 -0.333073 -0.374628 0.229309 -0.374612 -0.333075 -0.33646 -0.335839 -0.335879 -0.334064 -0.352038 
0.64 -4.57585 0.00315475 6 -0.352029 -0.334066 -0.335882 -0.335847 -0.336489 -0.333128 -0.375061 0.229144 -0.375045 -0.333131 -0.336488 -0.335846 -0.335882 -0.334065 -0.352038 
0.65 -4.57712 0.00317837 6 -0.352029 -0.334067 -0.335884 -0.335855 -0.336518 -0.333186 -0.37551 0.228971 -0.375493 -0.333189 -0.336518 -0.335855 -0.335884 -0.334065 -0.352038 
0.66 -4.57844 0.00320356 6 -0.352029 -0.334068 -0.335887 -0.335863 -0.336549 -0.333247 -0.375974 0.22879 -0.375957 -0.33325 -0.336549 -0.335863 -0.335887 -0.334066 -0.352038 
0.67 -4.5798 0.00323041 6 -0.35203 -0.334068 -0.335889 -0.335872 -0.336581 -0.33331 -0.376454 0.2286 -0.376437 -0.333312 -0.336581 -0.335872 -0.335889 -0.334067 -0.352039 
0.68 -4.58122 0.00325902 6 -0.35203 -0.334069 -0.335892 -0.335882 -0.336615 -0.333375 -0.37695 0.228402 -0.376933 -0.333378 -0.336615 -0.335882 -0.335892 -0.334068 -0.352039 
0.69 -4.58269 0.00328946 6 -0.35203 -0.33407 -0.335895 -0.335892 -0.336651 -0.333442 -0.377463 0.228194 -0.377446 -0.333445 -0.33665 -0.335892 -0.335895 -0.334069 -0.352039 
0.7 -4.58421 0.00332183 6 -0.35203 -0.334071 -0.335898 -0.335902 -0.336688 -0.333513 -0.377992 0.227976 -0.377974 -0.333516 -0.336688 -0.335902 -0.335898 -0.33407 -0.35204 
0.71 -4.58578 0.00335623 6 -0.352031 -0.334072 -0.335901 -0.335913 -0.336727 -0.333586 -0.378537 0.227749 -0.37852 -0.333589 -0.336727 -0.335913 -0.335901 -0.334071 -0.35204 
0.72 -4.58741 0.00339276 6 -0.352031 -0.334073 -0.335905 -0.335924 -0.336768 -0.333661 -0.379099 0.227511 -0.379081 -0.333664 -0.336768 -0.335924 -0.335905 -0.334072 -0.35204 
0.73 -4.58909 0.00343153 6 -0.352032 -0.334074 -0.335908 -0.335936 -0.336811 -0.33374 -0.379677 0.227262 -0.379659 -0.333743 -0.336811 -0.335936 -0.335909 -0.334073 -0.352041 
0.74 -4.59083 0.00347266 6 -0.352032 -0.334076 -0.335912 -0.335949 -0.336856 -0.333822 -0.380272 0.227003 -0.380254 -0.333825 -0.336856 -0.335949 -0.335912 -0.334074 -0.352041 
0.75 -4.59262 0.00351624 6 -0.352033 -0.334077 -0.335916 -0.335962 -0.336904 -0.333906 -0.380883 0.226732 -0.380865 -0.333909 -0.336903 -0.335962 -0.335916 -0.334075 -0.352041 
0.76 -4.59447 0.00356241 6 -0.352033 -0.334078 -0.33592 -0.335976 -0.336953 -0.333994 -0.38151 0.226449 -0.381492 -0.333997 -0.336953 -0.335976 -0.33592 -0.334077 -0.352042 
0.77 -4.59638 0.00361129 6 -0.352034 -0.334079 -0.335925 -0.335991 -0.337005 -0.334085 -0.382154 0.226154 -0.382135 -0.334088 -0.337005 -0.335991 -0.335925 -0.334078 -0.352042 
0.78 -4.59835 0.00366301 6 -0.352034 -0.334081 -0.335929 -0.336006 -0.337059 -0.334179 -0.382813 0.225847 -0.382795 -0.334182 -0.337059 -0.336006 -0.335929 -0.33408 -0.352043 
0.79 -4.60037 0.0037177 6 -0.352035 -0.334082 -0.335934 -0.336022 -0.337116 -0.334276 -0.383489 0.225527 -0.38347 -0.334279 -0.337116 -0.336022 -0.335934 -0.334081 -0.352043 
0.8 -4.60246 0.00377551 6 -0.352036 -0.334084 -0.335939 -0.336039 -0.337176 -0.334377 -0.38418 0.225193 -0.384161 -0.33438 -0.337176 -0.336039 -0.335939 -0.334083 -0.352044 
0.81 -4.6046 0.00383659 6 -0.352036 -0.334086 -0.335945 -0.336056 -0.337238 -0.334481 -0.384886 0.224845 -0.384867 -0.334484 -0.337238 -0.336056 -0.335945 -0.334084 -0.352045 
0.82 -4.60681 0.00390108 6 -0.352037 -0.334087 -0.33595 -0.336075 -0.337304 -0.334589 -0.385607 0.224483 -0.385588 -0.334592 -0.337303 -0.336075 -0.33595 -0.334086 -0.352045 
0.83 -4.60907 0.00396915 6 -0.352038 -0.334089 -0.335956 -0.336094 -0.337372 -0.334701 -0.386343 0.224107 -0.386324 -0.334704 -0.337372 -0.336094 -0.335956 -0.334088 -0.352046 
0.84 -4.61139 0.00404096 6 -0.352039 -0.334091 -0.335962 -0.336115 -0.337443 -0.334816 -0.387093 0.223715 -0.387074 -0.334819 -0.337443 -0.336115 -0.335962 -0.33409 -0.352046 
0.85 -4.61378 0.00411668 6 -0.352039 -0.334093 -0.335969 -0.336136 -0.337518 -0.334935 -0.387857 0.223307 -0.387838 -0.334938 -0.337518 -0.336136 -0.335969 -0.334092 -0.352047 
0.86 -4.61622 0.0041965 6 -0.35204 -0.334095 -0.335975 -0.336158 -0.337596 -0.335057 -0.388635 0.222884 -0.388615 -0.335061 -0.337596 -0.336158 -0.335975 -0.334094 -0.352048 
0.87 -4.61872 0.00428059 6 -0.352041 -0.334097 -0.335982 -0.336182 -0.337678 -0.335184 -0.389425 0.222444 -0.389406 -0.335187 -0.337678 -0.336181 -0.335982 -0.334096 -0.352049 
0.88 -4.62129 0.00436915 6 -0.352042 -0.334099 -0.33599 -0.336206 -0.337764 -0.335315 -0.390227 0.221987 -0.390208 -0.335318 -0.337763 -0.336206 -0.33599 -0.334098 -0.35205 
0.89 -4.62391 0.00446238 6 -0.352043 -0.334102 -0.335998 -0.336232 -0.337853 -0.335449 -0.391042 0.221512 -0.391023 -0.335452 -0.337853 -0.336232 -0.335998 -0.3341 -0.35205 
0.9 -4.6266 0.00456048 6 -0.352044 -0.334104 -0.336006 -0.336259 -0.337947 -0.335587 -0.391867 0.22102 -0.391848 -0.335591 -0.337946 -0.336259 -0.336006 -0.334103 -0.352051 
0.91 -4.62934 0.00466368 6 -0.352046 -0.334107 -0.336014 -0.336287 -0.338044 -0.33573 -0.392703 0.220509 -0.392684 -0.335733 -0.338044 -0.336287 -0.336014 -0.334105 -0.352052 
0.92 -4.63215 0.0047722 6 -0.352047 -0.334109 -0.336023 -0.336316 -0.338147 -0.335876 -0.393549 0.219979 -0.39353 -0.33588 -0.338146 -0.336316 -0.336023 -0.334108 -0.352053 
0.93 -4.63501 0.00488627 6 -0.352048 -0.334112 -0.336033 -0.336347 -0.338253 -0.336027 -0.394404 0.219429 -0.394385 -0.33603 -0.338253 -0.336347 -0.336033 -0.334111 -0.352054 
0.94 -4.63793 0.00500613 6 -0.352049 -0.334115 -0.336042 -0.33638 -0.338364 -0.336181 -0.395267 0.21886 -0.395248 -0.336184 -0.338364 -0.33638 -0.336043 -0.334114 -0.352055 
0.95 -4.64091 0.00513202 6 -0.352051 -0.334118 -0.336053 -0.336414 -0.338481 -0.336339 -0.396138 0.21827 -0.396119 -0.336343 -0.33848 -0.336414 -0.336053 -0.334117 -0.352057 
0.96 -4.64394 0.00526421 6 -0.352052 -0.334121 -0.336064 -0.33645 -0.338602 -0.336502 -0.397015 0.217659 -0.396996 -0.336505 -0.338601 -0.33645 -0.336064 -0.33412 -0.352058 
0.97 -4.64703 0.00540297 6 -0.352054 -0.334124 -0.336075 -0.336487 -0.338729 -0.336668 -0.397898 0.217027 -0.397879 -0.336671 -0.338728 -0.336487 -0.336075 -0.334123 -0.352059 
0.98 -4.65018 0.00554857 6 -0.352055 -0.334128 -0.336087 -0.336526 -0.338861 -0.336838 -0.398786 0.216372 -0.398767 -0.336841 -0.33886 -0.336526 -0.336087 -0.334127 -0.35206 
0.99 -4.65338 0.00570129 6 -0.352057 -0.334132 -0.336099 -0.336567 -0.338998 -0.337011 -0.399678 0.215696 -0.399659 -0.337014 -0.338998 -0.336567 -0.3361 -0.334131 -0.352062 
1 -4.65663 0.00586144 6 -0.352058 -0.334135 -0.336113 -0.33661 -0.339142 -0.337188 -0.400573 0.214996 -0.400554 -0.337192 -0.339141 -0.33661 -0.336113 -0.334134 -0.352063 
1.01 -4.65994 0.00602932 6 -0.35206 -0.334139 -0.336126 -0.336655 -0.339292 -0.337369 -0.40147 0.214273 -0.401451 -0.337372 -0.339291 -0.336655 -0.336126 -0.334138 -0.352065 
1.02 -4.6633 0.00620524 6 -0.352062 -0.334143 -0.336141 -0.336703 -0.339447 -0.337553 -0.402369 0.213525 -0.402349 -0.337556 -0.339447 -0.336702 -0.336141 -0.334143 -0.352066 
1.03 -4.66671 0.00638953 6 -0.352064 -0.334148 -0.336156 -0.336752 -0.33961 -0.33774 -0.403267 0.212753 -0.403248 -0.337743 -0.339609 -0.336752 -0.336156 -0.334147 -0.352068 
1.04 -4.67016 0.00658253 6 -0.352066 -0.334152 -0.336172 -0.336804 -0.339779 -0.33793 -0.404165 0.211957 -0.404145 -0.337933 -0.339778 -0.336804 -0.336172 -0.334152 -0.35207 
1.05 -4.67367 0.00678459 6 -0.352068 -0.334157 -0.336188 -0.336858 -0.339955 -0.338123 -0.40506 0.211134 -0.405041 -0.338126 -0.339954 -0.336858 -0.336188 -0.334156 -0.352072 
1.06 -4.67723 0.00699606 6 -0.35207 -0.334162 -0.336206 -0.336915 -0.340137 -0.338319 -0.405953 0.210286 -0.405934 -0.338322 -0.340137 -0.336915 -0.336206 -0.334162 -0.352074 
1.07 -4.68082 0.00721731 6 -0.352072 -0.334168 -0.336224 -0.336975 -0.340328 -0.338517 -0.406842 0.209412 -0.406823 -0.33852 -0.340327 -0.336975 -0.336224 -0.334167 -0.352076 
1.08 -4.68447 0.00744872 6 -0.352074 -0.334173 -0.336243 -0.337037 -0.340525 -0.338717 -0.407726 0.20851 -0.407707 -0.33872 -0.340524 -0.337037 -0.336244 -0.334172 -0.352078 
1.09 -4.68816 0.00769069 6 -0.352077 -0.334179 -0.336264 -0.337102 -0.34073 -0.338919 -0.408604 0.207581 -0.408585 -0.338922 -0.34073 -0.337102 -0.336264 -0.334178 -0.35208 
1.1 -4.69188 0.00794361 6 -0.352079 -0.334185 -0.336285 -0.337171 -0.340944 -0.339123 -0.409475 0.206624 -0.409456 -0.339126 -0.340943 -0.337171 -0.336285 -0.334184 -0.352082 
1.11 -4.69565 0.0082079 6 -0.352082 -0.334191 -0.336307 -0.337242 -0.341165 -0.339328 -0.410338 0.205639 -0.410319 -0.339331 -0.341164 -0.337242 -0.336307 -0.334191 -0.352085 
1.12 -4.69946 0.00848399 6 -0.352085 -0.334198 -0.33633 -0.337317 -0.341394 -0.339534 -0.411192 0.204625 -0.411173 -0.339537 -0.341393 -0.337317 -0.33633 -0.334197 -0.352087 
1.13 -4.70331 0.0087723 6 -0.352088 -0.334205 -0.336355 -0.337395 -0.341632 -0.339741 -0.412036 0.203582 -0.412018 -0.339744 -0.341631 -0.337395 -0.336355 -0.334204 -0.35209 
1.14 -4.70719 0.0090733 6 -0.35209 -0.334212 -0.336381 -0.337477 -0.341878 -0.339948 -0.41287 0.202509 -0.412851 -0.339951 -0.341877 -0.337477 -0.336381 -0.334212 -0.352093 
1.15 -4.7111 0.00938743 6 -0.352094 -0.33422 -0.336408 -0.337563 -0.342133 -0.340154 -0.413691 0.201407 -0.413673 -0.340157 -0.342132 -0.337563 -0.336408 -0.334219 -0.352095 
1.16 -4.71505 0.00971517 6 -0.352097 -0.334228 -0.336436 -0.337653 -0.342397 -0.340361 -0.4145 0.200273 -0.414481 -0.340364 -0.342396 -0.337652 -0.336436 -0.334227 -0.352099 
1.17 -4.71904 0.010057 6 -0.3521 -0.334236 -0.336465 -0.337746 -0.342671 -0.340566 -0.415295 0.19911 -0.415277 -0.340569 -0.342669 -0.337746 -0.336465 -0.334236 -0.352102 
1.18 -4.72305 0.0104134 6 -0.352104 -0.334245 -0.336497 -0.337844 -0.342953 -0.340771 -0.416076 0.197915 -0.416057 -0.340773 -0.342952 -0.337844 -0.336497 -0.334245 -0.352105 
1.19 -4.72709 0.0107849 6 -0.352107 -0.334255 -0.336529 -0.337947 -0.343244 -0.340973 -0.416841 0.196688 -0.416823 -0.340976 -0.343243 -0.337946 -0.336529 -0.334254 -0.352109 
1.2 -4.73116 0.011172 6 -0.352111 -0.334264 -0.336564 -0.338053 -0.343545 -0.341173 -0.41759 0.19543 -0.417572 -0.341176 -0.343544 -0.338053 -0.336564 -0.334264 -0.352112 
1.21 -4.73525 0.0115753 6 -0.352115 -0.334275 -0.336599 -0.338165 -0.343856 -0.341371 -0.418323 0.194139 -0.418304 -0.341374 -0.343854 -0.338165 -0.336599 -0.334274 -0.352116 
1.22 -4.73937 0.0119952 6 -0.352119 -0.334285 -0.336637 -0.338281 -0.344176 -0.341566 -0.419038 0.192816 -0.419019 -0.341569 -0.344175 -0.338281 -0.336637 -0.334285 -0.35212 
1.23 -4.74352 0.0124323 6 -0.352124 -0.334297 -0.336677 -0.338403 -0.344506 -0.341757 -0.419734 0.19146 -0.419716 -0.34176 -0.344504 -0.338403 -0.336677 -0.334296 -0.352124 
1.24 -4.74768 0.0128873 6 -0.352128 -0.334309 -0.336718 -0.33853 -0.344845 -0.341944 -0.420412 0.190071 -0.420393 -0.341947 -0.344844 -0.33853 -0.336718 -0.334308 -0.352129 
1.25 -4.75187 0.0133605 6 -0.352133 -0.334321 -0.336762 -0.338662 -0.345194 -0.342126 -0.42107 0.188649 -0.421052 -0.342129 -0.345193 -0.338662 -0.336762 -0.334321 -0.352133 
1.26 -4.75608 0.0138527 6 -0.352138 -0.334334 -0.336807 -0.3388 -0.345553 -0.342304 -0.421708 0.187194 -0.42169 -0.342307 -0.345552 -0.3388 -0.336807 -0.334334 -0.352138 
1.27 -4.7603 0.0143645 6 -0.352143 -0.334348 -0.336855 -0.338944 -0.345922 -0.342476 -0.422325 0.185704 -0.422307 -0.342479 -0.345921 -0.338943 -0.336855 -0.334348 -0.352143 
1.28 -4.76455 0.0148963 6 -0.352149 -0.334362 -0.336905 -0.339093 -0.346301 -0.342642 -0.422921 0.184181 -0.422903 -0.342645 -0.346299 -0.339093 -0.336905 -0.334362 -0.352149 
1.29 -4.76881 0.0154489 6 -0.352154 -0.334378 -0.336958 -0.339249 -0.346689 -0.342801 -0.423496 0.182624 -0.423478 -0.342804 -0.346687 -0.339249 -0.336958 -0.334377 -0.352155 
1.3 -4.77308 0.0160229 6 -0.35216 -0.334394 -0.337013 -0.339412 -0.347087 -0.342954 -0.424048 0.181032 -0.42403 -0.342956 -0.347085 -0.339411 -0.337013 -0.334393 -0.35216 
1.31 -4.77738 0.0166189 6 -0.352167 -0.33441 -0.337071 -0.33958 -0.347494 -0.343099 -0.424578 0.179406 -0.424561 -0.343101 -0.347493 -0.33958 -0.337071 -0.33441 -0.352167 
1.32 -4.78168 0.0172375 6 -0.352173 -0.334428 -0.337131 -0.339756 -0.347911 -0.343236 -0.425086 0.177745 -0.425068 -0.343238 -0.347909 -0.339755 -0.337131 -0.334428 -0.352173 
1.33 -4.786 0.0178793 6 -0.35218 -0.334446 -0.337195 -0.339938 -0.348337 -0.343364 -0.42557 0.17605 -0.425553 -0.343367 -0.348336 -0.339938 -0.337194 -0.334446 -0.35218 
1.34 -4.79032 0.0185451 6 -0.352187 -0.334466 -0.337261 -0.340128 -0.348773 -0.343484 -0.426032 0.17432 -0.426014 -0.343487 -0.348771 -0.340127 -0.337261 -0.334466 -0.352187 
1.35 -4.79466 0.0192356 6 -0.352195 -0.334486 -0.337331 -0.340324 -0.349217 -0.343594 -0.42647 0.172555 -0.426452 -0.343597 -0.349216 -0.340324 -0.33733 -0.334486 -0.352195 
1.36 -4.79901 0.0199512 6 -0.352203 -0.334508 -0.337403 -0.340529 -0.349671 -0.343695 -0.426884 0.170756 -0.426866 -0.343697 -0.349669 -0.340528 -0.337403 -0.334508 -0.352203 
1.37 -4.80337 0.0206929 6 -0.352211 -0.33453 -0.33748 -0.34074 -0.350133 -0.343785 -0.427275 0.168921 -0.427257 -0.343787 -0.350131 -0.34074 -0.337479 -0.33453 -0.352211 
1.38 -4.80773 0.0214611 6 -0.35222 -0.334554 -0.337559 -0.34096 -0.350603 -0.343864 -0.427641 0.167052 -0.427624 -0.343867 -0.350601 -0.340959 -0.337559 -0.334554 -0.35222 
1.39 -4.81211 0.0222567 6 -0.352229 -0.334578 -0.337643 -0.341187 -0.351081 -0.343933 -0.427984 0.165148 -0.427967 -0.343935 -0.351079 -0.341186 -0.337643 -0.334579 -0.352229 
1.4 -4.81649 0.0230803 6 -0.352239 -0.334605 -0.33773 -0.341422 -0.351567 -0.343989 -0.428303 0.163209 -0.428286 -0.343992 -0.351566 -0.341422 -0.33773 -0.334605 -0.352239 
1.41 -4.82087 0.0239326 6 -0.352249 -0.334632 -0.337822 -0.341666 -0.352061 -0.344035 -0.428598 0.161235 -0.428581 -0.344037 -0.352059 -0.341665 -0.337822 -0.334632 -0.352249 
1.42 -4.82526 0.0248144 6 -0.352259 -0.334661 -0.337918 -0.341918 -0.352562 -0.344067 -0.428869 0.159227 -0.428852 -0.34407 -0.35256 -0.341917 -0.337917 -0.334661 -0.35226 
1.43 -4.82966 0.0257263 6 -0.352271 -0.334691 -0.338017 -0.342178 -0.35307 -0.344088 -0.429117 0.157184 -0.4291 -0.34409 -0.353068 -0.342177 -0.338017 -0.334691 -0.352271 
1.44 -4.83406 0.026669 6 -0.352282 -0.334722 -0.338122 -0.342446 -0.353585 -0.344095 -0.429341 0.155107 -0.429323 -0.344097 -0.353583 -0.342446 -0.338122 -0.334723 -0.352283 
1.45 -4.83847 0.0276433 6 -0.352295 -0.334756 -0.338231 -0.342723 -0.354105 -0.344089 -0.429541 0.152995 -0.429524 -0.344092 -0.354103 -0.342723 -0.338231 -0.334756 -0.352295 
1.46 -4.84288 0.02865 6 -0.352307 -0.334791 -0.338345 -0.343009 -0.354632 -0.34407 -0.429718 0.15085 -0.429701 -0.344073 -0.354629 -0.343008 -0.338345 -0.334791 -0.352308 
1.47 -4.84729 0.0296896 6 -0.352321 -0.334827 -0.338464 -0.343303 -0.355163 -0.344037 -0.429871 0.14867 -0.429854 -0.34404 -0.355161 -0.343303 -0.338464 -0.334827 -0.352322 
1.48 -4.8517 0.030763 6 -0.352335 -0.334866 -0.338589 -0.343607 -0.3557 -0.343991 -0.430002 0.146456 -0.429985 -0.343993 -0.355698 -0.343606 -0.338588 -0.334866 -0.352336 
1.49 -4.85612 0.0318708 6 -0.35235 -0.334906 -0.338718 -0.343918 -0.356241 -0.34393 -0.430109 0.144209 -0.430093 -0.343932 -0.356239 -0.343918 -0.338718 -0.334906 -0.352351 
1.5 -4.86054 0.0330138 6 -0.352366 -0.334948 -0.338854 -0.344239 -0.356786 -0.343855 -0.430195 0.141929 -0.430178 -0.343857 -0.356784 -0.344238 -0.338853 -0.334948 -0.352367 
1.51 -4.86496 0.0341928 6 -0.352382 -0.334993 -0.338995 -0.344568 -0.357335 -0.343765 -0.430257 0.139615 -0.430241 -0.343768 -0.357332 -0.344567 -0.338994 -0.334993 -0.352383 
1.52 -4.86938 0.0354084 6 -0.3524 -0.335039 -0.339142 -0.344906 -0.357886 -0.343661 -0.430298 0.137269 -0.430282 -0.343664 -0.357884 -0.344905 -0.339141 -0.335039 -0.352401 
1.53 -4.8738 0.0366613 6 -0.352418 -0.335088 -0.339295 -0.345253 -0.358441 -0.343543 -0.430317 0.13489 -0.430301 -0.343545 -0.358438 -0.345252 -0.339295 -0.335088 -0.352419 
1.54 -4.87823 0.0379524 6 -0.352437 -0.335139 -0.339455 -0.345608 -0.358997 -0.343409 -0.430315 0.132478 -0.430298 -0.343411 -0.358995 -0.345607 -0.339454 -0.335139 -0.352438 
1.55 -4.88265 0.0392822 6 -0.352457 -0.335193 -0.339621 -0.345972 -0.359555 -0.343261 -0.430292 0.130035 -0.430275 -0.343263 -0.359553 -0.345971 -0.33962 -0.335193 -0.352459 
1.56 -4.88707 0.0406516 6 -0.352478 -0.335249 -0.339794 -0.346344 -0.360114 -0.343098 -0.430247 0.12756 -0.430231 -0.3431 -0.360112 -0.346343 -0.339793 -0.335249 -0.35248 
1.57 -4.8915 0.0420612 6 -0.3525 -0.335308 -0.339974 -0.346724 -0.360674 -0.34292 -0.430183 0.125053 -0.430166 -0.342922 -0.360672 -0.346723 -0.339973 -0.335308 -0.352502 
1.58 -4.89592 0.0435117 6 -0.352523 -0.33537 -0.340161 -0.347113 -0.361234 -0.342727 -0.430098 0.122516 -0.430082 -0.342729 -0.361231 -0.347112 -0.34016 -0.33537 -0.352525 
1.59 -4.90034 0.0450039 6 -0.352548 -0.335435 -0.340355 -0.347509 -0.361793 -0.34252 -0.429994 0.119947 -0.429977 -0.342522 -0.361791 -0.347508 -0.340354 -0.335435 -0.35255 
1.6 -4.90477 0.0465384 6 -0.352573 -0.335503 -0.340556 -0.347913 -0.362352 -0.342297 -0.42987 0.117349 -0.429854 -0.342299 -0.36235 -0.347912 -0.340556 -0.335503 -0.352576 
1.61 -4.90919 0.0481159 6 -0.3526 -0.335574 -0.340766 -0.348324 -0.362909 -0.34206 -0.429728 0.114721 -0.429711 -0.342062 -0.362907 -0.348323 -0.340765 -0.335574 -0.352603 
1.62 -4.91361 0.0497371 6 -0.352629 -0.335649 -0.340983 -0.348743 -0.363465 -0.341809 -0.429567 0.112063 -0.42955 -0.341811 -0.363462 -0.348742 -0.340982 -0.335648 -0.352631 
1.63 -4.91803 0.0514027 6 -0.352658 -0.335726 -0.341208 -0.349169 -0.364018 -0.341542 -0.429387 0.109376 -0.429371 -0.341544 -0.364015 -0.349168 -0.341207 -0.335726 -0.352661 
1.64 -4.92244 0.0531134 6 -0.35269 -0.335808 -0.341441 -0.349601 -0.364568 -0.341262 -0.429191 0.10666 -0.429174 -0.341264 -0.364566 -0.3496 -0.34144 -0.335808 -0.352693 
1.65 -4.92686 0.0548697 6 -0.352722 -0.335893 -0.341683 -0.35004 -0.365115 -0.340967 -0.428976 0.103917 -0.42896 -0.340969 -0.365113 -0.350039 -0.341682 -0.335893 -0.352726 
1.66 -4.93128 0.0566724 6 -0.352757 -0.335983 -0.341933 -0.350485 -0.365659 -0.340658 -0.428745 0.101145 -0.428729 -0.34066 -0.365656 -0.350484 -0.341932 -0.335982 -0.35276 
1.67 -4.93569 0.0585221 6 -0.352793 -0.336076 -0.342191 -0.350935 -0.366198 -0.340335 -0.428498 0.098346 -0.428481 -0.340337 -0.366195 -0.350934 -0.34219 -0.336075 -0.352797 
1.68 -4.9401 0.0604193 6 -0.352831 -0.336174 -0.342458 -0.351391 -0.366733 -0.339999 -0.428234 0.0955201 -0.428218 -0.340001 -0.36673 -0.35139 -0.342457 -0.336173 -0.352835 
1.69 -4.94451 0.0623648 6 -0.352871 -0.336276 -0.342734 -0.351852 -0.367262 -0.339648 -0.427955 0.0926679 -0.427939 -0.33965 -0.36726 -0.351851 -0.342733 -0.336275 -0.352875 
1.7 -4.94892 0.0643592 6 -0.352912 -0.336382 -0.343019 -0.352318 -0.367787 -0.339285 -0.42766 0.0897898 -0.427644 -0.339287 -0.367784 -0.352316 -0.343018 -0.336381 -0.352917 
1.71 -4.95333 0.0664029 6 -0.352956 -0.336493 -0.343312 -0.352787 -0.368305 -0.338908 -0.427351 0.0868863 -0.427335 -0.33891 -0.368303 -0.352786 -0.343311 -0.336493 -0.352961 
1.72 -4.95773 0.0684966 6 -0.353002 -0.33661 -0.343615 -0.353261 -0.368818 -0.338519 -0.427027 0.0839578 -0.427011 -0.338521 -0.368815 -0.35326 -0.343614 -0.336609 -0.353007 
1.73 -4.96213 0.0706409 6 -0.353051 -0.336731 -0.343927 -0.353738 -0.369324 -0.338117 -0.426689 0.0810049 -0.426673 -0.338119 -0.369321 -0.353737 -0.343926 -0.33673 -0.353056 
1.74 -4.96653 0.0728362 6 -0.353101 -0.336858 -0.344248 -0.354218 -0.369823 -0.337703 -0.426338 0.0780282 -0.426322 -0.337705 -0.36982 -0.354216 -0.344247 -0.336857 -0.353107 
1.75 -4.97093 0.0750832 6 -0.353155 -0.33699 -0.344578 -0.3547 -0.370315 -0.337276 -0.425973 0.0750281 -0.425957 -0.337278 -0.370313 -0.354698 -0.344577 -0.336989 -0.35316 
1.76 -4.97533 0.0773823 6 -0.35321 -0.337127 -0.344917 -0.355184 -0.3708 -0.336838 -0.425596 0.0720052 -0.42558 -0.33684 -0.370798 -0.355182 -0.344916 -0.337126 -0.353216 
1.77 -4.97972 0.0797341 6 -0.353269 -0.337271 -0.345265 -0.355669 -0.371277 -0.336388 -0.425206 0.06896 -0.425191 -0.33639 -0.371275 -0.355668 -0.345264 -0.33727 -0.353275 
1.78 -4.98411 0.082139 6 -0.35333 -0.33742 -0.345622 -0.356156 -0.371747 -0.335927 -0.424805 0.065893 -0.424789 -0.335929 -0.371744 -0.356154 -0.345621 -0.337419 -0.353336 
1.79 -4.9885 0.0845974 6 -0.353395 -0.337576 -0.345988 -0.356643 -0.372208 -0.335455 -0.424392 0.0628049 -0.424377 -0.335457 -0.372205 -0.356641 -0.345987 -0.337575 -0.353401 
1.8 -4.99288 0.0871099 6 -0.353462 -0.337738 -0.346363 -0.35713 -0.372661 -0.334973 -0.423968 0.0596961 -0.423952 -0.334974 -0.372658 -0.357128 -0.346362 -0.337737 -0.353469 
1.81 -4.99726 0.0896768 6 -0.353533 -0.337906 -0.346747 -0.357616 -0.373105 -0.33448 -0.423533 0.0565672 -0.423518 -0.334481 -0.373103 -0.357615 -0.346746 -0.337905 -0.35354 
1.82 -5.00164 0.0922987 6 -0.353607 -0.338081 -0.34714 -0.358102 -0.373541 -0.333977 -0.423088 0.0534189 -0.423073 -0.333979 -0.373538 -0.3581 -0.347139 -0.33808 -0.353614 
1.83 -5.00602 0.0949757 6 -0.353685 -0.338264 -0.347541 -0.358586 -0.373968 -0.333464 -0.422633 0.0502516 -0.422618 -0.333466 -0.373965 -0.358584 -0.34754 -0.338262 -0.353692 
1.84 -5.01039 0.0977084 6 -0.353766 -0.338453 -0.347951 -0.359068 -0.374386 -0.332942 -0.422169 0.047066 -0.422153 -0.332944 -0.374383 -0.359066 -0.347949 -0.338451 -0.353773 
1.85 -5.01476 0.100497 7 -0.353851 -0.338649 -0.348369 -0.359548 -0.374795 -0.332411 -0.421695 0.0438626 -0.42168 -0.332413 -0.374792 -0.359546 -0.348367 -0.338648 -0.353859 
1.86 -5.01913 0.103342 7 -0.353941 -0.338853 -0.348794 -0.360024 -0.375194 -0.331871 -0.421213 0.040642 -0.421197 -0.331873 -0.375192 -0.360023 -0.348793 -0.338851 -0.353948 
1.87 -5.02349 0.106244 7 -0.354034 -0.339064 -0.349228 -0.360498 -0.375585 -0.331323 -0.420722 0.0374049 -0.420707 -0.331325 -0.375582 -0.360496 -0.349227 -0.339063 -0.354042 
1.88 -5.02785 0.109202 7 -0.354132 -0.339283 -0.349669 -0.360967 -0.375966 -0.330767 -0.420223 0.0341517 -0.420208 -0.330768 -0.375963 -0.360966 -0.349668 -0.339281 -0.354139 
1.89 -5.0322 0.112218 7 -0.354234 -0.33951 -0.350118 -0.361432 -0.376337 -0.330203 -0.419716 0.0308832 -0.419701 -0.330204 -0.376334 -0.361431 -0.350116 -0.339508 -0.354242 
1.9 -5.03656 0.115291 7 -0.354341 -0.339745 -0.350573 -0.361893 -0.376699 -0.329631 -0.419203 0.0275998 -0.419188 -0.329633 -0.376696 -0.361891 -0.350572 -0.339743 -0.354349 
1.91 -5.0409 0.118421 7 -0.354453 -0.339988 -0.351035 -0.362348 -0.377052 -0.329053 -0.418682 0.0243023 -0.418667 -0.329054 -0.377049 -0.362346 -0.351034 -0.339986 -0.354461 
1.92 -5.04525 0.12161 7 -0.35457 -0.340239 -0.351504 -0.362797 -0.377395 -0.328467 -0.418155 0.0209911 -0.41814 -0.328469 -0.377392 -0.362796 -0.351502 -0.340237 -0.354578 
1.93 -5.04959 0.124856 7 -0.354693 -0.340498 -0.351978 -0.363241 -0.377728 -0.327875 -0.417621 0.0176669 -0.417606 -0.327877 -0.377725 -0.36324 -0.351977 -0.340496 -0.354701 
1.94 -5.05393 0.128161 7 -0.35482 -0.340766 -0.352459 -0.363679 -0.378052 -0.327277 -0.417082 0.0143304 -0.417067 -0.327279 -0.378049 -0.363677 -0.352457 -0.340764 -0.354829 
1.95 -5.05826 0.131523 8 -0.354954 -0.341042 -0.352944 -0.364109 -0.378366 -0.326674 -0.416537 0.010982 -0.416522 -0.326675 -0.378364 -0.364108 -0.352943 -0.34104 -0.354962 
1.96 -5.06259 0.134945 8 -0.355094 -0.341327 -0.353435 -0.364533 -0.378671 -0.326065 -0.415987 0.00762255 -0.415972 -0.326066 -0.378669 -0.364531 -0.353433 -0.341325 -0.355102 
1.97 -5.06691 0.138424 8 -0.355239 -0.341621 -0.353929 -0.364949 -0.378967 -0.32545 -0.415432 0.00425248 -0.415417 -0.325452 -0.378964 -0.364948 -0.353928 -0.341619 -0.355248 
1.98 -5.07123 0.141962 8 -0.355391 -0.341923 -0.354428 -0.365358 -0.379253 -0.324831 -0.414872 0.000872463 -0.414858 -0.324832 -0.37925 -0.365356 -0.354427 -0.341921 -0.3554 
1.99 -5.07554 0.145559 8 -0.35555 -0.342234 -0.354931 -0.365758 -0.37953 -0.324208 -0.414308 -0.0025169 -0.414294 -0.324209 -0.379527 -0.365757 -0.354929 -0.342232 -0.355558 
2 -5.07985 0.149213 8 -0.355715 -0.342554 -0.355437 -0.366151 -0.379797 -0.32358 -0.413741 -0.00591499 -0.413726 -0.323581 -0.379794 -0.366149 -0.355435 -0.342551 -0.355724 
2.01 -5.08415 0.152927 8 -0.355887 -0.342882 -0.355945 -0.366534 -0.380055 -0.322948 -0.413169 -0.0093212 -0.413155 -0.32295 -0.380053 -0.366533 -0.355944 -0.34288 -0.355896 
2.02 -5.08845 0.156699 8 -0.356067 -0.343219 -0.356456 -0.36691 -0.380304 -0.322313 -0.412595 -0.0127349 -0.41258 -0.322314 -0.380302 -0.366908 -0.356454 -0.343216 -0.356076 
2.03 -5.09274 0.160529 8 -0.356254 -0.343564 -0.356968 -0.367276 -0.380544 -0.321675 -0.412017 -0.0161555 -0.412003 -0.321676 -0.380542 -0.367274 -0.356967 -0.343562 -0.356263 
2.04 -5.09703 0.164417 8 -0.356449 -0.343918 -0.357482 -0.367633 -0.380775 -0.321034 -0.411437 -0.0195825 -0.411422 -0.321035 -0.380773 -0.367632 -0.357481 -0.343916 -0.356457 
2.05 -5.1013 0.168364 8 -0.356651 -0.344281 -0.357997 -0.367981 -0.380998 -0.32039 -0.410854 -0.0230151 -0.410839 -0.320391 -0.380995 -0.36798 -0.357995 -0.344278 -0.35666 
2.06 -5.10558 0.172368 8 -0.356862 -0.344651 -0.358512 -0.36832 -0.381211 -0.319744 -0.410269 -0.0264527 -0.410255 -0.319745 -0.381208 -0.368318 -0.358511 -0.344649 -0.356871 
2.07 -5.10984 0.17643 8 -0.357081 -0.34503 -0.359027 -0.368649 -0.381415 -0.319096 -0.409682 -0.0298949 -0.409668 -0.319097 -0.381413 -0.368647 -0.359026 -0.345027 -0.35709 
2.08 -5.1141 0.18055 8 -0.357309 -0.345417 -0.359542 -0.368968 -0.381611 -0.318446 -0.409094 -0.0333409 -0.409079 -0.318447 -0.381608 -0.368967 -0.35954 -0.345414 -0.357317 
2.09 -5.11835 0.184727 8 -0.357545 -0.345811 -0.360055 -0.369278 -0.381799 -0.317795 -0.408504 -0.0367902 -0.40849 -0.317796 -0.381796 -0.369277 -0.360054 -0.345809 -0.357554 
2.1 -5.1226 0.188961 8 -0.357791 -0.346214 -0.360567 -0.369578 -0.381978 -0.317143 -0.407913 -0.0402422 -0.407899 -0.317144 -0.381975 -0.369576 -0.360565 -0.346211 -0.357799 
2.11 -5.12683 0.193252 8 -0.358045 -0.346623 -0.361077 -0.369868 -0.382148 -0.31649 -0.407321 -0.0436963 -0.407307 -0.316491 -0.382145 -0.369867 -0.361075 -0.346621 -0.358054 
2.12 -5.13106 0.197599 8 -0.358309 -0.34704 -0.361585 -0.370148 -0.382311 -0.315837 -0.406729 -0.0471518 -0.406715 -0.315837 -0.382308 -0.370147 -0.361583 -0.347038 -0.358318 
2.13 -5.13527 0.202002 8 -0.358583 -0.347464 -0.362089 -0.370419 -0.382465 -0.315183 -0.406137 -0.0506083 -0.406123 -0.315184 -0.382462 -0.370417 -0.362087 -0.347461 -0.358591 
2.14 -5.13948 0.206461 8 -0.358866 -0.347894 -0.362591 -0.370679 -0.382611 -0.314529 -0.405544 -0.054065 -0.40553 -0.31453 -0.382608 -0.370678 -0.362589 -0.347892 -0.358875 
2.15 -5.14368 0.210976 8 -0.35916 -0.348331 -0.363088 -0.37093 -0.382749 -0.313876 -0.404952 -0.0575214 -0.404938 -0.313877 -0.382747 -0.370928 -0.363086 -0.348328 -0.359168 
2.16 -5.14787 0.215545 8 -0.359463 -0.348774 -0.363582 -0.37117 -0.38288 -0.313223 -0.40436 -0.060977 -0.404346 -0.313224 -0.382877 -0.371169 -0.36358 -0.348771 -0.359471 
2.17 -5.15204 0.220169 8 -0.359777 -0.349222 -0.36407 -0.371401 -0.383003 -0.312571 -0.403769 -0.0644312 -0.403755 -0.312572 -0.383 -0.3714 -0.364069 -0.349219 -0.359785 
2.18 -5.15621 0.224847 8 -0.360101 -0.349676 -0.364554 -0.371622 -0.383118 -0.311921 -0.403179 -0.0678833 -0.403165 -0.311921 -0.383115 -0.371621 -0.364553 -0.349673 -0.360109 
2.19 -5.16036 0.229579 8 -0.360435 -0.350134 -0.365033 -0.371834 -0.383226 -0.311272 -0.40259 -0.0713329 -0.402576 -0.311272 -0.383223 -0.371832 -0.365031 -0.350131 -0.360443 
2.2 -5.16451 0.234363 8 -0.36078 -0.350597 -0.365506 -0.372036 -0.383326 -0.310624 -0.402002 -0.0747793 -0.401988 -0.310625 -0.383323 -0.372034 -0.365504 -0.350594 -0.360788 
2.21 -5.16863 0.2392 8 -0.361136 -0.351064 -0.365973 -0.372228 -0.383419 -0.309978 -0.401416 -0.078222 -0.401402 -0.309979 -0.383416 -0.372227 -0.365971 -0.351061 -0.361143 
2.22 -5.17275 0.244089 8 -0.361502 -0.351535 -0.366434 -0.372411 -0.383504 -0.309335 -0.400831 -0.0816604 -0.400817 -0.309336 -0.383501 -0.372409 -0.366432 -0.351532 -0.36151 
2.23 -5.17685 0.24903 8 -0.361879 -0.352009 -0.366888 -0.372584 -0.383583 -0.308694 -0.400248 -0.0850939 -0.400235 -0.308695 -0.38358 -0.372583 -0.366886 -0.352006 -0.361887 
2.24 -5.18094 0.254021 8 -0.362267 -0.352485 -0.367336 -0.372748 -0.383654 -0.308056 -0.399668 -0.0885221 -0.399655 -0.308056 -0.383651 -0.372747 -0.367334 -0.352482 -0.362275 
2.25 -5.18501 0.259062 8 -0.362666 -0.352964 -0.367776 -0.372903 -0.383719 -0.307421 -0.39909 -0.0919444 -0.399077 -0.307421 -0.383716 -0.372902 -0.367774 -0.352961 -0.362673 
2.26 -5.18906 0.264152 8 -0.363076 -0.353445 -0.368209 -0.373049 -0.383776 -0.306788 -0.398515 -0.0953602 -0.398501 -0.306789 -0.383774 -0.373048 -0.368207 -0.353442 -0.363083 
2.27 -5.1931 0.269292 8 -0.363496 -0.353927 -0.368634 -0.373187 -0.383827 -0.30616 -0.397942 -0.098769 -0.397929 -0.30616 -0.383824 -0.373185 -0.368632 -0.353924 -0.363503 
2.28 -5.19712 0.274479 8 -0.363927 -0.354411 -0.369052 -0.373315 -0.383872 -0.305535 -0.397372 -0.10217 -0.397359 -0.305535 -0.383869 -0.373314 -0.36905 -0.354407 -0.363934 
2.29 -5.20112 0.279714 8 -0.364369 -0.354894 -0.369461 -0.373435 -0.383909 -0.304913 -0.396806 -0.105564 -0.396792 -0.304914 -0.383906 -0.373434 -0.36946 -0.354891 -0.364375 
2.3 -5.2051 0.284995 8 -0.364821 -0.355377 -0.369863 -0.373547 -0.38394 -0.304296 -0.396242 -0.108948 -0.396229 -0.304297 -0.383937 -0.373545 -0.369861 -0.355374 -0.364827 
2.31 -5.20907 0.290323 8 -0.365283 -0.35586 -0.370256 -0.37365 -0.383965 -0.303684 -0.395682 -0.112324 -0.395669 -0.303684 -0.383962 -0.373648 -0.370254 -0.355857 -0.365289 
2.32 -5.21301 0.295695 8 -0.365756 -0.356341 -0.370641 -0.373745 -0.383983 -0.303076 -0.395126 -0.11569 -0.395113 -0.303076 -0.38398 -0.373744 -0.370639 -0.356338 -0.365762 
2.33 -5.21693 0.301111 8 -0.366238 -0.356821 -0.371018 -0.373832 -0.383995 -0.302472 -0.394574 -0.119046 -0.394561 -0.302472 -0.383992 -0.373831 -0.371016 -0.356818 -0.366244 
2.34 -5.22082 0.306571 8 -0.36673 -0.357299 -0.371385 -0.373911 -0.384 -0.301874 -0.394025 -0.122391 -0.394012 -0.301874 -0.383997 -0.37391 -0.371384 -0.357296 -0.366736 
2.35 -5.2247 0.312074 8 -0.367232 -0.357774 -0.371745 -0.373983 -0.384 -0.301281 -0.393481 -0.125725 -0.393468 -0.301281 -0.383997 -0.373981 -0.371743 -0.357771 -0.367238 
2.36 -5.22855 0.317618 8 -0.367743 -0.358246 -0.372095 -0.374047 -0.383993 -0.300693 -0.392941 -0.129048 -0.392928 -0.300693 -0.38399 -0.374045 -0.372094 -0.358243 -0.367749 
2.37 -5.23237 0.323203 8 -0.368263 -0.358714 -0.372437 -0.374103 -0.383981 -0.300111 -0.392405 -0.132358 -0.392392 -0.300111 -0.383978 -0.374102 -0.372436 -0.358711 -0.368269 
2.38 -5.23617 0.328828 8 -0.368792 -0.359178 -0.372771 -0.374153 -0.383962 -0.299534 -0.391874 -0.135657 -0.391861 -0.299534 -0.383959 -0.374152 -0.372769 -0.359175 -0.368797 
2.39 -5.23994 0.334492 8 -0.369328 -0.359638 -0.373095 -0.374195 -0.383937 -0.298964 -0.391348 -0.138942 -0.391335 -0.298964 -0.383934 -0.374194 -0.373093 -0.359635 -0.369334 
2.4 -5.24368 0.340194 8 -0.369873 -0.360093 -0.373411 -0.374231 -0.383907 -0.2984 -0.390826 -0.142213 -0.390814 -0.2984 -0.383904 -0.37423 -0.373409 -0.36009 -0.369878 
2.41 -5.24739 0.345933 8 -0.370425 -0.360543 -0.373718 -0.37426 -0.383871 -0.297842 -0.39031 -0.145471 -0.390297 -0.297842 -0.383868 -0.374259 -0.373716 -0.360539 -0.37043 
2.42 -5.25107 0.351708 8 -0.370984 -0.360986 -0.374017 -0.374282 -0.383829 -0.297291 -0.389798 -0.148715 -0.389786 -0.297291 -0.383826 -0.374281 -0.374015 -0.360983 -0.370989 
2.43 -5.25472 0.357518 8 -0.37155 -0.361424 -0.374307 -0.374298 -0.383781 -0.296746 -0.389292 -0.151943 -0.38928 -0.296746 -0.383778 -0.374297 -0.374305 -0.361421 -0.371555 
2.44 -5.25834 0.363363 8 -0.372122 -0.361854 -0.374588 -0.374308 -0.383728 -0.296209 -0.388791 -0.155157 -0.388779 -0.296209 -0.383725 -0.374307 -0.374586 -0.361851 -0.372126 
2.45 -5.26192 0.369241 8 -0.372699 -0.362278 -0.374861 -0.374312 -0.383669 -0.295678 -0.388296 -0.158355 -0.388283 -0.295678 -0.383666 -0.374311 -0.374859 -0.362275 -0.372704 
2.46 -5.26547 0.37515 8 -0.373282 -0.362695 -0.375125 -0.37431 -0.383604 -0.295155 -0.387806 -0.161537 -0.387794 -0.295155 -0.383601 -0.374309 -0.375124 -0.362692 -0.373286 
2.47 -5.26899 0.381091 8 -0.373869 -0.363104 -0.375381 -0.374302 -0.383534 -0.29464 -0.387322 -0.164702 -0.38731 -0.294639 -0.383531 -0.374301 -0.37538 -0.363101 -0.373873 
2.48 -5.27247 0.387062 8 -0.37446 -0.363504 -0.375629 -0.374288 -0.383459 -0.294132 -0.386844 -0.167851 -0.386832 -0.294131 -0.383456 -0.374287 -0.375628 -0.363502 -0.374464 
2.49 -5.27591 0.393062 8 -0.375055 -0.363897 -0.375869 -0.374269 -0.383378 -0.293631 -0.386371 -0.170982 -0.386359 -0.293631 -0.383375 -0.374268 -0.375868 -0.363894 -0.375058 
2.5 -5.27931 0.39909 8 -0.375652 -0.364281 -0.376101 -0.374245 -0.383291 -0.293139 -0.385905 -0.174096 -0.385893 -0.293139 -0.383288 -0.374244 -0.3761 -0.364278 -0.375656 
2.51 -5.28267 0.405144 8 -0.376252 -0.364656 -0.376325 -0.374215 -0.3832 -0.292655 -0.385445 -0.177192 -0.385433 -0.292655 -0.383197 -0.374214 -0.376324 -0.364653 -0.376255 
2.52 -5.28599 0.411224 8 -0.376853 -0.365023 -0.376542 -0.374181 -0.383103 -0.292179 -0.384991 -0.180269 -0.384979 -0.292179 -0.3831 -0.37418 -0.37654 -0.36502 -0.376856 
2.53 -5.28927 0.417329 8 -0.377455 -0.365379 -0.37675 -0.374141 -0.383001 -0.291711 -0.384543 -0.183328 -0.384531 -0.291711 -0.382998 -0.37414 -0.376749 -0.365377 -0.377458 
2.54 -5.29251 0.423457 8 -0.378058 -0.365727 -0.376951 -0.374097 -0.382893 -0.291252 -0.384102 -0.186367 -0.38409 -0.291252 -0.38289 -0.374096 -0.37695 -0.365724 -0.378061 
2.55 -5.29571 0.429608 8 -0.37866 -0.366065 -0.377145 -0.374048 -0.382781 -0.290802 -0.383667 -0.189387 -0.383655 -0.290802 -0.382777 -0.374047 -0.377144 -0.366062 -0.378663 
2.56 -5.29886 0.43578 8 -0.379262 -0.366393 -0.377332 -0.373995 -0.382663 -0.290361 -0.383239 -0.192388 -0.383227 -0.29036 -0.38266 -0.373994 -0.37733 -0.36639 -0.379265 
2.57 -5.30196 0.441971 8 -0.379862 -0.366711 -0.377511 -0.373938 -0.38254 -0.289928 -0.382817 -0.195368 -0.382806 -0.289927 -0.382537 -0.373937 -0.37751 -0.366708 -0.379864 
2.58 -5.30502 0.448182 8 -0.380459 -0.367019 -0.377684 -0.373876 -0.382412 -0.289505 -0.382402 -0.198328 -0.382391 -0.289504 -0.382409 -0.373875 -0.377682 -0.367016 -0.380462 
2.59 -5.30804 0.454411 8 -0.381055 -0.367317 -0.37785 -0.37381 -0.382279 -0.28909 -0.381994 -0.201267 -0.381983 -0.28909 -0.382276 -0.373809 -0.377848 -0.367314 -0.381057 
2.6 -5.311 0.460656 8 -0.381647 -0.367605 -0.378009 -0.37374 -0.382141 -0.288685 -0.381593 -0.204185 -0.381581 -0.288685 -0.382138 -0.373739 -0.378007 -0.367602 -0.381649 
2.61 -5.31392 0.466917 8 -0.382234 -0.367882 -0.378162 -0.373666 -0.381998 -0.28829 -0.381198 -0.207081 -0.381187 -0.288289 -0.381995 -0.373665 -0.37816 -0.36788 -0.382237 
2.62 -5.31679 0.473192 8 -0.382818 -0.368149 -0.378308 -0.373588 -0.38185 -0.287904 -0.380811 -0.209956 -0.3808 -0.287903 -0.381847 -0.373587 -0.378306 -0.368147 -0.38282 
2.63 -5.31962 0.47948 8 -0.383396 -0.368406 -0.378448 -0.373507 -0.381697 -0.287528 -0.38043 -0.212809 -0.380419 -0.287527 -0.381694 -0.373506 -0.378446 -0.368404 -0.383398 
2.64 -5.32239 0.485779 8 -0.383968 -0.368653 -0.378582 -0.373422 -0.38154 -0.287161 -0.380057 -0.21564 -0.380046 -0.28716 -0.381536 -0.373421 -0.37858 -0.36865 -0.38397 
2.65 -5.32511 0.49209 8 -0.384534 -0.368889 -0.37871 -0.373334 -0.381377 -0.286805 -0.379691 -0.218448 -0.37968 -0.286804 -0.381374 -0.373333 -0.378709 -0.368886 -0.384537 
2.66 -5.32778 0.49841 8 -0.385094 -0.369114 -0.378832 -0.373242 -0.38121 -0.286458 -0.379332 -0.221234 -0.379321 -0.286457 -0.381206 -0.373241 -0.378831 -0.369112 -0.385096 
2.67 -5.3304 0.504739 8 -0.385646 -0.36933 -0.378949 -0.373147 -0.381037 -0.286122 -0.37898 -0.223997 -0.378969 -0.286121 -0.381034 -0.373146 -0.378947 -0.369327 -0.385648 
2.68 -5.33297 0.511075 8 -0.38619 -0.369535 -0.37906 -0.373049 -0.380861 -0.285796 -0.378635 -0.226736 -0.378625 -0.285794 -0.380857 -0.373048 -0.379059 -0.369532 -0.386192 
2.69 -5.33549 0.517417 8 -0.386726 -0.36973 -0.379166 -0.372948 -0.380679 -0.28548 -0.378298 -0.229452 -0.378288 -0.285478 -0.380676 -0.372947 -0.379164 -0.369727 -0.386728 
2.7 -5.33795 0.523764 8 -0.387253 -0.369915 -0.379266 -0.372844 -0.380493 -0.285174 -0.377968 -0.232144 -0.377958 -0.285173 -0.380489 -0.372843 -0.379265 -0.369912 -0.387255 
2.71 -5.34036 0.530114 8 -0.387771 -0.37009 -0.379362 -0.372737 -0.380302 -0.284879 -0.377646 -0.234812 -0.377635 -0.284878 -0.380299 -0.372736 -0.37936 -0.370087 -0.387772 
2.72 -5.34273 0.536467 8 -0.388279 -0.370254 -0.379452 -0.372627 -0.380106 -0.284594 -0.37733 -0.237456 -0.37732 -0.284593 -0.380103 -0.372626 -0.379451 -0.370252 -0.388281 
2.73 -5.34503 0.542821 8 -0.388777 -0.370409 -0.379538 -0.372515 -0.379906 -0.28432 -0.377023 -0.240076 -0.377013 -0.284319 -0.379903 -0.372514 -0.379536 -0.370407 -0.388779 
2.74 -5.34729 0.549176 8 -0.389265 -0.370555 -0.379618 -0.372399 -0.379702 -0.284057 -0.376722 -0.242671 -0.376712 -0.284055 -0.379698 -0.372398 -0.379617 -0.370552 -0.389267 
2.75 -5.34949 0.555529 8 -0.389742 -0.37069 -0.379695 -0.372282 -0.379493 -0.283804 -0.37643 -0.245242 -0.37642 -0.283803 -0.379489 -0.372281 -0.379693 -0.370688 -0.389744 
2.76 -5.35165 0.56188 8 -0.390209 -0.370816 -0.379766 -0.372162 -0.379279 -0.283563 -0.376144 -0.247787 -0.376134 -0.283561 -0.379276 -0.372161 -0.379765 -0.370814 -0.39021 
2.77 -5.35375 0.568228 8 -0.390664 -0.370933 -0.379833 -0.372039 -0.379061 -0.283332 -0.375866 -0.250308 -0.375857 -0.28333 -0.379058 -0.372038 -0.379832 -0.370931 -0.390665 
2.78 -5.3558 0.574571 8 -0.391107 -0.371041 -0.379896 -0.371914 -0.378839 -0.283112 -0.375596 -0.252803 -0.375586 -0.28311 -0.378836 -0.371913 -0.379895 -0.371039 -0.391109 
2.79 -5.35779 0.580909 8 -0.391539 -0.371139 -0.379955 -0.371787 -0.378612 -0.282903 -0.375333 -0.255273 -0.375324 -0.282901 -0.378609 -0.371786 -0.379954 -0.371137 -0.391541 
2.8 -5.35974 0.58724 8 -0.391959 -0.371229 -0.38001 -0.371657 -0.378382 -0.282705 -0.375078 -0.257718 -0.375068 -0.282703 -0.378378 -0.371656 -0.380008 -0.371227 -0.391961 
2.81 -5.36163 0.593563 8 -0.392368 -0.37131 -0.380061 -0.371526 -0.378146 -0.282518 -0.37483 -0.260136 -0.374821 -0.282516 -0.378143 -0.371525 -0.380059 -0.371308 -0.392369 
2.82 -5.36348 0.599877 9 -0.392763 -0.371382 -0.380107 -0.371392 -0.377907 -0.282342 -0.37459 -0.262529 -0.374581 -0.282341 -0.377904 -0.371391 -0.380106 -0.37138 -0.392764 
2.83 -5.36527 0.60618 9 -0.393147 -0.371446 -0.38015 -0.371256 -0.377664 -0.282178 -0.374357 -0.264896 -0.374348 -0.282176 -0.37766 -0.371255 -0.380149 -0.371444 -0.393148 
2.84 -5.36702 0.612473 9 -0.393518 -0.371502 -0.38019 -0.371119 -0.377416 -0.282025 -0.374132 -0.267237 -0.374123 -0.282023 -0.377413 -0.371118 -0.380188 -0.371499 -0.393519 
2.85 -5.36872 0.618753 9 -0.393877 -0.371549 -0.380225 -0.370979 -0.377165 -0.281883 -0.373914 -0.269552 -0.373905 -0.281881 -0.377161 -0.370978 -0.380224 -0.371547 -0.393878 
2.86 -5.37037 0.625019 9 -0.394223 -0.371589 -0.380258 -0.370838 -0.376909 -0.281752 -0.373704 -0.271841 -0.373695 -0.28175 -0.376906 -0.370837 -0.380256 -0.371587 -0.394224 
2.87 -5.37197 0.631271 9 -0.394557 -0.371621 -0.380286 -0.370694 -0.37665 -0.281632 -0.373501 -0.274103 -0.373492 -0.28163 -0.376646 -0.370694 -0.380285 -0.371619 -0.394558 
2.88 -5.37352 0.637507 9 -0.394878 -0.371645 -0.380311 -0.370549 -0.376386 -0.281524 -0.373306 -0.276339 -0.373297 -0.281522 -0.376383 -0.370549 -0.38031 -0.371643 -0.394879 
2.89 -5.37503 0.643727 9 -0.395187 -0.371662 -0.380333 -0.370403 -0.376119 -0.281427 -0.373118 -0.278549 -0.373109 -0.281425 -0.376115 -0.370402 -0.380332 -0.37166 -0.395188 
2.9 -5.37649 0.649929 9 -0.395484 -0.371672 -0.380352 -0.370254 -0.375848 -0.281342 -0.372937 -0.280731 -0.372929 -0.28134 -0.375844 -0.370254 -0.38035 -0.37167 -0.395484 
2.91 -5.37791 0.656112 9 -0.395768 -0.371675 -0.380367 -0.370104 -0.375573 -0.281268 -0.372764 -0.282888 -0.372756 -0.281266 -0.37557 -0.370104 -0.380366 -0.371673 -0.395769 
2.92 -5.37928 0.662275 10 -0.39604 -0.371671 -0.38038 -0.369953 -0.375295 -0.281205 -0.372599 -0.285017 -0.372591 -0.281203 -0.375291 -0.369952 -0.380378 -0.371669 -0.39604 
2.93 -5.38061 0.668418 10 -0.3963 -0.37166 -0.380389 -0.3698 -0.375013 -0.281154 -0.37244 -0.28712 -0.372432 -0.281152 -0.375009 -0.369799 -0.380387 -0.371659 -0.3963 
2.94 -5.3819 0.674539 10 -0.396547 -0.371643 -0.380395 -0.369645 -0.374727 -0.281114 -0.372289 -0.289197 -0.372282 -0.281112 -0.374723 -0.369644 -0.380393 -0.371642 -0.396548 
2.95 -5.38315 0.680636 10 -0.396783 -0.37162 -0.380398 -0.369489 -0.374438 -0.281085 -0.372146 -0.291246 -0.372138 -0.281083 -0.374434 -0.369489 -0.380397 -0.371618 -0.396784 
2.96 -5.38435 0.686711 10 -0.397008 -0.371591 -0.380398 -0.369332 -0.374145 -0.281068 -0.372009 -0.293269 -0.372002 -0.281066 -0.374142 -0.369331 -0.380397 -0.371589 -0.397008 
2.97 -5.38552 0.69276 10 -0.39722 -0.371556 -0.380395 -0.369173 -0.37385 -0.281062 -0.37188 -0.295265 -0.371872 -0.28106 -0.373846 -0.369172 -0.380394 -0.371554 -0.39722 
2.98 -5.38665 0.698784 10 -0.397421 -0.371515 -0.38039 -0.369013 -0.37355 -0.281068 -0.371758 -0.297234 -0.37175 -0.281065 -0.373547 -0.369012 -0.380388 -0.371513 -0.397422 
2.99 -5.38774 0.704781 10 -0.397611 -0.371468 -0.380381 -0.368852 -0.373248 -0.281085 -0.371643 -0.299176 -0.371636 -0.281082 -0.373244 -0.368851 -0.38038 -0.371466 -0.397611 
3 -5.38879 0.710751 10 -0.39779 -0.371416 -0.38037 -0.368689 -0.372942 -0.281113 -0.371535 -0.301092 -0.371528 -0.28111 -0.372939 -0.368688 -0.380369 -0.371415 -0.39779 
3.01 -5.3898 0.716692 10 -0.397958 -0.371359 -0.380356 -0.368526 -0.372634 -0.281153 -0.371434 -0.302981 -0.371427 -0.28115 -0.37263 -0.368525 -0.380355 -0.371358 -0.397958 
3.02 -5.39078 0.722604 11 -0.398115 -0.371297 -0.380339 -0.368361 -0.372322 -0.281203 -0.37134 -0.304843 -0.371333 -0.281201 -0.372319 -0.36836 -0.380338 -0.371296 -0.398115 
3.03 -5.39173 0.728486 11 -0.398262 -0.371231 -0.38032 -0.368194 -0.372008 -0.281265 -0.371253 -0.306678 -0.371246 -0.281263 -0.372004 -0.368194 -0.380318 -0.371229 -0.398262 
3.04 -5.39264 0.734337 11 -0.398399 -0.371159 -0.380297 -0.368027 -0.37169 -0.281338 -0.371173 -0.308487 -0.371166 -0.281336 -0.371687 -0.368026 -0.380296 -0.371157 -0.398399 
3.05 -5.39352 0.740156 11 -0.398525 -0.371083 -0.380272 -0.367859 -0.37137 -0.281423 -0.3711 -0.310269 -0.371093 -0.28142 -0.371366 -0.367858 -0.380271 -0.371081 -0.398526 
3.06 -5.39436 0.745943 11 -0.398642 -0.371003 -0.380245 -0.367689 -0.371047 -0.281518 -0.371033 -0.312025 -0.371027 -0.281515 -0.371044 -0.367688 -0.380243 -0.371001 -0.398642 
3.07 -5.39518 0.751696 11 -0.39875 -0.370918 -0.380215 -0.367519 -0.370722 -0.281625 -0.370974 -0.313754 -0.370967 -0.281622 -0.370718 -0.367518 -0.380213 -0.370917 -0.39875 
3.08 -5.39597 0.757415 11 -0.398847 -0.37083 -0.380182 -0.367347 -0.370394 -0.281743 -0.37092 -0.315456 -0.370914 -0.28174 -0.37039 -0.367347 -0.38018 -0.370828 -0.398848 
3.09 -5.39672 0.7631 11 -0.398936 -0.370737 -0.380146 -0.367175 -0.370063 -0.281871 -0.370874 -0.317133 -0.370868 -0.281868 -0.370059 -0.367174 -0.380145 -0.370736 -0.398936 
3.1 -5.39745 0.768748 12 -0.399016 -0.370641 -0.380108 -0.367002 -0.36973 -0.282011 -0.370834 -0.318782 -0.370828 -0.282008 -0.369726 -0.367001 -0.380107 -0.37064 -0.399016 
3.11 -5.39815 0.774361 12 -0.399088 -0.370542 -0.380067 -0.366827 -0.369395 -0.282161 -0.3708 -0.320406 -0.370794 -0.282158 -0.369391 -0.366826 -0.380066 -0.37054 -0.399088 
3.12 -5.39882 0.779936 12 -0.399151 -0.370439 -0.380024 -0.366652 -0.369058 -0.282322 -0.370773 -0.322004 -0.370767 -0.282319 -0.369054 -0.366651 -0.380023 -0.370437 -0.39915 
3.13 -5.39947 0.785474 12 -0.399205 -0.370333 -0.379978 -0.366476 -0.368718 -0.282494 -0.370752 -0.323575 -0.370746 -0.282491 -0.368714 -0.366475 -0.379977 -0.370331 -0.399205 
3.14 -5.40009 0.790974 12 -0.399252 -0.370223 -0.37993 -0.366299 -0.368377 -0.282677 -0.370737 -0.325121 -0.370732 -0.282674 -0.368373 -0.366298 -0.379928 -0.370222 -0.399252 
3.15 -5.40069 0.796434 13 -0.399291 -0.370111 -0.379878 -0.366121 -0.368033 -0.28287 -0.370729 -0.326641 -0.370723 -0.282867 -0.368029 -0.36612 -0.379877 -0.37011 -0.399291 
3.16 -5.40127 0.801855 13 -0.399323 -0.369996 -0.379825 -0.365942 -0.367688 -0.283074 -0.370726 -0.328135 -0.370721 -0.283071 -0.367684 -0.365942 -0.379823 -0.369995 -0.399322 
3.17 -5.40182 0.807236 13 -0.399347 -0.369879 -0.379768 -0.365763 -0.367341 -0.283289 -0.37073 -0.329603 -0.370725 -0.283285 -0.367337 -0.365762 -0.379767 -0.369877 -0.399347 
3.18 -5.40235 0.812576 13 -0.399364 -0.369759 -0.379709 -0.365583 -0.366992 -0.283513 -0.370739 -0.331046 -0.370734 -0.28351 -0.366988 -0.365582 -0.379708 -0.369757 -0.399364 
3.19 -5.40286 0.817876 13 -0.399374 -0.369636 -0.379648 -0.365402 -0.366642 -0.283748 -0.370754 -0.332464 -0.37075 -0.283745 -0.366638 -0.365401 -0.379646 -0.369634 -0.399374 
3.2 -5.40335 0.823133 13 -0.399378 -0.369511 -0.379583 -0.36522 -0.36629 -0.283994 -0.370775 -0.333856 -0.370771 -0.28399 -0.366286 -0.365219 -0.379582 -0.36951 -0.399378 
3.21 -5.40381 0.828348 13 -0.399375 -0.369384 -0.379517 -0.365038 -0.365937 -0.284249 -0.370802 -0.335224 -0.370798 -0.284246 -0.365933 -0.365037 -0.379515 -0.369383 -0.399375 
3.22 -5.40426 0.833521 13 -0.399366 -0.369255 -0.379447 -0.364855 -0.365583 -0.284515 -0.370834 -0.336566 -0.37083 -0.284511 -0.365579 -0.364854 -0.379446 -0.369254 -0.399366 
3.23 -5.40469 0.83865 14 -0.399351 -0.369125 -0.379375 -0.364671 -0.365228 -0.28479 -0.370872 -0.337884 -0.370868 -0.284787 -0.365224 -0.36467 -0.379373 -0.369123 -0.399351 
3.24 -5.40511 0.843736 14 -0.399331 -0.368992 -0.3793 -0.364487 -0.364871 -0.285076 -0.370916 -0.339177 -0.370912 -0.285072 -0.364867 -0.364486 -0.379299 -0.368991 -0.39933 
3.25 -5.4055 0.848778 14 -0.399304 -0.368858 -0.379222 -0.364302 -0.364514 -0.285371 -0.370964 -0.340446 -0.37096 -0.285367 -0.36451 -0.364301 -0.379221 -0.368857 -0.399304 
3.26 -5.40588 0.853775 14 -0.399272 -0.368722 -0.379142 -0.364116 -0.364155 -0.285676 -0.371018 -0.341691 -0.371014 -0.285672 -0.364151 -0.364115 -0.379141 -0.368721 -0.399272 
3.27 -5.40624 0.858728 14 -0.399235 -0.368585 -0.379059 -0.36393 -0.363796 -0.285991 -0.371077 -0.342911 -0.371074 -0.285987 -0.363792 -0.363929 -0.379058 -0.368584 -0.399235 
3.28 -5.40659 0.863635 14 -0.399193 -0.368447 -0.378974 -0.363743 -0.363437 -0.286315 -0.371141 -0.344108 -0.371138 -0.286311 -0.363433 -0.363743 -0.378972 -0.368446 -0.399192 
3.29 -5.40692 0.868498 15 -0.399146 -0.368308 -0.378885 -0.363556 -0.363077 -0.286648 -0.37121 -0.345281 -0.371207 -0.286644 -0.363073 -0.363555 -0.378884 -0.368306 -0.399145 
3.3 -5.40724 0.873315 15 -0.399094 -0.368167 -0.378794 -0.363368 -0.362716 -0.286991 -0.371284 -0.34643 -0.371281 -0.286987 -0.362712 -0.363367 -0.378793 -0.368166 -0.399093 
3.31 -5.40755 0.878085 15 -0.399037 -0.368026 -0.3787 -0.36318 -0.362355 -0.287343 -0.371363 -0.347556 -0.37136 -0.287339 -0.362351 -0.363179 -0.378699 -0.368024 -0.399037 
3.32 -5.40784 0.88281 15 -0.398976 -0.367883 -0.378603 -0.362991 -0.361994 -0.287704 -0.371447 -0.348659 -0.371444 -0.2877 -0.36199 -0.36299 -0.378602 -0.367882 -0.398976 
3.33 -5.40812 0.887489 15 -0.398911 -0.36774 -0.378504 -0.362802 -0.361633 -0.288073 -0.371535 -0.349738 -0.371532 -0.288069 -0.361629 -0.362801 -0.378503 -0.367739 -0.39891 
3.34 -5.40839 0.89212 15 -0.398842 -0.367597 -0.378402 -0.362612 -0.361272 -0.288452 -0.371627 -0.350795 -0.371625 -0.288448 -0.361268 -0.362611 -0.3784 -0.367595 -0.398841 
3.35 -5.40864 0.896705 15 -0.398768 -0.367452 -0.378296 -0.362422 -0.360911 -0.28884 -0.371724 -0.35183 -0.371722 -0.288836 -0.360907 -0.362421 -0.378295 -0.367451 -0.398768 
3.36 -5.40889 0.901244 15 -0.398691 -0.367308 -0.378188 -0.362231 -0.36055 -0.289236 -0.371826 -0.352842 -0.371823 -0.289232 -0.360546 -0.36223 -0.378187 -0.367306 -0.39869 
3.37 -5.40912 0.905735 15 -0.39861 -0.367163 -0.378077 -0.36204 -0.36019 -0.28964 -0.371931 -0.353832 -0.371929 -0.289636 -0.360186 -0.362039 -0.378076 -0.367161 -0.39861 
3.38 -5.40934 0.910179 15 -0.398526 -0.367017 -0.377964 -0.361848 -0.35983 -0.290053 -0.372041 -0.3548 -0.372039 -0.290049 -0.359826 -0.361847 -0.377962 -0.367016 -0.398525 
3.39 -5.40956 0.914576 15 -0.398438 -0.366872 -0.377847 -0.361656 -0.359471 -0.290474 -0.372154 -0.355747 -0.372152 -0.29047 -0.359466 -0.361655 -0.377846 -0.36687 -0.398437 
3.4 -5.40976 0.918926 16 -0.398347 -0.366726 -0.377727 -0.361464 -0.359112 -0.290903 -0.372272 -0.356672 -0.37227 -0.290899 -0.359108 -0.361463 -0.377726 -0.366725 -0.398346 
3.41 -5.40995 0.923228 16 -0.398252 -0.36658 -0.377605 -0.361271 -0.358754 -0.29134 -0.372393 -0.357575 -0.372391 -0.291336 -0.35875 -0.36127 -0.377603 -0.366579 -0.398251 
3.42 -5.41014 0.927483 16 -0.398155 -0.366435 -0.377479 -0.361078 -0.358398 -0.291785 -0.372518 -0.358458 -0.372517 -0.291781 -0.358393 -0.361077 -0.377478 -0.366433 -0.398154 
3.43 -5.41032 0.931691 16 -0.398054 -0.366289 -0.377351 -0.360885 -0.358042 -0.292238 -0.372647 -0.35932 -0.372645 -0.292233 -0.358037 -0.360884 -0.377349 -0.366288 -0.398053 
3.44 -5.41048 0.935852 16 -0.397951 -0.366144 -0.377219 -0.360691 -0.357687 -0.292698 -0.372779 -0.360161 -0.372778 -0.292694 -0.357683 -0.36069 -0.377218 -0.366143 -0.39795 
3.45 -5.41065 0.939966 16 -0.397844 -0.365999 -0.377084 -0.360497 -0.357334 -0.293166 -0.372915 -0.360982 -0.372914 -0.293161 -0.357329 -0.360496 -0.377083 -0.365998 -0.397843 
3.46 -5.4108 0.944032 16 -0.397735 -0.365854 -0.376947 -0.360303 -0.356982 -0.29364 -0.373054 -0.361783 -0.373053 -0.293636 -0.356977 -0.360302 -0.376946 -0.365853 -0.397734 
3.47 -5.41095 0.948052 16 -0.397624 -0.36571 -0.376806 -0.360108 -0.356632 -0.294122 -0.373196 -0.362564 -0.373195 -0.294118 -0.356627 -0.360107 -0.376805 -0.365709 -0.397623 
3.48 -5.41109 0.952025 16 -0.39751 -0.365567 -0.376662 -0.359914 -0.356283 -0.294612 -0.373341 -0.363326 -0.37334 -0.294607 -0.356278 -0.359913 -0.376661 -0.365565 -0.397509 
3.49 -5.41122 0.955951 16 -0.397393 -0.365424 -0.376516 -0.359719 -0.355936 -0.295108 -0.373489 -0.364068 -0.373488 -0.295103 -0.355931 -0.359718 -0.376514 -0.365422 -0.397392 
3.5 -5.41135 0.959831 16 -0.397274 -0.365281 -0.376366 -0.359523 -0.35559 -0.29561 -0.37364 -0.364791 -0.37364 -0.295606 -0.355586 -0.359522 -0.376365 -0.36528 -0.397273 
3.51 -5.41147 0.963665 16 -0.397153 -0.365139 -0.376213 -0.359328 -0.355247 -0.296119 -0.373794 -0.365496 -0.373794 -0.296115 -0.355242 -0.359327 -0.376212 -0.365138 -0.397152 
3.52 -5.41159 0.967452 16 -0.397029 -0.364999 -0.376057 -0.359132 -0.354906 -0.296635 -0.373951 -0.366181 -0.37395 -0.296631 -0.354901 -0.359131 -0.376055 -0.364997 -0.397028 
3.53 -5.4117 0.971194 16 -0.396904 -0.364858 -0.375897 -0.358936 -0.354567 -0.297157 -0.37411 -0.366849 -0.37411 -0.297153 -0.354562 -0.358935 -0.375896 -0.364857 -0.396903 
3.54 -5.4118 0.97489 16 -0.396776 -0.364719 -0.375735 -0.35874 -0.35423 -0.297685 -0.374272 -0.367498 -0.374272 -0.297681 -0.354226 -0.358739 -0.375734 -0.364718 -0.396775 
3.55 -5.4119 0.978541 16 -0.396646 -0.364581 -0.375569 -0.358544 -0.353896 -0.29822 -0.374436 -0.36813 -0.374436 -0.298215 -0.353891 -0.358543 -0.375568 -0.36458 -0.396645 
3.56 -5.412 0.982147 16 -0.396515 -0.364444 -0.375401 -0.358348 -0.353564 -0.29876 -0.374602 -0.368743 -0.374602 -0.298755 -0.353559 -0.358347 -0.3754 -0.364442 -0.396514 
3.57 -5.41209 0.985708 16 -0.396381 -0.364307 -0.375229 -0.358152 -0.353235 -0.299305 -0.374771 -0.36934 -0.374771 -0.299301 -0.35323 -0.358151 -0.375228 -0.364306 -0.39638 
3.58 -5.41217 0.989226 16 -0.396246 -0.364172 -0.375054 -0.357955 -0.352909 -0.299857 -0.374941 -0.36992 -0.374941 -0.299852 -0.352904 -0.357954 -0.375053 -0.364171 -0.396245 
3.59 -5.41226 0.992699 16 -0.396108 -0.364038 -0.374875 -0.357758 -0.352586 -0.300413 -0.375114 -0.370483 -0.375114 -0.300409 -0.35258 -0.357758 -0.374874 -0.364037 -0.396107 
3.6 -5.41233 0.996129 16 -0.395969 -0.363906 -0.374694 -0.357562 -0.352265 -0.300975 -0.375288 -0.371029 -0.375289 -0.300971 -0.35226 -0.357561 -0.374693 -0.363904 -0.395968 
3.61 -5.41241 0.999515 16 -0.395829 -0.363774 -0.374509 -0.357365 -0.351948 -0.301542 -0.375464 -0.371559 -0.375465 -0.301538 -0.351942 -0.357364 -0.374508 -0.363773 -0.395828 
3.62 -5.41248 1.00286 16 -0.395686 -0.363644 -0.374321 -0.357168 -0.351633 -0.302114 -0.375642 -0.372073 -0.375643 -0.30211 -0.351628 -0.357167 -0.37432 -0.363643 -0.395685 
3.63 -5.41255 1.00616 16 -0.395542 -0.363515 -0.37413 -0.356971 -0.351322 -0.302691 -0.375822 -0.372572 -0.375823 -0.302687 -0.351317 -0.356971 -0.374129 -0.363514 -0.395541 
3.64 -5.41261 1.00942 16 -0.395397 -0.363387 -0.373936 -0.356775 -0.351015 -0.303273 -0.376003 -0.373055 -0.376004 -0.303269 -0.35101 -0.356774 -0.373935 -0.363386 -0.395396 
3.65 -5.41267 1.01264 16 -0.395249 -0.363261 -0.373738 -0.356578 -0.350711 -0.303859 -0.376185 -0.373522 -0.376186 -0.303855 -0.350706 -0.356577 -0.373737 -0.36326 -0.395248 
3.66 -5.41273 1.01582 16 -0.395101 -0.363137 -0.373538 -0.356381 -0.35041 -0.304449 -0.376369 -0.373975 -0.37637 -0.304445 -0.350405 -0.35638 -0.373536 -0.363135 -0.3951 
3.67 -5.41279 1.01896 16 -0.394951 -0.363013 -0.373334 -0.356184 -0.350114 -0.305043 -0.376554 -0.374413 -0.376555 -0.305039 -0.350108 -0.356183 -0.373332 -0.363012 -0.39495 
3.68 -5.41284 1.02206 16 -0.394799 -0.362892 -0.373126 -0.355987 -0.349821 -0.305642 -0.37674 -0.374837 -0.376741 -0.305638 -0.349815 -0.355986 -0.373125 -0.362891 -0.394798 
3.69 -5.41289 1.02512 16 -0.394646 -0.362772 -0.372916 -0.355791 -0.349532 -0.306244 -0.376927 -0.375247 -0.376928 -0.30624 -0.349526 -0.35579 -0.372915 -0.362771 -0.394645 
3.7 -5.41294 1.02814 16 -0.394492 -0.362653 -0.372702 -0.355594 -0.349247 -0.30685 -0.377114 -0.375643 -0.377116 -0.306847 -0.349241 -0.355593 -0.372701 -0.362652 -0.39449 
3.71 -5.41298 1.03112 16 -0.394336 -0.362536 -0.372485 -0.355398 -0.348966 -0.30746 -0.377303 -0.376025 -0.377305 -0.307456 -0.34896 -0.355397 -0.372484 -0.362535 -0.394335 
3.72 -5.41302 1.03407 16 -0.394179 -0.362421 -0.372265 -0.355201 -0.34869 -0.308073 -0.377492 -0.376394 -0.377494 -0.308069 -0.348684 -0.3552 -0.372264 -0.36242 -0.394177 
3.73 -5.41306 1.03698 16 -0.39402 -0.362308 -0.372042 -0.355005 -0.348417 -0.30869 -0.377682 -0.37675 -0.377684 -0.308686 -0.348411 -0.355004 -0.372041 -0.362306 -0.394019 
3.74 -5.4131 1.03985 16 -0.39386 -0.362196 -0.371815 -0.354809 -0.348149 -0.309309 -0.377873 -0.377093 -0.377875 -0.309305 -0.348143 -0.354808 -0.371814 -0.362195 -0.393859 
3.75 -5.41314 1.04269 16 -0.393699 -0.362086 -0.371586 -0.354613 -0.347886 -0.309931 -0.378064 -0.377423 -0.378066 -0.309928 -0.34788 -0.354612 -0.371584 -0.362084 -0.393698 
3.76 -5.41317 1.04549 16 -0.393537 -0.361977 -0.371353 -0.354417 -0.347627 -0.310557 -0.378255 -0.377742 -0.378257 -0.310553 -0.347621 -0.354416 -0.371352 -0.361976 -0.393536 
3.77 -5.41321 1.04826 16 -0.393373 -0.361871 -0.371117 -0.354221 -0.347373 -0.311185 -0.378447 -0.378048 -0.378449 -0.311181 -0.347367 -0.35422 -0.371116 -0.361869 -0.393372 
3.78 -5.41324 1.05099 16 -0.393208 -0.361766 -0.370878 -0.354026 -0.347123 -0.311815 -0.378639 -0.378342 -0.378641 -0.311812 -0.347117 -0.354025 -0.370876 -0.361765 -0.393207 
3.79 -5.41327 1.0537 16 -0.393042 -0.361663 -0.370635 -0.353831 -0.346879 -0.312448 -0.378831 -0.378625 -0.378833 -0.312445 -0.346872 -0.35383 -0.370634 -0.361662 -0.393041 
3.8 -5.4133 1.05637 16 -0.392875 -0.361561 -0.37039 -0.353636 -0.346639 -0.313083 -0.379023 -0.378897 -0.379025 -0.31308 -0.346633 -0.353635 -0.370389 -0.36156 -0.392874 
3.81 -5.41332 1.05901 16 -0.392706 -0.361462 -0.370141 -0.353441 -0.346404 -0.31372 -0.379214 -0.379158 -0.379217 -0.313717 -0.346398 -0.35344 -0.37014 -0.361461 -0.392705 
3.82 -5.41335 1.06162 16 -0.392537 -0.361364 -0.36989 -0.353247 -0.346174 -0.314359 -0.379406 -0.379408 -0.379408 -0.314356 -0.346168 -0.353246 -0.369889 -0.361363 -0.392535 
3.83 -5.41337 1.0642 16 -0.392366 -0.361269 -0.369635 -0.353053 -0.34595 -0.314999 -0.379598 -0.379648 -0.3796 -0.314996 -0.345944 -0.353052 -0.369634 -0.361268 -0.392364 
3.84 -5.4134 1.06675 16 -0.392194 -0.361175 -0.369377 -0.352859 -0.345731 -0.315642 -0.379789 -0.379877 -0.379791 -0.315639 -0.345724 -0.352858 -0.369376 -0.361174 -0.392192 
3.85 -5.41342 1.06928 16 -0.392021 -0.361083 -0.369116 -0.352665 -0.345517 -0.316285 -0.379979 -0.380097 -0.379982 -0.316283 -0.34551 -0.352664 -0.369115 -0.361082 -0.392019 
3.86 -5.41344 1.07177 16 -0.391846 -0.360993 -0.368853 -0.352472 -0.345308 -0.31693 -0.38017 -0.380307 -0.380172 -0.316928 -0.345302 -0.352471 -0.368852 -0.360992 -0.391845 
3.87 -5.41346 1.07424 16 -0.391671 -0.360905 -0.368586 -0.352279 -0.345105 -0.317577 -0.380359 -0.380507 -0.380362 -0.317574 -0.345098 -0.352278 -0.368585 -0.360904 -0.391669 
3.88 -5.41348 1.07669 16 -0.391494 -0.360818 -0.368316 -0.352087 -0.344907 -0.318224 -0.380549 -0.380698 -0.380551 -0.318221 -0.344901 -0.352086 -0.368315 -0.360817 -0.391493 
3.89 -5.4135 1.07911 16 -0.391316 -0.360734 -0.368044 -0.351895 -0.344715 -0.318872 -0.380737 -0.38088 -0.380739 -0.31887 -0.344708 -0.351894 -0.368043 -0.360733 -0.391315 
3.9 -5.41351 1.08151 16 -0.391137 -0.360652 -0.367768 -0.351703 -0.344529 -0.319521 -0.380925 -0.381054 -0.380927 -0.319519 -0.344522 -0.351702 -0.367767 -0.36065 -0.391136 
3.91 -5.41353 1.08388 16 -0.390957 -0.360571 -0.36749 -0.351512 -0.344348 -0.32017 -0.381111 -0.381219 -0.381114 -0.320168 -0.344341 -0.351511 -0.367489 -0.36057 -0.390956 
3.92 -5.41354 1.08623 16 -0.390776 -0.360492 -0.367209 -0.351322 -0.344173 -0.32082 -0.381297 -0.381376 -0.3813 -0.320818 -0.344166 -0.351321 -0.367208 -0.360491 -0.390775 
3.93 -5.41356 1.08856 16 -0.390594 -0.360416 -0.366925 -0.351132 -0.344004 -0.32147 -0.381482 -0.381525 -0.381485 -0.321468 -0.343997 -0.35113 -0.366924 -0.360414 -0.390592 
3.94 -5.41357 1.09087 16 -0.39041 -0.360341 -0.366638 -0.350942 -0.34384 -0.322121 -0.381666 -0.381666 -0.381669 -0.322119 -0.343833 -0.350941 -0.366637 -0.360339 -0.390409 
3.95 -5.41358 1.09315 16 -0.390226 -0.360268 -0.366349 -0.350753 -0.343683 -0.322771 -0.381849 -0.381799 -0.381851 -0.322769 -0.343676 -0.350752 -0.366348 -0.360266 -0.390224 
3.96 -5.4136 1.09542 16 -0.39004 -0.360197 -0.366056 -0.350564 -0.343531 -0.323421 -0.382031 -0.381925 -0.382033 -0.32342 -0.343524 -0.350563 -0.366055 -0.360195 -0.390039 
3.97 -5.41361 1.09768 16 -0.389853 -0.360127 -0.365762 -0.350376 -0.343386 -0.324071 -0.382211 -0.382044 -0.382213 -0.32407 -0.343379 -0.350375 -0.365761 -0.360126 -0.389852 
3.98 -5.41362 1.09991 16 -0.389665 -0.36006 -0.365464 -0.350189 -0.343246 -0.324721 -0.38239 -0.382157 -0.382392 -0.32472 -0.343239 -0.350188 -0.365463 -0.360059 -0.389664 
3.99 -5.41363 1.10213 16 -0.389476 -0.359994 -0.365164 -0.350002 -0.343113 -0.32537 -0.382568 -0.382262 -0.38257 -0.325369 -0.343106 -0.350001 -0.365163 -0.359993 -0.389475 
4 -5.41364 1.10433 16 -0.389286 -0.359931 -0.364862 -0.349816 -0.342986 -0.326019 -0.382744 -0.382361 -0.382746 -0.326018 -0.342978 -0.349815 -0.364861 -0.35993 -0.389285 
4.01 -5.41365 1.10652 16 -0.389095 -0.359869 -0.364557 -0.34963 -0.342865 -0.326667 -0.382919 -0.382454 -0.382921 -0.326666 -0.342857 -0.349629 -0.364556 -0.359868 -0.389094 
4.02 -5.41366 1.10869 16 -0.388903 -0.359809 -0.364249 -0.349445 -0.34275 -0.327314 -0.383092 -0.382541 -0.383095 -0.327313 -0.342742 -0.349444 -0.364248 -0.359808 -0.388901 
4.03 -5.41366 1.11086 16 -0.388709 -0.359751 -0.363939 -0.349261 -0.342641 -0.32796 -0.383264 -0.382623 -0.383266 -0.327959 -0.342634 -0.34926 -0.363938 -0.35975 -0.388708 
4.04 -5.41367 1.113 16 -0.388515 -0.359695 -0.363627 -0.349078 -0.342539 -0.328604 -0.383434 -0.382698 -0.383436 -0.328604 -0.342531 -0.349076 -0.363626 -0.359693 -0.388514 
4.05 -5.41368 1.11514 16 -0.388319 -0.35964 -0.363313 -0.348895 -0.342443 -0.329248 -0.383602 -0.382769 -0.383605 -0.329248 -0.342435 -0.348894 -0.363312 -0.359639 -0.388318 
4.06 -5.41369 1.11727 16 -0.388123 -0.359587 -0.362996 -0.348713 -0.342353 -0.32989 -0.383769 -0.382834 -0.383771 -0.32989 -0.342345 -0.348712 -0.362995 -0.359586 -0.388121 
4.07 -5.41369 1.11939 16 -0.387925 -0.359536 -0.362677 -0.348532 -0.342269 -0.330531 -0.383934 -0.382894 -0.383936 -0.330531 -0.342262 -0.34853 -0.362676 -0.359535 -0.387923 
4.08 -5.4137 1.1215 17 -0.387726 -0.359487 -0.362356 -0.348351 -0.342192 -0.33117 -0.384097 -0.38295 -0.384099 -0.33117 -0.342184 -0.34835 -0.362355 -0.359486 -0.387724 
4.09 -5.4137 1.1236 17 -0.387526 -0.359439 -0.362033 -0.348172 -0.342122 -0.331807 -0.384258 -0.383001 -0.384261 -0.331808 -0.342113 -0.34817 -0.362032 -0.359438 -0.387524 
4.1 -5.41371 1.1257 17 -0.387325 -0.359393 -0.361708 -0.347993 -0.342057 -0.332443 -0.384418 -0.383047 -0.38442 -0.332443 -0.342049 -0.347992 -0.361707 -0.359392 -0.387323 
4.11 -5.41371 1.12779 17 -0.387123 -0.359349 -0.36138 -0.347815 -0.341999 -0.333076 -0.384575 -0.38309 -0.384577 -0.333077 -0.341991 -0.347814 -0.361379 -0.359348 -0.387121 
4.12 -5.41372 1.12987 17 -0.386919 -0.359307 -0.361051 -0.347638 -0.341947 -0.333707 -0.384731 -0.383128 -0.384733 -0.333708 -0.341939 -0.347637 -0.36105 -0.359306 -0.386918 
4.13 -5.41372 1.13195 17 -0.386715 -0.359266 -0.36072 -0.347462 -0.341902 -0.334337 -0.384884 -0.383163 -0.384886 -0.334338 -0.341894 -0.347461 -0.360719 -0.359265 -0.386713 
4.14 -5.41373 1.13402 17 -0.386509 -0.359226 -0.360387 -0.347287 -0.341863 -0.334964 -0.385035 -0.383194 -0.385037 -0.334965 -0.341855 -0.347286 -0.360386 -0.359225 -0.386508 
4.15 -5.41373 1.1361 17 -0.386303 -0.359189 -0.360053 -0.347113 -0.341831 -0.335588 -0.385185 -0.383221 -0.385186 -0.33559 -0.341822 -0.347112 -0.360052 -0.359188 -0.386301 
4.16 -5.41374 1.13817 17 -0.386095 -0.359153 -0.359717 -0.34694 -0.341805 -0.33621 -0.385332 -0.383246 -0.385333 -0.336212 -0.341796 -0.346939 -0.359716 -0.359151 -0.386093 
4.17 -5.41374 1.14024 17 -0.385886 -0.359118 -0.359379 -0.346768 -0.341785 -0.33683 -0.385477 -0.383267 -0.385478 -0.336832 -0.341776 -0.346767 -0.359378 -0.359117 -0.385884 
4.18 -5.41374 1.1423 17 -0.385676 -0.359085 -0.359039 -0.346597 -0.341771 -0.337447 -0.38562 -0.383285 -0.385621 -0.337449 -0.341763 -0.346596 -0.359038 -0.359084 -0.385674 
4.19 -5.41375 1.14437 17 -0.385465 -0.359053 -0.358698 -0.346427 -0.341764 -0.338061 -0.38576 -0.383301 -0.385762 -0.338063 -0.341756 -0.346426 -0.358697 -0.359052 -0.385463 
4.2 -5.41375 1.14644 17 -0.385252 -0.359023 -0.358356 -0.346259 -0.341764 -0.338672 -0.385898 -0.383313 -0.3859 -0.338674 -0.341755 -0.346257 -0.358355 -0.359022 -0.385251 
4.21 -5.41375 1.14851 18 -0.385039 -0.358994 -0.358012 -0.346091 -0.34177 -0.33928 -0.386035 -0.383324 -0.386036 -0.339283 -0.341761 -0.34609 -0.358011 -0.358993 -0.385037 
4.22 -5.41376 1.15059 18 -0.384824 -0.358967 -0.357667 -0.345925 -0.341781 -0.339885 -0.386168 -0.383332 -0.38617 -0.339888 -0.341773 -0.345923 -0.357666 -0.358966 -0.384823 
4.23 -5.41376 1.15266 18 -0.384609 -0.358941 -0.357321 -0.345759 -0.3418 -0.340487 -0.3863 -0.383338 -0.386301 -0.34049 -0.341791 -0.345758 -0.35732 -0.358939 -0.384607 
4.24 -5.41376 1.15474 18 -0.384392 -0.358916 -0.356973 -0.345595 -0.341824 -0.341085 -0.386429 -0.383342 -0.38643 -0.341089 -0.341815 -0.345594 -0.356972 -0.358915 -0.38439 
4.25 -5.41376 1.15683 18 -0.384174 -0.358893 -0.356624 -0.345433 -0.341855 -0.341681 -0.386556 -0.383344 -0.386557 -0.341684 -0.341846 -0.345431 -0.356623 -0.358891 -0.384173 
4.26 -5.41377 1.15892 18 -0.383955 -0.35887 -0.356275 -0.345271 -0.341892 -0.342272 -0.38668 -0.383344 -0.386681 -0.342276 -0.341883 -0.345269 -0.356274 -0.358869 -0.383954 
4.27 -5.41377 1.16102 18 -0.383735 -0.358849 -0.355924 -0.345111 -0.341935 -0.342861 -0.386803 -0.383343 -0.386803 -0.342865 -0.341926 -0.345109 -0.355923 -0.358848 -0.383733 
4.28 -5.41377 1.16312 18 -0.383514 -0.35883 -0.355573 -0.344952 -0.341985 -0.343445 -0.386922 -0.38334 -0.386923 -0.34345 -0.341975 -0.34495 -0.355572 -0.358829 -0.383512 
4.29 -5.41377 1.16523 18 -0.383291 -0.358811 -0.35522 -0.344794 -0.34204 -0.344026 -0.38704 -0.383336 -0.38704 -0.344031 -0.342031 -0.344793 -0.355219 -0.35881 -0.38329 
4.3 -5.41377 1.16734 18 -0.383068 -0.358794 -0.354867 -0.344638 -0.342101 -0.344604 -0.387155 -0.383331 -0.387155 -0.344608 -0.342092 -0.344637 -0.354866 -0.358793 -0.383066 
4.31 -5.41378 1.16947 19 -0.382843 -0.358777 -0.354513 -0.344484 -0.342169 -0.345177 -0.387267 -0.383324 -0.387267 -0.345182 -0.342159 -0.344482 -0.354512 -0.358776 -0.382841 
4.32 -5.41378 1.1716 19 -0.382617 -0.358762 -0.354159 -0.34433 -0.342242 -0.345747 -0.387377 -0.383317 -0.387377 -0.345752 -0.342233 -0.344328 -0.354158 -0.358761 -0.382616 
4.33 -5.41378 1.17375 19 -0.38239 -0.358748 -0.353804 -0.344178 -0.342322 -0.346313 -0.387485 -0.383309 -0.387485 -0.346318 -0.342312 -0.344177 -0.353803 -0.358747 -0.382389 
4.34 -5.41378 1.1759 19 -0.382162 -0.358735 -0.353449 -0.344028 -0.342407 -0.346874 -0.38759 -0.3833 -0.38759 -0.34688 -0.342397 -0.344026 -0.353448 -0.358733 -0.382161 
4.35 -5.41378 1.17806 19 -0.381933 -0.358722 -0.353093 -0.343879 -0.342498 -0.347432 -0.387693 -0.38329 -0.387692 -0.347438 -0.342489 -0.343877 -0.353092 -0.358721 -0.381931 
