time energy SvN maxBondDim localEnergy 
0 -6.91174 0.592307 37 -0.654357 -0.293102 -0.568737 -0.334223 -0.544405 -0.348861 -0.535766 -0.352834 -0.535766 -0.348861 -0.544405 -0.334223 -0.568737 -0.293102 -0.654357 
0 -4.55185 0.00285278 6 -0.352039 -0.334061 -0.335846 -0.335706 -0.335963 -0.331894 -0.366451 0.232067 -0.366451 -0.331894 -0.335963 -0.335706 -0.335846 -0.334061 -0.352039 
0.01 -4.55185 0.00285279 6 -0.352039 -0.334061 -0.335846 -0.335706 -0.335963 -0.331894 -0.366451 0.232067 -0.366451 -0.331894 -0.335963 -0.335706 -0.335846 -0.334061 -0.352039 
0.02 -4.55185 0.00285279 6 -0.352039 -0.334061 -0.335846 -0.335706 -0.335963 -0.331894 -0.366452 0.232067 -0.366452 -0.331894 -0.335963 -0.335706 -0.335846 -0.334061 -0.352039 
0.03 -4.55185 0.00285279 6 -0.352039 -0.334061 -0.335846 -0.335706 -0.335963 -0.331894 -0.366453 0.232067 -0.366452 -0.331894 -0.335963 -0.335706 -0.335846 -0.334061 -0.352039 
0.04 -4.55186 0.00285279 6 -0.352039 -0.334061 -0.335846 -0.335706 -0.335963 -0.331893 -0.366454 0.232067 -0.366454 -0.331893 -0.335963 -0.335706 -0.335846 -0.334061 -0.352039 
0.05 -4.55186 0.0028528 6 -0.352039 -0.334061 -0.335846 -0.335706 -0.335963 -0.331893 -0.366457 0.232066 -0.366457 -0.331893 -0.335963 -0.335706 -0.335846 -0.334061 -0.352039 
0.06 -4.55187 0.00285281 6 -0.352039 -0.334061 -0.335846 -0.335706 -0.335963 -0.331893 -0.366461 0.232065 -0.366461 -0.331893 -0.335963 -0.335706 -0.335846 -0.334061 -0.352039 
0.07 -4.55188 0.00285282 6 -0.352039 -0.33406 -0.335846 -0.335706 -0.335963 -0.331893 -0.366466 0.232063 -0.366466 -0.331893 -0.335963 -0.335706 -0.335846 -0.33406 -0.352039 
0.08 -4.5519 0.00285284 6 -0.352039 -0.33406 -0.335846 -0.335706 -0.335963 -0.331892 -0.366474 0.232061 -0.366473 -0.331892 -0.335963 -0.335706 -0.335846 -0.33406 -0.352039 
0.09 -4.55192 0.00285286 6 -0.352038 -0.33406 -0.335846 -0.335705 -0.335963 -0.331892 -0.366484 0.232059 -0.366483 -0.331892 -0.335963 -0.335705 -0.335846 -0.33406 -0.352039 
0.1 -4.55194 0.00285289 6 -0.352038 -0.33406 -0.335846 -0.335705 -0.335963 -0.331891 -0.366496 0.232055 -0.366495 -0.331891 -0.335963 -0.335705 -0.335846 -0.33406 -0.352039 
0.11 -4.55198 0.00285293 6 -0.352038 -0.33406 -0.335846 -0.335705 -0.335962 -0.33189 -0.366512 0.232051 -0.366511 -0.33189 -0.335962 -0.335705 -0.335846 -0.33406 -0.352039 
0.12 -4.55202 0.00285298 6 -0.352038 -0.33406 -0.335846 -0.335705 -0.335962 -0.331889 -0.366531 0.232045 -0.36653 -0.331889 -0.335962 -0.335705 -0.335846 -0.33406 -0.352039 
0.13 -4.55206 0.00285305 6 -0.352038 -0.33406 -0.335845 -0.335705 -0.335962 -0.331887 -0.366554 0.232039 -0.366553 -0.331887 -0.335962 -0.335705 -0.335845 -0.33406 -0.352039 
0.14 -4.55212 0.00285315 6 -0.352038 -0.33406 -0.335845 -0.335705 -0.335962 -0.331886 -0.366582 0.232031 -0.366581 -0.331886 -0.335962 -0.335705 -0.335845 -0.33406 -0.352039 
0.15 -4.55219 0.00285327 6 -0.352037 -0.33406 -0.335845 -0.335705 -0.335962 -0.331884 -0.366615 0.232022 -0.366613 -0.331884 -0.335962 -0.335705 -0.335845 -0.33406 -0.352038 
0.16 -4.55227 0.00285343 6 -0.352037 -0.334059 -0.335845 -0.335705 -0.335961 -0.331881 -0.366654 0.232011 -0.366652 -0.331882 -0.335961 -0.335705 -0.335845 -0.334059 -0.352038 
0.17 -4.55237 0.00285363 6 -0.352037 -0.334059 -0.335845 -0.335704 -0.335961 -0.331879 -0.366699 0.231998 -0.366697 -0.331879 -0.335961 -0.335704 -0.335845 -0.334059 -0.352038 
0.18 -4.55248 0.00285389 6 -0.352037 -0.334059 -0.335845 -0.335704 -0.335961 -0.331876 -0.366751 0.231983 -0.366749 -0.331876 -0.335961 -0.335704 -0.335845 -0.334059 -0.352038 
0.19 -4.55261 0.00285421 6 -0.352036 -0.334059 -0.335844 -0.335704 -0.335961 -0.331872 -0.366811 0.231966 -0.366808 -0.331873 -0.335961 -0.335704 -0.335844 -0.334059 -0.352038 
0.2 -4.55276 0.00285461 6 -0.352036 -0.334059 -0.335844 -0.335704 -0.33596 -0.331868 -0.366879 0.231946 -0.366877 -0.331869 -0.33596 -0.335704 -0.335844 -0.334059 -0.352038 
0.21 -4.55292 0.0028551 6 -0.352036 -0.334059 -0.335844 -0.335704 -0.33596 -0.331864 -0.366957 0.231923 -0.366954 -0.331864 -0.33596 -0.335704 -0.335844 -0.334058 -0.352038 
0.22 -4.55311 0.0028557 6 -0.352036 -0.334059 -0.335844 -0.335703 -0.33596 -0.331859 -0.367045 0.231897 -0.367041 -0.331859 -0.33596 -0.335703 -0.335844 -0.334058 -0.352038 
0.23 -4.55333 0.00285643 6 -0.352035 -0.334058 -0.335844 -0.335703 -0.335959 -0.331853 -0.367143 0.231867 -0.36714 -0.331854 -0.335959 -0.335703 -0.335844 -0.334058 -0.352038 
0.24 -4.55356 0.00285731 6 -0.352035 -0.334058 -0.335844 -0.335703 -0.335959 -0.331847 -0.367254 0.231834 -0.36725 -0.331847 -0.335959 -0.335703 -0.335844 -0.334058 -0.352038 
0.25 -4.55383 0.00285836 6 -0.352035 -0.334058 -0.335843 -0.335703 -0.335959 -0.33184 -0.367377 0.231796 -0.367373 -0.33184 -0.335959 -0.335703 -0.335843 -0.334058 -0.352037 
0.26 -4.55413 0.00285961 6 -0.352034 -0.334058 -0.335843 -0.335703 -0.335958 -0.331832 -0.367514 0.231754 -0.36751 -0.331833 -0.335958 -0.335703 -0.335843 -0.334057 -0.352037 
0.27 -4.55446 0.0028611 6 -0.352034 -0.334058 -0.335843 -0.335702 -0.335958 -0.331823 -0.367666 0.231707 -0.367661 -0.331824 -0.335958 -0.335702 -0.335843 -0.334057 -0.352037 
0.28 -4.55482 0.00286285 6 -0.352034 -0.334057 -0.335843 -0.335702 -0.335957 -0.331814 -0.367833 0.231654 -0.367828 -0.331814 -0.335957 -0.335702 -0.335843 -0.334057 -0.352037 
0.29 -4.55523 0.00286491 6 -0.352033 -0.334057 -0.335843 -0.335702 -0.335957 -0.331803 -0.368016 0.231596 -0.368011 -0.331804 -0.335957 -0.335702 -0.335843 -0.334057 -0.352037 
0.3 -4.55567 0.00286731 6 -0.352033 -0.334057 -0.335842 -0.335702 -0.335956 -0.331792 -0.368217 0.231531 -0.368211 -0.331793 -0.335956 -0.335702 -0.335842 -0.334057 -0.352037 
0.31 -4.55615 0.00287011 6 -0.352033 -0.334057 -0.335842 -0.335701 -0.335956 -0.331779 -0.368436 0.231458 -0.36843 -0.33178 -0.335956 -0.335701 -0.335842 -0.334056 -0.352037 
0.32 -4.55667 0.00287335 6 -0.352032 -0.334057 -0.335842 -0.335701 -0.335955 -0.331766 -0.368674 0.231379 -0.368668 -0.331767 -0.335955 -0.335701 -0.335842 -0.334056 -0.352037 
0.33 -4.55725 0.0028771 6 -0.352032 -0.334056 -0.335842 -0.335701 -0.335954 -0.331751 -0.368932 0.231291 -0.368926 -0.331752 -0.335954 -0.335701 -0.335842 -0.334056 -0.352037 
0.34 -4.55786 0.00288141 6 -0.352032 -0.334056 -0.335842 -0.3357 -0.335954 -0.331735 -0.369211 0.231194 -0.369204 -0.331736 -0.335954 -0.3357 -0.335842 -0.334056 -0.352036 
0.35 -4.55853 0.00288636 6 -0.352031 -0.334056 -0.335841 -0.3357 -0.335953 -0.331718 -0.369511 0.231089 -0.369504 -0.33172 -0.335953 -0.3357 -0.335841 -0.334055 -0.352036 
0.36 -4.55925 0.00289203 6 -0.352031 -0.334056 -0.335841 -0.3357 -0.335952 -0.331701 -0.369834 0.230973 -0.369826 -0.331702 -0.335952 -0.3357 -0.335841 -0.334055 -0.352036 
0.37 -4.56003 0.00289849 6 -0.352031 -0.334056 -0.335841 -0.3357 -0.335952 -0.331682 -0.370178 0.230846 -0.370171 -0.331683 -0.335952 -0.3357 -0.335841 -0.334055 -0.352036 
0.38 -4.56086 0.00290583 6 -0.35203 -0.334056 -0.335841 -0.335699 -0.335951 -0.331662 -0.370546 0.230708 -0.370538 -0.331663 -0.335951 -0.335699 -0.335841 -0.334055 -0.352036 
0.39 -4.56174 0.00291417 6 -0.35203 -0.334055 -0.335841 -0.335699 -0.33595 -0.331641 -0.370937 0.230558 -0.370929 -0.331642 -0.33595 -0.335699 -0.335841 -0.334055 -0.352036 
0.4 -4.56269 0.0029236 6 -0.35203 -0.334055 -0.33584 -0.335699 -0.335949 -0.331619 -0.371351 0.230395 -0.371343 -0.33162 -0.335949 -0.335699 -0.33584 -0.334055 -0.352036 
0.41 -4.56369 0.00293425 6 -0.35203 -0.334055 -0.33584 -0.335698 -0.335948 -0.331597 -0.371789 0.230219 -0.371781 -0.331598 -0.335948 -0.335698 -0.33584 -0.334054 -0.352036 
0.42 -4.56476 0.00294624 6 -0.352029 -0.334055 -0.33584 -0.335698 -0.335947 -0.331574 -0.372251 0.230028 -0.372242 -0.331575 -0.335947 -0.335698 -0.33584 -0.334054 -0.352035 
0.43 -4.56588 0.00295972 6 -0.352029 -0.334055 -0.33584 -0.335698 -0.335946 -0.33155 -0.372736 0.229822 -0.372727 -0.331552 -0.335946 -0.335698 -0.33584 -0.334054 -0.352035 
0.44 -4.56707 0.00297483 6 -0.352029 -0.334055 -0.33584 -0.335697 -0.335945 -0.331527 -0.373245 0.2296 -0.373235 -0.331528 -0.335945 -0.335697 -0.33584 -0.334054 -0.352035 
0.45 -4.56832 0.00299173 6 -0.352028 -0.334055 -0.335839 -0.335697 -0.335944 -0.331503 -0.373776 0.229361 -0.373766 -0.331505 -0.335944 -0.335697 -0.335839 -0.334054 -0.352035 
0.46 -4.56963 0.00301061 6 -0.352028 -0.334054 -0.335839 -0.335696 -0.335943 -0.33148 -0.37433 0.229105 -0.37432 -0.331482 -0.335943 -0.335696 -0.335839 -0.334054 -0.352035 
0.47 -4.57101 0.00303164 6 -0.352028 -0.334054 -0.335839 -0.335696 -0.335942 -0.331458 -0.374906 0.228831 -0.374895 -0.33146 -0.335941 -0.335696 -0.335839 -0.334053 -0.352035 
0.48 -4.57245 0.00305503 6 -0.352027 -0.334054 -0.335839 -0.335695 -0.33594 -0.331436 -0.375502 0.228537 -0.375491 -0.331438 -0.33594 -0.335695 -0.335839 -0.334053 -0.352035 
0.49 -4.57395 0.00308099 6 -0.352027 -0.334054 -0.335839 -0.335695 -0.335939 -0.331416 -0.376118 0.228224 -0.376107 -0.331418 -0.335939 -0.335695 -0.335839 -0.334053 -0.352035 
0.5 -4.57551 0.00310976 6 -0.352027 -0.334054 -0.335839 -0.335694 -0.335938 -0.331398 -0.376753 0.22789 -0.376742 -0.3314 -0.335938 -0.335694 -0.335839 -0.334053 -0.352035 
0.51 -4.57714 0.00314158 6 -0.352027 -0.334054 -0.335839 -0.335694 -0.335937 -0.331382 -0.377406 0.227534 -0.377395 -0.331384 -0.335937 -0.335694 -0.335839 -0.334053 -0.352035 
0.52 -4.57883 0.00317671 6 -0.352026 -0.334054 -0.335838 -0.335693 -0.335936 -0.331369 -0.378075 0.227156 -0.378063 -0.331371 -0.335936 -0.335693 -0.335839 -0.334053 -0.352034 
0.53 -4.58057 0.00321543 6 -0.352026 -0.334054 -0.335838 -0.335693 -0.335935 -0.331359 -0.378759 0.226755 -0.378747 -0.331361 -0.335935 -0.335693 -0.335838 -0.334053 -0.352034 
0.54 -4.58237 0.00325802 6 -0.352026 -0.334054 -0.335838 -0.335692 -0.335934 -0.331353 -0.379456 0.22633 -0.379444 -0.331355 -0.335934 -0.335692 -0.335838 -0.334053 -0.352034 
0.55 -4.58423 0.00330481 6 -0.352026 -0.334054 -0.335838 -0.335691 -0.335933 -0.331351 -0.380164 0.225879 -0.380152 -0.331353 -0.335933 -0.335691 -0.335838 -0.334053 -0.352034 
0.56 -4.58614 0.00335612 6 -0.352026 -0.334054 -0.335838 -0.33569 -0.335933 -0.331353 -0.380882 0.225404 -0.380869 -0.331355 -0.335932 -0.33569 -0.335838 -0.334053 -0.352034 
0.57 -4.58811 0.0034123 6 -0.352025 -0.334054 -0.335838 -0.33569 -0.335932 -0.331361 -0.381606 0.224901 -0.381594 -0.331363 -0.335932 -0.33569 -0.335838 -0.334053 -0.352034 
0.58 -4.59012 0.00347372 6 -0.352025 -0.334054 -0.335838 -0.335689 -0.335933 -0.331374 -0.382336 0.224372 -0.382324 -0.331376 -0.335932 -0.335689 -0.335838 -0.334053 -0.352034 
0.59 -4.59218 0.00354074 6 -0.352025 -0.334054 -0.335838 -0.335688 -0.335933 -0.331393 -0.383069 0.223814 -0.383056 -0.331396 -0.335933 -0.335688 -0.335838 -0.334052 -0.352034 
0.6 -4.59429 0.00361379 6 -0.352025 -0.334054 -0.335838 -0.335687 -0.335934 -0.331419 -0.383803 0.223227 -0.383789 -0.331421 -0.335934 -0.335687 -0.335838 -0.334052 -0.352034 
0.61 -4.59643 0.00369328 6 -0.352025 -0.334054 -0.335838 -0.335685 -0.335936 -0.331451 -0.384534 0.22261 -0.384521 -0.331454 -0.335936 -0.335685 -0.335838 -0.334052 -0.352034 
0.62 -4.59862 0.00377965 6 -0.352025 -0.334054 -0.335837 -0.335684 -0.335939 -0.331491 -0.385261 0.221963 -0.385247 -0.331493 -0.335939 -0.335684 -0.335838 -0.334052 -0.352034 
0.63 -4.60083 0.00387337 6 -0.352025 -0.334054 -0.335837 -0.335683 -0.335943 -0.331538 -0.38598 0.221284 -0.385967 -0.331541 -0.335943 -0.335683 -0.335837 -0.334053 -0.352034 
0.64 -4.60308 0.00397492 6 -0.352025 -0.334054 -0.335837 -0.335681 -0.335948 -0.331593 -0.38669 0.220573 -0.386677 -0.331595 -0.335948 -0.335682 -0.335837 -0.334053 -0.352034 
0.65 -4.60536 0.0040848 6 -0.352025 -0.334054 -0.335837 -0.33568 -0.335955 -0.331655 -0.387388 0.219828 -0.387375 -0.331657 -0.335955 -0.33568 -0.335837 -0.334053 -0.352034 
0.66 -4.60766 0.00420353 6 -0.352025 -0.334054 -0.335837 -0.335678 -0.335964 -0.331725 -0.388072 0.21905 -0.388058 -0.331728 -0.335963 -0.335678 -0.335837 -0.334053 -0.352034 
0.67 -4.60998 0.00433165 6 -0.352025 -0.334054 -0.335837 -0.335677 -0.335974 -0.331803 -0.388739 0.218237 -0.388725 -0.331806 -0.335974 -0.335677 -0.335837 -0.334053 -0.352034 
0.68 -4.61231 0.00446973 6 -0.352025 -0.334054 -0.335837 -0.335675 -0.335987 -0.331888 -0.389386 0.217389 -0.389372 -0.331891 -0.335987 -0.335675 -0.335837 -0.334053 -0.352034 
0.69 -4.61466 0.00461836 6 -0.352025 -0.334054 -0.335837 -0.335673 -0.336003 -0.331982 -0.390013 0.216504 -0.389999 -0.331984 -0.336003 -0.335673 -0.335837 -0.334053 -0.352034 
0.7 -4.61702 0.00477813 6 -0.352025 -0.334054 -0.335837 -0.33567 -0.336022 -0.332082 -0.390616 0.215583 -0.390602 -0.332085 -0.336022 -0.33567 -0.335837 -0.334053 -0.352034 
0.71 -4.6194 0.00494968 6 -0.352025 -0.334054 -0.335837 -0.335668 -0.336045 -0.332189 -0.391194 0.214624 -0.39118 -0.332192 -0.336045 -0.335668 -0.335837 -0.334053 -0.352034 
0.72 -4.62177 0.00513365 6 -0.352025 -0.334055 -0.335836 -0.335666 -0.336072 -0.332303 -0.391745 0.213628 -0.391731 -0.332306 -0.336072 -0.335666 -0.335836 -0.334053 -0.352034 
0.73 -4.62415 0.00533069 6 -0.352025 -0.334055 -0.335836 -0.335663 -0.336103 -0.332423 -0.392268 0.212592 -0.392254 -0.332426 -0.336103 -0.335663 -0.335836 -0.334053 -0.352034 
0.74 -4.62653 0.00554151 6 -0.352025 -0.334055 -0.335836 -0.33566 -0.33614 -0.332549 -0.392763 0.211517 -0.392748 -0.332552 -0.33614 -0.33566 -0.335836 -0.334053 -0.352034 
0.75 -4.62892 0.00576681 6 -0.352025 -0.334055 -0.335836 -0.335657 -0.336183 -0.33268 -0.393226 0.210403 -0.393212 -0.332682 -0.336183 -0.335657 -0.335836 -0.334054 -0.352034 
0.76 -4.6313 0.0060073 6 -0.352025 -0.334055 -0.335836 -0.335654 -0.336232 -0.332814 -0.393659 0.209248 -0.393645 -0.332817 -0.336232 -0.335654 -0.335836 -0.334054 -0.352034 
0.77 -4.63368 0.00626373 6 -0.352025 -0.334055 -0.335835 -0.335651 -0.336288 -0.332952 -0.39406 0.208053 -0.394046 -0.332955 -0.336288 -0.335651 -0.335835 -0.334054 -0.352034 
0.78 -4.63605 0.00653686 6 -0.352025 -0.334055 -0.335835 -0.335647 -0.336352 -0.333093 -0.394429 0.206817 -0.394415 -0.333096 -0.336352 -0.335647 -0.335835 -0.334054 -0.352034 
0.79 -4.63843 0.00682747 6 -0.352025 -0.334055 -0.335835 -0.335644 -0.336424 -0.333235 -0.394766 0.205539 -0.394752 -0.333238 -0.336424 -0.335644 -0.335835 -0.334054 -0.352034 
0.8 -4.64079 0.00713636 6 -0.352026 -0.334056 -0.335834 -0.33564 -0.336506 -0.333378 -0.39507 0.20422 -0.395056 -0.33338 -0.336505 -0.33564 -0.335834 -0.334054 -0.352034 
0.81 -4.64316 0.00746434 6 -0.352026 -0.334056 -0.335834 -0.335637 -0.336597 -0.33352 -0.395342 0.202858 -0.395328 -0.333523 -0.336596 -0.335637 -0.335834 -0.334054 -0.352034 
0.82 -4.64552 0.00781224 6 -0.352026 -0.334056 -0.335833 -0.335633 -0.336698 -0.33366 -0.395581 0.201455 -0.395567 -0.333663 -0.336698 -0.335633 -0.335833 -0.334054 -0.352034 
0.83 -4.64787 0.0081809 6 -0.352026 -0.334056 -0.335833 -0.33563 -0.336811 -0.333798 -0.395789 0.20001 -0.395775 -0.333801 -0.33681 -0.33563 -0.335833 -0.334055 -0.352034 
0.84 -4.65022 0.00857119 6 -0.352026 -0.334056 -0.335832 -0.335627 -0.336935 -0.333931 -0.395965 0.198522 -0.395951 -0.333934 -0.336935 -0.335627 -0.335832 -0.334055 -0.352034 
0.85 -4.65256 0.00898397 6 -0.352027 -0.334056 -0.335832 -0.335624 -0.337072 -0.334059 -0.39611 0.196992 -0.396096 -0.334062 -0.337071 -0.335624 -0.335832 -0.334055 -0.352034 
0.86 -4.6549 0.00942014 6 -0.352027 -0.334056 -0.335831 -0.335621 -0.337221 -0.334181 -0.396225 0.195419 -0.396211 -0.334184 -0.33722 -0.335621 -0.335831 -0.334055 -0.352034 
0.87 -4.65723 0.00988058 6 -0.352027 -0.334056 -0.33583 -0.335619 -0.337384 -0.334294 -0.39631 0.193804 -0.396296 -0.334297 -0.337383 -0.335619 -0.33583 -0.334055 -0.352035 
0.88 -4.65956 0.0103662 6 -0.352027 -0.334056 -0.335829 -0.335618 -0.33756 -0.334399 -0.396366 0.192146 -0.396352 -0.334401 -0.337559 -0.335618 -0.335829 -0.334055 -0.352035 
0.89 -4.66188 0.010878 6 -0.352028 -0.334056 -0.335828 -0.335617 -0.33775 -0.334493 -0.396393 0.190446 -0.396379 -0.334495 -0.33775 -0.335617 -0.335828 -0.334055 -0.352035 
0.9 -4.66419 0.0114168 6 -0.352028 -0.334056 -0.335827 -0.335618 -0.337955 -0.334575 -0.396393 0.188704 -0.396379 -0.334578 -0.337954 -0.335618 -0.335827 -0.334055 -0.352035 
0.91 -4.6665 0.0119836 5 -0.352028 -0.334057 -0.335826 -0.33562 -0.338175 -0.334644 -0.396366 0.18692 -0.396352 -0.334647 -0.338174 -0.33562 -0.335826 -0.334055 -0.352035 
0.92 -4.66881 0.0125793 5 -0.352028 -0.334057 -0.335825 -0.335623 -0.338409 -0.3347 -0.396312 0.185093 -0.396298 -0.334703 -0.338408 -0.335623 -0.335825 -0.334055 -0.352035 
0.93 -4.67111 0.0132049 5 -0.352029 -0.334057 -0.335823 -0.335629 -0.338658 -0.33474 -0.396233 0.183225 -0.396219 -0.334743 -0.338657 -0.335629 -0.335823 -0.334055 -0.352035 
0.94 -4.6734 0.0138614 5 -0.352029 -0.334057 -0.335822 -0.335637 -0.338921 -0.334765 -0.396129 0.181316 -0.396115 -0.334768 -0.33892 -0.335637 -0.335822 -0.334055 -0.352035 
0.95 -4.67568 0.0145497 5 -0.352029 -0.334056 -0.33582 -0.335647 -0.3392 -0.334773 -0.396001 0.179365 -0.395987 -0.334776 -0.339199 -0.335647 -0.33582 -0.334055 -0.352035 
0.96 -4.67796 0.0152709 5 -0.35203 -0.334056 -0.335818 -0.335661 -0.339493 -0.334764 -0.39585 0.177374 -0.395836 -0.334767 -0.339491 -0.335661 -0.335818 -0.334055 -0.352035 
0.97 -4.68024 0.0160258 5 -0.35203 -0.334056 -0.335816 -0.335678 -0.3398 -0.334738 -0.395676 0.175341 -0.395662 -0.334741 -0.339798 -0.335678 -0.335817 -0.334055 -0.352035 
0.98 -4.68251 0.0168155 5 -0.35203 -0.334056 -0.335814 -0.335699 -0.34012 -0.334692 -0.39548 0.173269 -0.395466 -0.334695 -0.340119 -0.335699 -0.335814 -0.334055 -0.352036 
0.99 -4.68477 0.0176409 5 -0.352031 -0.334056 -0.335812 -0.335725 -0.340455 -0.334628 -0.395263 0.171156 -0.395249 -0.334632 -0.340453 -0.335725 -0.335812 -0.334055 -0.352036 
1 -4.68704 0.0185031 5 -0.352031 -0.334056 -0.33581 -0.335756 -0.340801 -0.334546 -0.395025 0.169004 -0.395011 -0.334549 -0.3408 -0.335756 -0.33581 -0.334055 -0.352036 
1.01 -4.6893 0.019403 5 -0.352031 -0.334055 -0.335808 -0.335793 -0.34116 -0.334444 -0.394767 0.166812 -0.394753 -0.334447 -0.341159 -0.335793 -0.335808 -0.334055 -0.352036 
1.02 -4.69155 0.0203416 5 -0.352031 -0.334055 -0.335805 -0.335836 -0.341531 -0.334323 -0.394489 0.164582 -0.394476 -0.334327 -0.341529 -0.335835 -0.335805 -0.334054 -0.352036 
1.03 -4.6938 0.0213199 5 -0.352032 -0.334055 -0.335802 -0.335885 -0.341912 -0.334184 -0.394193 0.162314 -0.39418 -0.334187 -0.34191 -0.335885 -0.335803 -0.334054 -0.352036 
1.04 -4.69606 0.0223389 5 -0.352032 -0.334054 -0.3358 -0.335943 -0.342302 -0.334026 -0.393879 0.160007 -0.393865 -0.334029 -0.3423 -0.335943 -0.3358 -0.334054 -0.352036 
1.05 -4.69831 0.0233996 5 -0.352032 -0.334054 -0.335797 -0.336009 -0.342701 -0.33385 -0.393547 0.157663 -0.393533 -0.333853 -0.342699 -0.336009 -0.335797 -0.334053 -0.352036 
1.06 -4.70056 0.0245029 5 -0.352033 -0.334053 -0.335795 -0.336083 -0.343107 -0.333655 -0.393197 0.155282 -0.393184 -0.333659 -0.343105 -0.336083 -0.335795 -0.334053 -0.352036 
1.07 -4.70281 0.0256498 5 -0.352033 -0.334053 -0.335792 -0.336168 -0.34352 -0.333443 -0.392831 0.152864 -0.392818 -0.333447 -0.343518 -0.336168 -0.335792 -0.334052 -0.352036 
1.08 -4.70506 0.0268413 5 -0.352033 -0.334052 -0.33579 -0.336262 -0.343938 -0.333214 -0.392449 0.15041 -0.392436 -0.333218 -0.343936 -0.336262 -0.33579 -0.334052 -0.352036 
1.09 -4.70731 0.0280784 5 -0.352033 -0.334051 -0.335788 -0.336367 -0.34436 -0.332969 -0.392051 0.147921 -0.392038 -0.332972 -0.344358 -0.336367 -0.335788 -0.334051 -0.352036 
1.1 -4.70956 0.0293619 5 -0.352034 -0.334051 -0.335786 -0.336483 -0.344784 -0.332707 -0.391638 0.145397 -0.391625 -0.33271 -0.344782 -0.336483 -0.335786 -0.33405 -0.352036 
1.11 -4.71181 0.0306928 5 -0.352034 -0.33405 -0.335785 -0.336612 -0.345209 -0.33243 -0.391211 0.142838 -0.391198 -0.332433 -0.345207 -0.336611 -0.335785 -0.334049 -0.352036 
1.12 -4.71406 0.0320721 5 -0.352034 -0.334049 -0.335784 -0.336752 -0.345634 -0.332138 -0.390769 0.140246 -0.390756 -0.332141 -0.345632 -0.336752 -0.335784 -0.334048 -0.352036 
1.13 -4.71632 0.0335008 5 -0.352034 -0.334048 -0.335784 -0.336905 -0.346058 -0.331831 -0.390313 0.137619 -0.3903 -0.331835 -0.346055 -0.336905 -0.335784 -0.334047 -0.352036 
1.14 -4.71857 0.0349796 5 -0.352034 -0.334046 -0.335785 -0.337071 -0.346478 -0.331511 -0.389844 0.134961 -0.389831 -0.331515 -0.346476 -0.337071 -0.335785 -0.334046 -0.352036 
1.15 -4.72082 0.0365095 5 -0.352034 -0.334045 -0.335787 -0.337251 -0.346894 -0.331178 -0.389362 0.132269 -0.389349 -0.331182 -0.346891 -0.33725 -0.335787 -0.334045 -0.352036 
1.16 -4.72308 0.0380914 5 -0.352035 -0.334044 -0.335791 -0.337443 -0.347304 -0.330832 -0.388867 0.129547 -0.388855 -0.330836 -0.347302 -0.337443 -0.335791 -0.334043 -0.352036 
1.17 -4.72533 0.0397261 5 -0.352035 -0.334042 -0.335797 -0.33765 -0.347707 -0.330475 -0.38836 0.126793 -0.388348 -0.330478 -0.347705 -0.337649 -0.335797 -0.334042 -0.352036 
1.18 -4.72758 0.0414146 5 -0.352035 -0.334041 -0.335804 -0.33787 -0.348103 -0.330105 -0.387842 0.124008 -0.387829 -0.330109 -0.3481 -0.337869 -0.335804 -0.33404 -0.352036 
1.19 -4.72983 0.0431577 5 -0.352035 -0.334039 -0.335814 -0.338104 -0.348489 -0.329725 -0.387312 0.121194 -0.3873 -0.329729 -0.348486 -0.338103 -0.335814 -0.334038 -0.352036 
1.2 -4.73208 0.0449561 5 -0.352035 -0.334037 -0.335827 -0.338351 -0.348865 -0.329335 -0.386771 0.11835 -0.386759 -0.329339 -0.348862 -0.33835 -0.335827 -0.334036 -0.352036 
1.21 -4.73433 0.0468108 5 -0.352035 -0.334035 -0.335843 -0.338611 -0.349229 -0.328934 -0.38622 0.115478 -0.386207 -0.328939 -0.349227 -0.338611 -0.335843 -0.334034 -0.352036 
1.22 -4.73657 0.0487224 5 -0.352035 -0.334032 -0.335862 -0.338885 -0.349583 -0.328525 -0.385658 0.112578 -0.385646 -0.328529 -0.34958 -0.338884 -0.335862 -0.334032 -0.352036 
1.23 -4.73881 0.0506919 5 -0.352035 -0.33403 -0.335886 -0.33917 -0.349923 -0.328106 -0.385086 0.10965 -0.385074 -0.32811 -0.34992 -0.33917 -0.335886 -0.33403 -0.352035 
1.24 -4.74105 0.0527198 5 -0.352035 -0.334027 -0.335915 -0.339468 -0.350251 -0.327679 -0.384505 0.106695 -0.384493 -0.327683 -0.350248 -0.339467 -0.335915 -0.334027 -0.352035 
1.25 -4.74329 0.0548071 5 -0.352034 -0.334025 -0.335949 -0.339778 -0.350566 -0.327244 -0.383915 0.103715 -0.383903 -0.327248 -0.350563 -0.339777 -0.335949 -0.334025 -0.352035 
1.26 -4.74553 0.0569543 5 -0.352034 -0.334022 -0.335989 -0.340098 -0.350867 -0.326801 -0.383316 0.100708 -0.383304 -0.326805 -0.350864 -0.340097 -0.335989 -0.334022 -0.352035 
1.27 -4.74777 0.0591623 5 -0.352034 -0.334019 -0.336035 -0.340428 -0.351155 -0.32635 -0.382708 0.0976773 -0.382696 -0.326355 -0.351152 -0.340427 -0.336035 -0.334019 -0.352034 
1.28 -4.75001 0.0614315 5 -0.352034 -0.334016 -0.336089 -0.340768 -0.351428 -0.325893 -0.382092 0.0946221 -0.38208 -0.325898 -0.351425 -0.340767 -0.336089 -0.334016 -0.352034 
1.29 -4.75224 0.0637628 5 -0.352033 -0.334013 -0.33615 -0.341115 -0.351689 -0.32543 -0.381469 0.0915433 -0.381457 -0.325434 -0.351686 -0.341114 -0.33615 -0.334013 -0.352034 
1.3 -4.75448 0.0661568 5 -0.352033 -0.33401 -0.33622 -0.34147 -0.351935 -0.32496 -0.380837 0.0884417 -0.380826 -0.324964 -0.351932 -0.341469 -0.33622 -0.33401 -0.352033 
1.31 -4.75672 0.0686139 5 -0.352032 -0.334007 -0.336299 -0.341832 -0.352169 -0.324484 -0.380199 0.0853178 -0.380187 -0.324489 -0.352166 -0.341831 -0.336299 -0.334007 -0.352033 
1.32 -4.75895 0.0711349 5 -0.352032 -0.334004 -0.336388 -0.342198 -0.352389 -0.324003 -0.379554 0.0821724 -0.379542 -0.324008 -0.352386 -0.342197 -0.336388 -0.334004 -0.352032 
1.33 -4.76119 0.0737202 5 -0.352031 -0.334001 -0.336487 -0.342568 -0.352597 -0.323517 -0.378902 0.079006 -0.37889 -0.323521 -0.352594 -0.342567 -0.336487 -0.334001 -0.352031 
1.34 -4.76343 0.0763705 5 -0.352031 -0.333999 -0.336597 -0.342941 -0.352793 -0.323026 -0.378243 0.0758195 -0.378232 -0.32303 -0.35279 -0.34294 -0.336597 -0.333999 -0.352031 
1.35 -4.76567 0.0790861 5 -0.35203 -0.333996 -0.336719 -0.343315 -0.352976 -0.32253 -0.377579 0.0726135 -0.377568 -0.322534 -0.352973 -0.343314 -0.336719 -0.333996 -0.35203 
1.36 -4.76791 0.0818676 5 -0.352029 -0.333995 -0.336853 -0.343689 -0.353149 -0.32203 -0.376909 0.0693886 -0.376898 -0.322034 -0.353146 -0.343688 -0.336853 -0.333995 -0.352029 
1.37 -4.77015 0.0847155 5 -0.352028 -0.333993 -0.337 -0.344062 -0.35331 -0.321525 -0.376234 0.0661455 -0.376222 -0.32153 -0.353307 -0.344061 -0.336999 -0.333993 -0.352028 
1.38 -4.77239 0.08763 5 -0.352027 -0.333993 -0.337159 -0.344432 -0.353461 -0.321017 -0.375553 0.0628849 -0.375542 -0.321022 -0.353458 -0.344431 -0.337159 -0.333993 -0.352027 
1.39 -4.77463 0.0906117 5 -0.352026 -0.333993 -0.337332 -0.344798 -0.353602 -0.320506 -0.374868 0.0596075 -0.374857 -0.32051 -0.353599 -0.344796 -0.337331 -0.333994 -0.352026 
1.4 -4.77687 0.0936609 5 -0.352025 -0.333995 -0.337518 -0.345158 -0.353733 -0.319991 -0.374178 0.056314 -0.374167 -0.319996 -0.35373 -0.345157 -0.337518 -0.333995 -0.352025 
1.41 -4.77911 0.0967779 6 -0.352023 -0.333998 -0.337718 -0.345512 -0.353855 -0.319473 -0.373484 0.053005 -0.373473 -0.319478 -0.353852 -0.345511 -0.337718 -0.333998 -0.352023 
1.42 -4.78135 0.099963 6 -0.352022 -0.334003 -0.337933 -0.345858 -0.353969 -0.318952 -0.372786 0.0496812 -0.372775 -0.318957 -0.353966 -0.345857 -0.337932 -0.334003 -0.352022 
1.43 -4.78359 0.103216 6 -0.35202 -0.33401 -0.338161 -0.346196 -0.354074 -0.318429 -0.372085 0.0463434 -0.372074 -0.318434 -0.354071 -0.346194 -0.33816 -0.33401 -0.352021 
1.44 -4.78583 0.106539 6 -0.352019 -0.334019 -0.338403 -0.346523 -0.354171 -0.317904 -0.37138 0.0429922 -0.371369 -0.317909 -0.354168 -0.346521 -0.338402 -0.334019 -0.352019 
1.45 -4.78807 0.10993 6 -0.352017 -0.334031 -0.338659 -0.346839 -0.354261 -0.317376 -0.370671 0.0396283 -0.37066 -0.317381 -0.354258 -0.346837 -0.338658 -0.334031 -0.352017 
1.46 -4.79031 0.11339 6 -0.352015 -0.334046 -0.338929 -0.347144 -0.354344 -0.316847 -0.36996 0.0362523 -0.369949 -0.316852 -0.354341 -0.347142 -0.338928 -0.334047 -0.352015 
1.47 -4.79254 0.116919 7 -0.352013 -0.334065 -0.339212 -0.347436 -0.35442 -0.316316 -0.369247 0.032865 -0.369236 -0.31632 -0.354417 -0.347434 -0.339211 -0.334065 -0.352014 
1.48 -4.79477 0.120517 7 -0.352011 -0.334088 -0.339508 -0.347716 -0.35449 -0.315783 -0.368531 0.029467 -0.36852 -0.315788 -0.354487 -0.347714 -0.339507 -0.334088 -0.352011 
1.49 -4.79701 0.124185 7 -0.352008 -0.334116 -0.339816 -0.347982 -0.354553 -0.315249 -0.367813 0.0260591 -0.367802 -0.315254 -0.35455 -0.34798 -0.339815 -0.334116 -0.352009 
1.5 -4.79924 0.127922 7 -0.352006 -0.334149 -0.340137 -0.348234 -0.354611 -0.314714 -0.367093 0.0226419 -0.367082 -0.314719 -0.354608 -0.348232 -0.340136 -0.334149 -0.352007 
1.51 -4.80147 0.131729 7 -0.352004 -0.334188 -0.340469 -0.348473 -0.354663 -0.314179 -0.366372 0.0192161 -0.366361 -0.314184 -0.35466 -0.348471 -0.340468 -0.334188 -0.352005 
1.52 -4.80369 0.135605 7 -0.352001 -0.334234 -0.340811 -0.348697 -0.354709 -0.313642 -0.365649 0.0157823 -0.365638 -0.313647 -0.354706 -0.348696 -0.34081 -0.334234 -0.352003 
1.53 -4.80592 0.139551 7 -0.351999 -0.334286 -0.341163 -0.348908 -0.354751 -0.313106 -0.364925 0.0123413 -0.364915 -0.313111 -0.354748 -0.348906 -0.341162 -0.334286 -0.352 
1.54 -4.80815 0.143565 7 -0.351996 -0.334346 -0.341524 -0.349105 -0.354787 -0.312569 -0.364201 0.00889368 -0.36419 -0.312574 -0.354784 -0.349103 -0.341523 -0.334346 -0.351998 
1.55 -4.81038 0.147649 8 -0.351994 -0.334415 -0.341893 -0.349288 -0.354819 -0.312032 -0.363476 0.00544018 -0.363465 -0.312037 -0.354816 -0.349286 -0.341891 -0.334415 -0.351996 
1.56 -4.81261 0.151802 8 -0.351991 -0.334493 -0.342268 -0.349458 -0.354846 -0.311495 -0.362751 0.00198144 -0.36274 -0.3115 -0.354843 -0.349456 -0.342266 -0.334492 -0.351993 
1.57 -4.81484 0.156024 8 -0.351989 -0.33458 -0.342649 -0.349615 -0.354868 -0.310958 -0.362025 -0.00148187 -0.362015 -0.310963 -0.354865 -0.349613 -0.342647 -0.33458 -0.351991 
1.58 -4.81707 0.160315 8 -0.351987 -0.334678 -0.343034 -0.349759 -0.354886 -0.310422 -0.3613 -0.00494907 -0.36129 -0.310427 -0.354883 -0.349757 -0.343033 -0.334678 -0.351989 
1.59 -4.81931 0.164674 8 -0.351986 -0.334786 -0.343423 -0.349891 -0.3549 -0.309887 -0.360576 -0.00841951 -0.360566 -0.309892 -0.354897 -0.349889 -0.343421 -0.334786 -0.351988 
1.6 -4.82154 0.169101 8 -0.351984 -0.334906 -0.343813 -0.350011 -0.35491 -0.309352 -0.359852 -0.0118925 -0.359842 -0.309358 -0.354907 -0.350009 -0.343811 -0.334906 -0.351987 
1.61 -4.82378 0.173596 8 -0.351984 -0.335039 -0.344204 -0.35012 -0.354916 -0.308819 -0.359129 -0.0153675 -0.359119 -0.308824 -0.354913 -0.350118 -0.344202 -0.335038 -0.351987 
1.62 -4.82602 0.178159 8 -0.351984 -0.335183 -0.344594 -0.350218 -0.354918 -0.308287 -0.358407 -0.0188437 -0.358397 -0.308292 -0.354915 -0.350216 -0.344592 -0.335183 -0.351987 
1.63 -4.82826 0.182789 8 -0.351985 -0.33534 -0.344982 -0.350306 -0.354917 -0.307756 -0.357687 -0.0223205 -0.357677 -0.307761 -0.354914 -0.350304 -0.34498 -0.33534 -0.351988 
1.64 -4.8305 0.187485 8 -0.351987 -0.335511 -0.345366 -0.350384 -0.354911 -0.307227 -0.356968 -0.0257973 -0.356958 -0.307232 -0.354908 -0.350382 -0.345364 -0.33551 -0.351991 
1.65 -4.83274 0.192248 8 -0.351991 -0.335695 -0.345745 -0.350453 -0.354902 -0.3067 -0.356251 -0.0292734 -0.356241 -0.306705 -0.354899 -0.350451 -0.345744 -0.335694 -0.351994 
1.66 -4.83498 0.197076 8 -0.351996 -0.335893 -0.346119 -0.350513 -0.354889 -0.306174 -0.355536 -0.0327482 -0.355527 -0.30618 -0.354886 -0.350511 -0.346117 -0.335892 -0.352 
1.67 -4.83722 0.20197 8 -0.352003 -0.336104 -0.346485 -0.350565 -0.354873 -0.305651 -0.354824 -0.0362211 -0.354814 -0.305656 -0.35487 -0.350563 -0.346483 -0.336104 -0.352007 
1.68 -4.83947 0.206929 8 -0.352013 -0.33633 -0.346843 -0.350608 -0.354853 -0.30513 -0.354114 -0.0396914 -0.354105 -0.305135 -0.35485 -0.350607 -0.346841 -0.336329 -0.352017 
1.69 -4.84171 0.211952 8 -0.352025 -0.336569 -0.347191 -0.350645 -0.35483 -0.304611 -0.353407 -0.0431586 -0.353397 -0.304616 -0.354827 -0.350643 -0.347189 -0.336568 -0.352029 
1.7 -4.84395 0.217039 8 -0.35204 -0.336822 -0.347529 -0.350675 -0.354803 -0.304095 -0.352703 -0.0466219 -0.352693 -0.3041 -0.3548 -0.350673 -0.347527 -0.336821 -0.352044 
1.71 -4.84619 0.222188 8 -0.352058 -0.337088 -0.347856 -0.350698 -0.354773 -0.303582 -0.352002 -0.0500808 -0.351992 -0.303587 -0.35477 -0.350696 -0.347854 -0.337087 -0.352063 
1.72 -4.84843 0.2274 8 -0.352081 -0.337368 -0.348171 -0.350715 -0.35474 -0.303071 -0.351304 -0.0535346 -0.351295 -0.303077 -0.354737 -0.350713 -0.348169 -0.337367 -0.352086 
1.73 -4.85067 0.232674 8 -0.352108 -0.33766 -0.348474 -0.350726 -0.354703 -0.302564 -0.35061 -0.0569828 -0.350601 -0.302569 -0.3547 -0.350724 -0.348472 -0.337659 -0.352113 
1.74 -4.8529 0.238009 8 -0.352141 -0.337965 -0.348764 -0.350732 -0.354662 -0.30206 -0.34992 -0.0604248 -0.34991 -0.302065 -0.354659 -0.35073 -0.348762 -0.337963 -0.352146 
1.75 -4.85514 0.243404 8 -0.352178 -0.338281 -0.349041 -0.350732 -0.354619 -0.301559 -0.349233 -0.06386 -0.349224 -0.301565 -0.354616 -0.350731 -0.349039 -0.33828 -0.352184 
1.76 -4.85738 0.248858 8 -0.352223 -0.338608 -0.349305 -0.350728 -0.354572 -0.301062 -0.348551 -0.0672877 -0.348542 -0.301068 -0.354569 -0.350726 -0.349302 -0.338607 -0.352228 
1.77 -4.85962 0.254372 8 -0.352274 -0.338946 -0.349555 -0.350719 -0.354521 -0.300569 -0.347873 -0.0707075 -0.347864 -0.300574 -0.354518 -0.350718 -0.349553 -0.338944 -0.352279 
1.78 -4.86185 0.259943 8 -0.352332 -0.339293 -0.349792 -0.350706 -0.354468 -0.300079 -0.3472 -0.0741186 -0.347191 -0.300085 -0.354465 -0.350705 -0.34979 -0.339291 -0.352338 
1.79 -4.86409 0.265571 8 -0.352399 -0.339649 -0.350015 -0.350689 -0.35441 -0.299594 -0.346532 -0.0775207 -0.346523 -0.299599 -0.354408 -0.350688 -0.350013 -0.339647 -0.352405 
1.8 -4.86633 0.271255 8 -0.352475 -0.340012 -0.350226 -0.350668 -0.35435 -0.299113 -0.345868 -0.080913 -0.34586 -0.299118 -0.354347 -0.350667 -0.350224 -0.34001 -0.352481 
1.81 -4.86857 0.276994 8 -0.35256 -0.340381 -0.350424 -0.350644 -0.354286 -0.298636 -0.34521 -0.0842951 -0.345201 -0.298641 -0.354283 -0.350643 -0.350421 -0.340379 -0.352566 
1.82 -4.87081 0.282788 8 -0.352655 -0.340756 -0.350609 -0.350617 -0.354219 -0.298163 -0.344557 -0.0876664 -0.344549 -0.298169 -0.354216 -0.350615 -0.350606 -0.340754 -0.352661 
1.83 -4.87305 0.288635 8 -0.352761 -0.341135 -0.350782 -0.350586 -0.354148 -0.297695 -0.34391 -0.0910264 -0.343901 -0.297701 -0.354145 -0.350584 -0.35078 -0.341132 -0.352767 
1.84 -4.8753 0.294534 8 -0.352878 -0.341516 -0.350943 -0.350552 -0.354074 -0.297232 -0.343268 -0.0943744 -0.343259 -0.297238 -0.354071 -0.35055 -0.350941 -0.341514 -0.352885 
1.85 -4.87754 0.300485 8 -0.353007 -0.341899 -0.351094 -0.350515 -0.353996 -0.296774 -0.342632 -0.0977101 -0.342623 -0.29678 -0.353993 -0.350514 -0.351091 -0.341897 -0.353014 
1.86 -4.87978 0.306486 8 -0.353148 -0.342282 -0.351233 -0.350476 -0.353915 -0.296321 -0.342002 -0.101033 -0.341993 -0.296326 -0.353912 -0.350475 -0.351231 -0.34228 -0.353155 
1.87 -4.88203 0.312537 8 -0.353302 -0.342664 -0.351362 -0.350434 -0.35383 -0.295873 -0.341378 -0.104342 -0.34137 -0.295879 -0.353828 -0.350433 -0.35136 -0.342661 -0.353309 
1.88 -4.88427 0.318635 8 -0.353468 -0.343043 -0.351482 -0.35039 -0.353742 -0.29543 -0.340761 -0.107638 -0.340752 -0.295436 -0.353739 -0.350389 -0.35148 -0.343041 -0.353476 
1.89 -4.88651 0.324781 8 -0.353648 -0.343418 -0.351592 -0.350344 -0.35365 -0.294993 -0.34015 -0.110918 -0.340141 -0.294999 -0.353648 -0.350343 -0.35159 -0.343416 -0.353656 
1.9 -4.88874 0.330973 8 -0.353842 -0.343788 -0.351694 -0.350296 -0.353555 -0.294562 -0.339545 -0.114184 -0.339537 -0.294567 -0.353552 -0.350294 -0.351692 -0.343785 -0.353849 
1.91 -4.89098 0.33721 8 -0.354049 -0.344151 -0.351788 -0.350245 -0.353456 -0.294136 -0.338948 -0.117435 -0.338939 -0.294141 -0.353454 -0.350244 -0.351786 -0.344149 -0.354056 
1.92 -4.89321 0.343491 8 -0.354269 -0.344507 -0.351874 -0.350193 -0.353354 -0.293716 -0.338357 -0.12067 -0.338349 -0.293721 -0.353351 -0.350192 -0.351871 -0.344504 -0.354277 
1.93 -4.89543 0.349814 8 -0.354504 -0.344853 -0.351952 -0.350139 -0.353248 -0.293302 -0.337773 -0.123888 -0.337765 -0.293308 -0.353245 -0.350138 -0.35195 -0.344851 -0.354511 
1.94 -4.89764 0.356178 8 -0.354751 -0.34519 -0.352024 -0.350083 -0.353138 -0.292894 -0.337197 -0.12709 -0.337189 -0.2929 -0.353135 -0.350082 -0.352022 -0.345187 -0.354759 
1.95 -4.89985 0.362583 8 -0.355011 -0.345516 -0.352089 -0.350026 -0.353024 -0.292493 -0.336628 -0.130274 -0.33662 -0.292498 -0.353022 -0.350025 -0.352087 -0.345513 -0.355019 
1.96 -4.90204 0.369027 8 -0.355285 -0.34583 -0.352149 -0.349967 -0.352907 -0.292098 -0.336066 -0.133441 -0.336059 -0.292103 -0.352904 -0.349966 -0.352147 -0.345827 -0.355292 
1.97 -4.90422 0.375509 8 -0.35557 -0.346131 -0.352203 -0.349907 -0.352786 -0.291709 -0.335513 -0.136589 -0.335505 -0.291714 -0.352783 -0.349906 -0.352201 -0.346128 -0.355578 
1.98 -4.90639 0.382027 8 -0.355867 -0.34642 -0.352251 -0.349845 -0.352661 -0.291327 -0.334966 -0.139719 -0.334959 -0.291332 -0.352659 -0.349844 -0.352249 -0.346416 -0.355875 
1.99 -4.90855 0.38858 8 -0.356176 -0.346694 -0.352295 -0.349782 -0.352533 -0.290951 -0.334428 -0.14283 -0.334421 -0.290957 -0.35253 -0.349781 -0.352293 -0.346691 -0.356183 
2 -4.91068 0.395168 8 -0.356494 -0.346956 -0.352334 -0.349718 -0.3524 -0.290583 -0.333898 -0.145921 -0.33389 -0.290588 -0.352398 -0.349717 -0.352332 -0.346952 -0.356502 
2.01 -4.9128 0.401788 8 -0.356822 -0.347202 -0.352369 -0.349653 -0.352264 -0.290221 -0.333376 -0.148993 -0.333368 -0.290227 -0.352261 -0.349651 -0.352367 -0.347199 -0.35683 
2.02 -4.91491 0.408439 8 -0.357159 -0.347435 -0.3524 -0.349586 -0.352124 -0.289867 -0.332862 -0.152045 -0.332854 -0.289872 -0.352121 -0.349585 -0.352398 -0.347432 -0.357166 
2.03 -4.91699 0.415121 8 -0.357502 -0.347654 -0.352428 -0.349518 -0.35198 -0.289519 -0.332356 -0.155076 -0.332349 -0.289525 -0.351977 -0.349517 -0.352426 -0.34765 -0.35751 
2.04 -4.91905 0.421831 8 -0.357853 -0.347858 -0.352452 -0.34945 -0.351832 -0.289179 -0.331859 -0.158086 -0.331852 -0.289184 -0.35183 -0.349449 -0.352449 -0.347855 -0.35786 
2.05 -4.92108 0.428569 8 -0.358208 -0.348048 -0.352472 -0.34938 -0.35168 -0.288846 -0.33137 -0.161075 -0.331363 -0.288852 -0.351678 -0.349379 -0.35247 -0.348045 -0.358215 
2.06 -4.92309 0.435332 8 -0.358567 -0.348224 -0.35249 -0.34931 -0.351525 -0.288521 -0.33089 -0.164042 -0.330883 -0.288526 -0.351522 -0.349308 -0.352487 -0.348221 -0.358574 
2.07 -4.92507 0.442121 8 -0.358928 -0.348387 -0.352504 -0.349238 -0.351365 -0.288203 -0.330419 -0.166987 -0.330412 -0.288209 -0.351362 -0.349237 -0.352502 -0.348384 -0.358936 
2.08 -4.92703 0.448933 8 -0.35929 -0.348537 -0.352516 -0.349166 -0.351201 -0.287893 -0.329956 -0.16991 -0.32995 -0.287899 -0.351199 -0.349165 -0.352514 -0.348534 -0.359298 
2.09 -4.92895 0.455767 8 -0.359651 -0.348674 -0.352526 -0.349093 -0.351034 -0.287591 -0.329503 -0.17281 -0.329496 -0.287596 -0.351031 -0.349091 -0.352524 -0.348671 -0.359659 
2.1 -4.93084 0.462622 8 -0.36001 -0.348798 -0.352533 -0.349019 -0.350862 -0.287297 -0.329058 -0.175687 -0.329051 -0.287302 -0.35086 -0.349017 -0.352531 -0.348795 -0.360018 
2.11 -4.93269 0.469496 8 -0.360365 -0.348911 -0.352538 -0.348944 -0.350687 -0.28701 -0.328623 -0.178541 -0.328616 -0.287015 -0.350684 -0.348943 -0.352536 -0.348908 -0.360373 
2.12 -4.93451 0.476388 8 -0.360714 -0.349012 -0.352541 -0.348868 -0.350507 -0.286732 -0.328196 -0.181371 -0.32819 -0.286737 -0.350505 -0.348867 -0.352539 -0.349009 -0.360722 
2.13 -4.93629 0.483296 8 -0.361056 -0.349103 -0.352542 -0.348792 -0.350323 -0.286461 -0.327779 -0.184178 -0.327773 -0.286466 -0.350321 -0.348791 -0.35254 -0.349099 -0.361064 
2.14 -4.93802 0.490219 8 -0.361389 -0.349182 -0.352541 -0.348715 -0.350136 -0.286199 -0.327371 -0.18696 -0.327365 -0.286204 -0.350133 -0.348714 -0.352539 -0.349179 -0.361396 
2.15 -4.93972 0.497157 8 -0.361711 -0.349252 -0.352539 -0.348638 -0.349944 -0.285945 -0.326972 -0.189718 -0.326966 -0.28595 -0.349942 -0.348637 -0.352537 -0.349248 -0.361719 
2.16 -4.94136 0.504107 8 -0.362021 -0.349312 -0.352535 -0.348559 -0.349748 -0.285699 -0.326583 -0.192451 -0.326577 -0.285704 -0.349746 -0.348558 -0.352533 -0.349308 -0.362028 
2.17 -4.94296 0.511067 8 -0.362317 -0.349363 -0.352529 -0.348481 -0.349549 -0.285462 -0.326204 -0.19516 -0.326198 -0.285467 -0.349546 -0.348479 -0.352527 -0.349359 -0.362325 
2.18 -4.94452 0.518038 8 -0.362599 -0.349405 -0.352522 -0.348401 -0.349345 -0.285233 -0.325833 -0.197843 -0.325828 -0.285238 -0.349342 -0.3484 -0.35252 -0.349401 -0.362606 
2.19 -4.94602 0.525016 8 -0.362863 -0.349439 -0.352514 -0.348321 -0.349137 -0.285012 -0.325473 -0.200501 -0.325467 -0.285017 -0.349135 -0.34832 -0.352511 -0.349435 -0.362871 
2.2 -4.94746 0.532001 8 -0.363111 -0.349465 -0.352504 -0.348241 -0.348925 -0.284801 -0.325122 -0.203133 -0.325116 -0.284806 -0.348923 -0.348239 -0.352502 -0.349461 -0.363118 
2.21 -4.94886 0.538992 8 -0.363339 -0.349483 -0.352493 -0.348159 -0.348709 -0.284597 -0.324781 -0.205739 -0.324775 -0.284602 -0.348707 -0.348158 -0.352491 -0.34948 -0.363346 
2.22 -4.9502 0.545987 8 -0.363549 -0.349494 -0.352481 -0.348078 -0.34849 -0.284403 -0.324449 -0.208319 -0.324443 -0.284408 -0.348487 -0.348077 -0.352478 -0.349491 -0.363556 
2.23 -4.95149 0.552985 8 -0.363738 -0.349499 -0.352467 -0.347996 -0.348266 -0.284217 -0.324127 -0.210873 -0.324122 -0.284222 -0.348263 -0.347995 -0.352465 -0.349495 -0.363745 
2.24 -4.95272 0.559983 8 -0.363906 -0.349497 -0.352453 -0.347913 -0.348038 -0.28404 -0.323815 -0.213401 -0.32381 -0.284045 -0.348036 -0.347912 -0.352451 -0.349493 -0.363913 
2.25 -4.9539 0.566982 8 -0.364053 -0.349488 -0.352437 -0.34783 -0.347806 -0.283872 -0.323513 -0.215902 -0.323507 -0.283877 -0.347804 -0.347829 -0.352435 -0.349485 -0.364061 
2.26 -4.95502 0.57398 8 -0.364179 -0.349474 -0.352421 -0.347746 -0.34757 -0.283713 -0.32322 -0.218376 -0.323215 -0.283717 -0.347568 -0.347745 -0.352419 -0.349471 -0.364186 
2.27 -4.95609 0.580974 8 -0.364284 -0.349454 -0.352403 -0.347662 -0.347331 -0.283562 -0.322937 -0.220823 -0.322932 -0.283567 -0.347329 -0.347661 -0.352401 -0.349451 -0.364291 
2.28 -4.9571 0.587965 8 -0.364367 -0.349429 -0.352385 -0.347577 -0.347087 -0.283421 -0.322665 -0.223243 -0.32266 -0.283426 -0.347085 -0.347576 -0.352382 -0.349426 -0.364374 
2.29 -4.95806 0.59495 8 -0.364429 -0.349399 -0.352365 -0.347492 -0.34684 -0.283288 -0.322402 -0.225636 -0.322397 -0.283293 -0.346837 -0.347491 -0.352363 -0.349395 -0.364436 
2.3 -4.95897 0.601929 8 -0.36447 -0.349363 -0.352345 -0.347407 -0.346588 -0.283165 -0.322149 -0.228001 -0.322144 -0.28317 -0.346586 -0.347406 -0.352342 -0.34936 -0.364477 
2.31 -4.95983 0.608899 8 -0.36449 -0.349323 -0.352323 -0.347321 -0.346333 -0.283051 -0.321905 -0.230339 -0.321901 -0.283055 -0.346331 -0.34732 -0.352321 -0.34932 -0.364497 
2.32 -4.96064 0.61586 8 -0.36449 -0.349279 -0.352301 -0.347234 -0.346074 -0.282945 -0.321672 -0.23265 -0.321668 -0.28295 -0.346072 -0.347234 -0.352299 -0.349276 -0.364497 
2.33 -4.9614 0.62281 8 -0.364471 -0.34923 -0.352278 -0.347148 -0.345811 -0.282849 -0.321449 -0.234933 -0.321444 -0.282853 -0.345809 -0.347147 -0.352276 -0.349227 -0.364478 
2.34 -4.96212 0.629748 8 -0.364432 -0.349178 -0.352254 -0.347061 -0.345544 -0.282762 -0.321235 -0.237188 -0.321231 -0.282766 -0.345542 -0.34706 -0.352251 -0.349174 -0.364439 
2.35 -4.96279 0.636673 8 -0.364376 -0.349121 -0.352229 -0.346973 -0.345274 -0.282684 -0.321032 -0.239415 -0.321027 -0.282688 -0.345272 -0.346972 -0.352226 -0.349118 -0.364383 
2.36 -4.96342 0.643584 9 -0.364302 -0.34906 -0.352203 -0.346885 -0.345 -0.282615 -0.320838 -0.241614 -0.320834 -0.282619 -0.344998 -0.346884 -0.3522 -0.349057 -0.364309 
2.37 -4.96401 0.650478 9 -0.364211 -0.348996 -0.352176 -0.346797 -0.344722 -0.282555 -0.320654 -0.243785 -0.32065 -0.282559 -0.344721 -0.346796 -0.352174 -0.348993 -0.364218 
2.38 -4.96456 0.657356 9 -0.364105 -0.348929 -0.352148 -0.346708 -0.344441 -0.282504 -0.32048 -0.245929 -0.320476 -0.282508 -0.344439 -0.346707 -0.352146 -0.348925 -0.364112 
2.39 -4.96507 0.664215 9 -0.363983 -0.348858 -0.352119 -0.346619 -0.344156 -0.282463 -0.320316 -0.248044 -0.320312 -0.282467 -0.344154 -0.346618 -0.352117 -0.348855 -0.36399 
2.4 -4.96555 0.671056 9 -0.363847 -0.348784 -0.35209 -0.34653 -0.343868 -0.28243 -0.320161 -0.250131 -0.320158 -0.282434 -0.343866 -0.346529 -0.352087 -0.348781 -0.363854 
2.41 -4.96599 0.677875 10 -0.363698 -0.348707 -0.352059 -0.34644 -0.343576 -0.282407 -0.320017 -0.252189 -0.320013 -0.282411 -0.343574 -0.346439 -0.352057 -0.348704 -0.363704 
2.42 -4.96641 0.684673 10 -0.363535 -0.348627 -0.352027 -0.34635 -0.343281 -0.282393 -0.319882 -0.25422 -0.319878 -0.282397 -0.343279 -0.346349 -0.352025 -0.348624 -0.363542 
2.43 -4.96679 0.691447 10 -0.363361 -0.348544 -0.351995 -0.346259 -0.342982 -0.282388 -0.319756 -0.256222 -0.319753 -0.282392 -0.342981 -0.346259 -0.351993 -0.348541 -0.363368 
2.44 -4.96715 0.698198 10 -0.363176 -0.348459 -0.351961 -0.346169 -0.34268 -0.282392 -0.319641 -0.258197 -0.319638 -0.282396 -0.342679 -0.346168 -0.351959 -0.348455 -0.363183 
2.45 -4.96748 0.704923 10 -0.36298 -0.348371 -0.351927 -0.346077 -0.342375 -0.282405 -0.319535 -0.260143 -0.319532 -0.282409 -0.342373 -0.346077 -0.351924 -0.348367 -0.362987 
2.46 -4.96779 0.711622 10 -0.362775 -0.34828 -0.351891 -0.345986 -0.342067 -0.282427 -0.319439 -0.26206 -0.319435 -0.282431 -0.342065 -0.345985 -0.351889 -0.348277 -0.362781 
2.47 -4.96807 0.718294 10 -0.36256 -0.348187 -0.351854 -0.345894 -0.341755 -0.282458 -0.319352 -0.26395 -0.319349 -0.282462 -0.341754 -0.345893 -0.351852 -0.348184 -0.362567 
2.48 -4.96833 0.724937 10 -0.362337 -0.348092 -0.351817 -0.345802 -0.341441 -0.282498 -0.319274 -0.265812 -0.319271 -0.282502 -0.341439 -0.345801 -0.351814 -0.348089 -0.362344 
2.49 -4.96858 0.731551 10 -0.362106 -0.347995 -0.351778 -0.34571 -0.341123 -0.282548 -0.319206 -0.267645 -0.319204 -0.282551 -0.341121 -0.345709 -0.351776 -0.347992 -0.362113 
2.5 -4.9688 0.738134 10 -0.361869 -0.347896 -0.351738 -0.345617 -0.340802 -0.282606 -0.319148 -0.26945 -0.319145 -0.282609 -0.340801 -0.345616 -0.351736 -0.347893 -0.361875 
2.51 -4.96901 0.744686 10 -0.361624 -0.347795 -0.351697 -0.345524 -0.340479 -0.282673 -0.319099 -0.271228 -0.319096 -0.282676 -0.340477 -0.345523 -0.351694 -0.347792 -0.361631 
2.52 -4.9692 0.751205 11 -0.361374 -0.347692 -0.351654 -0.34543 -0.340153 -0.282749 -0.319058 -0.272977 -0.319056 -0.282752 -0.340151 -0.345429 -0.351652 -0.347689 -0.36138 
2.53 -4.96937 0.757691 11 -0.361117 -0.347588 -0.351611 -0.345336 -0.339824 -0.282834 -0.319028 -0.274699 -0.319025 -0.282837 -0.339822 -0.345336 -0.351609 -0.347585 -0.361124 
2.54 -4.96954 0.764142 11 -0.360856 -0.347481 -0.351566 -0.345242 -0.339492 -0.282927 -0.319006 -0.276393 -0.319004 -0.282931 -0.33949 -0.345242 -0.351564 -0.347478 -0.360863 
2.55 -4.96968 0.770558 11 -0.36059 -0.347373 -0.35152 -0.345148 -0.339158 -0.28303 -0.318993 -0.278059 -0.318991 -0.283033 -0.339156 -0.345147 -0.351518 -0.347371 -0.360597 
2.56 -4.96982 0.776937 11 -0.36032 -0.347264 -0.351473 -0.345053 -0.338821 -0.283141 -0.31899 -0.279698 -0.318988 -0.283144 -0.33882 -0.345052 -0.351471 -0.347261 -0.360327 
2.57 -4.96995 0.78328 11 -0.360046 -0.347153 -0.351424 -0.344958 -0.338482 -0.283261 -0.318995 -0.281309 -0.318993 -0.283264 -0.33848 -0.344957 -0.351422 -0.34715 -0.360053 
2.58 -4.97006 0.789584 12 -0.359769 -0.347041 -0.351374 -0.344863 -0.33814 -0.283389 -0.319009 -0.282893 -0.319007 -0.283392 -0.338139 -0.344862 -0.351372 -0.347038 -0.359775 
2.59 -4.97017 0.79585 12 -0.359488 -0.346928 -0.351323 -0.344767 -0.337796 -0.283526 -0.319032 -0.28445 -0.31903 -0.283529 -0.337795 -0.344766 -0.351321 -0.346925 -0.359494 
2.6 -4.97027 0.802076 12 -0.359204 -0.346813 -0.35127 -0.344671 -0.33745 -0.283671 -0.319063 -0.285979 -0.319062 -0.283674 -0.337449 -0.34467 -0.351268 -0.346811 -0.359211 
2.61 -4.97036 0.808262 12 -0.358918 -0.346698 -0.351216 -0.344575 -0.337102 -0.283825 -0.319103 -0.287481 -0.319102 -0.283828 -0.337101 -0.344574 -0.351214 -0.346695 -0.358925 
2.62 -4.97044 0.814407 12 -0.35863 -0.346581 -0.35116 -0.344478 -0.336752 -0.283987 -0.319151 -0.288957 -0.31915 -0.28399 -0.336751 -0.344477 -0.351158 -0.346578 -0.358636 
2.63 -4.97051 0.820509 13 -0.358339 -0.346464 -0.351103 -0.344381 -0.3364 -0.284158 -0.319208 -0.290406 -0.319207 -0.28416 -0.336399 -0.344381 -0.351101 -0.346461 -0.358345 
2.64 -4.97058 0.826569 13 -0.358047 -0.346345 -0.351045 -0.344284 -0.336046 -0.284336 -0.319273 -0.291828 -0.319273 -0.284339 -0.336045 -0.344283 -0.351042 -0.346343 -0.358053 
2.65 -4.97065 0.832586 13 -0.357753 -0.346226 -0.350984 -0.344186 -0.335691 -0.284523 -0.319347 -0.293224 -0.319346 -0.284526 -0.33569 -0.344186 -0.350982 -0.346223 -0.357759 
2.66 -4.9707 0.838559 13 -0.357457 -0.346106 -0.350923 -0.344088 -0.335334 -0.284718 -0.319428 -0.294594 -0.319428 -0.284721 -0.335333 -0.344088 -0.35092 -0.346104 -0.357463 
2.67 -4.97076 0.844488 13 -0.35716 -0.345986 -0.350859 -0.34399 -0.334975 -0.284921 -0.319518 -0.295938 -0.319517 -0.284923 -0.334974 -0.343989 -0.350857 -0.345983 -0.357166 
2.68 -4.97081 0.850371 13 -0.356862 -0.345865 -0.350794 -0.343891 -0.334615 -0.285132 -0.319615 -0.297255 -0.319615 -0.285134 -0.334614 -0.343891 -0.350792 -0.345862 -0.356868 
2.69 -4.97085 0.856209 13 -0.356563 -0.345743 -0.350728 -0.343793 -0.334254 -0.285351 -0.31972 -0.298548 -0.31972 -0.285353 -0.334253 -0.343792 -0.350725 -0.34574 -0.356569 
2.7 -4.97089 0.862001 13 -0.356263 -0.345621 -0.350659 -0.343693 -0.333891 -0.285577 -0.319833 -0.299814 -0.319833 -0.285579 -0.33389 -0.343693 -0.350657 -0.345618 -0.356269 
2.71 -4.97093 0.867745 14 -0.355962 -0.345499 -0.350589 -0.343594 -0.333528 -0.285811 -0.319953 -0.301055 -0.319953 -0.285813 -0.333527 -0.343593 -0.350587 -0.345496 -0.355968 
2.72 -4.97096 0.873443 14 -0.355661 -0.345376 -0.350517 -0.343494 -0.333163 -0.286053 -0.320081 -0.302272 -0.320081 -0.286055 -0.333162 -0.343493 -0.350515 -0.345373 -0.355667 
2.73 -4.97099 0.879093 14 -0.355359 -0.345253 -0.350443 -0.343393 -0.332798 -0.286302 -0.320216 -0.303463 -0.320217 -0.286304 -0.332797 -0.343393 -0.350441 -0.34525 -0.355365 
2.74 -4.97102 0.884694 14 -0.355057 -0.34513 -0.350368 -0.343293 -0.332431 -0.286558 -0.320359 -0.30463 -0.320359 -0.28656 -0.33243 -0.343292 -0.350365 -0.345127 -0.355063 
2.75 -4.97105 0.890247 14 -0.354754 -0.345007 -0.35029 -0.343192 -0.332064 -0.286822 -0.320508 -0.305772 -0.320509 -0.286824 -0.332063 -0.343191 -0.350288 -0.345004 -0.35476 
2.76 -4.97107 0.895751 14 -0.354451 -0.344883 -0.350211 -0.34309 -0.331697 -0.287093 -0.320665 -0.30689 -0.320665 -0.287095 -0.331696 -0.34309 -0.350209 -0.344881 -0.354457 
2.77 -4.97109 0.901206 15 -0.354147 -0.34476 -0.35013 -0.342989 -0.331329 -0.287371 -0.320828 -0.307984 -0.320829 -0.287372 -0.331328 -0.342988 -0.350127 -0.344758 -0.354153 
2.78 -4.97111 0.906611 15 -0.353844 -0.344637 -0.350046 -0.342886 -0.33096 -0.287656 -0.320998 -0.309054 -0.320999 -0.287657 -0.33096 -0.342886 -0.350044 -0.344635 -0.353849 
2.79 -4.97113 0.911967 15 -0.35354 -0.344514 -0.349961 -0.342784 -0.330592 -0.287948 -0.321175 -0.3101 -0.321176 -0.287949 -0.330591 -0.342783 -0.349959 -0.344512 -0.353545 
2.8 -4.97115 0.917272 15 -0.353236 -0.344391 -0.349874 -0.342681 -0.330223 -0.288247 -0.321358 -0.311124 -0.32136 -0.288248 -0.330223 -0.342681 -0.349872 -0.344389 -0.353241 
2.81 -4.97116 0.922527 15 -0.352931 -0.344268 -0.349785 -0.342578 -0.329855 -0.288552 -0.321548 -0.312124 -0.321549 -0.288553 -0.329854 -0.342577 -0.349783 -0.344266 -0.352937 
2.82 -4.97117 0.927731 15 -0.352627 -0.344146 -0.349694 -0.342474 -0.329486 -0.288864 -0.321744 -0.313101 -0.321746 -0.288865 -0.329486 -0.342474 -0.349691 -0.344144 -0.352633 
2.83 -4.97119 0.932884 15 -0.352323 -0.344024 -0.3496 -0.34237 -0.329118 -0.289183 -0.321946 -0.314056 -0.321948 -0.289184 -0.329118 -0.34237 -0.349598 -0.344022 -0.352329 
2.84 -4.9712 0.937986 15 -0.352018 -0.343903 -0.349505 -0.342266 -0.32875 -0.289507 -0.322154 -0.314989 -0.322156 -0.289508 -0.32875 -0.342265 -0.349502 -0.343901 -0.352024 
2.85 -4.97121 0.943037 15 -0.351714 -0.343782 -0.349407 -0.342161 -0.328383 -0.289838 -0.322368 -0.315899 -0.32237 -0.289839 -0.328383 -0.34216 -0.349405 -0.34378 -0.35172 
2.86 -4.97122 0.948037 15 -0.35141 -0.343661 -0.349307 -0.342055 -0.328016 -0.290176 -0.322587 -0.316788 -0.32259 -0.290176 -0.328016 -0.342055 -0.349305 -0.343659 -0.351415 
2.87 -4.97123 0.952986 16 -0.351105 -0.343542 -0.349205 -0.34195 -0.327651 -0.290519 -0.322813 -0.317656 -0.322815 -0.290519 -0.32765 -0.341949 -0.349203 -0.34354 -0.351111 
2.88 -4.97123 0.957883 16 -0.350801 -0.343422 -0.349101 -0.341844 -0.327285 -0.290868 -0.323043 -0.318502 -0.323046 -0.290868 -0.327285 -0.341843 -0.349099 -0.34342 -0.350806 
2.89 -4.97124 0.962729 16 -0.350497 -0.343304 -0.348994 -0.341737 -0.326921 -0.291223 -0.323279 -0.319327 -0.323282 -0.291223 -0.326921 -0.341737 -0.348992 -0.343302 -0.350502 
2.9 -4.97125 0.967524 16 -0.350192 -0.343186 -0.348886 -0.34163 -0.326559 -0.291583 -0.323521 -0.320132 -0.323524 -0.291583 -0.326558 -0.34163 -0.348883 -0.343184 -0.350198 
2.91 -4.97125 0.972267 16 -0.349888 -0.343069 -0.348774 -0.341522 -0.326197 -0.291949 -0.323767 -0.320916 -0.32377 -0.291949 -0.326197 -0.341522 -0.348772 -0.343067 -0.349893 
2.92 -4.97126 0.976959 16 -0.349583 -0.342953 -0.348661 -0.341415 -0.325837 -0.29232 -0.324018 -0.32168 -0.324022 -0.29232 -0.325836 -0.341414 -0.348659 -0.342951 -0.349589 
2.93 -4.97126 0.9816 16 -0.349279 -0.342838 -0.348545 -0.341306 -0.325478 -0.292697 -0.324274 -0.322425 -0.324278 -0.292697 -0.325478 -0.341306 -0.348543 -0.342836 -0.349284 
2.94 -4.97127 0.98619 16 -0.348975 -0.342723 -0.348427 -0.341197 -0.325121 -0.293079 -0.324535 -0.32315 -0.324539 -0.293079 -0.325121 -0.341197 -0.348425 -0.342722 -0.34898 
2.95 -4.97127 0.990729 16 -0.34867 -0.34261 -0.348307 -0.341088 -0.324765 -0.293466 -0.3248 -0.323855 -0.324804 -0.293465 -0.324765 -0.341088 -0.348305 -0.342608 -0.348676 
2.96 -4.97128 0.995218 16 -0.348366 -0.342498 -0.348184 -0.340978 -0.324412 -0.293857 -0.32507 -0.324542 -0.325074 -0.293857 -0.324412 -0.340978 -0.348182 -0.342496 -0.348371 
2.97 -4.97128 0.999656 16 -0.348061 -0.342387 -0.348059 -0.340868 -0.32406 -0.294254 -0.325343 -0.32521 -0.325348 -0.294254 -0.32406 -0.340868 -0.348056 -0.342385 -0.348067 
2.98 -4.97128 1.00404 16 -0.347757 -0.342276 -0.347931 -0.340757 -0.323711 -0.294655 -0.325621 -0.32586 -0.325626 -0.294655 -0.323711 -0.340757 -0.347929 -0.342275 -0.347762 
2.99 -4.97128 1.00838 16 -0.347453 -0.342167 -0.347801 -0.340646 -0.323364 -0.295061 -0.325903 -0.326492 -0.325908 -0.29506 -0.323364 -0.340645 -0.347799 -0.342166 -0.347458 
3 -4.97129 1.01267 16 -0.347148 -0.34206 -0.347668 -0.340534 -0.323019 -0.295471 -0.326189 -0.327107 -0.326193 -0.29547 -0.323019 -0.340534 -0.347666 -0.342058 -0.347153 
3.01 -4.97129 1.01691 16 -0.346843 -0.341953 -0.347533 -0.340422 -0.322677 -0.295885 -0.326478 -0.327704 -0.326483 -0.295884 -0.322677 -0.340421 -0.347531 -0.341951 -0.346849 
3.02 -4.97129 1.0211 16 -0.346539 -0.341848 -0.347395 -0.340309 -0.322337 -0.296303 -0.326771 -0.328284 -0.326776 -0.296303 -0.322337 -0.340308 -0.347393 -0.341846 -0.346544 
3.03 -4.97129 1.02524 16 -0.346234 -0.341744 -0.347255 -0.340195 -0.322 -0.296726 -0.327067 -0.328847 -0.327072 -0.296725 -0.322 -0.340195 -0.347253 -0.341742 -0.346239 
3.04 -4.9713 1.02933 16 -0.345929 -0.341641 -0.347112 -0.340081 -0.321666 -0.297152 -0.327366 -0.329393 -0.327372 -0.297151 -0.321666 -0.340081 -0.34711 -0.341639 -0.345934 
3.05 -4.9713 1.03337 16 -0.345624 -0.34154 -0.346967 -0.339967 -0.321335 -0.297582 -0.327669 -0.329924 -0.327674 -0.297581 -0.321335 -0.339967 -0.346965 -0.341538 -0.345629 
3.06 -4.9713 1.03737 16 -0.345319 -0.34144 -0.346819 -0.339852 -0.321007 -0.298016 -0.327974 -0.330439 -0.32798 -0.298015 -0.321007 -0.339852 -0.346817 -0.341438 -0.345324 
3.07 -4.9713 1.04132 16 -0.345013 -0.341341 -0.346669 -0.339736 -0.320683 -0.298453 -0.328283 -0.330938 -0.328288 -0.298452 -0.320683 -0.339736 -0.346667 -0.34134 -0.345018 
3.08 -4.9713 1.04523 16 -0.344708 -0.341244 -0.346516 -0.33962 -0.320361 -0.298893 -0.328594 -0.331422 -0.3286 -0.298892 -0.320361 -0.33962 -0.346514 -0.341243 -0.344713 
3.09 -4.9713 1.04908 16 -0.344402 -0.341149 -0.34636 -0.339504 -0.320043 -0.299337 -0.328907 -0.331891 -0.328913 -0.299335 -0.320044 -0.339503 -0.346358 -0.341147 -0.344407 
3.1 -4.9713 1.0529 16 -0.344097 -0.341055 -0.346202 -0.339386 -0.319729 -0.299783 -0.329223 -0.332345 -0.329229 -0.299782 -0.31973 -0.339386 -0.3462 -0.341053 -0.344101 
3.11 -4.9713 1.05666 16 -0.343791 -0.340962 -0.346041 -0.339268 -0.319419 -0.300233 -0.329541 -0.332786 -0.329548 -0.300231 -0.319419 -0.339268 -0.34604 -0.340961 -0.343795 
3.12 -4.9713 1.06039 16 -0.343484 -0.340871 -0.345878 -0.33915 -0.319112 -0.300685 -0.329862 -0.333212 -0.329868 -0.300684 -0.319113 -0.33915 -0.345876 -0.34087 -0.343489 
3.13 -4.9713 1.06406 16 -0.343178 -0.340782 -0.345712 -0.339031 -0.31881 -0.30114 -0.330184 -0.333625 -0.330191 -0.301139 -0.31881 -0.339031 -0.34571 -0.34078 -0.343183 
3.14 -4.97131 1.0677 16 -0.342871 -0.340694 -0.345544 -0.338911 -0.318511 -0.301598 -0.330508 -0.334024 -0.330515 -0.301596 -0.318511 -0.338911 -0.345542 -0.340693 -0.342876 
3.15 -4.97131 1.07129 16 -0.342564 -0.340608 -0.345373 -0.338791 -0.318217 -0.302058 -0.330834 -0.33441 -0.330841 -0.302056 -0.318217 -0.338791 -0.345371 -0.340607 -0.342569 
3.16 -4.97131 1.07485 16 -0.342257 -0.340523 -0.345199 -0.33867 -0.317927 -0.30252 -0.331161 -0.334784 -0.331168 -0.302518 -0.317927 -0.33867 -0.345197 -0.340522 -0.342262 
3.17 -4.97131 1.07836 16 -0.34195 -0.34044 -0.345023 -0.338548 -0.317641 -0.302984 -0.33149 -0.335145 -0.331498 -0.302982 -0.317642 -0.338548 -0.345021 -0.340439 -0.341954 
3.18 -4.97131 1.08183 16 -0.341642 -0.340359 -0.344844 -0.338426 -0.31736 -0.303451 -0.33182 -0.335495 -0.331828 -0.303449 -0.31736 -0.338426 -0.344842 -0.340358 -0.341647 
3.19 -4.97131 1.08526 16 -0.341334 -0.34028 -0.344663 -0.338304 -0.317084 -0.303919 -0.332152 -0.335832 -0.332159 -0.303917 -0.317084 -0.338303 -0.344661 -0.340279 -0.341339 
3.2 -4.97131 1.08865 16 -0.341026 -0.340202 -0.344479 -0.33818 -0.316812 -0.304389 -0.332484 -0.336158 -0.332492 -0.304386 -0.316812 -0.33818 -0.344477 -0.340201 -0.34103 
3.21 -4.97131 1.092 16 -0.340717 -0.340126 -0.344292 -0.338056 -0.316545 -0.30486 -0.332818 -0.336473 -0.332825 -0.304858 -0.316545 -0.338056 -0.344291 -0.340125 -0.340722 
3.22 -4.97131 1.09532 16 -0.340408 -0.340051 -0.344103 -0.337931 -0.316283 -0.305333 -0.333152 -0.336777 -0.33316 -0.305331 -0.316284 -0.337931 -0.344101 -0.34005 -0.340413 
3.23 -4.97131 1.0986 16 -0.340099 -0.339979 -0.343911 -0.337806 -0.316026 -0.305807 -0.333487 -0.337071 -0.333495 -0.305805 -0.316027 -0.337806 -0.34391 -0.339978 -0.340103 
3.24 -4.97131 1.10184 16 -0.339789 -0.339908 -0.343717 -0.33768 -0.315774 -0.306283 -0.333822 -0.337354 -0.33383 -0.30628 -0.315775 -0.33768 -0.343716 -0.339907 -0.339794 
3.25 -4.97131 1.10505 16 -0.339479 -0.339838 -0.34352 -0.337553 -0.315528 -0.30676 -0.334158 -0.337627 -0.334166 -0.306757 -0.315529 -0.337553 -0.343519 -0.339837 -0.339484 
3.26 -4.97131 1.10823 16 -0.339169 -0.339771 -0.343321 -0.337426 -0.315287 -0.307237 -0.334494 -0.337891 -0.334502 -0.307234 -0.315287 -0.337426 -0.34332 -0.33977 -0.339173 
3.27 -4.97131 1.11137 16 -0.338858 -0.339705 -0.34312 -0.337298 -0.315051 -0.307715 -0.33483 -0.338145 -0.334838 -0.307713 -0.315052 -0.337298 -0.343118 -0.339704 -0.338863 
3.28 -4.97131 1.11448 16 -0.338547 -0.339641 -0.342915 -0.33717 -0.314821 -0.308194 -0.335166 -0.338391 -0.335175 -0.308192 -0.314822 -0.337169 -0.342914 -0.33964 -0.338552 
3.29 -4.97131 1.11755 16 -0.338236 -0.339579 -0.342709 -0.33704 -0.314597 -0.308674 -0.335502 -0.338627 -0.335511 -0.308671 -0.314597 -0.33704 -0.342707 -0.339578 -0.33824 
3.3 -4.97131 1.1206 16 -0.337924 -0.339518 -0.3425 -0.33691 -0.314378 -0.309154 -0.335838 -0.338856 -0.335847 -0.309151 -0.314379 -0.33691 -0.342498 -0.339518 -0.337929 
3.31 -4.97131 1.12362 16 -0.337612 -0.33946 -0.342288 -0.33678 -0.314165 -0.309635 -0.336173 -0.339076 -0.336183 -0.309632 -0.314166 -0.336779 -0.342287 -0.339459 -0.337616 
3.32 -4.97131 1.12661 16 -0.3373 -0.339403 -0.342074 -0.336648 -0.313958 -0.310115 -0.336509 -0.339288 -0.336518 -0.310112 -0.313959 -0.336648 -0.342073 -0.339402 -0.337304 
3.33 -4.97131 1.12957 16 -0.336987 -0.339347 -0.341858 -0.336516 -0.313757 -0.310596 -0.336843 -0.339493 -0.336853 -0.310593 -0.313758 -0.336516 -0.341857 -0.339347 -0.336991 
3.34 -4.97131 1.1325 16 -0.336673 -0.339294 -0.341639 -0.336384 -0.313562 -0.311077 -0.337177 -0.33969 -0.337187 -0.311074 -0.313562 -0.336384 -0.341638 -0.339293 -0.336677 
3.35 -4.97131 1.13541 16 -0.33636 -0.339242 -0.341418 -0.33625 -0.313373 -0.311557 -0.33751 -0.33988 -0.33752 -0.311554 -0.313374 -0.33625 -0.341417 -0.339241 -0.336364 
3.36 -4.97131 1.13829 16 -0.336046 -0.339192 -0.341195 -0.336116 -0.31319 -0.312037 -0.337842 -0.340064 -0.337852 -0.312034 -0.313191 -0.336116 -0.341194 -0.339191 -0.33605 
3.37 -4.97131 1.14115 16 -0.335731 -0.339143 -0.34097 -0.335982 -0.313014 -0.312517 -0.338174 -0.340241 -0.338184 -0.312514 -0.313014 -0.335981 -0.340968 -0.339143 -0.335735 
3.38 -4.97131 1.14399 16 -0.335416 -0.339096 -0.340742 -0.335846 -0.312844 -0.312996 -0.338504 -0.340412 -0.338514 -0.312993 -0.312844 -0.335846 -0.340741 -0.339096 -0.33542 
3.39 -4.97131 1.1468 16 -0.335101 -0.339051 -0.340512 -0.33571 -0.31268 -0.313475 -0.338833 -0.340577 -0.338843 -0.313472 -0.312681 -0.33571 -0.340511 -0.339051 -0.335105 
3.4 -4.97131 1.1496 16 -0.334785 -0.339008 -0.34028 -0.335574 -0.312523 -0.313953 -0.33916 -0.340736 -0.339171 -0.31395 -0.312523 -0.335573 -0.340279 -0.339007 -0.334789 
3.41 -4.97131 1.15237 16 -0.334469 -0.338966 -0.340046 -0.335436 -0.312372 -0.31443 -0.339487 -0.34089 -0.339497 -0.314427 -0.312373 -0.335436 -0.340045 -0.338965 -0.334473 
3.42 -4.97131 1.15513 16 -0.334152 -0.338925 -0.339809 -0.335298 -0.312228 -0.314906 -0.339811 -0.341038 -0.339822 -0.314903 -0.312229 -0.335298 -0.339808 -0.338925 -0.334156 
3.43 -4.97131 1.15786 16 -0.333835 -0.338887 -0.339571 -0.33516 -0.312091 -0.315382 -0.340135 -0.341182 -0.340145 -0.315378 -0.312091 -0.335159 -0.33957 -0.338886 -0.333839 
3.44 -4.97131 1.16058 16 -0.333518 -0.33885 -0.33933 -0.33502 -0.31196 -0.315856 -0.340456 -0.341321 -0.340467 -0.315852 -0.311961 -0.33502 -0.339329 -0.338849 -0.333522 
3.45 -4.97131 1.16329 16 -0.3332 -0.338814 -0.339088 -0.33488 -0.311836 -0.316328 -0.340776 -0.341456 -0.340786 -0.316325 -0.311837 -0.33488 -0.339087 -0.338813 -0.333204 
3.46 -4.97131 1.16598 16 -0.332882 -0.33878 -0.338844 -0.33474 -0.311719 -0.3168 -0.341093 -0.341587 -0.341104 -0.316796 -0.311719 -0.334739 -0.338843 -0.338779 -0.332886 
3.47 -4.97131 1.16865 16 -0.332563 -0.338747 -0.338597 -0.334598 -0.311609 -0.317269 -0.341409 -0.341713 -0.34142 -0.317266 -0.311609 -0.334598 -0.338597 -0.338747 -0.332567 
3.48 -4.97131 1.17132 16 -0.332244 -0.338716 -0.338349 -0.334456 -0.311505 -0.317738 -0.341723 -0.341836 -0.341734 -0.317734 -0.311506 -0.334456 -0.338349 -0.338716 -0.332248 
3.49 -4.97131 1.17397 16 -0.331925 -0.338686 -0.338099 -0.334314 -0.311409 -0.318204 -0.342035 -0.341956 -0.342046 -0.318201 -0.311409 -0.334314 -0.338099 -0.338686 -0.331928 
3.5 -4.97131 1.17661 16 -0.331605 -0.338658 -0.337848 -0.334171 -0.311319 -0.318669 -0.342344 -0.342072 -0.342355 -0.318666 -0.31132 -0.334171 -0.337847 -0.338658 -0.331609 
3.51 -4.97131 1.17924 16 -0.331285 -0.338631 -0.337594 -0.334027 -0.311237 -0.319132 -0.342651 -0.342185 -0.342662 -0.319129 -0.311237 -0.334027 -0.337594 -0.338631 -0.331288 
3.52 -4.97131 1.18186 17 -0.330964 -0.338606 -0.337339 -0.333883 -0.311161 -0.319593 -0.342956 -0.342296 -0.342967 -0.31959 -0.311161 -0.333883 -0.337339 -0.338605 -0.330968 
3.53 -4.97131 1.18448 17 -0.330643 -0.338581 -0.337083 -0.333738 -0.311093 -0.320052 -0.343258 -0.342404 -0.343269 -0.320049 -0.311093 -0.333738 -0.337082 -0.338581 -0.330647 
3.54 -4.97131 1.18708 17 -0.330322 -0.338559 -0.336825 -0.333592 -0.311031 -0.320509 -0.343558 -0.342509 -0.343569 -0.320506 -0.311031 -0.333592 -0.336824 -0.338558 -0.330325 
3.55 -4.97131 1.18969 17 -0.33 -0.338537 -0.336565 -0.333446 -0.310977 -0.320963 -0.343855 -0.342613 -0.343867 -0.32096 -0.310977 -0.333446 -0.336564 -0.338537 -0.330004 
3.56 -4.97131 1.19228 17 -0.329678 -0.338516 -0.336304 -0.3333 -0.31093 -0.321416 -0.34415 -0.342714 -0.344161 -0.321413 -0.31093 -0.333299 -0.336303 -0.338516 -0.329681 
