time energy maxBondDim localEnergy 
0 -6.91174 37 -0.654357 -0.293102 -0.568737 -0.334223 -0.544405 -0.348861 -0.535766 -0.352834 -0.535766 -0.348861 -0.544405 -0.334223 -0.568737 -0.293102 -0.654357 
0 -4.73703 4 -0.322886 -0.314028 -0.314609 -0.314606 -0.314654 -0.31478 -0.315192 -0.315516 -0.315192 -0.31478 -0.314654 -0.314606 -0.314609 -0.314028 -0.322886 
0.01 -4.73703 4 -0.322886 -0.314028 -0.314609 -0.314606 -0.314654 -0.31478 -0.315192 -0.315516 -0.315192 -0.31478 -0.314654 -0.314606 -0.314609 -0.314028 -0.322886 
0.02 -4.73703 4 -0.322886 -0.314028 -0.314609 -0.314606 -0.314654 -0.31478 -0.315192 -0.315517 -0.315192 -0.31478 -0.314654 -0.314606 -0.314609 -0.314028 -0.322886 
0.03 -4.73703 4 -0.322886 -0.314028 -0.314609 -0.314606 -0.314654 -0.31478 -0.315193 -0.315518 -0.315193 -0.31478 -0.314654 -0.314606 -0.314609 -0.314028 -0.322886 
0.04 -4.73703 4 -0.322885 -0.314028 -0.314609 -0.314606 -0.314654 -0.31478 -0.315194 -0.31552 -0.315194 -0.31478 -0.314654 -0.314606 -0.314609 -0.314028 -0.322886 
0.05 -4.73704 4 -0.322885 -0.314028 -0.314609 -0.314606 -0.314655 -0.314781 -0.315196 -0.315523 -0.315196 -0.314781 -0.314655 -0.314606 -0.314609 -0.314028 -0.322885 
0.06 -4.73705 4 -0.322885 -0.314028 -0.314609 -0.314606 -0.314655 -0.314781 -0.315199 -0.315527 -0.315199 -0.314781 -0.314655 -0.314606 -0.314609 -0.314028 -0.322885 
0.07 -4.73707 4 -0.322885 -0.314028 -0.314609 -0.314606 -0.314655 -0.314783 -0.315202 -0.315533 -0.315202 -0.314783 -0.314655 -0.314606 -0.314609 -0.314028 -0.322885 
0.08 -4.73709 4 -0.322884 -0.314027 -0.314609 -0.314606 -0.314655 -0.314784 -0.315208 -0.315541 -0.315208 -0.314784 -0.314655 -0.314606 -0.314609 -0.314027 -0.322885 
0.09 -4.73712 4 -0.322884 -0.314027 -0.314608 -0.314606 -0.314656 -0.314786 -0.315214 -0.315551 -0.315214 -0.314786 -0.314656 -0.314606 -0.314608 -0.314027 -0.322885 
0.1 -4.73715 4 -0.322884 -0.314027 -0.314608 -0.314606 -0.314657 -0.314789 -0.315223 -0.315564 -0.315223 -0.314789 -0.314657 -0.314606 -0.314608 -0.314027 -0.322885 
0.11 -4.7372 4 -0.322883 -0.314027 -0.314608 -0.314606 -0.314658 -0.314792 -0.315233 -0.31558 -0.315233 -0.314792 -0.314658 -0.314606 -0.314608 -0.314027 -0.322884 
0.12 -4.73725 4 -0.322883 -0.314026 -0.314608 -0.314607 -0.314659 -0.314796 -0.315245 -0.315599 -0.315245 -0.314796 -0.314659 -0.314607 -0.314608 -0.314026 -0.322884 
0.13 -4.73731 4 -0.322882 -0.314026 -0.314608 -0.314607 -0.314661 -0.314801 -0.31526 -0.315621 -0.31526 -0.314801 -0.314661 -0.314607 -0.314608 -0.314026 -0.322884 
0.14 -4.73739 4 -0.322882 -0.314026 -0.314608 -0.314607 -0.314662 -0.314806 -0.315277 -0.315647 -0.315277 -0.314806 -0.314662 -0.314607 -0.314608 -0.314026 -0.322884 
0.15 -4.73747 4 -0.322881 -0.314026 -0.314608 -0.314608 -0.314665 -0.314813 -0.315297 -0.315677 -0.315297 -0.314813 -0.314665 -0.314608 -0.314608 -0.314025 -0.322883 
0.16 -4.73757 4 -0.322881 -0.314025 -0.314608 -0.314608 -0.314667 -0.31482 -0.31532 -0.315711 -0.31532 -0.31482 -0.314667 -0.314608 -0.314608 -0.314025 -0.322883 
0.17 -4.73769 4 -0.32288 -0.314025 -0.314608 -0.314609 -0.31467 -0.314829 -0.315346 -0.31575 -0.315346 -0.314829 -0.31467 -0.314609 -0.314608 -0.314025 -0.322883 
0.18 -4.73782 4 -0.32288 -0.314025 -0.314608 -0.31461 -0.314673 -0.314839 -0.315375 -0.315794 -0.315375 -0.314839 -0.314673 -0.31461 -0.314608 -0.314024 -0.322883 
0.19 -4.73796 4 -0.322879 -0.314024 -0.314608 -0.314611 -0.314677 -0.314849 -0.315408 -0.315844 -0.315408 -0.314849 -0.314677 -0.314611 -0.314608 -0.314024 -0.322882 
0.2 -4.73812 4 -0.322879 -0.314024 -0.314608 -0.314613 -0.314681 -0.314862 -0.315444 -0.315899 -0.315444 -0.314861 -0.314681 -0.314613 -0.314608 -0.314024 -0.322882 
0.21 -4.7383 4 -0.322878 -0.314024 -0.314608 -0.314614 -0.314686 -0.314875 -0.315485 -0.315959 -0.315484 -0.314875 -0.314686 -0.314614 -0.314608 -0.314024 -0.322882 
0.22 -4.7385 4 -0.322877 -0.314024 -0.314608 -0.314616 -0.314691 -0.31489 -0.315529 -0.316026 -0.315529 -0.31489 -0.314691 -0.314616 -0.314608 -0.314023 -0.322882 
0.23 -4.73872 4 -0.322877 -0.314024 -0.314609 -0.314617 -0.314697 -0.314906 -0.315578 -0.316099 -0.315578 -0.314906 -0.314697 -0.314617 -0.314609 -0.314023 -0.322881 
0.24 -4.73896 4 -0.322876 -0.314024 -0.314609 -0.314619 -0.314703 -0.314924 -0.315631 -0.316179 -0.315631 -0.314924 -0.314703 -0.314619 -0.314609 -0.314023 -0.322881 
0.25 -4.73922 4 -0.322876 -0.314023 -0.31461 -0.314622 -0.31471 -0.314944 -0.315689 -0.316266 -0.315689 -0.314944 -0.31471 -0.314622 -0.31461 -0.314023 -0.322881 
0.26 -4.7395 4 -0.322875 -0.314023 -0.31461 -0.314624 -0.314718 -0.314965 -0.315752 -0.31636 -0.315752 -0.314965 -0.314718 -0.314624 -0.31461 -0.314023 -0.322881 
0.27 -4.73981 4 -0.322875 -0.314023 -0.314611 -0.314627 -0.314727 -0.314988 -0.31582 -0.316462 -0.315819 -0.314988 -0.314727 -0.314627 -0.314611 -0.314023 -0.32288 
0.28 -4.74014 4 -0.322874 -0.314023 -0.314612 -0.31463 -0.314736 -0.315013 -0.315893 -0.316571 -0.315893 -0.315013 -0.314736 -0.31463 -0.314612 -0.314023 -0.32288 
0.29 -4.7405 4 -0.322874 -0.314024 -0.314613 -0.314634 -0.314745 -0.31504 -0.315971 -0.316688 -0.315971 -0.31504 -0.314745 -0.314634 -0.314613 -0.314023 -0.32288 
0.3 -4.74088 4 -0.322873 -0.314024 -0.314614 -0.314637 -0.314756 -0.315069 -0.316055 -0.316814 -0.316055 -0.315069 -0.314756 -0.314637 -0.314614 -0.314023 -0.32288 
0.31 -4.74129 4 -0.322873 -0.314024 -0.314615 -0.314641 -0.314767 -0.3151 -0.316145 -0.316948 -0.316145 -0.3151 -0.314767 -0.314641 -0.314615 -0.314023 -0.32288 
0.32 -4.74172 4 -0.322873 -0.314024 -0.314617 -0.314645 -0.31478 -0.315133 -0.316241 -0.317091 -0.31624 -0.315133 -0.31478 -0.314645 -0.314617 -0.314024 -0.32288 
0.33 -4.74219 4 -0.322872 -0.314024 -0.314618 -0.31465 -0.314793 -0.315168 -0.316343 -0.317242 -0.316342 -0.315168 -0.314793 -0.31465 -0.314618 -0.314024 -0.32288 
0.34 -4.74268 4 -0.322872 -0.314025 -0.31462 -0.314655 -0.314807 -0.315206 -0.316451 -0.317403 -0.31645 -0.315206 -0.314807 -0.314655 -0.31462 -0.314024 -0.32288 
0.35 -4.7432 4 -0.322872 -0.314025 -0.314621 -0.31466 -0.314822 -0.315246 -0.316565 -0.317573 -0.316564 -0.315246 -0.314821 -0.31466 -0.314621 -0.314025 -0.32288 
0.36 -4.74376 4 -0.322872 -0.314026 -0.314623 -0.314666 -0.314837 -0.315288 -0.316686 -0.317753 -0.316685 -0.315288 -0.314837 -0.314666 -0.314623 -0.314025 -0.32288 
0.37 -4.74434 4 -0.322872 -0.314027 -0.314625 -0.314672 -0.314854 -0.315333 -0.316813 -0.317942 -0.316813 -0.315333 -0.314854 -0.314672 -0.314626 -0.314026 -0.32288 
0.38 -4.74496 4 -0.322872 -0.314027 -0.314628 -0.314679 -0.314872 -0.31538 -0.316948 -0.318142 -0.316947 -0.31538 -0.314872 -0.314679 -0.314628 -0.314026 -0.32288 
0.39 -4.74561 4 -0.322872 -0.314028 -0.31463 -0.314686 -0.314891 -0.31543 -0.317089 -0.318352 -0.317089 -0.31543 -0.314891 -0.314686 -0.31463 -0.314027 -0.32288 
0.4 -4.74629 4 -0.322872 -0.314029 -0.314633 -0.314693 -0.314911 -0.315483 -0.317238 -0.318572 -0.317237 -0.315482 -0.314911 -0.314693 -0.314633 -0.314028 -0.32288 
0.41 -4.74701 4 -0.322872 -0.31403 -0.314636 -0.314701 -0.314932 -0.315538 -0.317394 -0.318803 -0.317393 -0.315538 -0.314932 -0.314701 -0.314636 -0.314029 -0.322881 
0.42 -4.74777 4 -0.322872 -0.314031 -0.314639 -0.314709 -0.314954 -0.315596 -0.317557 -0.319045 -0.317556 -0.315596 -0.314954 -0.314709 -0.314639 -0.31403 -0.322881 
0.43 -4.74856 4 -0.322872 -0.314032 -0.314642 -0.314717 -0.314977 -0.315658 -0.317728 -0.319298 -0.317727 -0.315657 -0.314977 -0.314717 -0.314642 -0.314031 -0.322881 
0.44 -4.74939 4 -0.322873 -0.314033 -0.314645 -0.314727 -0.315002 -0.315722 -0.317907 -0.319562 -0.317906 -0.315722 -0.315002 -0.314727 -0.314645 -0.314033 -0.322882 
0.45 -4.75025 4 -0.322873 -0.314035 -0.314649 -0.314736 -0.315028 -0.315789 -0.318094 -0.319838 -0.318093 -0.315789 -0.315028 -0.314736 -0.314649 -0.314034 -0.322882 
0.46 -4.75116 4 -0.322874 -0.314036 -0.314652 -0.314746 -0.315055 -0.31586 -0.318289 -0.320125 -0.318288 -0.315859 -0.315055 -0.314746 -0.314652 -0.314035 -0.322883 
0.47 -4.7521 4 -0.322874 -0.314038 -0.314656 -0.314757 -0.315083 -0.315933 -0.318492 -0.320424 -0.318491 -0.315933 -0.315083 -0.314757 -0.314657 -0.314037 -0.322883 
0.48 -4.75308 4 -0.322875 -0.314039 -0.314661 -0.314768 -0.315113 -0.316011 -0.318703 -0.320735 -0.318702 -0.31601 -0.315113 -0.314768 -0.314661 -0.314038 -0.322884 
0.49 -4.75411 4 -0.322876 -0.314041 -0.314665 -0.31478 -0.315144 -0.316091 -0.318923 -0.321059 -0.318922 -0.316091 -0.315144 -0.31478 -0.314665 -0.31404 -0.322885 
0.5 -4.75517 4 -0.322876 -0.314043 -0.31467 -0.314792 -0.315177 -0.316176 -0.319152 -0.321395 -0.319151 -0.316175 -0.315177 -0.314792 -0.31467 -0.314042 -0.322886 
0.51 -4.75629 4 -0.322877 -0.314045 -0.314675 -0.314805 -0.315211 -0.316264 -0.31939 -0.321744 -0.319389 -0.316263 -0.315211 -0.314805 -0.314675 -0.314044 -0.322886 
0.52 -4.75744 4 -0.322878 -0.314047 -0.31468 -0.314819 -0.315247 -0.316356 -0.319637 -0.322106 -0.319636 -0.316355 -0.315247 -0.314819 -0.31468 -0.314046 -0.322887 
0.53 -4.75864 4 -0.322879 -0.314049 -0.314686 -0.314833 -0.315285 -0.316451 -0.319893 -0.32248 -0.319892 -0.316451 -0.315285 -0.314833 -0.314686 -0.314048 -0.322888 
0.54 -4.75988 4 -0.32288 -0.314052 -0.314691 -0.314848 -0.315324 -0.316551 -0.320158 -0.322869 -0.320157 -0.316551 -0.315324 -0.314848 -0.314691 -0.314051 -0.322889 
0.55 -4.76118 4 -0.322882 -0.314054 -0.314697 -0.314864 -0.315365 -0.316656 -0.320434 -0.32327 -0.320433 -0.316655 -0.315365 -0.314864 -0.314697 -0.314053 -0.32289 
0.56 -4.76252 4 -0.322883 -0.314056 -0.314704 -0.31488 -0.315408 -0.316764 -0.320719 -0.323685 -0.320718 -0.316764 -0.315408 -0.31488 -0.314704 -0.314056 -0.322891 
0.57 -4.76391 4 -0.322884 -0.314059 -0.31471 -0.314897 -0.315452 -0.316877 -0.321014 -0.324115 -0.321013 -0.316877 -0.315452 -0.314897 -0.31471 -0.314058 -0.322893 
0.58 -4.76535 4 -0.322886 -0.314062 -0.314717 -0.314915 -0.315499 -0.316995 -0.321319 -0.324558 -0.321318 -0.316994 -0.315499 -0.314915 -0.314717 -0.314061 -0.322894 
0.59 -4.76684 4 -0.322887 -0.314065 -0.314724 -0.314934 -0.315548 -0.317117 -0.321635 -0.325015 -0.321633 -0.317117 -0.315548 -0.314934 -0.314724 -0.314064 -0.322895 
0.6 -4.76838 4 -0.322889 -0.314068 -0.314732 -0.314953 -0.315599 -0.317245 -0.321961 -0.325487 -0.32196 -0.317244 -0.315599 -0.314953 -0.314732 -0.314067 -0.322897 
0.61 -4.76998 4 -0.322891 -0.314071 -0.31474 -0.314974 -0.315652 -0.317377 -0.322298 -0.325974 -0.322297 -0.317377 -0.315652 -0.314974 -0.31474 -0.31407 -0.322898 
0.62 -4.77164 4 -0.322892 -0.314074 -0.314748 -0.314995 -0.315708 -0.317515 -0.322646 -0.326475 -0.322644 -0.317515 -0.315707 -0.314995 -0.314748 -0.314074 -0.3229 
0.63 -4.77335 4 -0.322894 -0.314078 -0.314756 -0.315017 -0.315766 -0.317659 -0.323005 -0.326991 -0.323003 -0.317659 -0.315765 -0.315017 -0.314756 -0.314077 -0.322901 
0.64 -4.77511 4 -0.322896 -0.314081 -0.314765 -0.31504 -0.315826 -0.317808 -0.323375 -0.327522 -0.323374 -0.317808 -0.315826 -0.31504 -0.314765 -0.314081 -0.322903 
0.65 -4.77694 4 -0.322898 -0.314085 -0.314775 -0.315065 -0.315889 -0.317964 -0.323757 -0.328068 -0.323755 -0.317963 -0.315889 -0.315065 -0.314775 -0.314084 -0.322905 
0.66 -4.77882 4 -0.3229 -0.314089 -0.314785 -0.31509 -0.315955 -0.318125 -0.32415 -0.328629 -0.324148 -0.318124 -0.315955 -0.31509 -0.314785 -0.314088 -0.322907 
0.67 -4.78077 4 -0.322903 -0.314093 -0.314795 -0.315117 -0.316024 -0.318293 -0.324555 -0.329206 -0.324554 -0.318292 -0.316024 -0.315117 -0.314795 -0.314092 -0.322909 
0.68 -4.78278 4 -0.322905 -0.314097 -0.314806 -0.315145 -0.316096 -0.318467 -0.324972 -0.329798 -0.324971 -0.318467 -0.316096 -0.315145 -0.314806 -0.314097 -0.322911 
0.69 -4.78485 4 -0.322907 -0.314102 -0.314817 -0.315174 -0.316171 -0.318648 -0.325401 -0.330405 -0.3254 -0.318648 -0.316171 -0.315174 -0.314817 -0.314101 -0.322913 
0.7 -4.78698 4 -0.32291 -0.314106 -0.314828 -0.315204 -0.316249 -0.318837 -0.325843 -0.331027 -0.325841 -0.318836 -0.316249 -0.315204 -0.314828 -0.314106 -0.322915 
0.71 -4.78918 4 -0.322912 -0.314111 -0.314841 -0.315236 -0.316331 -0.319032 -0.326296 -0.331664 -0.326294 -0.319032 -0.316331 -0.315236 -0.314841 -0.31411 -0.322917 
0.72 -4.79145 4 -0.322915 -0.314116 -0.314853 -0.315269 -0.316416 -0.319236 -0.326762 -0.332317 -0.32676 -0.319235 -0.316416 -0.315269 -0.314853 -0.314115 -0.32292 
0.73 -4.79379 4 -0.322918 -0.314121 -0.314867 -0.315304 -0.316506 -0.319446 -0.327241 -0.332985 -0.327239 -0.319446 -0.316505 -0.315304 -0.314867 -0.31412 -0.322922 
0.74 -4.79619 4 -0.322921 -0.314126 -0.314881 -0.31534 -0.316599 -0.319665 -0.327732 -0.333667 -0.32773 -0.319665 -0.316598 -0.31534 -0.314881 -0.314126 -0.322925 
0.75 -4.79867 4 -0.322924 -0.314132 -0.314895 -0.315378 -0.316696 -0.319893 -0.328235 -0.334365 -0.328233 -0.319892 -0.316696 -0.315378 -0.314895 -0.314131 -0.322927 
0.76 -4.80122 4 -0.322927 -0.314138 -0.31491 -0.315418 -0.316797 -0.320129 -0.328751 -0.335076 -0.328749 -0.320128 -0.316797 -0.315418 -0.31491 -0.314137 -0.32293 
0.77 -4.80384 4 -0.32293 -0.314144 -0.314926 -0.31546 -0.316903 -0.320373 -0.32928 -0.335803 -0.329278 -0.320372 -0.316903 -0.31546 -0.314926 -0.314143 -0.322933 
0.78 -4.80653 4 -0.322933 -0.31415 -0.314943 -0.315503 -0.317014 -0.320627 -0.329822 -0.336543 -0.329819 -0.320626 -0.317014 -0.315503 -0.314943 -0.31415 -0.322936 
0.79 -4.80929 4 -0.322937 -0.314157 -0.31496 -0.315549 -0.31713 -0.32089 -0.330376 -0.337297 -0.330373 -0.320889 -0.317129 -0.315549 -0.31496 -0.314156 -0.322939 
0.8 -4.81213 4 -0.32294 -0.314163 -0.314979 -0.315597 -0.31725 -0.321163 -0.330942 -0.338065 -0.33094 -0.321162 -0.31725 -0.315597 -0.314979 -0.314163 -0.322943 
0.81 -4.81505 4 -0.322944 -0.314171 -0.314998 -0.315647 -0.317376 -0.321445 -0.331521 -0.338846 -0.331519 -0.321444 -0.317376 -0.315647 -0.314998 -0.31417 -0.322946 
0.82 -4.81804 4 -0.322948 -0.314178 -0.315018 -0.315699 -0.317507 -0.321738 -0.332112 -0.339639 -0.33211 -0.321737 -0.317507 -0.315699 -0.315018 -0.314178 -0.322949 
0.83 -4.8211 4 -0.322952 -0.314186 -0.315039 -0.315754 -0.317645 -0.32204 -0.332715 -0.340445 -0.332713 -0.322039 -0.317644 -0.315754 -0.315039 -0.314186 -0.322953 
0.84 -4.82425 4 -0.322956 -0.314194 -0.315061 -0.315812 -0.317788 -0.322354 -0.333331 -0.341262 -0.333328 -0.322353 -0.317787 -0.315811 -0.315061 -0.314194 -0.322957 
0.85 -4.82747 4 -0.32296 -0.314202 -0.315084 -0.315872 -0.317937 -0.322678 -0.333958 -0.342091 -0.333955 -0.322677 -0.317937 -0.315872 -0.315084 -0.314202 -0.322961 
0.86 -4.83077 4 -0.322964 -0.314211 -0.315108 -0.315935 -0.318093 -0.323013 -0.334596 -0.34293 -0.334594 -0.323012 -0.318092 -0.315935 -0.315108 -0.314211 -0.322965 
0.87 -4.83414 4 -0.322969 -0.314221 -0.315133 -0.316001 -0.318255 -0.323359 -0.335246 -0.34378 -0.335243 -0.323358 -0.318255 -0.316001 -0.315133 -0.314221 -0.32297 
0.88 -4.8376 4 -0.322974 -0.31423 -0.31516 -0.31607 -0.318425 -0.323717 -0.335907 -0.344639 -0.335904 -0.323716 -0.318424 -0.31607 -0.31516 -0.31423 -0.322974 
0.89 -4.84113 4 -0.322978 -0.314241 -0.315188 -0.316143 -0.318601 -0.324086 -0.336578 -0.345507 -0.336576 -0.324085 -0.318601 -0.316142 -0.315188 -0.314241 -0.322979 
0.9 -4.84474 4 -0.322983 -0.314251 -0.315217 -0.316219 -0.318785 -0.324467 -0.33726 -0.346384 -0.337257 -0.324466 -0.318785 -0.316218 -0.315217 -0.314251 -0.322984 
0.91 -4.84843 4 -0.322989 -0.314263 -0.315247 -0.316298 -0.318977 -0.32486 -0.337951 -0.347268 -0.337949 -0.324858 -0.318977 -0.316298 -0.315247 -0.314263 -0.322989 
0.92 -4.8522 4 -0.322994 -0.314274 -0.31528 -0.316381 -0.319177 -0.325264 -0.338652 -0.348159 -0.33865 -0.325263 -0.319176 -0.316381 -0.315279 -0.314274 -0.322994 
0.93 -4.85604 4 -0.323 -0.314287 -0.315313 -0.316468 -0.319385 -0.325681 -0.339363 -0.349056 -0.33936 -0.325679 -0.319384 -0.316468 -0.315313 -0.314287 -0.323 
0.94 -4.85997 4 -0.323006 -0.3143 -0.315349 -0.31656 -0.319602 -0.32611 -0.340081 -0.349959 -0.340078 -0.326108 -0.319601 -0.316559 -0.315349 -0.3143 -0.323006 
0.95 -4.86397 4 -0.323012 -0.314313 -0.315386 -0.316655 -0.319827 -0.326551 -0.340808 -0.350867 -0.340805 -0.326549 -0.319826 -0.316655 -0.315386 -0.314313 -0.323012 
0.96 -4.86804 4 -0.323018 -0.314328 -0.315425 -0.316755 -0.320061 -0.327004 -0.341542 -0.35178 -0.341539 -0.327002 -0.32006 -0.316755 -0.315425 -0.314328 -0.323018 
0.97 -4.87219 4 -0.323025 -0.314343 -0.315466 -0.31686 -0.320305 -0.327469 -0.342284 -0.352695 -0.342281 -0.327467 -0.320304 -0.316859 -0.315465 -0.314343 -0.323025 
0.98 -4.87642 4 -0.323032 -0.314358 -0.315509 -0.316969 -0.320558 -0.327947 -0.343032 -0.353613 -0.343029 -0.327945 -0.320557 -0.316969 -0.315508 -0.314358 -0.323032 
0.99 -4.88072 4 -0.32304 -0.314375 -0.315554 -0.317084 -0.320821 -0.328437 -0.343785 -0.354534 -0.343782 -0.328435 -0.32082 -0.317084 -0.315553 -0.314375 -0.32304 
1 -4.88509 4 -0.323047 -0.314392 -0.315601 -0.317204 -0.321094 -0.328939 -0.344544 -0.355455 -0.344541 -0.328937 -0.321093 -0.317203 -0.315601 -0.314392 -0.323048 
1.01 -4.88954 4 -0.323055 -0.314411 -0.31565 -0.317329 -0.321378 -0.329453 -0.345308 -0.356378 -0.345305 -0.329451 -0.321377 -0.317329 -0.31565 -0.314411 -0.323056 
1.02 -4.89406 4 -0.323064 -0.31443 -0.315702 -0.31746 -0.321672 -0.329978 -0.346076 -0.3573 -0.346073 -0.329976 -0.32167 -0.31746 -0.315702 -0.31443 -0.323064 
1.03 -4.89865 4 -0.323073 -0.31445 -0.315757 -0.317597 -0.321976 -0.330516 -0.346847 -0.358221 -0.346844 -0.330514 -0.321975 -0.317597 -0.315757 -0.31445 -0.323073 
1.04 -4.90331 4 -0.323082 -0.314471 -0.315814 -0.31774 -0.322292 -0.331065 -0.347621 -0.359141 -0.347618 -0.331063 -0.322291 -0.31774 -0.315814 -0.314471 -0.323083 
1.05 -4.90804 4 -0.323092 -0.314494 -0.315874 -0.31789 -0.322619 -0.331625 -0.348398 -0.360058 -0.348395 -0.331623 -0.322617 -0.317889 -0.315874 -0.314494 -0.323093 
1.06 -4.91283 4 -0.323102 -0.314517 -0.315938 -0.318046 -0.322957 -0.332197 -0.349175 -0.360973 -0.349172 -0.332195 -0.322956 -0.318045 -0.315937 -0.314517 -0.323103 
1.07 -4.91769 4 -0.323113 -0.314542 -0.316004 -0.318209 -0.323307 -0.332779 -0.349954 -0.361884 -0.349951 -0.332777 -0.323305 -0.318208 -0.316003 -0.314542 -0.323114 
1.08 -4.92262 4 -0.323124 -0.314568 -0.316073 -0.318379 -0.323668 -0.333372 -0.350733 -0.362792 -0.35073 -0.33337 -0.323667 -0.318378 -0.316073 -0.314568 -0.323125 
1.09 -4.92761 4 -0.323136 -0.314595 -0.316146 -0.318557 -0.324042 -0.333975 -0.351511 -0.363695 -0.351508 -0.333973 -0.32404 -0.318556 -0.316145 -0.314595 -0.323137 
1.1 -4.93267 4 -0.323148 -0.314624 -0.316222 -0.318742 -0.324427 -0.334588 -0.352289 -0.364592 -0.352286 -0.334586 -0.324426 -0.318741 -0.316222 -0.314624 -0.32315 
1.11 -4.93778 4 -0.323161 -0.314654 -0.316302 -0.318935 -0.324825 -0.33521 -0.353064 -0.365484 -0.353061 -0.335208 -0.324823 -0.318934 -0.316302 -0.314654 -0.323163 
1.12 -4.94296 4 -0.323175 -0.314686 -0.316386 -0.319136 -0.325235 -0.335841 -0.353837 -0.36637 -0.353834 -0.335839 -0.325233 -0.319135 -0.316385 -0.314686 -0.323177 
1.13 -4.94819 4 -0.323189 -0.314719 -0.316473 -0.319345 -0.325657 -0.336481 -0.354608 -0.367249 -0.354605 -0.336479 -0.325655 -0.319344 -0.316473 -0.314719 -0.323192 
1.14 -4.95348 4 -0.323205 -0.314754 -0.316565 -0.319563 -0.326091 -0.337129 -0.355374 -0.368121 -0.355371 -0.337127 -0.32609 -0.319562 -0.316565 -0.314754 -0.323208 
1.15 -4.95883 4 -0.323221 -0.314791 -0.316662 -0.31979 -0.326538 -0.337784 -0.356137 -0.368986 -0.356134 -0.337782 -0.326537 -0.319789 -0.316661 -0.314791 -0.323224 
1.16 -4.96423 4 -0.323238 -0.31483 -0.316762 -0.320026 -0.326998 -0.338447 -0.356894 -0.369842 -0.356891 -0.338444 -0.326996 -0.320025 -0.316762 -0.31483 -0.323241 
1.17 -4.96968 4 -0.323255 -0.314871 -0.316868 -0.320271 -0.327469 -0.339116 -0.357647 -0.37069 -0.357644 -0.339113 -0.327468 -0.32027 -0.316868 -0.31487 -0.323259 
1.18 -4.97518 4 -0.323274 -0.314913 -0.316978 -0.320526 -0.327953 -0.339791 -0.358393 -0.37153 -0.35839 -0.339788 -0.327952 -0.320525 -0.316978 -0.314913 -0.323278 
1.19 -4.98074 4 -0.323294 -0.314958 -0.317094 -0.320791 -0.32845 -0.340471 -0.359134 -0.372361 -0.359131 -0.340469 -0.328448 -0.32079 -0.317094 -0.314958 -0.323298 
1.2 -4.98634 4 -0.323314 -0.315005 -0.317215 -0.321066 -0.328959 -0.341156 -0.359867 -0.373182 -0.359864 -0.341154 -0.328957 -0.321065 -0.317214 -0.315005 -0.323319 
1.21 -4.99199 4 -0.323336 -0.315055 -0.317341 -0.321351 -0.329479 -0.341846 -0.360594 -0.373994 -0.360591 -0.341843 -0.329477 -0.32135 -0.317341 -0.315054 -0.323341 
1.22 -4.99769 4 -0.323359 -0.315107 -0.317474 -0.321647 -0.330012 -0.342539 -0.361312 -0.374796 -0.361309 -0.342536 -0.33001 -0.321646 -0.317473 -0.315106 -0.323364 
1.23 -5.00343 4 -0.323383 -0.315161 -0.317612 -0.321954 -0.330556 -0.343235 -0.362023 -0.375589 -0.36202 -0.343232 -0.330554 -0.321953 -0.317611 -0.315161 -0.323389 
1.24 -5.00921 4 -0.323408 -0.315219 -0.317756 -0.322271 -0.331112 -0.343933 -0.362724 -0.376371 -0.362722 -0.343931 -0.33111 -0.32227 -0.317755 -0.315218 -0.323414 
1.25 -5.01504 4 -0.323435 -0.315279 -0.317907 -0.3226 -0.331679 -0.344633 -0.363418 -0.377143 -0.363415 -0.344631 -0.331677 -0.322599 -0.317906 -0.315278 -0.323441 
1.26 -5.02091 4 -0.323463 -0.315342 -0.318064 -0.32294 -0.332258 -0.345334 -0.364102 -0.377904 -0.364099 -0.345332 -0.332256 -0.322939 -0.318063 -0.315341 -0.323469 
1.27 -5.02681 4 -0.323492 -0.315408 -0.318228 -0.323292 -0.332847 -0.346036 -0.364776 -0.378655 -0.364773 -0.346033 -0.332845 -0.32329 -0.318228 -0.315407 -0.323499 
1.28 -5.03275 4 -0.323523 -0.315477 -0.3184 -0.323655 -0.333446 -0.346737 -0.365441 -0.379395 -0.365438 -0.346735 -0.333444 -0.323654 -0.318399 -0.315476 -0.323531 
1.29 -5.03873 4 -0.323556 -0.31555 -0.318578 -0.32403 -0.334056 -0.347438 -0.366095 -0.380125 -0.366093 -0.347435 -0.334053 -0.324029 -0.318578 -0.315549 -0.323563 
1.3 -5.04474 4 -0.32359 -0.315626 -0.318765 -0.324417 -0.334675 -0.348137 -0.36674 -0.380844 -0.366737 -0.348134 -0.334672 -0.324416 -0.318764 -0.315625 -0.323598 
1.31 -5.05078 4 -0.323627 -0.315705 -0.318959 -0.324816 -0.335303 -0.348834 -0.367374 -0.381552 -0.367371 -0.348831 -0.335301 -0.324815 -0.318958 -0.315704 -0.323634 
1.32 -5.05686 4 -0.323664 -0.315789 -0.319161 -0.325227 -0.33594 -0.349528 -0.367998 -0.382249 -0.367995 -0.349525 -0.335938 -0.325226 -0.31916 -0.315788 -0.323672 
1.33 -5.06297 4 -0.323704 -0.315876 -0.319372 -0.325651 -0.336586 -0.350219 -0.36861 -0.382936 -0.368608 -0.350216 -0.336584 -0.325649 -0.319371 -0.315875 -0.323713 
1.34 -5.06911 4 -0.323746 -0.315968 -0.319591 -0.326086 -0.337239 -0.350906 -0.369212 -0.383612 -0.36921 -0.350903 -0.337237 -0.326085 -0.31959 -0.315967 -0.323755 
1.35 -5.07527 4 -0.32379 -0.316064 -0.319819 -0.326534 -0.3379 -0.351589 -0.369804 -0.384277 -0.369801 -0.351586 -0.337898 -0.326533 -0.319818 -0.316063 -0.323799 
1.36 -5.08147 4 -0.323837 -0.316164 -0.320056 -0.326995 -0.338568 -0.352266 -0.370384 -0.384931 -0.370381 -0.352264 -0.338566 -0.326993 -0.320055 -0.316163 -0.323845 
1.37 -5.08769 4 -0.323885 -0.31627 -0.320303 -0.327467 -0.339242 -0.352938 -0.370953 -0.385575 -0.37095 -0.352936 -0.33924 -0.327465 -0.320302 -0.316268 -0.323894 
1.38 -5.09393 4 -0.323937 -0.31638 -0.320559 -0.327952 -0.339922 -0.353604 -0.371511 -0.386208 -0.371508 -0.353602 -0.339919 -0.32795 -0.320558 -0.316378 -0.323945 
1.39 -5.1002 4 -0.32399 -0.316494 -0.320825 -0.328449 -0.340607 -0.354264 -0.372058 -0.38683 -0.372055 -0.354262 -0.340604 -0.328447 -0.320824 -0.316493 -0.323999 
1.4 -5.10649 4 -0.324047 -0.316615 -0.321101 -0.328958 -0.341296 -0.354917 -0.372594 -0.387442 -0.372591 -0.354914 -0.341293 -0.328956 -0.3211 -0.316613 -0.324056 
1.41 -5.1128 4 -0.324106 -0.31674 -0.321387 -0.329479 -0.341989 -0.355562 -0.373119 -0.388044 -0.373116 -0.355559 -0.341987 -0.329477 -0.321386 -0.316739 -0.324115 
1.42 -5.11914 4 -0.324168 -0.316872 -0.321683 -0.330011 -0.342686 -0.356199 -0.373633 -0.388636 -0.37363 -0.356197 -0.342683 -0.330009 -0.321682 -0.31687 -0.324177 
1.43 -5.12549 4 -0.324233 -0.317009 -0.321991 -0.330556 -0.343385 -0.356829 -0.374136 -0.389217 -0.374133 -0.356826 -0.343382 -0.330554 -0.32199 -0.317007 -0.324242 
1.44 -5.13186 4 -0.324301 -0.317152 -0.322309 -0.331111 -0.344086 -0.357449 -0.374628 -0.389789 -0.374626 -0.357447 -0.344083 -0.331109 -0.322308 -0.31715 -0.324311 
1.45 -5.13825 4 -0.324373 -0.317301 -0.322639 -0.331678 -0.344788 -0.358061 -0.37511 -0.39035 -0.375108 -0.358059 -0.344786 -0.331676 -0.322637 -0.3173 -0.324382 
1.46 -5.14465 4 -0.324448 -0.317457 -0.322979 -0.332256 -0.345492 -0.358664 -0.375581 -0.390902 -0.375579 -0.358661 -0.345489 -0.332254 -0.322978 -0.317456 -0.324457 
1.47 -5.15107 4 -0.324527 -0.31762 -0.323332 -0.332844 -0.346195 -0.359257 -0.376042 -0.391445 -0.37604 -0.359254 -0.346192 -0.332842 -0.32333 -0.317619 -0.324536 
1.48 -5.15751 4 -0.32461 -0.31779 -0.323695 -0.333443 -0.346897 -0.35984 -0.376492 -0.391978 -0.37649 -0.359838 -0.346895 -0.333441 -0.323694 -0.317788 -0.324619 
1.49 -5.16396 4 -0.324697 -0.317967 -0.324071 -0.334051 -0.347599 -0.360414 -0.376933 -0.392501 -0.37693 -0.360411 -0.347596 -0.334049 -0.32407 -0.317965 -0.324706 
1.5 -5.17042 4 -0.324788 -0.318151 -0.324458 -0.334669 -0.348298 -0.360977 -0.377363 -0.393016 -0.377361 -0.360974 -0.348295 -0.334667 -0.324457 -0.31815 -0.324796 
1.51 -5.1769 4 -0.324883 -0.318343 -0.324858 -0.335296 -0.348995 -0.36153 -0.377784 -0.393521 -0.377781 -0.361527 -0.348992 -0.335294 -0.324856 -0.318342 -0.324891 
1.52 -5.18338 4 -0.324983 -0.318543 -0.32527 -0.335932 -0.349689 -0.362072 -0.378195 -0.394017 -0.378192 -0.36207 -0.349686 -0.33593 -0.325268 -0.318542 -0.324991 
1.53 -5.18988 4 -0.325087 -0.318752 -0.325693 -0.336576 -0.350379 -0.362604 -0.378596 -0.394505 -0.378594 -0.362602 -0.350376 -0.336574 -0.325692 -0.31875 -0.325095 
1.54 -5.19638 4 -0.325197 -0.318968 -0.326129 -0.337228 -0.351064 -0.363126 -0.378989 -0.394984 -0.378986 -0.363123 -0.351062 -0.337225 -0.326128 -0.318966 -0.325205 
1.55 -5.20289 4 -0.325311 -0.319194 -0.326578 -0.337887 -0.351745 -0.363636 -0.379372 -0.395455 -0.37937 -0.363634 -0.351743 -0.337884 -0.326576 -0.319192 -0.325319 
1.56 -5.20941 4 -0.325431 -0.319428 -0.327038 -0.338552 -0.35242 -0.364136 -0.379746 -0.395917 -0.379744 -0.364133 -0.352418 -0.33855 -0.327036 -0.319426 -0.325439 
1.57 -5.21594 4 -0.325556 -0.319671 -0.327511 -0.339224 -0.35309 -0.364624 -0.380112 -0.396372 -0.38011 -0.364622 -0.353087 -0.339222 -0.327509 -0.319669 -0.325564 
1.58 -5.22248 4 -0.325688 -0.319924 -0.327996 -0.339902 -0.353752 -0.365102 -0.38047 -0.396818 -0.380468 -0.3651 -0.35375 -0.339899 -0.327994 -0.319922 -0.325695 
1.59 -5.22902 4 -0.325825 -0.320186 -0.328493 -0.340584 -0.354408 -0.365569 -0.380819 -0.397256 -0.380817 -0.365567 -0.354405 -0.340581 -0.328491 -0.320184 -0.325832 
1.6 -5.23556 4 -0.325968 -0.320458 -0.329002 -0.341271 -0.355056 -0.366026 -0.38116 -0.397687 -0.381158 -0.366023 -0.355054 -0.341268 -0.329 -0.320456 -0.325975 
1.61 -5.24211 4 -0.326118 -0.32074 -0.329523 -0.341961 -0.355697 -0.366471 -0.381494 -0.39811 -0.381492 -0.366469 -0.355694 -0.341959 -0.329521 -0.320739 -0.326124 
1.62 -5.24866 4 -0.326275 -0.321033 -0.330056 -0.342655 -0.356328 -0.366906 -0.38182 -0.398526 -0.381818 -0.366904 -0.356326 -0.342652 -0.330054 -0.321031 -0.326281 
1.63 -5.25522 4 -0.326438 -0.321336 -0.3306 -0.343351 -0.356951 -0.367331 -0.382138 -0.398934 -0.382136 -0.367328 -0.356949 -0.343348 -0.330598 -0.321334 -0.326444 
1.64 -5.26177 4 -0.326609 -0.32165 -0.331156 -0.344049 -0.357565 -0.367745 -0.38245 -0.399335 -0.382448 -0.367742 -0.357563 -0.344046 -0.331154 -0.321648 -0.326615 
1.65 -5.26833 4 -0.326788 -0.321974 -0.331723 -0.344748 -0.35817 -0.368148 -0.382755 -0.399729 -0.382752 -0.368146 -0.358167 -0.344745 -0.331721 -0.321972 -0.326793 
1.66 -5.27489 4 -0.326974 -0.32231 -0.3323 -0.345448 -0.358764 -0.368541 -0.383052 -0.400116 -0.38305 -0.368539 -0.358762 -0.345445 -0.332298 -0.322308 -0.326979 
1.67 -5.28144 4 -0.327168 -0.322657 -0.332889 -0.346147 -0.359349 -0.368925 -0.383344 -0.400497 -0.383342 -0.368922 -0.359346 -0.346145 -0.332887 -0.322654 -0.327173 
1.68 -5.288 4 -0.327371 -0.323015 -0.333487 -0.346846 -0.359923 -0.369298 -0.383629 -0.40087 -0.383627 -0.369295 -0.35992 -0.346844 -0.333485 -0.323013 -0.327375 
1.69 -5.29455 4 -0.327582 -0.323384 -0.334096 -0.347544 -0.360486 -0.369661 -0.383908 -0.401238 -0.383906 -0.369659 -0.360484 -0.347541 -0.334093 -0.323382 -0.327586 
1.7 -5.3011 5 -0.327802 -0.323766 -0.334714 -0.348239 -0.361039 -0.370015 -0.384182 -0.401598 -0.38418 -0.370013 -0.361037 -0.348237 -0.334711 -0.323764 -0.327806 
1.71 -5.30765 5 -0.328031 -0.324159 -0.335341 -0.348932 -0.361581 -0.37036 -0.384449 -0.401953 -0.384448 -0.370357 -0.361578 -0.34893 -0.335339 -0.324157 -0.328035 
1.72 -5.31419 5 -0.32827 -0.324563 -0.335977 -0.349622 -0.362111 -0.370695 -0.384712 -0.402301 -0.38471 -0.370693 -0.362109 -0.349619 -0.335974 -0.324561 -0.328273 
1.73 -5.32073 5 -0.328519 -0.32498 -0.336621 -0.350308 -0.362631 -0.371021 -0.384969 -0.402643 -0.384967 -0.371019 -0.362628 -0.350305 -0.336618 -0.324978 -0.328522 
1.74 -5.32726 5 -0.328778 -0.325409 -0.337272 -0.350989 -0.363139 -0.371339 -0.385221 -0.402979 -0.385219 -0.371336 -0.363136 -0.350986 -0.33727 -0.325407 -0.32878 
1.75 -5.33378 5 -0.329047 -0.325849 -0.337931 -0.351665 -0.363635 -0.371647 -0.385468 -0.40331 -0.385466 -0.371645 -0.363633 -0.351662 -0.337929 -0.325847 -0.329049 
1.76 -5.3403 5 -0.329327 -0.326302 -0.338597 -0.352336 -0.36412 -0.371948 -0.38571 -0.403634 -0.385709 -0.371946 -0.364118 -0.352333 -0.338595 -0.3263 -0.329329 
1.77 -5.34681 5 -0.329618 -0.326766 -0.339269 -0.353 -0.364593 -0.37224 -0.385948 -0.403953 -0.385947 -0.372238 -0.364591 -0.352997 -0.339267 -0.326764 -0.329619 
1.78 -5.35331 5 -0.32992 -0.327242 -0.339946 -0.353658 -0.365055 -0.372524 -0.386182 -0.404266 -0.38618 -0.372522 -0.365053 -0.353655 -0.339944 -0.32724 -0.329921 
1.79 -5.3598 5 -0.330233 -0.32773 -0.340629 -0.354308 -0.365505 -0.372801 -0.386412 -0.404574 -0.38641 -0.372799 -0.365503 -0.354306 -0.340626 -0.327728 -0.330234 
1.8 -5.36628 5 -0.330559 -0.32823 -0.341316 -0.354951 -0.365944 -0.37307 -0.386637 -0.404876 -0.386635 -0.373068 -0.365942 -0.354949 -0.341313 -0.328228 -0.33056 
1.81 -5.37274 5 -0.330896 -0.328741 -0.342006 -0.355586 -0.366371 -0.373332 -0.386859 -0.405173 -0.386857 -0.373329 -0.366369 -0.355584 -0.342004 -0.328739 -0.330897 
1.82 -5.3792 5 -0.331246 -0.329263 -0.3427 -0.356213 -0.366787 -0.373586 -0.387077 -0.405465 -0.387075 -0.373584 -0.366785 -0.35621 -0.342698 -0.329261 -0.331247 
1.83 -5.38564 5 -0.331609 -0.329797 -0.343396 -0.35683 -0.367191 -0.373834 -0.387292 -0.405752 -0.38729 -0.373832 -0.367189 -0.356828 -0.343394 -0.329795 -0.331609 
1.84 -5.39206 5 -0.331984 -0.330342 -0.344095 -0.357438 -0.367585 -0.374075 -0.387503 -0.406033 -0.387501 -0.374073 -0.367582 -0.357436 -0.344092 -0.330339 -0.331984 
1.85 -5.39847 5 -0.332373 -0.330897 -0.344794 -0.358037 -0.367967 -0.37431 -0.387711 -0.40631 -0.38771 -0.374308 -0.367964 -0.358034 -0.344792 -0.330895 -0.332373 
1.86 -5.40487 5 -0.332775 -0.331463 -0.345494 -0.358625 -0.368338 -0.374539 -0.387916 -0.406582 -0.387915 -0.374537 -0.368335 -0.358623 -0.345492 -0.33146 -0.332775 
1.87 -5.41124 5 -0.33319 -0.332039 -0.346194 -0.359204 -0.368698 -0.374762 -0.388118 -0.406848 -0.388117 -0.374759 -0.368695 -0.359201 -0.346192 -0.332036 -0.33319 
1.88 -5.4176 5 -0.33362 -0.332624 -0.346893 -0.359772 -0.369047 -0.374979 -0.388318 -0.40711 -0.388316 -0.374976 -0.369045 -0.359769 -0.346891 -0.332622 -0.333619 
1.89 -5.42394 5 -0.334063 -0.333219 -0.347591 -0.360329 -0.369386 -0.37519 -0.388514 -0.407367 -0.388513 -0.375188 -0.369383 -0.360326 -0.347589 -0.333217 -0.334062 
1.9 -5.43025 5 -0.33452 -0.333823 -0.348287 -0.360875 -0.369714 -0.375396 -0.388709 -0.40762 -0.388707 -0.375394 -0.369712 -0.360872 -0.348284 -0.333821 -0.334519 
1.91 -5.43655 5 -0.334992 -0.334436 -0.34898 -0.36141 -0.370032 -0.375597 -0.3889 -0.407868 -0.388899 -0.375595 -0.37003 -0.361407 -0.348978 -0.334433 -0.33499 
1.92 -5.44282 5 -0.335477 -0.335056 -0.34967 -0.361934 -0.370341 -0.375794 -0.38909 -0.408111 -0.389088 -0.375791 -0.370338 -0.361931 -0.349668 -0.335054 -0.335476 
1.93 -5.44907 5 -0.335977 -0.335685 -0.350356 -0.362446 -0.370639 -0.375985 -0.389277 -0.40835 -0.389276 -0.375983 -0.370636 -0.362443 -0.350354 -0.335682 -0.335976 
1.94 -5.45529 6 -0.336492 -0.33632 -0.351038 -0.362947 -0.370927 -0.376172 -0.389462 -0.408584 -0.389461 -0.37617 -0.370925 -0.362944 -0.351035 -0.336318 -0.336491 
1.95 -5.46148 6 -0.337021 -0.336962 -0.351715 -0.363436 -0.371207 -0.376355 -0.389645 -0.408814 -0.389644 -0.376353 -0.371204 -0.363433 -0.351712 -0.33696 -0.33702 
1.96 -5.46765 6 -0.337565 -0.33761 -0.352386 -0.363913 -0.371477 -0.376534 -0.389827 -0.40904 -0.389825 -0.376532 -0.371474 -0.363911 -0.352383 -0.337608 -0.337563 
1.97 -5.47379 6 -0.338123 -0.338264 -0.35305 -0.364379 -0.371738 -0.376709 -0.390006 -0.409262 -0.390005 -0.376707 -0.371735 -0.364376 -0.353048 -0.338261 -0.338121 
1.98 -5.47989 6 -0.338696 -0.338922 -0.353709 -0.364833 -0.37199 -0.37688 -0.390184 -0.409479 -0.390183 -0.376878 -0.371988 -0.36483 -0.353706 -0.33892 -0.338694 
1.99 -5.48597 6 -0.339283 -0.339585 -0.35436 -0.365275 -0.372234 -0.377048 -0.39036 -0.409692 -0.390359 -0.377046 -0.372231 -0.365273 -0.354357 -0.339583 -0.339281 
2 -5.49201 6 -0.339884 -0.340252 -0.355003 -0.365705 -0.372469 -0.377212 -0.390535 -0.409901 -0.390534 -0.37721 -0.372467 -0.365703 -0.355001 -0.340249 -0.339882 
2.01 -5.49801 6 -0.3405 -0.340921 -0.355639 -0.366124 -0.372696 -0.377373 -0.390708 -0.410105 -0.390707 -0.377371 -0.372694 -0.366122 -0.355636 -0.340919 -0.340498 
2.02 -5.50398 6 -0.341129 -0.341593 -0.356265 -0.366532 -0.372916 -0.377532 -0.39088 -0.410306 -0.390879 -0.377529 -0.372913 -0.366529 -0.356263 -0.341591 -0.341127 
2.03 -5.50992 6 -0.341772 -0.342267 -0.356883 -0.366927 -0.373127 -0.377687 -0.391051 -0.410503 -0.391049 -0.377685 -0.373125 -0.366925 -0.356881 -0.342264 -0.34177 
2.04 -5.51581 6 -0.342428 -0.342941 -0.357492 -0.367311 -0.373332 -0.37784 -0.39122 -0.410695 -0.391219 -0.377837 -0.373329 -0.367309 -0.357489 -0.342939 -0.342426 
2.05 -5.52166 6 -0.343098 -0.343616 -0.358091 -0.367684 -0.373529 -0.37799 -0.391388 -0.410884 -0.391387 -0.377988 -0.373526 -0.367682 -0.358088 -0.343614 -0.343096 
2.06 -5.52747 6 -0.343781 -0.344291 -0.35868 -0.368046 -0.373719 -0.378137 -0.391555 -0.411069 -0.391554 -0.378135 -0.373716 -0.368044 -0.358677 -0.344288 -0.343779 
2.07 -5.53324 6 -0.344476 -0.344965 -0.359259 -0.368397 -0.373902 -0.378283 -0.391721 -0.41125 -0.39172 -0.378281 -0.3739 -0.368394 -0.359256 -0.344962 -0.344474 
2.08 -5.53896 6 -0.345183 -0.345637 -0.359827 -0.368736 -0.374079 -0.378426 -0.391886 -0.411427 -0.391884 -0.378424 -0.374077 -0.368734 -0.359824 -0.345634 -0.345181 
2.09 -5.54463 6 -0.345902 -0.346307 -0.360384 -0.369065 -0.374249 -0.378567 -0.392049 -0.4116 -0.392048 -0.378565 -0.374247 -0.369063 -0.360382 -0.346304 -0.3459 
2.1 -5.55026 6 -0.346632 -0.346973 -0.360931 -0.369384 -0.374414 -0.378707 -0.392212 -0.41177 -0.392211 -0.378705 -0.374412 -0.369381 -0.360928 -0.346971 -0.34663 
2.11 -5.55584 6 -0.347372 -0.347636 -0.361466 -0.369692 -0.374572 -0.378845 -0.392375 -0.411936 -0.392374 -0.378843 -0.37457 -0.369689 -0.361464 -0.347634 -0.34737 
2.12 -5.56136 6 -0.348123 -0.348295 -0.36199 -0.369989 -0.374725 -0.378981 -0.392536 -0.412098 -0.392535 -0.378979 -0.374723 -0.369987 -0.361988 -0.348293 -0.348121 
2.13 -5.56684 6 -0.348884 -0.348949 -0.362503 -0.370277 -0.374873 -0.379116 -0.392696 -0.412256 -0.392695 -0.379114 -0.37487 -0.370274 -0.3625 -0.348946 -0.348882 
2.14 -5.57225 7 -0.349653 -0.349597 -0.363004 -0.370555 -0.375015 -0.379249 -0.392856 -0.412411 -0.392855 -0.379247 -0.375013 -0.370552 -0.363001 -0.349595 -0.349651 
2.15 -5.57762 7 -0.350431 -0.350239 -0.363493 -0.370823 -0.375152 -0.379381 -0.393015 -0.412562 -0.393014 -0.379379 -0.37515 -0.37082 -0.36349 -0.350237 -0.350429 
2.16 -5.58292 7 -0.351217 -0.350875 -0.36397 -0.371081 -0.375284 -0.379512 -0.393174 -0.41271 -0.393173 -0.37951 -0.375282 -0.371079 -0.363968 -0.350872 -0.351215 
2.17 -5.58817 7 -0.352009 -0.351503 -0.364436 -0.371331 -0.375412 -0.379642 -0.393331 -0.412854 -0.39333 -0.37964 -0.37541 -0.371328 -0.364434 -0.3515 -0.352008 
2.18 -5.59335 7 -0.352808 -0.352123 -0.36489 -0.371571 -0.375535 -0.379771 -0.393488 -0.412995 -0.393488 -0.379769 -0.375533 -0.371569 -0.364888 -0.35212 -0.352807 
2.19 -5.59848 7 -0.353613 -0.352735 -0.365332 -0.371803 -0.375654 -0.379899 -0.393645 -0.413132 -0.393644 -0.379897 -0.375652 -0.3718 -0.36533 -0.352732 -0.353611 
2.2 -5.60354 7 -0.354422 -0.353337 -0.365763 -0.372026 -0.375769 -0.380026 -0.393801 -0.413265 -0.3938 -0.380024 -0.375767 -0.372023 -0.36576 -0.353335 -0.354421 
2.21 -5.60854 7 -0.355236 -0.353931 -0.366181 -0.37224 -0.37588 -0.380153 -0.393956 -0.413396 -0.393955 -0.380151 -0.375878 -0.372238 -0.366179 -0.353928 -0.355234 
2.22 -5.61347 7 -0.356053 -0.354514 -0.366588 -0.372447 -0.375987 -0.380279 -0.394111 -0.413522 -0.39411 -0.380277 -0.375985 -0.372445 -0.366586 -0.354512 -0.356051 
2.23 -5.61833 7 -0.356872 -0.355087 -0.366983 -0.372645 -0.376091 -0.380404 -0.394265 -0.413646 -0.394265 -0.380402 -0.376089 -0.372643 -0.366981 -0.355085 -0.356871 
2.24 -5.62313 7 -0.357693 -0.35565 -0.367367 -0.372836 -0.376191 -0.380529 -0.394419 -0.413766 -0.394418 -0.380527 -0.376189 -0.372834 -0.367365 -0.355647 -0.357692 
2.25 -5.62785 7 -0.358515 -0.356201 -0.367739 -0.37302 -0.376288 -0.380654 -0.394572 -0.413883 -0.394572 -0.380652 -0.376286 -0.373018 -0.367737 -0.356199 -0.358514 
2.26 -5.63251 7 -0.359338 -0.356742 -0.3681 -0.373196 -0.376382 -0.380778 -0.394725 -0.413996 -0.394725 -0.380776 -0.37638 -0.373194 -0.368098 -0.356739 -0.359336 
2.27 -5.63709 7 -0.360159 -0.35727 -0.36845 -0.373365 -0.376473 -0.380902 -0.394878 -0.414107 -0.394877 -0.3809 -0.376471 -0.373363 -0.368448 -0.357267 -0.360158 
2.28 -5.6416 7 -0.360979 -0.357786 -0.368789 -0.373528 -0.376561 -0.381026 -0.39503 -0.414214 -0.395029 -0.381024 -0.376559 -0.373526 -0.368787 -0.357783 -0.360978 
2.29 -5.64603 7 -0.361796 -0.35829 -0.369117 -0.373684 -0.376647 -0.38115 -0.395181 -0.414318 -0.395181 -0.381148 -0.376645 -0.373681 -0.369114 -0.358287 -0.361795 
2.3 -5.6504 8 -0.362611 -0.358782 -0.369434 -0.373833 -0.37673 -0.381274 -0.395332 -0.414418 -0.395332 -0.381272 -0.376728 -0.373831 -0.369432 -0.358779 -0.36261 
2.31 -5.65468 8 -0.363421 -0.35926 -0.36974 -0.373976 -0.376811 -0.381397 -0.395483 -0.414516 -0.395482 -0.381395 -0.376809 -0.373974 -0.369738 -0.359257 -0.36342 
2.32 -5.65889 8 -0.364227 -0.359726 -0.370036 -0.374114 -0.376889 -0.381521 -0.395633 -0.41461 -0.395633 -0.381519 -0.376887 -0.374112 -0.370034 -0.359723 -0.364226 
2.33 -5.66302 8 -0.365027 -0.360179 -0.370322 -0.374246 -0.376966 -0.381644 -0.395783 -0.414702 -0.395782 -0.381642 -0.376964 -0.374243 -0.37032 -0.360176 -0.365027 
2.34 -5.66708 8 -0.365822 -0.360618 -0.370598 -0.374372 -0.37704 -0.381768 -0.395932 -0.41479 -0.395932 -0.381766 -0.377038 -0.374369 -0.370596 -0.360615 -0.365821 
2.35 -5.67105 8 -0.366609 -0.361044 -0.370864 -0.374492 -0.377113 -0.381892 -0.396081 -0.414875 -0.396081 -0.38189 -0.377111 -0.37449 -0.370862 -0.361041 -0.366608 
2.36 -5.67495 8 -0.367388 -0.361457 -0.37112 -0.374608 -0.377184 -0.382016 -0.39623 -0.414957 -0.396229 -0.382014 -0.377182 -0.374606 -0.371118 -0.361454 -0.367388 
2.37 -5.67877 8 -0.36816 -0.361856 -0.371367 -0.374719 -0.377253 -0.38214 -0.396378 -0.415037 -0.396377 -0.382138 -0.377251 -0.374717 -0.371365 -0.361853 -0.368159 
2.38 -5.68251 8 -0.368922 -0.362242 -0.371605 -0.374825 -0.377321 -0.382265 -0.396526 -0.415113 -0.396525 -0.382263 -0.377319 -0.374823 -0.371603 -0.362239 -0.368922 
2.39 -5.68617 8 -0.369675 -0.362614 -0.371834 -0.374926 -0.377387 -0.38239 -0.396673 -0.415187 -0.396672 -0.382388 -0.377385 -0.374924 -0.371831 -0.362611 -0.369675 
2.4 -5.68975 8 -0.370418 -0.362973 -0.372054 -0.375023 -0.377452 -0.382515 -0.39682 -0.415257 -0.396819 -0.382513 -0.37745 -0.375021 -0.372051 -0.36297 -0.370417 
2.41 -5.69325 8 -0.37115 -0.363318 -0.372265 -0.375116 -0.377516 -0.382641 -0.396966 -0.415325 -0.396966 -0.382639 -0.377514 -0.375114 -0.372262 -0.363315 -0.371149 
2.42 -5.69667 8 -0.37187 -0.36365 -0.372468 -0.375204 -0.377579 -0.382766 -0.397112 -0.41539 -0.397112 -0.382765 -0.377576 -0.375202 -0.372465 -0.363647 -0.37187 
2.43 -5.70002 8 -0.372579 -0.363968 -0.372662 -0.375289 -0.37764 -0.382893 -0.397257 -0.415452 -0.397257 -0.382891 -0.377638 -0.375287 -0.37266 -0.363965 -0.372579 
2.44 -5.70328 8 -0.373276 -0.364273 -0.372849 -0.37537 -0.377701 -0.383019 -0.397402 -0.415511 -0.397402 -0.383018 -0.377699 -0.375368 -0.372847 -0.36427 -0.373276 
2.45 -5.70646 8 -0.37396 -0.364565 -0.373028 -0.375448 -0.377761 -0.383147 -0.397547 -0.415567 -0.397547 -0.383145 -0.377759 -0.375445 -0.373025 -0.364562 -0.37396 
2.46 -5.70957 8 -0.374631 -0.364843 -0.373199 -0.375522 -0.37782 -0.383274 -0.397691 -0.415621 -0.397691 -0.383272 -0.377818 -0.37552 -0.373197 -0.36484 -0.374631 
2.47 -5.7126 8 -0.375289 -0.365109 -0.373363 -0.375592 -0.377878 -0.383402 -0.397835 -0.415672 -0.397834 -0.3834 -0.377876 -0.37559 -0.373361 -0.365106 -0.375289 
2.48 -5.71555 8 -0.375933 -0.365362 -0.37352 -0.37566 -0.377936 -0.383531 -0.397978 -0.415721 -0.397978 -0.383529 -0.377934 -0.375658 -0.373518 -0.365359 -0.375933 
2.49 -5.71842 8 -0.376563 -0.365602 -0.37367 -0.375725 -0.377993 -0.38366 -0.39812 -0.415767 -0.39812 -0.383658 -0.377991 -0.375723 -0.373668 -0.365599 -0.376563 
2.5 -5.72122 8 -0.377179 -0.36583 -0.373813 -0.375786 -0.37805 -0.38379 -0.398263 -0.41581 -0.398262 -0.383788 -0.378048 -0.375784 -0.373811 -0.365827 -0.377179 
2.51 -5.72394 8 -0.37778 -0.366045 -0.37395 -0.375846 -0.378106 -0.38392 -0.398404 -0.415851 -0.398404 -0.383918 -0.378104 -0.375844 -0.373947 -0.366042 -0.37778 
2.52 -5.72659 8 -0.378367 -0.366248 -0.37408 -0.375902 -0.378162 -0.38405 -0.398545 -0.415889 -0.398545 -0.384049 -0.37816 -0.3759 -0.374078 -0.366245 -0.378367 
2.53 -5.72916 8 -0.378938 -0.366439 -0.374204 -0.375956 -0.378218 -0.384182 -0.398686 -0.415925 -0.398685 -0.38418 -0.378216 -0.375954 -0.374202 -0.366436 -0.378939 
2.54 -5.73166 8 -0.379495 -0.366619 -0.374322 -0.376008 -0.378274 -0.384313 -0.398826 -0.415958 -0.398825 -0.384312 -0.378271 -0.376006 -0.37432 -0.366616 -0.379495 
2.55 -5.73409 8 -0.380037 -0.366786 -0.374435 -0.376057 -0.378329 -0.384446 -0.398965 -0.415989 -0.398965 -0.384444 -0.378327 -0.376055 -0.374432 -0.366784 -0.380037 
2.56 -5.73644 8 -0.380564 -0.366943 -0.374542 -0.376105 -0.378384 -0.384579 -0.399104 -0.416017 -0.399104 -0.384577 -0.378382 -0.376103 -0.374539 -0.36694 -0.380564 
2.57 -5.73873 8 -0.381075 -0.367088 -0.374643 -0.37615 -0.378439 -0.384712 -0.399242 -0.416043 -0.399242 -0.38471 -0.378437 -0.376148 -0.374641 -0.367086 -0.381076 
2.58 -5.74095 8 -0.381572 -0.367223 -0.374739 -0.376193 -0.378494 -0.384846 -0.39938 -0.416067 -0.399379 -0.384844 -0.378492 -0.376191 -0.374737 -0.36722 -0.381572 
2.59 -5.7431 8 -0.382053 -0.367347 -0.37483 -0.376235 -0.378549 -0.384981 -0.399517 -0.416088 -0.399516 -0.384979 -0.378547 -0.376233 -0.374828 -0.367344 -0.382054 
2.6 -5.74518 8 -0.382519 -0.36746 -0.374916 -0.376275 -0.378604 -0.385116 -0.399653 -0.416107 -0.399653 -0.385114 -0.378602 -0.376273 -0.374914 -0.367457 -0.38252 
2.61 -5.7472 8 -0.382971 -0.367564 -0.374997 -0.376313 -0.37866 -0.385252 -0.399789 -0.416124 -0.399788 -0.38525 -0.378658 -0.376311 -0.374995 -0.367561 -0.382971 
2.62 -5.74916 8 -0.383407 -0.367657 -0.375074 -0.37635 -0.378715 -0.385388 -0.399924 -0.416139 -0.399924 -0.385386 -0.378713 -0.376348 -0.375072 -0.367654 -0.383408 
2.63 -5.75105 8 -0.383829 -0.367741 -0.375146 -0.376385 -0.378771 -0.385525 -0.400058 -0.416151 -0.400058 -0.385523 -0.378769 -0.376384 -0.375144 -0.367738 -0.383829 
2.64 -5.75288 8 -0.384235 -0.367815 -0.375214 -0.37642 -0.378827 -0.385662 -0.400192 -0.416161 -0.400192 -0.38566 -0.378825 -0.376418 -0.375212 -0.367812 -0.384236 
2.65 -5.75465 8 -0.384628 -0.36788 -0.375278 -0.376452 -0.378883 -0.3858 -0.400325 -0.416169 -0.400325 -0.385798 -0.378881 -0.37645 -0.375275 -0.367877 -0.384628 
2.66 -5.75636 8 -0.385006 -0.367936 -0.375337 -0.376484 -0.378939 -0.385939 -0.400457 -0.416176 -0.400457 -0.385937 -0.378937 -0.376482 -0.375335 -0.367933 -0.385006 
2.67 -5.75801 8 -0.385369 -0.367983 -0.375393 -0.376514 -0.378996 -0.386078 -0.400588 -0.41618 -0.400588 -0.386076 -0.378994 -0.376512 -0.375391 -0.36798 -0.38537 
2.68 -5.75961 8 -0.385719 -0.368022 -0.375445 -0.376544 -0.379053 -0.386217 -0.400719 -0.416182 -0.400719 -0.386216 -0.379051 -0.376542 -0.375442 -0.368019 -0.38572 
2.69 -5.76115 9 -0.386055 -0.368053 -0.375493 -0.376572 -0.379111 -0.386358 -0.400849 -0.416182 -0.400849 -0.386356 -0.379109 -0.37657 -0.375491 -0.36805 -0.386056 
2.7 -5.76264 9 -0.386377 -0.368075 -0.375538 -0.376599 -0.379169 -0.386498 -0.400978 -0.41618 -0.400978 -0.386497 -0.379167 -0.376598 -0.375535 -0.368072 -0.386378 
2.71 -5.76408 9 -0.386686 -0.36809 -0.375579 -0.376626 -0.379228 -0.38664 -0.401107 -0.416176 -0.401107 -0.386638 -0.379226 -0.376624 -0.375576 -0.368087 -0.386687 
2.72 -5.76546 9 -0.386982 -0.368098 -0.375617 -0.376652 -0.379287 -0.386781 -0.401234 -0.41617 -0.401235 -0.38678 -0.379285 -0.37665 -0.375614 -0.368095 -0.386983 
2.73 -5.7668 9 -0.387265 -0.368098 -0.375652 -0.376677 -0.379346 -0.386923 -0.401361 -0.416163 -0.401361 -0.386922 -0.379344 -0.376675 -0.375649 -0.368095 -0.387266 
2.74 -5.76809 9 -0.387536 -0.368091 -0.375683 -0.376701 -0.379406 -0.387066 -0.401487 -0.416154 -0.401487 -0.387065 -0.379404 -0.3767 -0.375681 -0.368088 -0.387536 
2.75 -5.76933 9 -0.387794 -0.368078 -0.375712 -0.376725 -0.379467 -0.387209 -0.401612 -0.416143 -0.401613 -0.387208 -0.379465 -0.376723 -0.375709 -0.368075 -0.387795 
2.76 -5.77052 9 -0.38804 -0.368057 -0.375737 -0.376748 -0.379528 -0.387353 -0.401737 -0.41613 -0.401737 -0.387351 -0.379526 -0.376747 -0.375735 -0.368055 -0.388041 
2.77 -5.77167 9 -0.388274 -0.368031 -0.37576 -0.376771 -0.37959 -0.387497 -0.40186 -0.416115 -0.40186 -0.387495 -0.379588 -0.376769 -0.375757 -0.368028 -0.388275 
2.78 -5.77278 9 -0.388497 -0.367998 -0.37578 -0.376793 -0.379652 -0.387642 -0.401983 -0.416099 -0.401983 -0.38764 -0.37965 -0.376792 -0.375777 -0.367996 -0.388497 
2.79 -5.77384 9 -0.388708 -0.36796 -0.375797 -0.376815 -0.379715 -0.387787 -0.402104 -0.416081 -0.402105 -0.387785 -0.379713 -0.376813 -0.375795 -0.367957 -0.388709 
2.8 -5.77487 9 -0.388908 -0.367916 -0.375812 -0.376837 -0.379779 -0.387932 -0.402225 -0.416062 -0.402225 -0.38793 -0.379777 -0.376835 -0.375809 -0.367913 -0.388909 
2.81 -5.77586 9 -0.389098 -0.367867 -0.375824 -0.376858 -0.379843 -0.388078 -0.402345 -0.416041 -0.402345 -0.388076 -0.379841 -0.376856 -0.375821 -0.367864 -0.389099 
2.82 -5.7768 9 -0.389277 -0.367812 -0.375834 -0.376878 -0.379908 -0.388224 -0.402464 -0.416018 -0.402464 -0.388222 -0.379906 -0.376877 -0.375831 -0.367809 -0.389278 
2.83 -5.77771 9 -0.389446 -0.367752 -0.375841 -0.376899 -0.379974 -0.38837 -0.402582 -0.415994 -0.402582 -0.388369 -0.379972 -0.376897 -0.375838 -0.36775 -0.389447 
2.84 -5.77859 9 -0.389605 -0.367688 -0.375846 -0.376919 -0.38004 -0.388517 -0.402699 -0.415969 -0.402699 -0.388516 -0.380038 -0.376917 -0.375843 -0.367685 -0.389606 
2.85 -5.77943 9 -0.389755 -0.367619 -0.375849 -0.376939 -0.380107 -0.388665 -0.402815 -0.415942 -0.402815 -0.388663 -0.380105 -0.376937 -0.375846 -0.367616 -0.389756 
2.86 -5.78024 9 -0.389895 -0.367545 -0.37585 -0.376959 -0.380175 -0.388812 -0.40293 -0.415913 -0.40293 -0.388811 -0.380173 -0.376957 -0.375847 -0.367543 -0.389896 
2.87 -5.78101 10 -0.390026 -0.367468 -0.375848 -0.376978 -0.380244 -0.38896 -0.403044 -0.415883 -0.403045 -0.388959 -0.380242 -0.376977 -0.375845 -0.367465 -0.390027 
2.88 -5.78176 10 -0.390149 -0.367386 -0.375845 -0.376998 -0.380313 -0.389108 -0.403157 -0.415852 -0.403158 -0.389107 -0.380311 -0.376996 -0.375841 -0.367384 -0.39015 
2.89 -5.78247 10 -0.390263 -0.367301 -0.375839 -0.377018 -0.380383 -0.389257 -0.403269 -0.41582 -0.40327 -0.389255 -0.380381 -0.377016 -0.375836 -0.367299 -0.390264 
2.9 -5.78315 10 -0.390368 -0.367212 -0.375831 -0.377037 -0.380454 -0.389406 -0.403381 -0.415786 -0.403381 -0.389404 -0.380452 -0.377035 -0.375828 -0.36721 -0.390369 
2.91 -5.78381 10 -0.390466 -0.36712 -0.375822 -0.377056 -0.380525 -0.389555 -0.403491 -0.415752 -0.403491 -0.389553 -0.380523 -0.377055 -0.375818 -0.367117 -0.390467 
2.92 -5.78444 10 -0.390555 -0.367024 -0.37581 -0.377076 -0.380598 -0.389704 -0.4036 -0.415716 -0.4036 -0.389703 -0.380596 -0.377074 -0.375807 -0.367022 -0.390556 
2.93 -5.78504 10 -0.390638 -0.366926 -0.375797 -0.377095 -0.380671 -0.389853 -0.403707 -0.415678 -0.403708 -0.389852 -0.380669 -0.377093 -0.375794 -0.366923 -0.390639 
2.94 -5.78562 10 -0.390713 -0.366824 -0.375782 -0.377114 -0.380745 -0.390003 -0.403814 -0.41564 -0.403815 -0.390002 -0.380743 -0.377113 -0.375778 -0.366822 -0.390714 
2.95 -5.78617 10 -0.39078 -0.36672 -0.375765 -0.377134 -0.38082 -0.390153 -0.40392 -0.4156 -0.40392 -0.390152 -0.380818 -0.377132 -0.375761 -0.366718 -0.390781 
2.96 -5.78671 10 -0.390842 -0.366613 -0.375746 -0.377153 -0.380895 -0.390303 -0.404025 -0.41556 -0.404025 -0.390302 -0.380893 -0.377152 -0.375743 -0.366611 -0.390843 
2.97 -5.78721 10 -0.390896 -0.366504 -0.375726 -0.377173 -0.380971 -0.390453 -0.404128 -0.415518 -0.404129 -0.390452 -0.380969 -0.377171 -0.375722 -0.366502 -0.390897 
2.98 -5.7877 10 -0.390944 -0.366393 -0.375704 -0.377193 -0.381049 -0.390604 -0.404231 -0.415476 -0.404231 -0.390602 -0.381047 -0.377191 -0.3757 -0.36639 -0.390945 
2.99 -5.78816 10 -0.390986 -0.366279 -0.37568 -0.377213 -0.381126 -0.390754 -0.404332 -0.415432 -0.404333 -0.390753 -0.381124 -0.377211 -0.375676 -0.366277 -0.390987 
3 -5.78861 10 -0.391022 -0.366164 -0.375654 -0.377233 -0.381205 -0.390905 -0.404433 -0.415388 -0.404433 -0.390903 -0.381203 -0.377231 -0.375651 -0.366162 -0.391023 
3.01 -5.78904 10 -0.391052 -0.366047 -0.375628 -0.377253 -0.381285 -0.391055 -0.404532 -0.415342 -0.404532 -0.391054 -0.381283 -0.377251 -0.375624 -0.366044 -0.391053 
3.02 -5.78944 10 -0.391077 -0.365928 -0.375599 -0.377273 -0.381365 -0.391206 -0.40463 -0.415296 -0.40463 -0.391205 -0.381363 -0.377271 -0.375595 -0.365926 -0.391078 
3.03 -5.78983 10 -0.391096 -0.365808 -0.375569 -0.377293 -0.381446 -0.391357 -0.404727 -0.415249 -0.404727 -0.391356 -0.381444 -0.377292 -0.375565 -0.365805 -0.391097 
3.04 -5.79021 10 -0.391111 -0.365686 -0.375537 -0.377314 -0.381528 -0.391508 -0.404823 -0.415201 -0.404823 -0.391507 -0.381526 -0.377312 -0.375534 -0.365684 -0.391112 
3.05 -5.79056 10 -0.39112 -0.365563 -0.375504 -0.377335 -0.381611 -0.391659 -0.404917 -0.415153 -0.404918 -0.391657 -0.381609 -0.377333 -0.375501 -0.365561 -0.391121 
3.06 -5.7909 10 -0.391124 -0.36544 -0.37547 -0.377356 -0.381694 -0.391809 -0.405011 -0.415103 -0.405011 -0.391808 -0.381692 -0.377354 -0.375466 -0.365437 -0.391125 
3.07 -5.79123 10 -0.391124 -0.365315 -0.375434 -0.377377 -0.381779 -0.39196 -0.405103 -0.415053 -0.405104 -0.391959 -0.381777 -0.377375 -0.37543 -0.365312 -0.391125 
3.08 -5.79154 10 -0.391119 -0.365189 -0.375396 -0.377399 -0.381864 -0.392111 -0.405194 -0.415002 -0.405195 -0.39211 -0.381862 -0.377397 -0.375392 -0.365187 -0.39112 
3.09 -5.79183 10 -0.39111 -0.365063 -0.375357 -0.37742 -0.38195 -0.392262 -0.405285 -0.41495 -0.405285 -0.392261 -0.381948 -0.377419 -0.375353 -0.36506 -0.391111 
3.1 -5.79212 10 -0.391097 -0.364936 -0.375317 -0.377442 -0.382036 -0.392412 -0.405373 -0.414898 -0.405374 -0.392411 -0.382035 -0.37744 -0.375313 -0.364933 -0.391098 
3.11 -5.79239 10 -0.39108 -0.364808 -0.375275 -0.377464 -0.382124 -0.392563 -0.405461 -0.414846 -0.405462 -0.392562 -0.382122 -0.377463 -0.375271 -0.364806 -0.391081 
3.12 -5.79265 11 -0.391059 -0.364681 -0.375232 -0.377487 -0.382212 -0.392713 -0.405548 -0.414792 -0.405548 -0.392712 -0.38221 -0.377485 -0.375228 -0.364678 -0.39106 
3.13 -5.79289 11 -0.391034 -0.364553 -0.375188 -0.377509 -0.382301 -0.392864 -0.405633 -0.414738 -0.405633 -0.392863 -0.3823 -0.377508 -0.375184 -0.36455 -0.391035 
3.14 -5.79313 11 -0.391005 -0.364424 -0.375142 -0.377532 -0.382391 -0.393014 -0.405717 -0.414684 -0.405718 -0.393013 -0.382389 -0.377531 -0.375138 -0.364422 -0.391006 
3.15 -5.79335 11 -0.390973 -0.364296 -0.375095 -0.377555 -0.382482 -0.393164 -0.4058 -0.414629 -0.4058 -0.393163 -0.38248 -0.377554 -0.375091 -0.364294 -0.390974 
3.16 -5.79356 11 -0.390938 -0.364168 -0.375046 -0.377579 -0.382573 -0.393314 -0.405882 -0.414574 -0.405882 -0.393313 -0.382571 -0.377577 -0.375042 -0.364166 -0.390939 
3.17 -5.79377 11 -0.3909 -0.36404 -0.374996 -0.377603 -0.382665 -0.393463 -0.405962 -0.414518 -0.405963 -0.393462 -0.382664 -0.377601 -0.374992 -0.364038 -0.390901 
3.18 -5.79396 11 -0.390858 -0.363913 -0.374945 -0.377627 -0.382758 -0.393613 -0.406042 -0.414462 -0.406042 -0.393612 -0.382756 -0.377625 -0.374941 -0.36391 -0.390859 
3.19 -5.79415 11 -0.390813 -0.363785 -0.374893 -0.377651 -0.382852 -0.393762 -0.40612 -0.414405 -0.40612 -0.393761 -0.38285 -0.377649 -0.374889 -0.363783 -0.390814 
3.2 -5.79432 11 -0.390766 -0.363658 -0.374839 -0.377675 -0.382946 -0.393911 -0.406197 -0.414348 -0.406197 -0.39391 -0.382945 -0.377674 -0.374835 -0.363656 -0.390767 
3.21 -5.79449 11 -0.390715 -0.363532 -0.374784 -0.3777 -0.383041 -0.39406 -0.406273 -0.414291 -0.406273 -0.394059 -0.38304 -0.377699 -0.37478 -0.36353 -0.390716 
3.22 -5.79465 11 -0.390662 -0.363407 -0.374728 -0.377725 -0.383137 -0.394208 -0.406347 -0.414233 -0.406348 -0.394207 -0.383136 -0.377724 -0.374724 -0.363405 -0.390663 
3.23 -5.79481 11 -0.390607 -0.363282 -0.37467 -0.377751 -0.383234 -0.394356 -0.406421 -0.414175 -0.406421 -0.394355 -0.383232 -0.377749 -0.374666 -0.36328 -0.390608 
3.24 -5.79495 11 -0.390548 -0.363158 -0.374611 -0.377776 -0.383331 -0.394504 -0.406493 -0.414117 -0.406493 -0.394503 -0.383329 -0.377775 -0.374607 -0.363156 -0.390549 
3.25 -5.79509 11 -0.390488 -0.363034 -0.374551 -0.377802 -0.383429 -0.394651 -0.406564 -0.414059 -0.406564 -0.39465 -0.383427 -0.377801 -0.374547 -0.363032 -0.390489 
3.26 -5.79522 12 -0.390425 -0.362912 -0.37449 -0.377829 -0.383528 -0.394798 -0.406634 -0.414 -0.406634 -0.394797 -0.383526 -0.377827 -0.374486 -0.36291 -0.390426 
3.27 -5.79535 12 -0.390359 -0.362791 -0.374427 -0.377855 -0.383627 -0.394945 -0.406702 -0.413941 -0.406703 -0.394944 -0.383626 -0.377853 -0.374423 -0.362789 -0.39036 
3.28 -5.79547 12 -0.390292 -0.362671 -0.374363 -0.377882 -0.383727 -0.395091 -0.40677 -0.413882 -0.40677 -0.39509 -0.383726 -0.37788 -0.374359 -0.362669 -0.390293 
3.29 -5.79558 12 -0.390222 -0.362552 -0.374299 -0.377909 -0.383828 -0.395237 -0.406836 -0.413823 -0.406837 -0.395236 -0.383826 -0.377907 -0.374294 -0.36255 -0.390223 
3.3 -5.79569 12 -0.39015 -0.362434 -0.374232 -0.377936 -0.383929 -0.395383 -0.406901 -0.413764 -0.406902 -0.395382 -0.383928 -0.377934 -0.374228 -0.362432 -0.390151 
3.31 -5.79579 12 -0.390077 -0.362318 -0.374165 -0.377964 -0.384031 -0.395528 -0.406965 -0.413705 -0.406966 -0.395527 -0.38403 -0.377962 -0.374161 -0.362316 -0.390078 
3.32 -5.79589 12 -0.390001 -0.362203 -0.374096 -0.377992 -0.384134 -0.395672 -0.407028 -0.413645 -0.407028 -0.395671 -0.384133 -0.37799 -0.374092 -0.362201 -0.390002 
3.33 -5.79598 12 -0.389923 -0.362089 -0.374027 -0.37802 -0.384237 -0.395816 -0.407089 -0.413586 -0.40709 -0.395815 -0.384236 -0.378018 -0.374023 -0.362087 -0.389924 
3.34 -5.79607 12 -0.389844 -0.361977 -0.373956 -0.378048 -0.384341 -0.39596 -0.40715 -0.413526 -0.40715 -0.395959 -0.38434 -0.378046 -0.373952 -0.361975 -0.389845 
3.35 -5.79615 12 -0.389763 -0.361866 -0.373884 -0.378077 -0.384446 -0.396103 -0.407209 -0.413467 -0.407209 -0.396102 -0.384444 -0.378075 -0.37388 -0.361865 -0.389764 
3.36 -5.79623 12 -0.38968 -0.361758 -0.373811 -0.378106 -0.384551 -0.396246 -0.407267 -0.413407 -0.407267 -0.396245 -0.38455 -0.378104 -0.373807 -0.361756 -0.389681 
3.37 -5.79631 12 -0.389595 -0.36165 -0.373736 -0.378135 -0.384657 -0.396388 -0.407324 -0.413348 -0.407324 -0.396387 -0.384655 -0.378133 -0.373732 -0.361649 -0.389596 
3.38 -5.79638 12 -0.389509 -0.361545 -0.373661 -0.378165 -0.384763 -0.396529 -0.407379 -0.413288 -0.40738 -0.396528 -0.384762 -0.378163 -0.373657 -0.361543 -0.38951 
3.39 -5.79645 13 -0.389421 -0.361441 -0.373584 -0.378194 -0.38487 -0.39667 -0.407434 -0.413229 -0.407435 -0.396669 -0.384869 -0.378193 -0.37358 -0.361439 -0.389422 
3.4 -5.79652 13 -0.389332 -0.361339 -0.373507 -0.378224 -0.384977 -0.39681 -0.407487 -0.41317 -0.407488 -0.39681 -0.384976 -0.378222 -0.373503 -0.361337 -0.389333 
3.41 -5.79658 13 -0.389241 -0.361239 -0.373428 -0.378255 -0.385085 -0.39695 -0.40754 -0.413111 -0.40754 -0.396949 -0.385084 -0.378253 -0.373424 -0.361237 -0.389242 
3.42 -5.79664 13 -0.389149 -0.361141 -0.373348 -0.378285 -0.385194 -0.397089 -0.407591 -0.413051 -0.407591 -0.397088 -0.385192 -0.378283 -0.373344 -0.361139 -0.389149 
3.43 -5.79669 13 -0.389055 -0.361045 -0.373267 -0.378316 -0.385303 -0.397228 -0.407641 -0.412992 -0.407641 -0.397227 -0.385301 -0.378314 -0.373263 -0.361043 -0.389056 
3.44 -5.79674 13 -0.38896 -0.36095 -0.373186 -0.378347 -0.385412 -0.397366 -0.40769 -0.412934 -0.40769 -0.397365 -0.385411 -0.378345 -0.373181 -0.360949 -0.38896 
3.45 -5.7968 13 -0.388863 -0.360858 -0.373103 -0.378378 -0.385522 -0.397503 -0.407737 -0.412875 -0.407738 -0.397502 -0.385521 -0.378376 -0.373098 -0.360856 -0.388864 
3.46 -5.79684 13 -0.388765 -0.360768 -0.373019 -0.378409 -0.385633 -0.397639 -0.407784 -0.412817 -0.407785 -0.397638 -0.385631 -0.378407 -0.373014 -0.360766 -0.388766 
3.47 -5.79689 13 -0.388666 -0.36068 -0.372934 -0.378441 -0.385744 -0.397775 -0.40783 -0.412758 -0.40783 -0.397774 -0.385742 -0.378439 -0.372929 -0.360678 -0.388667 
3.48 -5.79693 13 -0.388566 -0.360594 -0.372848 -0.378473 -0.385855 -0.39791 -0.407874 -0.4127 -0.407875 -0.397909 -0.385854 -0.378471 -0.372844 -0.360592 -0.388567 
3.49 -5.79697 13 -0.388464 -0.36051 -0.372761 -0.378505 -0.385967 -0.398044 -0.407918 -0.412642 -0.407918 -0.398044 -0.385966 -0.378503 -0.372757 -0.360508 -0.388465 
3.5 -5.79701 13 -0.388361 -0.360428 -0.372673 -0.378537 -0.386079 -0.398178 -0.40796 -0.412585 -0.40796 -0.398177 -0.386078 -0.378535 -0.372669 -0.360427 -0.388362 
3.51 -5.79705 13 -0.388257 -0.360349 -0.372584 -0.37857 -0.386192 -0.398311 -0.408001 -0.412527 -0.408002 -0.39831 -0.386191 -0.378568 -0.37258 -0.360347 -0.388258 
3.52 -5.79708 13 -0.388152 -0.360272 -0.372494 -0.378602 -0.386305 -0.398443 -0.408041 -0.41247 -0.408042 -0.398442 -0.386304 -0.3786 -0.37249 -0.36027 -0.388153 
3.53 -5.79711 13 -0.388046 -0.360197 -0.372404 -0.378635 -0.386418 -0.398574 -0.40808 -0.412414 -0.408081 -0.398574 -0.386417 -0.378633 -0.372399 -0.360195 -0.388047 
3.54 -5.79715 13 -0.387938 -0.360124 -0.372312 -0.378668 -0.386532 -0.398705 -0.408119 -0.412357 -0.408119 -0.398704 -0.386531 -0.378666 -0.372308 -0.360123 -0.387939 
3.55 -5.79718 13 -0.38783 -0.360054 -0.37222 -0.378702 -0.386646 -0.398835 -0.408156 -0.412301 -0.408156 -0.398834 -0.386645 -0.378699 -0.372215 -0.360052 -0.387831 
3.56 -5.7972 13 -0.38772 -0.359986 -0.372126 -0.378735 -0.386761 -0.398964 -0.408192 -0.412245 -0.408192 -0.398963 -0.38676 -0.378733 -0.372122 -0.359984 -0.387721 
3.57 -5.79723 14 -0.38761 -0.35992 -0.372032 -0.378768 -0.386876 -0.399092 -0.408227 -0.412189 -0.408227 -0.399091 -0.386874 -0.378766 -0.372028 -0.359919 -0.387611 
3.58 -5.79726 14 -0.387498 -0.359857 -0.371937 -0.378802 -0.386991 -0.399219 -0.408261 -0.412134 -0.408261 -0.399219 -0.38699 -0.3788 -0.371933 -0.359856 -0.387499 
3.59 -5.79728 14 -0.387385 -0.359796 -0.371841 -0.378836 -0.387106 -0.399346 -0.408294 -0.412079 -0.408294 -0.399345 -0.387105 -0.378833 -0.371837 -0.359795 -0.387386 
3.6 -5.7973 14 -0.387272 -0.359738 -0.371745 -0.37887 -0.387222 -0.399471 -0.408326 -0.412025 -0.408326 -0.399471 -0.387221 -0.378867 -0.371741 -0.359736 -0.387273 
3.61 -5.79732 14 -0.387157 -0.359682 -0.371648 -0.378904 -0.387338 -0.399596 -0.408357 -0.41197 -0.408357 -0.399595 -0.387337 -0.378902 -0.371644 -0.35968 -0.387158 
3.62 -5.79734 14 -0.387042 -0.359628 -0.37155 -0.378938 -0.387454 -0.39972 -0.408387 -0.411916 -0.408387 -0.399719 -0.387453 -0.378936 -0.371546 -0.359626 -0.387042 
3.63 -5.79736 14 -0.386925 -0.359577 -0.371451 -0.378973 -0.38757 -0.399843 -0.408416 -0.411863 -0.408416 -0.399842 -0.387569 -0.37897 -0.371447 -0.359575 -0.386926 
3.64 -5.79738 14 -0.386808 -0.359528 -0.371352 -0.379007 -0.387687 -0.399965 -0.408444 -0.41181 -0.408445 -0.399964 -0.387686 -0.379005 -0.371348 -0.359526 -0.386808 
3.65 -5.7974 15 -0.386689 -0.359481 -0.371252 -0.379042 -0.387804 -0.400086 -0.408471 -0.411757 -0.408472 -0.400085 -0.387803 -0.379039 -0.371248 -0.35948 -0.38669 
3.66 -5.79741 15 -0.38657 -0.359437 -0.371151 -0.379076 -0.387921 -0.400206 -0.408498 -0.411705 -0.408498 -0.400205 -0.38792 -0.379074 -0.371147 -0.359436 -0.386571 
3.67 -5.79743 15 -0.38645 -0.359396 -0.37105 -0.379111 -0.388038 -0.400325 -0.408523 -0.411653 -0.408523 -0.400325 -0.388037 -0.379109 -0.371046 -0.359394 -0.386451 
3.68 -5.79744 15 -0.386329 -0.359356 -0.370948 -0.379146 -0.388155 -0.400443 -0.408547 -0.411602 -0.408548 -0.400443 -0.388154 -0.379143 -0.370944 -0.359355 -0.38633 
3.69 -5.79746 15 -0.386207 -0.35932 -0.370846 -0.379181 -0.388272 -0.400561 -0.408571 -0.411551 -0.408572 -0.40056 -0.388272 -0.379178 -0.370842 -0.359318 -0.386208 
3.7 -5.79747 15 -0.386085 -0.359285 -0.370743 -0.379216 -0.38839 -0.400677 -0.408594 -0.4115 -0.408594 -0.400677 -0.388389 -0.379213 -0.370739 -0.359284 -0.386086 
3.71 -5.79748 15 -0.385961 -0.359253 -0.370639 -0.379251 -0.388508 -0.400792 -0.408616 -0.41145 -0.408616 -0.400792 -0.388507 -0.379248 -0.370636 -0.359252 -0.385962 
3.72 -5.7975 15 -0.385837 -0.359224 -0.370536 -0.379286 -0.388625 -0.400907 -0.408637 -0.4114 -0.408637 -0.400906 -0.388624 -0.379284 -0.370532 -0.359222 -0.385838 
3.73 -5.79751 15 -0.385712 -0.359197 -0.370431 -0.379322 -0.388743 -0.40102 -0.408657 -0.411351 -0.408657 -0.40102 -0.388742 -0.379319 -0.370428 -0.359195 -0.385713 
3.74 -5.79752 15 -0.385586 -0.359172 -0.370327 -0.379357 -0.388861 -0.401132 -0.408676 -0.411302 -0.408677 -0.401132 -0.38886 -0.379354 -0.370323 -0.35917 -0.385587 
3.75 -5.79753 15 -0.38546 -0.35915 -0.370222 -0.379392 -0.388979 -0.401244 -0.408694 -0.411254 -0.408695 -0.401243 -0.388978 -0.379389 -0.370218 -0.359148 -0.385461 
3.76 -5.79754 16 -0.385333 -0.35913 -0.370116 -0.379428 -0.389097 -0.401354 -0.408712 -0.411206 -0.408713 -0.401354 -0.389096 -0.379425 -0.370113 -0.359128 -0.385333 
3.77 -5.79754 16 -0.385205 -0.359112 -0.370011 -0.379463 -0.389215 -0.401463 -0.408729 -0.411158 -0.40873 -0.401463 -0.389214 -0.37946 -0.370007 -0.359111 -0.385205 
3.78 -5.79755 16 -0.385076 -0.359097 -0.369905 -0.379498 -0.389332 -0.401571 -0.408745 -0.411111 -0.408746 -0.401571 -0.389332 -0.379495 -0.369901 -0.359095 -0.385077 
3.79 -5.79756 16 -0.384947 -0.359084 -0.369798 -0.379534 -0.38945 -0.401679 -0.40876 -0.411065 -0.408761 -0.401678 -0.389449 -0.379531 -0.369795 -0.359083 -0.384947 
3.8 -5.79757 16 -0.384817 -0.359074 -0.369692 -0.379569 -0.389568 -0.401785 -0.408775 -0.411018 -0.408775 -0.401785 -0.389567 -0.379566 -0.369689 -0.359072 -0.384817 
3.81 -5.79758 16 -0.384686 -0.359066 -0.369585 -0.379604 -0.389685 -0.40189 -0.408789 -0.410973 -0.408789 -0.40189 -0.389685 -0.379601 -0.369582 -0.359064 -0.384687 
3.82 -5.79758 16 -0.384555 -0.35906 -0.369478 -0.37964 -0.389803 -0.401994 -0.408802 -0.410928 -0.408802 -0.401994 -0.389802 -0.379636 -0.369475 -0.359058 -0.384555 
3.83 -5.79759 16 -0.384423 -0.359056 -0.369372 -0.379675 -0.38992 -0.402097 -0.408814 -0.410883 -0.408815 -0.402096 -0.38992 -0.379672 -0.369368 -0.359054 -0.384423 
3.84 -5.79759 17 -0.38429 -0.359055 -0.369265 -0.37971 -0.390038 -0.402198 -0.408826 -0.410839 -0.408826 -0.402198 -0.390037 -0.379707 -0.369261 -0.359053 -0.384291 
3.85 -5.7976 17 -0.384157 -0.359056 -0.369157 -0.379745 -0.390155 -0.402299 -0.408837 -0.410795 -0.408837 -0.402299 -0.390154 -0.379742 -0.369154 -0.359054 -0.384158 
3.86 -5.7976 17 -0.384023 -0.359059 -0.36905 -0.379781 -0.390272 -0.402399 -0.408847 -0.410752 -0.408847 -0.402399 -0.390271 -0.379777 -0.369047 -0.359057 -0.384024 
3.87 -5.79761 17 -0.383889 -0.359064 -0.368943 -0.379816 -0.390389 -0.402497 -0.408856 -0.410709 -0.408857 -0.402497 -0.390388 -0.379812 -0.36894 -0.359062 -0.383889 
3.88 -5.79761 17 -0.383754 -0.359072 -0.368836 -0.379851 -0.390505 -0.402595 -0.408865 -0.410667 -0.408866 -0.402594 -0.390505 -0.379847 -0.368834 -0.35907 -0.383754 
3.89 -5.79762 17 -0.383618 -0.359082 -0.36873 -0.379886 -0.390622 -0.402691 -0.408873 -0.410625 -0.408874 -0.402691 -0.390621 -0.379882 -0.368727 -0.35908 -0.383619 
3.9 -5.79762 17 -0.383482 -0.359093 -0.368623 -0.379921 -0.390738 -0.402786 -0.408881 -0.410584 -0.408882 -0.402786 -0.390737 -0.379917 -0.36862 -0.359091 -0.383483 
3.91 -5.79763 17 -0.383346 -0.359107 -0.368516 -0.379955 -0.390854 -0.40288 -0.408888 -0.410543 -0.408888 -0.40288 -0.390853 -0.379952 -0.368514 -0.359105 -0.383346 
3.92 -5.79763 17 -0.383209 -0.359123 -0.36841 -0.37999 -0.390969 -0.402973 -0.408894 -0.410502 -0.408895 -0.402973 -0.390969 -0.379987 -0.368407 -0.359121 -0.383209 
3.93 -5.79763 17 -0.383071 -0.359141 -0.368304 -0.380025 -0.391084 -0.403064 -0.4089 -0.410463 -0.408901 -0.403064 -0.391084 -0.380021 -0.368301 -0.359139 -0.383072 
3.94 -5.79764 17 -0.382933 -0.359161 -0.368198 -0.380059 -0.391199 -0.403155 -0.408905 -0.410423 -0.408906 -0.403155 -0.391199 -0.380056 -0.368195 -0.359159 -0.382934 
3.95 -5.79764 17 -0.382795 -0.359183 -0.368092 -0.380094 -0.391314 -0.403244 -0.40891 -0.410384 -0.40891 -0.403244 -0.391313 -0.38009 -0.36809 -0.359181 -0.382796 
3.96 -5.79764 18 -0.382656 -0.359207 -0.367987 -0.380128 -0.391428 -0.403333 -0.408914 -0.410346 -0.408914 -0.403333 -0.391428 -0.380124 -0.367985 -0.359205 -0.382657 
3.97 -5.79765 18 -0.382517 -0.359233 -0.367882 -0.380162 -0.391542 -0.40342 -0.408917 -0.410308 -0.408918 -0.40342 -0.391542 -0.380158 -0.36788 -0.359231 -0.382517 
3.98 -5.79765 18 -0.382377 -0.35926 -0.367778 -0.380196 -0.391656 -0.403506 -0.40892 -0.41027 -0.40892 -0.403506 -0.391655 -0.380192 -0.367776 -0.359258 -0.382378 
3.99 -5.79765 18 -0.382237 -0.35929 -0.367674 -0.38023 -0.391769 -0.40359 -0.408922 -0.410233 -0.408923 -0.403591 -0.391768 -0.380226 -0.367672 -0.359288 -0.382238 
4 -5.79765 18 -0.382097 -0.359321 -0.367571 -0.380264 -0.391882 -0.403674 -0.408924 -0.410196 -0.408925 -0.403674 -0.391881 -0.38026 -0.367568 -0.359319 -0.382097 
4.01 -5.79766 18 -0.381956 -0.359355 -0.367468 -0.380297 -0.391994 -0.403756 -0.408926 -0.41016 -0.408926 -0.403757 -0.391993 -0.380293 -0.367466 -0.359352 -0.381957 
