time energy maxBondDim localEnergy 
0 -6.91174 37 -0.654357 -0.293102 -0.568737 -0.334223 -0.544405 -0.348861 -0.535766 -0.352834 -0.535766 -0.348861 -0.544405 -0.334223 -0.568737 -0.293102 -0.654357 
0 -4.736 4 -0.322884 -0.314025 -0.314599 -0.314579 -0.314581 -0.314539 -0.315017 -0.315549 -0.315017 -0.314539 -0.314581 -0.314579 -0.314599 -0.314025 -0.322884 
0.1 -4.74347 4 -0.322885 -0.314025 -0.3146 -0.31458 -0.314582 -0.314286 -0.317225 -0.319102 -0.317225 -0.314286 -0.314582 -0.31458 -0.3146 -0.314025 -0.322884 
0.2 -4.75575 4 -0.322886 -0.314027 -0.314601 -0.314581 -0.314552 -0.313709 -0.322673 -0.321698 -0.322673 -0.313709 -0.314552 -0.314581 -0.314601 -0.314027 -0.322885 
0.3 -4.7682 4 -0.322888 -0.314028 -0.314603 -0.314579 -0.314113 -0.315547 -0.325687 -0.325312 -0.325687 -0.315548 -0.314113 -0.314579 -0.314603 -0.314028 -0.322886 
0.4 -4.78404 4 -0.322889 -0.314029 -0.314603 -0.314471 -0.314049 -0.320625 -0.326744 -0.329222 -0.326744 -0.320626 -0.314049 -0.314471 -0.314603 -0.314029 -0.322887 
0.5 -4.7949 4 -0.322889 -0.314029 -0.314594 -0.313903 -0.316632 -0.320663 -0.328175 -0.333133 -0.328176 -0.320664 -0.316633 -0.313903 -0.314594 -0.314029 -0.322887 
0.6 -4.81074 4 -0.322889 -0.314027 -0.314323 -0.314959 -0.320595 -0.320451 -0.329627 -0.337001 -0.329627 -0.320452 -0.320596 -0.314959 -0.314323 -0.314027 -0.322887 
0.7 -4.82363 5 -0.322887 -0.313992 -0.313738 -0.319008 -0.320151 -0.320569 -0.331083 -0.340779 -0.331083 -0.320569 -0.320151 -0.319008 -0.313738 -0.313992 -0.322885 
0.8 -4.83616 5 -0.322882 -0.313548 -0.315574 -0.320556 -0.319988 -0.320762 -0.332559 -0.344423 -0.332559 -0.320763 -0.319988 -0.320556 -0.315574 -0.313549 -0.322882 
0.9 -4.85205 6 -0.32277 -0.313479 -0.320641 -0.320139 -0.319942 -0.321042 -0.334067 -0.347892 -0.334067 -0.321042 -0.319942 -0.32014 -0.320642 -0.313479 -0.32277 
1 -4.86293 7 -0.322194 -0.316054 -0.320604 -0.320094 -0.319908 -0.321419 -0.335614 -0.35115 -0.335615 -0.32142 -0.319909 -0.320095 -0.320605 -0.316054 -0.322194 
1.1 -4.87917 8 -0.32319 -0.319992 -0.32025 -0.320063 -0.319899 -0.321903 -0.337204 -0.354165 -0.337205 -0.321904 -0.319899 -0.320064 -0.32025 -0.319992 -0.32319 
1.2 -4.89245 8 -0.326865 -0.319471 -0.320148 -0.320023 -0.319925 -0.322499 -0.338837 -0.356914 -0.338838 -0.322499 -0.319925 -0.320023 -0.320148 -0.319472 -0.326864 
1.3 -4.8989 8 -0.326936 -0.3191 -0.32003 -0.31998 -0.319996 -0.323208 -0.340508 -0.35938 -0.340508 -0.323209 -0.319996 -0.31998 -0.320031 -0.3191 -0.326935 
1.4 -4.89916 8 -0.323946 -0.318662 -0.319892 -0.319942 -0.320122 -0.324031 -0.342207 -0.361552 -0.342208 -0.324031 -0.320123 -0.319942 -0.319893 -0.318663 -0.323946 
1.5 -4.89917 9 -0.32097 -0.318053 -0.319731 -0.319914 -0.320312 -0.324962 -0.343923 -0.363431 -0.343924 -0.324962 -0.320313 -0.319915 -0.319731 -0.318054 -0.32097 
1.6 -4.89917 10 -0.318105 -0.317313 -0.31954 -0.319902 -0.320574 -0.325997 -0.345641 -0.365021 -0.345642 -0.325998 -0.320574 -0.319903 -0.31954 -0.317314 -0.318104 
1.7 -4.89917 10 -0.315315 -0.316493 -0.319311 -0.319909 -0.320911 -0.327129 -0.347344 -0.366337 -0.347345 -0.327129 -0.320912 -0.31991 -0.319312 -0.316494 -0.315315 
1.8 -4.89917 11 -0.312565 -0.315652 -0.319037 -0.319938 -0.321329 -0.328347 -0.349015 -0.367397 -0.349016 -0.328347 -0.32133 -0.319939 -0.319037 -0.315652 -0.312565 
1.9 -4.89917 11 -0.309816 -0.314847 -0.318706 -0.319991 -0.32183 -0.329643 -0.350637 -0.368224 -0.350637 -0.329643 -0.32183 -0.319992 -0.318706 -0.314848 -0.309816 
2 -4.89917 13 -0.307035 -0.314136 -0.31831 -0.320068 -0.322413 -0.331005 -0.352192 -0.368846 -0.352192 -0.331005 -0.322414 -0.320068 -0.31831 -0.314137 -0.307035 
2.1 -4.89917 13 -0.304192 -0.313569 -0.317841 -0.320168 -0.323079 -0.332423 -0.353665 -0.369292 -0.353666 -0.332422 -0.323079 -0.320168 -0.317841 -0.313569 -0.304192 
2.2 -4.89917 14 -0.301266 -0.313186 -0.317294 -0.32029 -0.323823 -0.333884 -0.355045 -0.36959 -0.355046 -0.333883 -0.323824 -0.32029 -0.317294 -0.313186 -0.301266 
2.3 -4.89917 15 -0.298241 -0.313015 -0.316669 -0.320431 -0.324643 -0.335376 -0.356321 -0.36977 -0.356321 -0.335376 -0.324644 -0.320432 -0.316669 -0.313015 -0.298242 
2.4 -4.89917 17 -0.295114 -0.31307 -0.315972 -0.32059 -0.325533 -0.336888 -0.357486 -0.369858 -0.357486 -0.336887 -0.325534 -0.320591 -0.315972 -0.31307 -0.295114 
