time energy maxBondDim localEnergy 
0 -6.91174 37 -0.654357 -0.293102 -0.568737 -0.334223 -0.544405 -0.348861 -0.535766 -0.352834 -0.535766 -0.348861 -0.544405 -0.334223 -0.568737 -0.293102 -0.654357 
0 -5.06753 5 -0.352039 -0.334061 -0.335845 -0.335729 -0.335743 -0.335666 -0.336234 -0.336894 -0.336234 -0.335666 -0.335743 -0.335729 -0.335845 -0.334061 -0.352039 
0.01 -5.06753 5 -0.352039 -0.334061 -0.335845 -0.335729 -0.335743 -0.335666 -0.336234 -0.336894 -0.336234 -0.335666 -0.335743 -0.335729 -0.335845 -0.334061 -0.352039 
0.02 -5.06753 5 -0.352039 -0.334061 -0.335845 -0.335728 -0.335743 -0.335666 -0.336235 -0.336895 -0.336235 -0.335666 -0.335743 -0.335728 -0.335845 -0.334061 -0.352039 
0.03 -5.06754 5 -0.352039 -0.334061 -0.335845 -0.335728 -0.335743 -0.335666 -0.336236 -0.336899 -0.336236 -0.335666 -0.335743 -0.335728 -0.335845 -0.334061 -0.352039 
0.04 -5.06755 5 -0.352039 -0.334061 -0.335845 -0.335728 -0.335743 -0.335666 -0.336239 -0.336905 -0.336239 -0.335666 -0.335743 -0.335728 -0.335845 -0.334061 -0.352039 
0.05 -5.06756 5 -0.352039 -0.334061 -0.335845 -0.335728 -0.335743 -0.335665 -0.336243 -0.336915 -0.336243 -0.335665 -0.335743 -0.335728 -0.335845 -0.334061 -0.352039 
0.06 -5.06759 5 -0.352039 -0.334061 -0.335845 -0.335728 -0.335743 -0.335664 -0.336251 -0.336931 -0.336251 -0.335664 -0.335743 -0.335728 -0.335845 -0.334061 -0.352039 
0.07 -5.06763 5 -0.352039 -0.334061 -0.335845 -0.335728 -0.335743 -0.335662 -0.336261 -0.336954 -0.336261 -0.335662 -0.335743 -0.335728 -0.335845 -0.334061 -0.352039 
0.08 -5.06769 5 -0.352039 -0.334061 -0.335844 -0.335728 -0.335743 -0.33566 -0.336275 -0.336986 -0.336275 -0.33566 -0.335743 -0.335728 -0.335844 -0.33406 -0.352039 
0.09 -5.06776 5 -0.352038 -0.33406 -0.335844 -0.335728 -0.335743 -0.335658 -0.336295 -0.337029 -0.336295 -0.335658 -0.335743 -0.335728 -0.335844 -0.33406 -0.352039 
0.1 -5.06786 5 -0.352038 -0.33406 -0.335844 -0.335728 -0.335742 -0.335654 -0.336321 -0.337086 -0.336321 -0.335654 -0.335742 -0.335728 -0.335844 -0.33406 -0.352039 
0.11 -5.06799 5 -0.352038 -0.33406 -0.335844 -0.335728 -0.335742 -0.335649 -0.336354 -0.337157 -0.336354 -0.335649 -0.335742 -0.335728 -0.335844 -0.33406 -0.352039 
0.12 -5.06815 5 -0.352038 -0.33406 -0.335844 -0.335728 -0.335742 -0.335643 -0.336396 -0.337247 -0.336396 -0.335643 -0.335742 -0.335728 -0.335844 -0.33406 -0.352039 
0.13 -5.06835 5 -0.352038 -0.33406 -0.335844 -0.335728 -0.335742 -0.335635 -0.336448 -0.337357 -0.336448 -0.335635 -0.335742 -0.335728 -0.335844 -0.33406 -0.352039 
0.14 -5.06859 5 -0.352038 -0.33406 -0.335844 -0.335728 -0.335742 -0.335625 -0.336512 -0.33749 -0.336512 -0.335625 -0.335742 -0.335728 -0.335844 -0.33406 -0.352039 
0.15 -5.06887 5 -0.352037 -0.33406 -0.335844 -0.335727 -0.335742 -0.335613 -0.336589 -0.337647 -0.336589 -0.335613 -0.335742 -0.335727 -0.335844 -0.33406 -0.352038 
0.16 -5.06921 5 -0.352037 -0.33406 -0.335844 -0.335727 -0.335742 -0.335598 -0.336682 -0.337829 -0.336681 -0.335598 -0.335742 -0.335727 -0.335844 -0.334059 -0.352038 
0.17 -5.0696 5 -0.352037 -0.334059 -0.335843 -0.335727 -0.335742 -0.335581 -0.33679 -0.338039 -0.33679 -0.335581 -0.335742 -0.335727 -0.335843 -0.334059 -0.352038 
0.18 -5.07004 5 -0.352037 -0.334059 -0.335843 -0.335727 -0.335741 -0.335559 -0.336916 -0.338275 -0.336916 -0.335559 -0.335741 -0.335727 -0.335843 -0.334059 -0.352038 
0.19 -5.07054 5 -0.352036 -0.334059 -0.335843 -0.335727 -0.335741 -0.335534 -0.337061 -0.338537 -0.337061 -0.335534 -0.335741 -0.335727 -0.335843 -0.334059 -0.352038 
0.2 -5.0711 5 -0.352036 -0.334059 -0.335843 -0.335727 -0.335741 -0.335505 -0.337226 -0.338822 -0.337226 -0.335505 -0.335741 -0.335727 -0.335843 -0.334059 -0.352038 
0.21 -5.0717 5 -0.352036 -0.334059 -0.335843 -0.335726 -0.335741 -0.33547 -0.337411 -0.33913 -0.337411 -0.33547 -0.335741 -0.335726 -0.335843 -0.334059 -0.352038 
0.22 -5.07236 5 -0.352036 -0.334059 -0.335843 -0.335726 -0.335741 -0.335431 -0.337618 -0.339456 -0.337617 -0.335431 -0.335741 -0.335726 -0.335843 -0.334058 -0.352038 
0.23 -5.07307 5 -0.352035 -0.334058 -0.335842 -0.335726 -0.335741 -0.335386 -0.337846 -0.339798 -0.337846 -0.335386 -0.335741 -0.335726 -0.335842 -0.334058 -0.352038 
0.24 -5.07382 5 -0.352035 -0.334058 -0.335842 -0.335726 -0.33574 -0.335334 -0.338096 -0.340153 -0.338096 -0.335334 -0.33574 -0.335726 -0.335842 -0.334058 -0.352038 
0.25 -5.07461 5 -0.352035 -0.334058 -0.335842 -0.335726 -0.33574 -0.335277 -0.338369 -0.340516 -0.338368 -0.335277 -0.33574 -0.335726 -0.335842 -0.334058 -0.352037 
0.26 -5.07544 5 -0.352034 -0.334058 -0.335842 -0.335725 -0.33574 -0.335212 -0.338664 -0.340887 -0.338663 -0.335213 -0.33574 -0.335725 -0.335842 -0.334058 -0.352037 
0.27 -5.07631 5 -0.352034 -0.334058 -0.335842 -0.335725 -0.33574 -0.335141 -0.338981 -0.341262 -0.33898 -0.335141 -0.33574 -0.335725 -0.335842 -0.334057 -0.352037 
0.28 -5.07721 5 -0.352034 -0.334058 -0.335841 -0.335725 -0.33574 -0.335063 -0.339321 -0.34164 -0.339321 -0.335063 -0.33574 -0.335725 -0.335841 -0.334057 -0.352037 
0.29 -5.07814 5 -0.352033 -0.334057 -0.335841 -0.335725 -0.335739 -0.334978 -0.339685 -0.342022 -0.339684 -0.334978 -0.335739 -0.335725 -0.335841 -0.334057 -0.352037 
0.3 -5.07911 5 -0.352033 -0.334057 -0.335841 -0.335724 -0.335739 -0.334885 -0.340071 -0.342405 -0.34007 -0.334885 -0.335739 -0.335724 -0.335841 -0.334057 -0.352037 
0.31 -5.08011 5 -0.352033 -0.334057 -0.335841 -0.335724 -0.335739 -0.334786 -0.34048 -0.342792 -0.340479 -0.334786 -0.335739 -0.335724 -0.335841 -0.334056 -0.352037 
0.32 -5.08115 5 -0.352032 -0.334057 -0.335841 -0.335724 -0.335739 -0.334679 -0.340912 -0.343182 -0.340911 -0.334679 -0.335739 -0.335724 -0.335841 -0.334056 -0.352037 
0.33 -5.08222 5 -0.352032 -0.334057 -0.33584 -0.335724 -0.335739 -0.334565 -0.341367 -0.343576 -0.341365 -0.334565 -0.335739 -0.335724 -0.33584 -0.334056 -0.352037 
0.34 -5.08334 5 -0.352032 -0.334056 -0.33584 -0.335723 -0.335738 -0.334445 -0.341844 -0.343976 -0.341842 -0.334445 -0.335738 -0.335723 -0.33584 -0.334056 -0.352036 
0.35 -5.08448 5 -0.352031 -0.334056 -0.33584 -0.335723 -0.335738 -0.334318 -0.342342 -0.344384 -0.342341 -0.334318 -0.335738 -0.335723 -0.33584 -0.334056 -0.352036 
0.36 -5.08567 5 -0.352031 -0.334056 -0.33584 -0.335723 -0.335737 -0.334186 -0.342862 -0.3448 -0.342861 -0.334186 -0.335737 -0.335723 -0.33584 -0.334055 -0.352036 
0.37 -5.0869 5 -0.352031 -0.334056 -0.33584 -0.335722 -0.335736 -0.334047 -0.343402 -0.345225 -0.343401 -0.334048 -0.335736 -0.335722 -0.33584 -0.334055 -0.352036 
0.38 -5.08816 5 -0.35203 -0.334056 -0.335839 -0.335722 -0.335735 -0.333905 -0.343962 -0.345662 -0.34396 -0.333905 -0.335735 -0.335722 -0.335839 -0.334055 -0.352036 
0.39 -5.08947 5 -0.35203 -0.334056 -0.335839 -0.335722 -0.335734 -0.333758 -0.344538 -0.346112 -0.344536 -0.333758 -0.335734 -0.335722 -0.335839 -0.334055 -0.352036 
0.4 -5.09081 5 -0.35203 -0.334055 -0.335839 -0.335721 -0.335732 -0.333607 -0.345131 -0.346574 -0.345129 -0.333608 -0.335732 -0.335721 -0.335839 -0.334055 -0.352036 
0.41 -5.09219 5 -0.35203 -0.334055 -0.335839 -0.335721 -0.33573 -0.333455 -0.345738 -0.347052 -0.345735 -0.333455 -0.33573 -0.335721 -0.335839 -0.334054 -0.352036 
0.42 -5.0936 5 -0.352029 -0.334055 -0.335839 -0.335721 -0.335727 -0.333301 -0.346355 -0.347545 -0.346353 -0.333302 -0.335727 -0.335721 -0.335839 -0.334054 -0.352035 
0.43 -5.09505 5 -0.352029 -0.334055 -0.335838 -0.33572 -0.335724 -0.333148 -0.346982 -0.348054 -0.346979 -0.333148 -0.335724 -0.33572 -0.335839 -0.334054 -0.352035 
0.44 -5.09652 5 -0.352029 -0.334055 -0.335838 -0.33572 -0.33572 -0.332996 -0.347614 -0.34858 -0.347611 -0.332996 -0.33572 -0.33572 -0.335838 -0.334054 -0.352035 
0.45 -5.09802 5 -0.352028 -0.334055 -0.335838 -0.335719 -0.335714 -0.332847 -0.348247 -0.349122 -0.348245 -0.332847 -0.335714 -0.335719 -0.335838 -0.334054 -0.352035 
0.46 -5.09954 5 -0.352028 -0.334055 -0.335838 -0.335719 -0.335707 -0.332702 -0.348879 -0.349682 -0.348876 -0.332703 -0.335707 -0.335719 -0.335838 -0.334054 -0.352035 
0.47 -5.10107 5 -0.352028 -0.334054 -0.335838 -0.335718 -0.335699 -0.332565 -0.349504 -0.350259 -0.349501 -0.332565 -0.335699 -0.335718 -0.335838 -0.334054 -0.352035 
0.48 -5.10262 5 -0.352027 -0.334054 -0.335838 -0.335718 -0.335688 -0.332435 -0.350118 -0.350853 -0.350115 -0.332436 -0.335688 -0.335718 -0.335838 -0.334053 -0.352035 
0.49 -5.10416 5 -0.352027 -0.334054 -0.335838 -0.335717 -0.335675 -0.332316 -0.350717 -0.351464 -0.350714 -0.332317 -0.335675 -0.335717 -0.335838 -0.334053 -0.352035 
0.5 -5.10569 5 -0.352027 -0.334054 -0.335838 -0.335717 -0.33566 -0.332209 -0.351295 -0.35209 -0.351292 -0.33221 -0.33566 -0.335717 -0.335838 -0.334053 -0.352035 
0.51 -5.10722 5 -0.352027 -0.334054 -0.335837 -0.335716 -0.335642 -0.332116 -0.351849 -0.352732 -0.351845 -0.332117 -0.335642 -0.335716 -0.335838 -0.334053 -0.352035 
0.52 -5.10872 5 -0.352026 -0.334054 -0.335837 -0.335716 -0.33562 -0.332039 -0.352373 -0.353388 -0.35237 -0.332039 -0.33562 -0.335716 -0.335837 -0.334053 -0.352034 
0.53 -5.1102 5 -0.352026 -0.334054 -0.335837 -0.335715 -0.335594 -0.331978 -0.352865 -0.354058 -0.352862 -0.331978 -0.335594 -0.335715 -0.335837 -0.334053 -0.352034 
0.54 -5.11165 5 -0.352026 -0.334054 -0.335837 -0.335714 -0.335564 -0.331935 -0.353322 -0.35474 -0.353318 -0.331935 -0.335564 -0.335714 -0.335837 -0.334053 -0.352034 
0.55 -5.11306 5 -0.352026 -0.334054 -0.335837 -0.335714 -0.335529 -0.331912 -0.353742 -0.355433 -0.353738 -0.331912 -0.335529 -0.335714 -0.335837 -0.334053 -0.352034 
0.56 -5.11444 5 -0.352026 -0.334054 -0.335837 -0.335713 -0.335489 -0.331908 -0.354124 -0.356137 -0.35412 -0.331909 -0.335489 -0.335713 -0.335837 -0.334053 -0.352034 
0.57 -5.11578 5 -0.352025 -0.334054 -0.335837 -0.335712 -0.335444 -0.331926 -0.354468 -0.356849 -0.354464 -0.331926 -0.335444 -0.335712 -0.335837 -0.334053 -0.352034 
0.58 -5.11709 5 -0.352025 -0.334054 -0.335837 -0.335711 -0.335393 -0.331965 -0.354775 -0.357569 -0.354771 -0.331965 -0.335393 -0.335711 -0.335837 -0.334053 -0.352034 
0.59 -5.11837 5 -0.352025 -0.334054 -0.335837 -0.335711 -0.335335 -0.332026 -0.355047 -0.358296 -0.355043 -0.332026 -0.335335 -0.335711 -0.335837 -0.334053 -0.352034 
0.6 -5.11962 5 -0.352025 -0.334054 -0.335837 -0.33571 -0.335272 -0.33211 -0.355286 -0.359029 -0.355282 -0.33211 -0.335272 -0.33571 -0.335837 -0.334053 -0.352034 
0.61 -5.12085 5 -0.352025 -0.334054 -0.335837 -0.335709 -0.335201 -0.332216 -0.355496 -0.359767 -0.355491 -0.332217 -0.335201 -0.335709 -0.335837 -0.334053 -0.352034 
0.62 -5.12206 5 -0.352025 -0.334054 -0.335837 -0.335708 -0.335125 -0.332347 -0.355678 -0.360508 -0.355674 -0.332347 -0.335125 -0.335708 -0.335837 -0.334053 -0.352034 
0.63 -5.12326 5 -0.352025 -0.334054 -0.335837 -0.335707 -0.335041 -0.332501 -0.355838 -0.361253 -0.355834 -0.332501 -0.335041 -0.335707 -0.335837 -0.334053 -0.352034 
0.64 -5.12446 5 -0.352025 -0.334054 -0.335837 -0.335706 -0.334951 -0.332679 -0.355977 -0.362 -0.355973 -0.332679 -0.334951 -0.335706 -0.335837 -0.334053 -0.352034 
0.65 -5.12566 5 -0.352025 -0.334054 -0.335837 -0.335705 -0.334854 -0.332881 -0.3561 -0.362749 -0.356096 -0.332881 -0.334854 -0.335705 -0.335837 -0.334053 -0.352034 
0.66 -5.12688 5 -0.352025 -0.334054 -0.335837 -0.335704 -0.334751 -0.333107 -0.356209 -0.363499 -0.356205 -0.333107 -0.334751 -0.335704 -0.335837 -0.334053 -0.352034 
0.67 -5.1281 5 -0.352025 -0.334054 -0.335837 -0.335702 -0.334642 -0.333357 -0.356308 -0.36425 -0.356303 -0.333357 -0.334642 -0.335702 -0.335837 -0.334053 -0.352034 
0.68 -5.12935 5 -0.352025 -0.334054 -0.335837 -0.335701 -0.334526 -0.333631 -0.356398 -0.365002 -0.356393 -0.333631 -0.334526 -0.335701 -0.335837 -0.334053 -0.352034 
0.69 -5.13062 5 -0.352025 -0.334055 -0.335837 -0.335699 -0.334405 -0.333928 -0.356482 -0.365754 -0.356477 -0.333928 -0.334406 -0.335699 -0.335837 -0.334053 -0.352034 
0.7 -5.13191 5 -0.352025 -0.334055 -0.335837 -0.335697 -0.334279 -0.334248 -0.356562 -0.366505 -0.356558 -0.334247 -0.33428 -0.335697 -0.335837 -0.334053 -0.352034 
0.71 -5.13324 5 -0.352025 -0.334055 -0.335837 -0.335695 -0.334149 -0.334589 -0.356641 -0.367256 -0.356637 -0.334588 -0.334149 -0.335695 -0.335837 -0.334053 -0.352034 
0.72 -5.13459 5 -0.352025 -0.334055 -0.335837 -0.335693 -0.334014 -0.33495 -0.35672 -0.368006 -0.356715 -0.334949 -0.334015 -0.335693 -0.335837 -0.334054 -0.352034 
0.73 -5.13598 5 -0.352025 -0.334055 -0.335837 -0.33569 -0.333877 -0.335329 -0.356799 -0.368755 -0.356795 -0.335329 -0.333877 -0.33569 -0.335837 -0.334054 -0.352034 
0.74 -5.1374 5 -0.352025 -0.334055 -0.335837 -0.335687 -0.333737 -0.335726 -0.356881 -0.369503 -0.356877 -0.335725 -0.333737 -0.335687 -0.335837 -0.334054 -0.352034 
0.75 -5.13885 5 -0.352025 -0.334055 -0.335837 -0.335683 -0.333596 -0.336137 -0.356966 -0.370249 -0.356962 -0.336136 -0.333596 -0.335683 -0.335837 -0.334054 -0.352034 
0.76 -5.14033 5 -0.352025 -0.334055 -0.335837 -0.335678 -0.333455 -0.336559 -0.357056 -0.370994 -0.357052 -0.336558 -0.333455 -0.335678 -0.335837 -0.334054 -0.352034 
0.77 -5.14183 5 -0.352025 -0.334056 -0.335837 -0.335673 -0.333316 -0.336991 -0.357151 -0.371738 -0.357146 -0.33699 -0.333316 -0.335673 -0.335837 -0.334054 -0.352034 
0.78 -5.14336 5 -0.352025 -0.334056 -0.335836 -0.335666 -0.333179 -0.337428 -0.357251 -0.372479 -0.357246 -0.337427 -0.333179 -0.335666 -0.335837 -0.334054 -0.352034 
0.79 -5.14491 5 -0.352025 -0.334056 -0.335836 -0.335658 -0.333047 -0.337868 -0.357356 -0.373219 -0.357352 -0.337866 -0.333047 -0.335658 -0.335836 -0.334055 -0.352034 
0.8 -5.14648 5 -0.352026 -0.334056 -0.335836 -0.335648 -0.33292 -0.338304 -0.357468 -0.373957 -0.357464 -0.338303 -0.332921 -0.335648 -0.335836 -0.334055 -0.352034 
0.81 -5.14805 5 -0.352026 -0.334056 -0.335836 -0.335637 -0.332802 -0.338734 -0.357586 -0.374693 -0.357582 -0.338732 -0.332802 -0.335637 -0.335836 -0.334055 -0.352034 
0.82 -5.14962 5 -0.352026 -0.334057 -0.335836 -0.335623 -0.332693 -0.339153 -0.35771 -0.375426 -0.357706 -0.339151 -0.332694 -0.335623 -0.335836 -0.334055 -0.352034 
0.83 -5.15119 5 -0.352026 -0.334057 -0.335836 -0.335607 -0.332596 -0.339555 -0.357841 -0.376157 -0.357836 -0.339553 -0.332596 -0.335607 -0.335836 -0.334055 -0.352034 
0.84 -5.15275 5 -0.352026 -0.334057 -0.335835 -0.335587 -0.332512 -0.339937 -0.357977 -0.376886 -0.357973 -0.339935 -0.332512 -0.335587 -0.335836 -0.334056 -0.352034 
0.85 -5.15429 5 -0.352027 -0.334057 -0.335835 -0.335565 -0.332443 -0.340293 -0.358119 -0.377613 -0.358114 -0.340291 -0.332443 -0.335565 -0.335835 -0.334056 -0.352034 
0.86 -5.15581 5 -0.352027 -0.334057 -0.335835 -0.335538 -0.33239 -0.340621 -0.358266 -0.378337 -0.358262 -0.340619 -0.33239 -0.335538 -0.335835 -0.334056 -0.352035 
0.87 -5.15729 5 -0.352027 -0.334057 -0.335835 -0.335508 -0.332354 -0.340918 -0.358419 -0.379058 -0.358414 -0.340916 -0.332354 -0.335508 -0.335835 -0.334056 -0.352035 
0.88 -5.15875 5 -0.352027 -0.334058 -0.335834 -0.335472 -0.332337 -0.34118 -0.358576 -0.379777 -0.358571 -0.341178 -0.332338 -0.335472 -0.335834 -0.334056 -0.352035 
0.89 -5.16016 5 -0.352028 -0.334058 -0.335834 -0.335432 -0.33234 -0.341408 -0.358737 -0.380493 -0.358732 -0.341406 -0.33234 -0.335432 -0.335834 -0.334057 -0.352035 
0.9 -5.16154 5 -0.352028 -0.334058 -0.335833 -0.335386 -0.332363 -0.3416 -0.358901 -0.381206 -0.358897 -0.341597 -0.332363 -0.335386 -0.335834 -0.334057 -0.352035 
0.91 -5.16289 5 -0.352028 -0.334058 -0.335833 -0.335334 -0.332407 -0.341757 -0.359069 -0.381916 -0.359065 -0.341755 -0.332407 -0.335334 -0.335833 -0.334057 -0.352035 
0.92 -5.1642 5 -0.352029 -0.334058 -0.335833 -0.335276 -0.332473 -0.341881 -0.35924 -0.382623 -0.359236 -0.341879 -0.332473 -0.335276 -0.335833 -0.334057 -0.352035 
0.93 -5.16549 5 -0.352029 -0.334059 -0.335832 -0.335212 -0.33256 -0.341974 -0.359414 -0.383327 -0.35941 -0.341971 -0.33256 -0.335212 -0.335832 -0.334057 -0.352035 
0.94 -5.16674 5 -0.352029 -0.334059 -0.335831 -0.335141 -0.332671 -0.342038 -0.35959 -0.384028 -0.359585 -0.342036 -0.332671 -0.335141 -0.335832 -0.334058 -0.352035 
0.95 -5.16799 5 -0.35203 -0.334059 -0.335831 -0.335064 -0.332804 -0.342077 -0.359767 -0.384726 -0.359763 -0.342074 -0.332804 -0.335064 -0.335831 -0.334058 -0.352035 
0.96 -5.16922 5 -0.35203 -0.334059 -0.33583 -0.33498 -0.332961 -0.342094 -0.359946 -0.38542 -0.359942 -0.342091 -0.332961 -0.33498 -0.33583 -0.334058 -0.352036 
0.97 -5.17044 5 -0.35203 -0.334059 -0.335829 -0.334889 -0.333141 -0.342091 -0.360127 -0.386111 -0.360122 -0.342089 -0.333141 -0.334889 -0.33583 -0.334058 -0.352036 
0.98 -5.17167 5 -0.35203 -0.334059 -0.335829 -0.334791 -0.333345 -0.342073 -0.360309 -0.386799 -0.360304 -0.342071 -0.333345 -0.334791 -0.335829 -0.334058 -0.352036 
0.99 -5.1729 5 -0.352031 -0.334059 -0.335828 -0.334687 -0.333574 -0.342042 -0.360491 -0.387482 -0.360487 -0.34204 -0.333573 -0.334687 -0.335828 -0.334058 -0.352036 
1 -5.17415 5 -0.352031 -0.334059 -0.335827 -0.334576 -0.333825 -0.342002 -0.360675 -0.388162 -0.360671 -0.341999 -0.333825 -0.334576 -0.335827 -0.334058 -0.352036 
1.01 -5.17541 5 -0.352031 -0.334059 -0.335825 -0.334459 -0.334101 -0.341954 -0.36086 -0.388838 -0.360855 -0.341951 -0.3341 -0.334459 -0.335826 -0.334059 -0.352036 
1.02 -5.1767 5 -0.352032 -0.334059 -0.335824 -0.334336 -0.334399 -0.341902 -0.361045 -0.38951 -0.36104 -0.341899 -0.334399 -0.334337 -0.335824 -0.334059 -0.352036 
1.03 -5.17801 5 -0.352032 -0.334059 -0.335823 -0.334208 -0.33472 -0.341847 -0.361231 -0.390178 -0.361226 -0.341844 -0.334719 -0.334208 -0.335823 -0.334059 -0.352036 
1.04 -5.17936 5 -0.352032 -0.334059 -0.335821 -0.334075 -0.335062 -0.341791 -0.361417 -0.390842 -0.361413 -0.341788 -0.335062 -0.334076 -0.335821 -0.334059 -0.352037 
1.05 -5.18073 5 -0.352033 -0.334059 -0.335819 -0.333938 -0.335425 -0.341736 -0.361604 -0.391502 -0.3616 -0.341733 -0.335424 -0.333938 -0.335819 -0.334059 -0.352037 
1.06 -5.18213 5 -0.352033 -0.334059 -0.335816 -0.333797 -0.335806 -0.341684 -0.361792 -0.392157 -0.361788 -0.341681 -0.335805 -0.333798 -0.335816 -0.334059 -0.352037 
1.07 -5.18356 5 -0.352033 -0.334059 -0.335813 -0.333654 -0.336205 -0.341635 -0.361981 -0.392808 -0.361976 -0.341632 -0.336203 -0.333654 -0.335813 -0.334059 -0.352037 
1.08 -5.18503 5 -0.352034 -0.334059 -0.33581 -0.333509 -0.336618 -0.341591 -0.36217 -0.393454 -0.362165 -0.341588 -0.336617 -0.333509 -0.33581 -0.334059 -0.352037 
1.09 -5.18653 5 -0.352034 -0.334059 -0.335806 -0.333364 -0.337043 -0.341552 -0.362359 -0.394096 -0.362355 -0.34155 -0.337042 -0.333364 -0.335806 -0.334058 -0.352037 
1.1 -5.18805 5 -0.352034 -0.334059 -0.335801 -0.333219 -0.337478 -0.34152 -0.36255 -0.394733 -0.362545 -0.341517 -0.337477 -0.333219 -0.335801 -0.334058 -0.352037 
1.11 -5.1896 5 -0.352035 -0.334059 -0.335794 -0.333076 -0.337919 -0.341494 -0.362741 -0.395365 -0.362737 -0.341492 -0.337918 -0.333077 -0.335794 -0.334058 -0.352037 
1.12 -5.19116 5 -0.352035 -0.334058 -0.335787 -0.332938 -0.338363 -0.341476 -0.362933 -0.395992 -0.362928 -0.341473 -0.338361 -0.332938 -0.335787 -0.334058 -0.352037 
1.13 -5.19275 5 -0.352035 -0.334058 -0.335778 -0.332804 -0.338804 -0.341465 -0.363125 -0.396614 -0.363121 -0.341463 -0.338802 -0.332805 -0.335778 -0.334058 -0.352038 
1.14 -5.19434 5 -0.352036 -0.334058 -0.335767 -0.332678 -0.339239 -0.341462 -0.363319 -0.397231 -0.363315 -0.341459 -0.339237 -0.332678 -0.335767 -0.334057 -0.352038 
1.15 -5.19594 5 -0.352036 -0.334058 -0.335754 -0.332561 -0.339664 -0.341466 -0.363513 -0.397843 -0.363509 -0.341464 -0.339662 -0.332561 -0.335755 -0.334057 -0.352038 
1.16 -5.19753 5 -0.352036 -0.334057 -0.335739 -0.332454 -0.340072 -0.341478 -0.363708 -0.39845 -0.363704 -0.341476 -0.34007 -0.332454 -0.335739 -0.334057 -0.352038 
1.17 -5.19912 5 -0.352036 -0.334057 -0.335721 -0.33236 -0.340461 -0.341498 -0.363904 -0.399051 -0.3639 -0.341495 -0.340458 -0.33236 -0.335721 -0.334056 -0.352038 
1.18 -5.20069 5 -0.352037 -0.334056 -0.3357 -0.33228 -0.340824 -0.341525 -0.364102 -0.399647 -0.364097 -0.341522 -0.340822 -0.33228 -0.3357 -0.334056 -0.352038 
1.19 -5.20223 5 -0.352037 -0.334056 -0.335675 -0.332216 -0.341158 -0.341558 -0.3643 -0.400238 -0.364296 -0.341556 -0.341156 -0.332216 -0.335675 -0.334055 -0.352038 
1.2 -5.20374 5 -0.352037 -0.334055 -0.335645 -0.332169 -0.34146 -0.341599 -0.364499 -0.400823 -0.364495 -0.341596 -0.341458 -0.332169 -0.335645 -0.334055 -0.352038 
1.21 -5.20522 5 -0.352037 -0.334055 -0.335612 -0.332139 -0.341727 -0.341645 -0.364699 -0.401402 -0.364695 -0.341643 -0.341725 -0.33214 -0.335612 -0.334054 -0.352038 
1.22 -5.20667 5 -0.352037 -0.334054 -0.335573 -0.332129 -0.341958 -0.341697 -0.364901 -0.401976 -0.364896 -0.341695 -0.341955 -0.33213 -0.335573 -0.334054 -0.352038 
1.23 -5.20807 5 -0.352038 -0.334053 -0.335529 -0.332139 -0.342151 -0.341755 -0.365103 -0.402543 -0.365099 -0.341753 -0.342148 -0.332139 -0.335529 -0.334053 -0.352038 
1.24 -5.20944 5 -0.352038 -0.334052 -0.335479 -0.33217 -0.342307 -0.341818 -0.365307 -0.403105 -0.365303 -0.341815 -0.342304 -0.33217 -0.335479 -0.334052 -0.352038 
1.25 -5.21077 5 -0.352038 -0.334052 -0.335424 -0.332221 -0.342428 -0.341885 -0.365512 -0.403662 -0.365508 -0.341882 -0.342425 -0.332221 -0.335424 -0.334052 -0.352039 
1.26 -5.21207 5 -0.352038 -0.334051 -0.335362 -0.332295 -0.342514 -0.341956 -0.365718 -0.404212 -0.365714 -0.341954 -0.342511 -0.332295 -0.335362 -0.334051 -0.352039 
1.27 -5.21334 5 -0.352038 -0.33405 -0.335293 -0.332391 -0.34257 -0.342032 -0.365926 -0.404756 -0.365922 -0.342029 -0.342567 -0.332391 -0.335293 -0.33405 -0.352039 
1.28 -5.2146 5 -0.352038 -0.334049 -0.335218 -0.332509 -0.342597 -0.34211 -0.366134 -0.405294 -0.36613 -0.342108 -0.342594 -0.332509 -0.335218 -0.334049 -0.352039 
1.29 -5.21583 5 -0.352038 -0.334048 -0.335136 -0.332651 -0.342599 -0.342192 -0.366345 -0.405826 -0.36634 -0.34219 -0.342596 -0.332651 -0.335136 -0.334048 -0.352039 
1.3 -5.21706 5 -0.352038 -0.334047 -0.335047 -0.332816 -0.342579 -0.342277 -0.366556 -0.406351 -0.366552 -0.342275 -0.342576 -0.332816 -0.335048 -0.334047 -0.352039 
1.31 -5.21829 5 -0.352038 -0.334046 -0.334952 -0.333005 -0.342541 -0.342365 -0.366769 -0.406871 -0.366764 -0.342362 -0.342538 -0.333004 -0.334952 -0.334046 -0.352039 
1.32 -5.21952 5 -0.352038 -0.334044 -0.33485 -0.333217 -0.342487 -0.342455 -0.366983 -0.407384 -0.366978 -0.342453 -0.342484 -0.333217 -0.33485 -0.334044 -0.352039 
1.33 -5.22077 5 -0.352038 -0.334043 -0.334741 -0.333453 -0.342421 -0.342548 -0.367198 -0.407891 -0.367194 -0.342546 -0.342418 -0.333452 -0.334742 -0.334043 -0.352038 
1.34 -5.22203 5 -0.352038 -0.334042 -0.334627 -0.333712 -0.342345 -0.342643 -0.367415 -0.408391 -0.367411 -0.342641 -0.342342 -0.333712 -0.334627 -0.334042 -0.352038 
1.35 -5.2233 6 -0.352038 -0.33404 -0.334506 -0.333995 -0.342263 -0.342741 -0.367633 -0.408885 -0.367629 -0.342738 -0.34226 -0.333994 -0.334506 -0.33404 -0.352038 
1.36 -5.22461 6 -0.352038 -0.334038 -0.33438 -0.334299 -0.342175 -0.34284 -0.367852 -0.409372 -0.367848 -0.342838 -0.342172 -0.334299 -0.33438 -0.334038 -0.352038 
1.37 -5.22594 6 -0.352038 -0.334036 -0.334248 -0.334626 -0.342084 -0.342942 -0.368073 -0.409853 -0.368069 -0.34294 -0.342081 -0.334625 -0.334249 -0.334036 -0.352038 
1.38 -5.2273 6 -0.352038 -0.334034 -0.334113 -0.334973 -0.341992 -0.343046 -0.368295 -0.410327 -0.368291 -0.343043 -0.341989 -0.334972 -0.334113 -0.334034 -0.352038 
1.39 -5.22869 6 -0.352038 -0.334031 -0.333973 -0.335339 -0.341901 -0.343152 -0.368518 -0.410795 -0.368514 -0.343149 -0.341898 -0.335338 -0.333973 -0.334031 -0.352038 
1.4 -5.23011 6 -0.352037 -0.334028 -0.333831 -0.335722 -0.341811 -0.34326 -0.368743 -0.411256 -0.368739 -0.343257 -0.341808 -0.335721 -0.333831 -0.334028 -0.352038 
1.41 -5.23156 6 -0.352037 -0.334024 -0.333686 -0.336121 -0.341724 -0.34337 -0.368969 -0.41171 -0.368965 -0.343367 -0.341721 -0.33612 -0.333687 -0.334024 -0.352037 
1.42 -5.23305 6 -0.352037 -0.33402 -0.333541 -0.336533 -0.341641 -0.343482 -0.369197 -0.412157 -0.369193 -0.343479 -0.341638 -0.336532 -0.333541 -0.33402 -0.352037 
1.43 -5.23456 6 -0.352037 -0.334015 -0.333396 -0.336955 -0.341562 -0.343596 -0.369426 -0.412598 -0.369422 -0.343593 -0.341559 -0.336954 -0.333396 -0.334015 -0.352037 
1.44 -5.2361 6 -0.352036 -0.334009 -0.333253 -0.337384 -0.341489 -0.343712 -0.369656 -0.413032 -0.369652 -0.343709 -0.341486 -0.337383 -0.333253 -0.334009 -0.352037 
1.45 -5.23766 6 -0.352036 -0.334001 -0.333113 -0.337817 -0.341421 -0.34383 -0.369887 -0.413459 -0.369883 -0.343827 -0.341418 -0.337815 -0.333113 -0.334001 -0.352036 
1.46 -5.23923 6 -0.352035 -0.333993 -0.332978 -0.338249 -0.341358 -0.34395 -0.37012 -0.413879 -0.370116 -0.343947 -0.341355 -0.338247 -0.332978 -0.333993 -0.352036 
1.47 -5.24082 6 -0.352035 -0.333982 -0.332849 -0.338676 -0.341302 -0.344072 -0.370354 -0.414293 -0.37035 -0.34407 -0.341299 -0.338674 -0.332849 -0.333982 -0.352035 
1.48 -5.24242 6 -0.352034 -0.33397 -0.332729 -0.339093 -0.341252 -0.344197 -0.37059 -0.414699 -0.370586 -0.344194 -0.341249 -0.339091 -0.332729 -0.33397 -0.352035 
1.49 -5.24401 6 -0.352034 -0.333955 -0.332619 -0.339497 -0.341208 -0.344323 -0.370826 -0.415098 -0.370823 -0.344321 -0.341205 -0.339495 -0.332619 -0.333955 -0.352035 
1.5 -5.2456 6 -0.352033 -0.333938 -0.332521 -0.339881 -0.341171 -0.344452 -0.371064 -0.415491 -0.371061 -0.34445 -0.341168 -0.339879 -0.332521 -0.333938 -0.352034 
1.51 -5.24717 6 -0.352032 -0.333917 -0.332436 -0.340241 -0.341139 -0.344583 -0.371304 -0.415876 -0.3713 -0.344581 -0.341136 -0.340239 -0.332436 -0.333917 -0.352034 
1.52 -5.24872 6 -0.352032 -0.333893 -0.332367 -0.340574 -0.341112 -0.344716 -0.371544 -0.416255 -0.37154 -0.344714 -0.341109 -0.340572 -0.332367 -0.333893 -0.352033 
1.53 -5.25024 7 -0.352031 -0.333866 -0.332314 -0.340875 -0.341091 -0.344852 -0.371786 -0.416626 -0.371782 -0.344849 -0.341088 -0.340873 -0.332314 -0.333866 -0.352032 
1.54 -5.25174 7 -0.35203 -0.333833 -0.332279 -0.341142 -0.341075 -0.34499 -0.372029 -0.416991 -0.372025 -0.344987 -0.341072 -0.34114 -0.332279 -0.333833 -0.352032 
1.55 -5.25319 7 -0.352029 -0.333796 -0.332263 -0.341372 -0.341063 -0.34513 -0.372273 -0.417348 -0.372269 -0.345127 -0.34106 -0.34137 -0.332263 -0.333796 -0.352031 
1.56 -5.25461 7 -0.352028 -0.333754 -0.332266 -0.341566 -0.341055 -0.345272 -0.372518 -0.417699 -0.372515 -0.345269 -0.341052 -0.341563 -0.332266 -0.333754 -0.35203 
1.57 -5.25599 7 -0.352027 -0.333706 -0.33229 -0.341721 -0.341051 -0.345416 -0.372765 -0.418042 -0.372761 -0.345414 -0.341048 -0.341719 -0.33229 -0.333706 -0.35203 
1.58 -5.25733 7 -0.352026 -0.333653 -0.332335 -0.341841 -0.34105 -0.345563 -0.373012 -0.418379 -0.373009 -0.345561 -0.341047 -0.341838 -0.332335 -0.333653 -0.352029 
1.59 -5.25864 7 -0.352025 -0.333593 -0.332401 -0.341925 -0.341052 -0.345713 -0.373261 -0.418708 -0.373258 -0.34571 -0.341049 -0.341923 -0.332401 -0.333593 -0.352028 
1.6 -5.25992 7 -0.352024 -0.333527 -0.33249 -0.341978 -0.341056 -0.345864 -0.373511 -0.419031 -0.373508 -0.345862 -0.341053 -0.341975 -0.33249 -0.333527 -0.352027 
1.61 -5.26118 7 -0.352023 -0.333454 -0.332601 -0.342 -0.341063 -0.346018 -0.373762 -0.419346 -0.373759 -0.346016 -0.34106 -0.341998 -0.332601 -0.333454 -0.352026 
1.62 -5.26242 7 -0.352022 -0.333375 -0.332735 -0.341997 -0.341071 -0.346175 -0.374014 -0.419654 -0.374011 -0.346172 -0.341068 -0.341994 -0.332735 -0.333375 -0.352025 
1.63 -5.26365 7 -0.352021 -0.333289 -0.332892 -0.34197 -0.341081 -0.346334 -0.374267 -0.419955 -0.374264 -0.346331 -0.341078 -0.341967 -0.332892 -0.333289 -0.352024 
1.64 -5.26488 7 -0.352019 -0.333196 -0.333073 -0.341923 -0.341093 -0.346495 -0.374521 -0.42025 -0.374518 -0.346492 -0.34109 -0.341921 -0.333073 -0.333196 -0.352023 
1.65 -5.26611 7 -0.352018 -0.333097 -0.333278 -0.34186 -0.341106 -0.346658 -0.374776 -0.420537 -0.374773 -0.346655 -0.341103 -0.341857 -0.333277 -0.333097 -0.352022 
1.66 -5.26735 7 -0.352016 -0.332991 -0.333506 -0.341783 -0.34112 -0.346824 -0.375032 -0.420817 -0.375029 -0.346821 -0.341117 -0.34178 -0.333506 -0.332991 -0.35202 
1.67 -5.26861 7 -0.352015 -0.332879 -0.333758 -0.341695 -0.341135 -0.346992 -0.375289 -0.42109 -0.375286 -0.346989 -0.341132 -0.341692 -0.333757 -0.332879 -0.352019 
1.68 -5.26988 8 -0.352013 -0.332761 -0.334033 -0.341599 -0.341151 -0.347163 -0.375547 -0.421357 -0.375544 -0.34716 -0.341148 -0.341596 -0.334032 -0.332761 -0.352017 
1.69 -5.27118 8 -0.352011 -0.332637 -0.33433 -0.341497 -0.341168 -0.347335 -0.375806 -0.421616 -0.375803 -0.347333 -0.341165 -0.341494 -0.334329 -0.332637 -0.352015 
1.7 -5.2725 8 -0.352009 -0.332508 -0.33465 -0.341392 -0.341186 -0.347511 -0.376066 -0.421868 -0.376063 -0.347508 -0.341183 -0.341389 -0.334649 -0.332508 -0.352013 
1.71 -5.27385 8 -0.352006 -0.332374 -0.33499 -0.341284 -0.341204 -0.347688 -0.376326 -0.422114 -0.376323 -0.347685 -0.341201 -0.341281 -0.334989 -0.332374 -0.352011 
1.72 -5.27523 8 -0.352003 -0.332237 -0.33535 -0.341176 -0.341224 -0.347868 -0.376588 -0.422353 -0.376584 -0.347865 -0.341221 -0.341173 -0.335349 -0.332237 -0.352009 
1.73 -5.27665 8 -0.352 -0.332096 -0.335728 -0.341068 -0.341244 -0.34805 -0.37685 -0.422584 -0.376846 -0.348047 -0.341241 -0.341066 -0.335726 -0.332096 -0.352005 
1.74 -5.27809 8 -0.351996 -0.331953 -0.336122 -0.340963 -0.341265 -0.348235 -0.377112 -0.422809 -0.377109 -0.348232 -0.341262 -0.34096 -0.33612 -0.331953 -0.352002 
1.75 -5.27957 8 -0.351992 -0.331809 -0.336529 -0.340861 -0.341286 -0.348421 -0.377376 -0.423027 -0.377373 -0.348419 -0.341283 -0.340859 -0.336528 -0.331809 -0.351998 
1.76 -5.28108 8 -0.351987 -0.331665 -0.336948 -0.340763 -0.341309 -0.34861 -0.37764 -0.423239 -0.377637 -0.348608 -0.341306 -0.34076 -0.336947 -0.331665 -0.351993 
1.77 -5.28261 8 -0.351981 -0.331522 -0.337375 -0.34067 -0.341332 -0.348802 -0.377905 -0.423443 -0.377902 -0.348799 -0.341329 -0.340667 -0.337374 -0.331522 -0.351987 
1.78 -5.28416 8 -0.351974 -0.331382 -0.337807 -0.340581 -0.341356 -0.348995 -0.37817 -0.423641 -0.378167 -0.348992 -0.341353 -0.340579 -0.337805 -0.331381 -0.35198 
1.79 -5.28574 8 -0.351965 -0.331246 -0.338239 -0.340498 -0.341381 -0.349191 -0.378436 -0.423832 -0.378433 -0.349188 -0.341378 -0.340496 -0.338238 -0.331246 -0.351972 
1.8 -5.28733 8 -0.351955 -0.331116 -0.338668 -0.340421 -0.341407 -0.349389 -0.378702 -0.424017 -0.378699 -0.349386 -0.341404 -0.340418 -0.338666 -0.331116 -0.351961 
1.81 -5.28892 8 -0.351943 -0.330994 -0.339089 -0.340349 -0.341434 -0.349589 -0.378969 -0.424195 -0.378966 -0.349586 -0.341431 -0.340347 -0.339087 -0.330994 -0.351949 
1.82 -5.29052 8 -0.351928 -0.330881 -0.339497 -0.340284 -0.341462 -0.349791 -0.379237 -0.424366 -0.379234 -0.349788 -0.341459 -0.340281 -0.339495 -0.330881 -0.351935 
1.83 -5.29211 8 -0.351911 -0.33078 -0.339888 -0.340224 -0.341491 -0.349996 -0.379504 -0.424531 -0.379501 -0.349993 -0.341488 -0.340221 -0.339886 -0.33078 -0.351918 
1.84 -5.29369 8 -0.351891 -0.330692 -0.340256 -0.340169 -0.341522 -0.350202 -0.379772 -0.42469 -0.37977 -0.3502 -0.341519 -0.340166 -0.340254 -0.330692 -0.351898 
1.85 -5.29525 8 -0.351867 -0.330619 -0.340598 -0.34012 -0.341553 -0.350411 -0.380041 -0.424842 -0.380038 -0.350408 -0.34155 -0.340117 -0.340596 -0.330618 -0.351875 
1.86 -5.29679 8 -0.35184 -0.330562 -0.340909 -0.340075 -0.341586 -0.350622 -0.38031 -0.424987 -0.380307 -0.350619 -0.341583 -0.340073 -0.340907 -0.330561 -0.351848 
1.87 -5.29829 8 -0.351808 -0.330522 -0.341186 -0.340036 -0.341619 -0.350835 -0.380579 -0.425126 -0.380576 -0.350832 -0.341617 -0.340033 -0.341184 -0.330521 -0.351816 
1.88 -5.29976 8 -0.351772 -0.330501 -0.341428 -0.34 -0.341655 -0.35105 -0.380848 -0.425259 -0.380845 -0.351047 -0.341652 -0.339998 -0.341425 -0.3305 -0.35178 
1.89 -5.30119 8 -0.35173 -0.330499 -0.341632 -0.339968 -0.341691 -0.351267 -0.381118 -0.425386 -0.381115 -0.351265 -0.341688 -0.339966 -0.34163 -0.330498 -0.351738 
1.9 -5.30258 8 -0.351683 -0.330517 -0.341799 -0.33994 -0.341729 -0.351487 -0.381387 -0.425506 -0.381384 -0.351484 -0.341726 -0.339937 -0.341796 -0.330516 -0.351691 
1.91 -5.30394 8 -0.35163 -0.330557 -0.341928 -0.339915 -0.341768 -0.351708 -0.381657 -0.425621 -0.381654 -0.351705 -0.341765 -0.339912 -0.341926 -0.330556 -0.351638 
1.92 -5.30526 8 -0.35157 -0.330617 -0.342022 -0.339892 -0.341809 -0.351931 -0.381927 -0.425729 -0.381924 -0.351928 -0.341806 -0.339889 -0.34202 -0.330616 -0.351579 
1.93 -5.30655 8 -0.351504 -0.3307 -0.342083 -0.339871 -0.341851 -0.352156 -0.382196 -0.425831 -0.382194 -0.352153 -0.341848 -0.339868 -0.34208 -0.330699 -0.351513 
1.94 -5.30782 8 -0.351432 -0.330806 -0.342113 -0.339852 -0.341895 -0.352383 -0.382466 -0.425927 -0.382464 -0.352381 -0.341892 -0.33985 -0.34211 -0.330804 -0.35144 
1.95 -5.30906 8 -0.351352 -0.330934 -0.342115 -0.339835 -0.34194 -0.352613 -0.382736 -0.426018 -0.382733 -0.35261 -0.341937 -0.339832 -0.342112 -0.330933 -0.351361 
1.96 -5.3103 8 -0.351266 -0.331085 -0.342093 -0.339819 -0.341987 -0.352844 -0.383006 -0.426102 -0.383003 -0.352841 -0.341984 -0.339816 -0.34209 -0.331084 -0.351275 
1.97 -5.31152 8 -0.351173 -0.331261 -0.34205 -0.339804 -0.342036 -0.353076 -0.383275 -0.426181 -0.383273 -0.353074 -0.342033 -0.339802 -0.342047 -0.331259 -0.351182 
1.98 -5.31275 8 -0.351073 -0.331459 -0.341988 -0.33979 -0.342086 -0.353311 -0.383544 -0.426253 -0.383542 -0.353309 -0.342083 -0.339788 -0.341986 -0.331458 -0.351082 
1.99 -5.31399 8 -0.350966 -0.331682 -0.341912 -0.339777 -0.342137 -0.353548 -0.383813 -0.426321 -0.383811 -0.353545 -0.342134 -0.339774 -0.341909 -0.33168 -0.350975 
2 -5.31523 8 -0.350852 -0.331928 -0.341824 -0.339764 -0.34219 -0.353786 -0.384082 -0.426382 -0.38408 -0.353784 -0.342187 -0.339762 -0.341821 -0.331926 -0.350862 
2.01 -5.3165 8 -0.350733 -0.332197 -0.341727 -0.339752 -0.342245 -0.354027 -0.384351 -0.426438 -0.384348 -0.354024 -0.342242 -0.33975 -0.341724 -0.332196 -0.350742 
2.02 -5.31778 8 -0.350607 -0.33249 -0.341623 -0.339741 -0.342302 -0.354269 -0.384619 -0.426489 -0.384617 -0.354266 -0.342299 -0.339738 -0.34162 -0.332488 -0.350617 
2.03 -5.31909 8 -0.350476 -0.332804 -0.341514 -0.339729 -0.34236 -0.354512 -0.384887 -0.426534 -0.384884 -0.35451 -0.342357 -0.339727 -0.341511 -0.332802 -0.350486 
2.04 -5.32044 8 -0.35034 -0.33314 -0.341403 -0.339718 -0.34242 -0.354758 -0.385154 -0.426574 -0.385152 -0.354755 -0.342417 -0.339716 -0.3414 -0.333138 -0.35035 
2.05 -5.32181 8 -0.3502 -0.333496 -0.34129 -0.339708 -0.342482 -0.355005 -0.385421 -0.426608 -0.385418 -0.355002 -0.342479 -0.339705 -0.341287 -0.333494 -0.350209 
2.06 -5.32321 8 -0.350056 -0.333871 -0.341178 -0.339697 -0.342546 -0.355254 -0.385687 -0.426637 -0.385685 -0.355251 -0.342543 -0.339694 -0.341175 -0.333869 -0.350066 
2.07 -5.32464 8 -0.34991 -0.334262 -0.341067 -0.339687 -0.342611 -0.355504 -0.385953 -0.426661 -0.38595 -0.355502 -0.342608 -0.339684 -0.341064 -0.33426 -0.349919 
2.08 -5.32611 8 -0.349761 -0.334668 -0.340959 -0.339677 -0.342678 -0.355757 -0.386218 -0.42668 -0.386216 -0.355754 -0.342675 -0.339674 -0.340956 -0.334666 -0.349771 
2.09 -5.32761 8 -0.349613 -0.335086 -0.340855 -0.339667 -0.342747 -0.35601 -0.386482 -0.426694 -0.38648 -0.356008 -0.342744 -0.339665 -0.340852 -0.335084 -0.349622 
2.1 -5.32914 8 -0.349464 -0.335514 -0.340754 -0.339658 -0.342818 -0.356266 -0.386746 -0.426703 -0.386744 -0.356263 -0.342815 -0.339656 -0.340751 -0.335511 -0.349474 
2.11 -5.33069 8 -0.349318 -0.335947 -0.340658 -0.339649 -0.342891 -0.356522 -0.387009 -0.426708 -0.387007 -0.35652 -0.342887 -0.339647 -0.340656 -0.335944 -0.349328 
2.12 -5.33227 8 -0.349176 -0.336382 -0.340568 -0.339641 -0.342965 -0.356781 -0.387271 -0.426707 -0.387269 -0.356778 -0.342962 -0.339638 -0.340565 -0.336379 -0.349185 
2.13 -5.33386 8 -0.349039 -0.336815 -0.340483 -0.339633 -0.343041 -0.35704 -0.387533 -0.426702 -0.387531 -0.357038 -0.343038 -0.33963 -0.34048 -0.336812 -0.349048 
2.14 -5.33547 8 -0.348908 -0.337242 -0.340403 -0.339625 -0.343119 -0.357302 -0.387793 -0.426692 -0.387791 -0.357299 -0.343116 -0.339622 -0.3404 -0.337239 -0.348917 
2.15 -5.33708 8 -0.348787 -0.337657 -0.340329 -0.339618 -0.343199 -0.357564 -0.388053 -0.426677 -0.388051 -0.357562 -0.343196 -0.339615 -0.340326 -0.337654 -0.348795 
2.16 -5.3387 8 -0.348675 -0.338057 -0.340261 -0.339611 -0.343281 -0.357828 -0.388312 -0.426658 -0.38831 -0.357826 -0.343278 -0.339608 -0.340258 -0.338054 -0.348684 
2.17 -5.34031 8 -0.348575 -0.338436 -0.340197 -0.339605 -0.343365 -0.358094 -0.388569 -0.426635 -0.388568 -0.358091 -0.343362 -0.339602 -0.340195 -0.338432 -0.348584 
2.18 -5.34191 8 -0.348489 -0.33879 -0.340139 -0.339599 -0.34345 -0.35836 -0.388826 -0.426607 -0.388824 -0.358358 -0.343447 -0.339597 -0.340137 -0.338786 -0.348497 
2.19 -5.34349 8 -0.348417 -0.339114 -0.340086 -0.339595 -0.343538 -0.358628 -0.389082 -0.426575 -0.38908 -0.358626 -0.343535 -0.339592 -0.340084 -0.33911 -0.348425 
2.2 -5.34504 8 -0.34836 -0.339406 -0.340038 -0.33959 -0.343627 -0.358898 -0.389336 -0.426539 -0.389335 -0.358895 -0.343624 -0.339588 -0.340035 -0.339402 -0.348369 
2.21 -5.34657 9 -0.34832 -0.339662 -0.339993 -0.339587 -0.343719 -0.359168 -0.38959 -0.426499 -0.389588 -0.359165 -0.343716 -0.339584 -0.339991 -0.339659 -0.348329 
2.22 -5.34807 9 -0.348297 -0.339882 -0.339953 -0.339584 -0.343812 -0.35944 -0.389842 -0.426455 -0.38984 -0.359437 -0.343809 -0.339581 -0.33995 -0.339878 -0.348306 
2.23 -5.34953 9 -0.348292 -0.340064 -0.339915 -0.339582 -0.343907 -0.359713 -0.390093 -0.426406 -0.390091 -0.35971 -0.343904 -0.33958 -0.339912 -0.34006 -0.3483 
2.24 -5.35096 9 -0.348305 -0.340208 -0.339881 -0.339581 -0.344005 -0.359987 -0.390343 -0.426354 -0.390341 -0.359984 -0.344001 -0.339578 -0.339878 -0.340204 -0.348313 
2.25 -5.35237 9 -0.348337 -0.340317 -0.339849 -0.339581 -0.344104 -0.360262 -0.390591 -0.426298 -0.39059 -0.360259 -0.344101 -0.339578 -0.339846 -0.340313 -0.348345 
2.26 -5.35375 9 -0.348388 -0.340391 -0.339818 -0.339581 -0.344205 -0.360538 -0.390838 -0.426239 -0.390837 -0.360535 -0.344202 -0.339579 -0.339816 -0.340387 -0.348395 
2.27 -5.35511 9 -0.348457 -0.340433 -0.33979 -0.339583 -0.344308 -0.360815 -0.391084 -0.426175 -0.391083 -0.360812 -0.344305 -0.33958 -0.339787 -0.340429 -0.348465 
2.28 -5.35645 9 -0.348547 -0.340446 -0.339763 -0.339585 -0.344413 -0.361093 -0.391329 -0.426109 -0.391327 -0.361091 -0.34441 -0.339582 -0.33976 -0.340442 -0.348554 
2.29 -5.35779 9 -0.348656 -0.340433 -0.339737 -0.339588 -0.34452 -0.361372 -0.391572 -0.426038 -0.39157 -0.36137 -0.344517 -0.339586 -0.339735 -0.340429 -0.348664 
2.3 -5.35912 9 -0.348786 -0.340397 -0.339713 -0.339593 -0.344629 -0.361653 -0.391813 -0.425965 -0.391811 -0.36165 -0.344626 -0.33959 -0.33971 -0.340393 -0.348793 
2.31 -5.36046 9 -0.348937 -0.340342 -0.339688 -0.339598 -0.34474 -0.361934 -0.392053 -0.425888 -0.392051 -0.361931 -0.344737 -0.339595 -0.339686 -0.340338 -0.348944 
2.32 -5.36181 9 -0.349108 -0.340271 -0.339665 -0.339604 -0.344853 -0.362216 -0.392291 -0.425808 -0.39229 -0.362213 -0.34485 -0.339602 -0.339662 -0.340267 -0.349115 
2.33 -5.36318 9 -0.3493 -0.340187 -0.339642 -0.339612 -0.344968 -0.362498 -0.392528 -0.425724 -0.392527 -0.362496 -0.344965 -0.339609 -0.339639 -0.340183 -0.349307 
2.34 -5.36457 9 -0.349513 -0.340091 -0.339619 -0.33962 -0.345085 -0.362782 -0.392763 -0.425638 -0.392762 -0.362779 -0.345081 -0.339617 -0.339616 -0.340087 -0.349519 
2.35 -5.36599 9 -0.349746 -0.339988 -0.339596 -0.339629 -0.345203 -0.363066 -0.392997 -0.425549 -0.392995 -0.363064 -0.3452 -0.339627 -0.339593 -0.339984 -0.349753 
2.36 -5.36744 9 -0.35 -0.339878 -0.339573 -0.33964 -0.345324 -0.363351 -0.393229 -0.425456 -0.393227 -0.363349 -0.345321 -0.339637 -0.33957 -0.339874 -0.350006 
2.37 -5.36891 10 -0.350272 -0.339764 -0.33955 -0.339652 -0.345447 -0.363637 -0.393459 -0.425361 -0.393457 -0.363634 -0.345444 -0.339649 -0.339547 -0.339761 -0.350278 
2.38 -5.37042 10 -0.350563 -0.339648 -0.339527 -0.339664 -0.345572 -0.363923 -0.393687 -0.425263 -0.393686 -0.363921 -0.345569 -0.339661 -0.339525 -0.339644 -0.350569 
2.39 -5.37197 10 -0.350871 -0.339531 -0.339504 -0.339678 -0.345699 -0.36421 -0.393914 -0.425163 -0.393913 -0.364208 -0.345696 -0.339675 -0.339502 -0.339527 -0.350877 
2.4 -5.37354 10 -0.351195 -0.339415 -0.339482 -0.339693 -0.345828 -0.364498 -0.394139 -0.42506 -0.394137 -0.364496 -0.345825 -0.33969 -0.339479 -0.339411 -0.3512 
2.41 -5.37515 10 -0.351531 -0.339299 -0.339459 -0.339709 -0.345959 -0.364786 -0.394362 -0.424954 -0.39436 -0.364784 -0.345955 -0.339706 -0.339456 -0.339295 -0.351536 
2.42 -5.37678 10 -0.351878 -0.339186 -0.339435 -0.339726 -0.346091 -0.365075 -0.394583 -0.424846 -0.394582 -0.365073 -0.346088 -0.339723 -0.339433 -0.339182 -0.351883 
2.43 -5.37844 10 -0.352233 -0.339076 -0.339412 -0.339744 -0.346226 -0.365364 -0.394802 -0.424735 -0.394801 -0.365362 -0.346223 -0.339742 -0.33941 -0.339072 -0.352238 
2.44 -5.38011 10 -0.352592 -0.33897 -0.339389 -0.339764 -0.346363 -0.365654 -0.395019 -0.424623 -0.395018 -0.365652 -0.34636 -0.339761 -0.339386 -0.338966 -0.352597 
2.45 -5.38179 10 -0.352951 -0.338867 -0.339366 -0.339784 -0.346502 -0.365944 -0.395235 -0.424508 -0.395234 -0.365942 -0.346498 -0.339782 -0.339363 -0.338863 -0.352956 
2.46 -5.38348 10 -0.353306 -0.338769 -0.339343 -0.339806 -0.346642 -0.366235 -0.395448 -0.424391 -0.395447 -0.366232 -0.346639 -0.339804 -0.33934 -0.338765 -0.35331 
2.47 -5.38515 10 -0.35365 -0.338675 -0.339319 -0.339829 -0.346785 -0.366526 -0.395659 -0.424271 -0.395658 -0.366523 -0.346782 -0.339827 -0.339317 -0.338671 -0.353654 
2.48 -5.3868 10 -0.35398 -0.338585 -0.339296 -0.339854 -0.346929 -0.366817 -0.395869 -0.42415 -0.395868 -0.366814 -0.346926 -0.339851 -0.339294 -0.338581 -0.353984 
2.49 -5.38842 10 -0.354289 -0.3385 -0.339273 -0.339879 -0.347076 -0.367108 -0.396076 -0.424027 -0.396075 -0.367106 -0.347073 -0.339876 -0.33927 -0.338496 -0.354293 
2.5 -5.38999 10 -0.354571 -0.338418 -0.33925 -0.339906 -0.347224 -0.3674 -0.396282 -0.423903 -0.396281 -0.367398 -0.347221 -0.339903 -0.339247 -0.338415 -0.354575 
2.51 -5.39151 10 -0.354821 -0.338341 -0.339227 -0.339934 -0.347375 -0.367692 -0.396485 -0.423776 -0.396484 -0.36769 -0.347372 -0.339931 -0.339224 -0.338337 -0.354825 
2.52 -5.39297 10 -0.355034 -0.338267 -0.339204 -0.339963 -0.347527 -0.367984 -0.396686 -0.423648 -0.396685 -0.367982 -0.347524 -0.33996 -0.339202 -0.338263 -0.355037 
2.53 -5.39434 10 -0.355204 -0.338196 -0.339182 -0.339993 -0.347681 -0.368277 -0.396885 -0.423518 -0.396884 -0.368274 -0.347678 -0.33999 -0.339179 -0.338193 -0.355207 
2.54 -5.39563 10 -0.355328 -0.338128 -0.339159 -0.340025 -0.347838 -0.368569 -0.397082 -0.423386 -0.397081 -0.368567 -0.347834 -0.340022 -0.339156 -0.338125 -0.355331 
2.55 -5.39683 11 -0.355403 -0.338063 -0.339137 -0.340058 -0.347996 -0.368862 -0.397276 -0.423254 -0.397276 -0.368859 -0.347992 -0.340055 -0.339134 -0.338059 -0.355406 
2.56 -5.39793 11 -0.355427 -0.337999 -0.339115 -0.340092 -0.348156 -0.369154 -0.397469 -0.423119 -0.397468 -0.369152 -0.348152 -0.340089 -0.339112 -0.337995 -0.35543 
2.57 -5.39893 11 -0.355401 -0.337936 -0.339093 -0.340127 -0.348318 -0.369447 -0.397659 -0.422984 -0.397658 -0.369444 -0.348314 -0.340124 -0.33909 -0.337932 -0.355404 
2.58 -5.39984 11 -0.355325 -0.337874 -0.339071 -0.340164 -0.348481 -0.369739 -0.397847 -0.422847 -0.397846 -0.369737 -0.348478 -0.340161 -0.339069 -0.33787 -0.355328 
2.59 -5.40065 11 -0.355201 -0.337813 -0.33905 -0.340202 -0.348647 -0.370032 -0.398033 -0.422709 -0.398032 -0.37003 -0.348644 -0.340199 -0.339047 -0.337809 -0.355203 
2.6 -5.40137 11 -0.355031 -0.337751 -0.339029 -0.340241 -0.348814 -0.370324 -0.398217 -0.42257 -0.398216 -0.370322 -0.348811 -0.340238 -0.339026 -0.337748 -0.355033 
2.61 -5.40201 11 -0.354818 -0.337689 -0.339008 -0.340282 -0.348984 -0.370617 -0.398398 -0.42243 -0.398397 -0.370615 -0.34898 -0.340279 -0.339005 -0.337686 -0.354821 
2.62 -5.40257 11 -0.354566 -0.337627 -0.338988 -0.340324 -0.349155 -0.370909 -0.398577 -0.422288 -0.398576 -0.370907 -0.349151 -0.340321 -0.338985 -0.337624 -0.354569 
2.63 -5.40305 11 -0.354279 -0.337564 -0.338967 -0.340367 -0.349328 -0.371201 -0.398754 -0.422146 -0.398753 -0.371199 -0.349324 -0.340364 -0.338965 -0.337561 -0.354281 
2.64 -5.40347 11 -0.35396 -0.3375 -0.338947 -0.340411 -0.349502 -0.371493 -0.398928 -0.422003 -0.398928 -0.371491 -0.349499 -0.340409 -0.338945 -0.337496 -0.353962 
2.65 -5.40384 11 -0.353613 -0.337434 -0.338928 -0.340457 -0.349679 -0.371784 -0.3991 -0.42186 -0.3991 -0.371782 -0.349675 -0.340454 -0.338925 -0.337431 -0.353615 
2.66 -5.40415 11 -0.353241 -0.337367 -0.338908 -0.340504 -0.349857 -0.372076 -0.39927 -0.421715 -0.39927 -0.372074 -0.349854 -0.340501 -0.338906 -0.337364 -0.353243 
2.67 -5.40442 11 -0.352848 -0.337298 -0.338889 -0.340553 -0.350037 -0.372367 -0.399438 -0.42157 -0.399437 -0.372365 -0.350034 -0.34055 -0.338886 -0.337295 -0.352851 
2.68 -5.40465 12 -0.352437 -0.337228 -0.33887 -0.340602 -0.350219 -0.372657 -0.399603 -0.421424 -0.399602 -0.372655 -0.350216 -0.3406 -0.338868 -0.337225 -0.352439 
2.69 -5.40484 12 -0.352011 -0.337156 -0.338852 -0.340653 -0.350402 -0.372948 -0.399766 -0.421278 -0.399765 -0.372945 -0.350399 -0.340651 -0.338849 -0.337153 -0.352013 
2.7 -5.40501 12 -0.351571 -0.337082 -0.338833 -0.340706 -0.350588 -0.373237 -0.399926 -0.421131 -0.399925 -0.373235 -0.350584 -0.340703 -0.338831 -0.337079 -0.351573 
2.71 -5.40515 12 -0.35112 -0.337007 -0.338815 -0.34076 -0.350775 -0.373527 -0.400084 -0.420984 -0.400084 -0.373525 -0.350771 -0.340757 -0.338813 -0.337003 -0.351122 
2.72 -5.40526 12 -0.35066 -0.336929 -0.338798 -0.340815 -0.350963 -0.373816 -0.40024 -0.420837 -0.400239 -0.373814 -0.35096 -0.340812 -0.338795 -0.336926 -0.350662 
2.73 -5.40536 12 -0.350192 -0.33685 -0.33878 -0.340871 -0.351153 -0.374104 -0.400393 -0.420689 -0.400393 -0.374102 -0.35115 -0.340869 -0.338777 -0.336847 -0.350194 
2.74 -5.40545 12 -0.349718 -0.336769 -0.338763 -0.340929 -0.351345 -0.374392 -0.400544 -0.420541 -0.400543 -0.37439 -0.351342 -0.340926 -0.33876 -0.336766 -0.34972 
2.75 -5.40552 12 -0.349239 -0.336686 -0.338746 -0.340988 -0.351539 -0.374679 -0.400692 -0.420393 -0.400692 -0.374677 -0.351536 -0.340985 -0.338743 -0.336683 -0.349241 
2.76 -5.40558 12 -0.348756 -0.336601 -0.338729 -0.341049 -0.351734 -0.374966 -0.400839 -0.420244 -0.400838 -0.374964 -0.351731 -0.341046 -0.338726 -0.336598 -0.348758 
2.77 -5.40563 12 -0.34827 -0.336514 -0.338712 -0.34111 -0.351931 -0.375252 -0.400982 -0.420096 -0.400982 -0.37525 -0.351928 -0.341108 -0.338709 -0.336511 -0.348272 
2.78 -5.40567 12 -0.347782 -0.336426 -0.338696 -0.341174 -0.352129 -0.375538 -0.401124 -0.419947 -0.401123 -0.375536 -0.352126 -0.341171 -0.338693 -0.336423 -0.347784 
2.79 -5.40571 12 -0.347292 -0.336336 -0.338679 -0.341238 -0.352329 -0.375822 -0.401263 -0.419799 -0.401262 -0.37582 -0.352326 -0.341235 -0.338676 -0.336333 -0.347293 
2.8 -5.40573 12 -0.3468 -0.336245 -0.338663 -0.341304 -0.352531 -0.376107 -0.401399 -0.41965 -0.401399 -0.376105 -0.352527 -0.341301 -0.33866 -0.336242 -0.346802 
2.81 -5.40576 13 -0.346308 -0.336151 -0.338647 -0.341371 -0.352734 -0.37639 -0.401533 -0.419502 -0.401533 -0.376388 -0.35273 -0.341368 -0.338644 -0.336148 -0.34631 
2.82 -5.40578 13 -0.345816 -0.336057 -0.338631 -0.34144 -0.352938 -0.376672 -0.401665 -0.419353 -0.401665 -0.37667 -0.352935 -0.341437 -0.338628 -0.336054 -0.345818 
2.83 -5.4058 13 -0.345324 -0.33596 -0.338616 -0.341509 -0.353144 -0.376954 -0.401795 -0.419205 -0.401794 -0.376952 -0.353141 -0.341507 -0.338613 -0.335957 -0.345325 
2.84 -5.40581 13 -0.344831 -0.335862 -0.3386 -0.341581 -0.353352 -0.377235 -0.401922 -0.419058 -0.401922 -0.377233 -0.353348 -0.341578 -0.338597 -0.33586 -0.344833 
2.85 -5.40582 13 -0.344339 -0.335763 -0.338585 -0.341653 -0.35356 -0.377515 -0.402046 -0.41891 -0.402046 -0.377513 -0.353557 -0.341651 -0.338582 -0.33576 -0.344341 
2.86 -5.40583 13 -0.343848 -0.335663 -0.33857 -0.341727 -0.353771 -0.377794 -0.402169 -0.418763 -0.402169 -0.377792 -0.353768 -0.341724 -0.338567 -0.33566 -0.34385 
2.87 -5.40584 13 -0.343358 -0.335561 -0.338554 -0.341802 -0.353982 -0.378072 -0.402289 -0.418616 -0.402288 -0.37807 -0.353979 -0.3418 -0.338551 -0.335558 -0.343359 
2.88 -5.40585 13 -0.342868 -0.335458 -0.338539 -0.341879 -0.354196 -0.37835 -0.402406 -0.41847 -0.402406 -0.378348 -0.354192 -0.341876 -0.338536 -0.335455 -0.342869 
2.89 -5.40585 13 -0.342379 -0.335354 -0.338524 -0.341957 -0.35441 -0.378626 -0.402521 -0.418324 -0.402521 -0.378624 -0.354407 -0.341954 -0.338521 -0.335351 -0.34238 
2.9 -5.40586 13 -0.341891 -0.335249 -0.338509 -0.342036 -0.354626 -0.378901 -0.402634 -0.418179 -0.402634 -0.378899 -0.354623 -0.342033 -0.338506 -0.335246 -0.341893 
2.91 -5.40586 13 -0.341404 -0.335142 -0.338495 -0.342116 -0.354843 -0.379175 -0.402745 -0.418034 -0.402745 -0.379174 -0.35484 -0.342114 -0.338492 -0.335139 -0.341406 
2.92 -5.40587 13 -0.340919 -0.335035 -0.33848 -0.342198 -0.355061 -0.379449 -0.402853 -0.41789 -0.402853 -0.379447 -0.355058 -0.342195 -0.338477 -0.335032 -0.34092 
2.93 -5.40587 13 -0.340434 -0.334926 -0.338465 -0.342281 -0.355281 -0.379721 -0.402959 -0.417746 -0.402959 -0.379719 -0.355278 -0.342279 -0.338462 -0.334924 -0.340435 
2.94 -5.40587 13 -0.339951 -0.334817 -0.33845 -0.342365 -0.355502 -0.379992 -0.403062 -0.417603 -0.403062 -0.37999 -0.355499 -0.342363 -0.338447 -0.334815 -0.339952 
2.95 -5.40587 13 -0.339468 -0.334707 -0.338436 -0.342451 -0.355724 -0.380262 -0.403164 -0.417461 -0.403164 -0.38026 -0.355721 -0.342449 -0.338433 -0.334705 -0.33947 
2.96 -5.40587 13 -0.338987 -0.334597 -0.338421 -0.342538 -0.355948 -0.38053 -0.403263 -0.417319 -0.403263 -0.380528 -0.355944 -0.342536 -0.338418 -0.334594 -0.338989 
2.97 -5.40588 13 -0.338507 -0.334485 -0.338406 -0.342626 -0.356172 -0.380798 -0.403359 -0.417178 -0.403359 -0.380796 -0.356169 -0.342624 -0.338403 -0.334483 -0.338509 
2.98 -5.40588 13 -0.338029 -0.334373 -0.338392 -0.342716 -0.356398 -0.381064 -0.403454 -0.417038 -0.403454 -0.381062 -0.356395 -0.342714 -0.338389 -0.334371 -0.33803 
2.99 -5.40588 13 -0.337551 -0.33426 -0.338377 -0.342807 -0.356625 -0.381329 -0.403546 -0.416899 -0.403546 -0.381327 -0.356622 -0.342804 -0.338374 -0.334258 -0.337552 
3 -5.40588 13 -0.337075 -0.334147 -0.338362 -0.342899 -0.356853 -0.381593 -0.403636 -0.41676 -0.403636 -0.381591 -0.35685 -0.342897 -0.338359 -0.334145 -0.337076 
3.01 -5.40588 14 -0.3366 -0.334034 -0.338348 -0.342992 -0.357082 -0.381855 -0.403724 -0.416623 -0.403724 -0.381854 -0.357079 -0.34299 -0.338344 -0.334031 -0.336601 
3.02 -5.40588 14 -0.336125 -0.33392 -0.338333 -0.343087 -0.357312 -0.382117 -0.403809 -0.416486 -0.403809 -0.382115 -0.357309 -0.343085 -0.33833 -0.333917 -0.336127 
3.03 -5.40588 14 -0.335653 -0.333805 -0.338318 -0.343183 -0.357543 -0.382377 -0.403893 -0.41635 -0.403893 -0.382375 -0.35754 -0.34318 -0.338315 -0.333803 -0.335654 
3.04 -5.40588 14 -0.335181 -0.333691 -0.338303 -0.34328 -0.357775 -0.382635 -0.403974 -0.416215 -0.403974 -0.382633 -0.357772 -0.343278 -0.3383 -0.333688 -0.335182 
3.05 -5.40588 14 -0.33471 -0.333576 -0.338288 -0.343378 -0.358008 -0.382892 -0.404053 -0.416081 -0.404053 -0.38289 -0.358005 -0.343376 -0.338285 -0.333573 -0.334711 
3.06 -5.40588 14 -0.33424 -0.333461 -0.338273 -0.343478 -0.358243 -0.383148 -0.40413 -0.415948 -0.40413 -0.383146 -0.358239 -0.343476 -0.33827 -0.333458 -0.334241 
3.07 -5.40588 14 -0.333772 -0.333345 -0.338258 -0.343579 -0.358478 -0.383402 -0.404205 -0.415817 -0.404205 -0.3834 -0.358475 -0.343577 -0.338254 -0.333343 -0.333773 
3.08 -5.40588 14 -0.333304 -0.33323 -0.338242 -0.343681 -0.358714 -0.383655 -0.404277 -0.415686 -0.404277 -0.383653 -0.358711 -0.343679 -0.338239 -0.333228 -0.333305 
3.09 -5.40588 14 -0.332838 -0.333115 -0.338227 -0.343784 -0.35895 -0.383907 -0.404348 -0.415556 -0.404348 -0.383905 -0.358947 -0.343782 -0.338224 -0.333113 -0.332839 
3.1 -5.40588 14 -0.332372 -0.333 -0.338211 -0.343889 -0.359188 -0.384156 -0.404416 -0.415427 -0.404417 -0.384155 -0.359185 -0.343886 -0.338208 -0.332998 -0.332373 
3.11 -5.40588 14 -0.331908 -0.332884 -0.338196 -0.343994 -0.359427 -0.384405 -0.404483 -0.415299 -0.404483 -0.384403 -0.359424 -0.343992 -0.338192 -0.332882 -0.331909 
3.12 -5.40588 14 -0.331445 -0.332769 -0.33818 -0.344101 -0.359666 -0.384652 -0.404547 -0.415173 -0.404548 -0.38465 -0.359663 -0.344099 -0.338177 -0.332767 -0.331445 
3.13 -5.40588 14 -0.330982 -0.332655 -0.338164 -0.344209 -0.359906 -0.384897 -0.40461 -0.415047 -0.40461 -0.384895 -0.359903 -0.344207 -0.338161 -0.332653 -0.330983 
3.14 -5.40588 14 -0.33052 -0.33254 -0.338148 -0.344319 -0.360147 -0.385141 -0.40467 -0.414923 -0.40467 -0.385139 -0.360144 -0.344316 -0.338145 -0.332538 -0.330521 
3.15 -5.40588 15 -0.33006 -0.332426 -0.338132 -0.344429 -0.360389 -0.385383 -0.404729 -0.414799 -0.404729 -0.385381 -0.360386 -0.344427 -0.338128 -0.332424 -0.330061 
3.16 -5.40588 15 -0.3296 -0.332312 -0.338115 -0.34454 -0.360631 -0.385623 -0.404785 -0.414677 -0.404786 -0.385622 -0.360628 -0.344538 -0.338112 -0.33231 -0.329601 
3.17 -5.40588 15 -0.329141 -0.332199 -0.338099 -0.344653 -0.360874 -0.385862 -0.40484 -0.414556 -0.40484 -0.385861 -0.360871 -0.344651 -0.338095 -0.332197 -0.329142 
3.18 -5.40588 15 -0.328683 -0.332085 -0.338082 -0.344767 -0.361118 -0.3861 -0.404893 -0.414437 -0.404893 -0.386098 -0.361115 -0.344765 -0.338079 -0.332084 -0.328684 
3.19 -5.40588 15 -0.328226 -0.331973 -0.338065 -0.344882 -0.361362 -0.386335 -0.404944 -0.414318 -0.404944 -0.386333 -0.361359 -0.34488 -0.338062 -0.331971 -0.328227 
3.2 -5.40588 15 -0.32777 -0.331861 -0.338048 -0.344998 -0.361607 -0.386569 -0.404993 -0.414201 -0.404993 -0.386567 -0.361604 -0.344996 -0.338045 -0.331859 -0.327771 
3.21 -5.40588 15 -0.327315 -0.331749 -0.338031 -0.345115 -0.361853 -0.386801 -0.40504 -0.414084 -0.40504 -0.3868 -0.36185 -0.345113 -0.338027 -0.331748 -0.327315 
3.22 -5.40588 15 -0.32686 -0.331639 -0.338014 -0.345233 -0.362099 -0.387032 -0.405085 -0.413969 -0.405086 -0.38703 -0.362096 -0.345231 -0.33801 -0.331637 -0.326861 
3.23 -5.40588 16 -0.326407 -0.331529 -0.337996 -0.345353 -0.362345 -0.387261 -0.405129 -0.413856 -0.405129 -0.387259 -0.362342 -0.34535 -0.337992 -0.331527 -0.326407 
3.24 -5.40588 16 -0.325954 -0.331419 -0.337978 -0.345473 -0.362592 -0.387488 -0.405171 -0.413743 -0.405171 -0.387486 -0.362589 -0.345471 -0.337974 -0.331417 -0.325954 
3.25 -5.40588 16 -0.325502 -0.33131 -0.33796 -0.345595 -0.36284 -0.387713 -0.405211 -0.413632 -0.405212 -0.387711 -0.362837 -0.345592 -0.337956 -0.331309 -0.325502 
3.26 -5.40588 16 -0.325051 -0.331203 -0.337942 -0.345717 -0.363087 -0.387937 -0.40525 -0.413522 -0.40525 -0.387935 -0.363085 -0.345715 -0.337938 -0.331201 -0.325051 
3.27 -5.40588 16 -0.3246 -0.331096 -0.337923 -0.345841 -0.363336 -0.388158 -0.405287 -0.413413 -0.405287 -0.388157 -0.363333 -0.345838 -0.33792 -0.331094 -0.3246 
3.28 -5.40588 16 -0.32415 -0.330989 -0.337905 -0.345965 -0.363584 -0.388378 -0.405322 -0.413305 -0.405322 -0.388376 -0.363582 -0.345963 -0.337901 -0.330988 -0.32415 
3.29 -5.40588 16 -0.323701 -0.330884 -0.337886 -0.346091 -0.363833 -0.388596 -0.405355 -0.413199 -0.405356 -0.388595 -0.363831 -0.346089 -0.337882 -0.330883 -0.323701 
3.3 -5.40588 16 -0.323253 -0.33078 -0.337867 -0.346218 -0.364083 -0.388813 -0.405387 -0.413093 -0.405388 -0.388811 -0.36408 -0.346215 -0.337863 -0.330778 -0.323253 
3.31 -5.40588 16 -0.322805 -0.330676 -0.337848 -0.346345 -0.364332 -0.389027 -0.405418 -0.41299 -0.405418 -0.389025 -0.36433 -0.346343 -0.337844 -0.330675 -0.322805 
3.32 -5.40588 16 -0.322358 -0.330574 -0.337828 -0.346474 -0.364582 -0.38924 -0.405447 -0.412887 -0.405447 -0.389238 -0.36458 -0.346472 -0.337825 -0.330573 -0.322359 
3.33 -5.40588 17 -0.321912 -0.330473 -0.337809 -0.346604 -0.364832 -0.38945 -0.405474 -0.412785 -0.405474 -0.389449 -0.36483 -0.346601 -0.337805 -0.330472 -0.321912 
3.34 -5.40588 17 -0.321467 -0.330373 -0.337789 -0.346734 -0.365082 -0.389659 -0.4055 -0.412685 -0.4055 -0.389657 -0.36508 -0.346732 -0.337785 -0.330371 -0.321467 
3.35 -5.40588 17 -0.321022 -0.330274 -0.337769 -0.346866 -0.365333 -0.389866 -0.405524 -0.412586 -0.405525 -0.389864 -0.365331 -0.346864 -0.337765 -0.330272 -0.321022 
3.36 -5.40588 17 -0.320578 -0.330176 -0.337749 -0.346998 -0.365584 -0.390071 -0.405547 -0.412488 -0.405548 -0.390069 -0.365581 -0.346996 -0.337745 -0.330174 -0.320578 
3.37 -5.40588 17 -0.320135 -0.330079 -0.337728 -0.347132 -0.365834 -0.390274 -0.405569 -0.412392 -0.405569 -0.390272 -0.365832 -0.347129 -0.337724 -0.330078 -0.320135 
3.38 -5.40588 17 -0.319692 -0.329983 -0.337708 -0.347266 -0.366085 -0.390476 -0.405589 -0.412297 -0.405589 -0.390474 -0.366083 -0.347264 -0.337704 -0.329982 -0.319692 
3.39 -5.40588 17 -0.31925 -0.329889 -0.337687 -0.347401 -0.366336 -0.390675 -0.405608 -0.412202 -0.405608 -0.390673 -0.366334 -0.347399 -0.337683 -0.329888 -0.31925 
3.4 -5.40588 17 -0.318809 -0.329796 -0.337666 -0.347537 -0.366587 -0.390872 -0.405625 -0.41211 -0.405626 -0.39087 -0.366584 -0.347535 -0.337662 -0.329795 -0.318809 
3.41 -5.40588 17 -0.318368 -0.329704 -0.337645 -0.347674 -0.366837 -0.391067 -0.405641 -0.412018 -0.405642 -0.391066 -0.366835 -0.347672 -0.337641 -0.329703 -0.318368 
3.42 -5.40588 17 -0.317928 -0.329613 -0.337624 -0.347812 -0.367088 -0.391261 -0.405656 -0.411927 -0.405657 -0.391259 -0.367086 -0.34781 -0.33762 -0.329612 -0.317928 
3.43 -5.40588 17 -0.317489 -0.329524 -0.337602 -0.347951 -0.367339 -0.391452 -0.40567 -0.411838 -0.405671 -0.39145 -0.367337 -0.347949 -0.337599 -0.329523 -0.317488 
3.44 -5.40588 18 -0.31705 -0.329436 -0.337581 -0.348091 -0.36759 -0.391642 -0.405683 -0.41175 -0.405683 -0.39164 -0.367588 -0.348088 -0.337577 -0.329435 -0.31705 
3.45 -5.40588 18 -0.316612 -0.329349 -0.337559 -0.348231 -0.36784 -0.391829 -0.405694 -0.411663 -0.405694 -0.391827 -0.367838 -0.348229 -0.337555 -0.329348 -0.316612 
3.46 -5.40588 18 -0.316175 -0.329264 -0.337538 -0.348372 -0.368091 -0.392015 -0.405704 -0.411577 -0.405705 -0.392013 -0.368089 -0.34837 -0.337534 -0.329263 -0.316174 
3.47 -5.40588 18 -0.315738 -0.32918 -0.337516 -0.348514 -0.368341 -0.392198 -0.405713 -0.411493 -0.405714 -0.392196 -0.368339 -0.348512 -0.337512 -0.329179 -0.315738 
3.48 -5.40588 18 -0.315302 -0.329098 -0.337494 -0.348657 -0.368591 -0.39238 -0.405721 -0.411409 -0.405722 -0.392378 -0.368589 -0.348654 -0.33749 -0.329097 -0.315302 
3.49 -5.40588 18 -0.314867 -0.329017 -0.337472 -0.3488 -0.368841 -0.392559 -0.405728 -0.411327 -0.405728 -0.392557 -0.368839 -0.348798 -0.337468 -0.329016 -0.314866 
3.5 -5.40588 18 -0.314432 -0.328937 -0.337449 -0.348944 -0.36909 -0.392737 -0.405734 -0.411246 -0.405734 -0.392735 -0.369088 -0.348942 -0.337445 -0.328936 -0.314432 
3.51 -5.40588 18 -0.313998 -0.328859 -0.337427 -0.349089 -0.369339 -0.392912 -0.405738 -0.411166 -0.405739 -0.39291 -0.369338 -0.349087 -0.337423 -0.328858 -0.313997 
3.52 -5.40588 18 -0.313565 -0.328782 -0.337405 -0.349235 -0.369588 -0.393086 -0.405742 -0.411087 -0.405743 -0.393084 -0.369586 -0.349233 -0.337401 -0.328782 -0.313564 
3.53 -5.40588 18 -0.313132 -0.328707 -0.337383 -0.349382 -0.369837 -0.393257 -0.405745 -0.411009 -0.405746 -0.393255 -0.369835 -0.349379 -0.337379 -0.328706 -0.313131 
3.54 -5.40588 18 -0.3127 -0.328633 -0.33736 -0.349529 -0.370085 -0.393427 -0.405747 -0.410932 -0.405748 -0.393425 -0.370083 -0.349526 -0.337356 -0.328632 -0.312699 
3.55 -5.40588 18 -0.312269 -0.328561 -0.337338 -0.349676 -0.370332 -0.393594 -0.405748 -0.410856 -0.405749 -0.393592 -0.370331 -0.349674 -0.337334 -0.32856 -0.312268 
3.56 -5.40588 18 -0.311838 -0.32849 -0.337316 -0.349825 -0.37058 -0.393759 -0.405748 -0.410782 -0.405749 -0.393757 -0.370578 -0.349822 -0.337311 -0.328489 -0.311838 
3.57 -5.40588 18 -0.311408 -0.32842 -0.337293 -0.349974 -0.370827 -0.393923 -0.405747 -0.410708 -0.405748 -0.393921 -0.370825 -0.349971 -0.337289 -0.32842 -0.311408 
3.58 -5.40588 18 -0.310979 -0.328353 -0.337271 -0.350123 -0.371073 -0.394084 -0.405746 -0.410636 -0.405746 -0.394082 -0.371071 -0.350121 -0.337267 -0.328352 -0.310978 
3.59 -5.40588 18 -0.310551 -0.328286 -0.337249 -0.350274 -0.371319 -0.394243 -0.405743 -0.410564 -0.405744 -0.394241 -0.371317 -0.350271 -0.337245 -0.328285 -0.31055 
3.6 -5.40588 18 -0.310123 -0.328221 -0.337227 -0.350425 -0.371564 -0.3944 -0.40574 -0.410494 -0.405741 -0.394398 -0.371563 -0.350422 -0.337222 -0.328221 -0.310122 
3.61 -5.40588 19 -0.309696 -0.328158 -0.337205 -0.350576 -0.371808 -0.394556 -0.405736 -0.410424 -0.405737 -0.394553 -0.371807 -0.350574 -0.3372 -0.328157 -0.309695 
3.62 -5.40588 19 -0.30927 -0.328096 -0.337183 -0.350728 -0.372052 -0.394709 -0.405732 -0.410356 -0.405732 -0.394707 -0.372051 -0.350725 -0.337178 -0.328095 -0.309269 
3.63 -5.40588 19 -0.308844 -0.328035 -0.337161 -0.35088 -0.372296 -0.39486 -0.405726 -0.410288 -0.405727 -0.394858 -0.372295 -0.350878 -0.337157 -0.328035 -0.308843 
3.64 -5.40588 19 -0.30842 -0.327976 -0.337139 -0.351033 -0.372539 -0.395009 -0.40572 -0.410221 -0.405721 -0.395007 -0.372537 -0.351031 -0.337135 -0.327976 -0.308419 
3.65 -5.40588 19 -0.307996 -0.327918 -0.337117 -0.351187 -0.372781 -0.395156 -0.405714 -0.410156 -0.405714 -0.395154 -0.372779 -0.351184 -0.337113 -0.327918 -0.307995 
3.66 -5.40588 19 -0.307572 -0.327862 -0.337096 -0.351341 -0.373022 -0.395301 -0.405707 -0.410091 -0.405707 -0.395299 -0.373021 -0.351338 -0.337092 -0.327862 -0.307571 
3.67 -5.40588 19 -0.30715 -0.327808 -0.337075 -0.351495 -0.373262 -0.395444 -0.405699 -0.410027 -0.405699 -0.395442 -0.373261 -0.351493 -0.337071 -0.327807 -0.307149 
3.68 -5.40588 19 -0.306729 -0.327754 -0.337054 -0.35165 -0.373502 -0.395585 -0.40569 -0.409964 -0.405691 -0.395583 -0.373501 -0.351648 -0.33705 -0.327754 -0.306727 
3.69 -5.40588 20 -0.306308 -0.327703 -0.337033 -0.351805 -0.373741 -0.395724 -0.405681 -0.409902 -0.405682 -0.395722 -0.37374 -0.351803 -0.337029 -0.327702 -0.306307 
3.7 -5.40588 20 -0.305888 -0.327652 -0.337013 -0.351961 -0.373979 -0.395861 -0.405672 -0.409841 -0.405672 -0.395858 -0.373978 -0.351959 -0.337009 -0.327652 -0.305887 
3.71 -5.40588 20 -0.305469 -0.327603 -0.336993 -0.352117 -0.374216 -0.395996 -0.405662 -0.40978 -0.405662 -0.395993 -0.374216 -0.352115 -0.336989 -0.327603 -0.305468 
3.72 -5.40588 20 -0.305051 -0.327556 -0.336973 -0.352274 -0.374453 -0.396128 -0.405651 -0.409721 -0.405652 -0.396126 -0.374452 -0.352271 -0.336969 -0.327555 -0.305049 
3.73 -5.40588 20 -0.304633 -0.32751 -0.336954 -0.352431 -0.374688 -0.396259 -0.40564 -0.409662 -0.405641 -0.396257 -0.374687 -0.352428 -0.33695 -0.327509 -0.304632 
3.74 -5.40588 20 -0.304217 -0.327465 -0.336935 -0.352588 -0.374922 -0.396388 -0.405629 -0.409604 -0.40563 -0.396386 -0.374922 -0.352585 -0.336931 -0.327465 -0.304216 
