time energy maxBondDim localEnergy 
0 -6.91174 37 -0.654357 -0.293102 -0.568737 -0.334223 -0.544405 -0.348861 -0.535766 -0.352834 -0.535766 -0.348861 -0.544405 -0.334223 -0.568737 -0.293102 -0.654357 
0 -6.21893 10 -0.491956 -0.377377 -0.414351 -0.403245 -0.406942 -0.40564 -0.40646 -0.406989 -0.40646 -0.40564 -0.406942 -0.403245 -0.414351 -0.377377 -0.491956 
0.01 -6.21893 10 -0.491956 -0.377377 -0.414351 -0.403245 -0.406942 -0.40564 -0.40646 -0.406989 -0.40646 -0.40564 -0.406942 -0.403245 -0.414351 -0.377377 -0.491956 
0.02 -6.21893 10 -0.491956 -0.377377 -0.414351 -0.403245 -0.406942 -0.40564 -0.40646 -0.406989 -0.40646 -0.40564 -0.406942 -0.403245 -0.414351 -0.377377 -0.491956 
0.03 -6.21893 10 -0.491956 -0.377377 -0.414351 -0.403245 -0.406942 -0.40564 -0.40646 -0.40699 -0.40646 -0.40564 -0.406942 -0.403245 -0.414351 -0.377377 -0.491956 
0.04 -6.21893 10 -0.491956 -0.377377 -0.414351 -0.403245 -0.406942 -0.40564 -0.406461 -0.406991 -0.406461 -0.40564 -0.406942 -0.403245 -0.414351 -0.377377 -0.491956 
0.05 -6.21894 10 -0.491956 -0.377377 -0.414351 -0.403245 -0.406942 -0.405639 -0.406461 -0.406993 -0.406461 -0.405639 -0.406942 -0.403245 -0.414351 -0.377377 -0.491956 
0.06 -6.21894 10 -0.491956 -0.377377 -0.414351 -0.403245 -0.406942 -0.405639 -0.406462 -0.406996 -0.406462 -0.405639 -0.406942 -0.403245 -0.414351 -0.377377 -0.491956 
0.07 -6.21895 10 -0.491956 -0.377377 -0.414351 -0.403245 -0.406942 -0.405638 -0.406464 -0.407 -0.406464 -0.405638 -0.406942 -0.403245 -0.414351 -0.377377 -0.491956 
0.08 -6.21895 10 -0.491956 -0.377377 -0.414351 -0.403245 -0.406942 -0.405637 -0.406466 -0.407006 -0.406466 -0.405637 -0.406942 -0.403245 -0.414351 -0.377377 -0.491956 
0.09 -6.21896 10 -0.491956 -0.377377 -0.414351 -0.403245 -0.406942 -0.405636 -0.406468 -0.407013 -0.406468 -0.405636 -0.406942 -0.403245 -0.414351 -0.377377 -0.491956 
0.1 -6.21898 10 -0.491956 -0.377377 -0.414351 -0.403245 -0.406942 -0.405634 -0.406472 -0.407024 -0.406472 -0.405634 -0.406942 -0.403245 -0.414351 -0.377377 -0.491956 
0.11 -6.21899 10 -0.491956 -0.377377 -0.414351 -0.403245 -0.406942 -0.405631 -0.406476 -0.407037 -0.406476 -0.405631 -0.406942 -0.403245 -0.414351 -0.377377 -0.491956 
0.12 -6.21901 10 -0.491956 -0.377377 -0.414351 -0.403245 -0.406942 -0.405628 -0.406482 -0.407053 -0.406482 -0.405628 -0.406942 -0.403245 -0.414351 -0.377377 -0.491956 
0.13 -6.21904 10 -0.491956 -0.377377 -0.414351 -0.403245 -0.406942 -0.405624 -0.406488 -0.407074 -0.406488 -0.405624 -0.406942 -0.403245 -0.414351 -0.377377 -0.491956 
0.14 -6.21907 10 -0.491956 -0.377377 -0.414351 -0.403245 -0.406942 -0.405619 -0.406497 -0.407099 -0.406497 -0.405619 -0.406942 -0.403245 -0.414351 -0.377377 -0.491956 
0.15 -6.21911 10 -0.491956 -0.377377 -0.414351 -0.403245 -0.406942 -0.405612 -0.406507 -0.40713 -0.406507 -0.405612 -0.406942 -0.403245 -0.414351 -0.377377 -0.491956 
0.16 -6.21916 10 -0.491956 -0.377377 -0.414351 -0.403245 -0.406942 -0.405605 -0.40652 -0.407165 -0.40652 -0.405605 -0.406942 -0.403245 -0.414351 -0.377377 -0.491956 
0.17 -6.21921 10 -0.491956 -0.377377 -0.414351 -0.403245 -0.406942 -0.405595 -0.406534 -0.407207 -0.406534 -0.405595 -0.406942 -0.403245 -0.414351 -0.377377 -0.491956 
0.18 -6.21927 10 -0.491956 -0.377377 -0.414351 -0.403245 -0.406942 -0.405584 -0.406551 -0.407255 -0.406551 -0.405584 -0.406942 -0.403245 -0.414351 -0.377377 -0.491956 
0.19 -6.21934 10 -0.491956 -0.377377 -0.414351 -0.403245 -0.406942 -0.405571 -0.406571 -0.40731 -0.406571 -0.405571 -0.406942 -0.403245 -0.414351 -0.377377 -0.491956 
0.2 -6.21941 10 -0.491956 -0.377377 -0.414351 -0.403245 -0.406941 -0.405555 -0.406593 -0.407372 -0.406593 -0.405555 -0.406941 -0.403245 -0.414351 -0.377377 -0.491956 
0.21 -6.21949 10 -0.491956 -0.377377 -0.414351 -0.403245 -0.406941 -0.405537 -0.406618 -0.40744 -0.406618 -0.405537 -0.406941 -0.403245 -0.414351 -0.377377 -0.491956 
0.22 -6.21958 10 -0.491956 -0.377377 -0.414351 -0.403245 -0.406941 -0.405516 -0.406646 -0.407515 -0.406646 -0.405516 -0.406941 -0.403245 -0.414351 -0.377377 -0.491956 
0.23 -6.21968 10 -0.491956 -0.377377 -0.414351 -0.403245 -0.406941 -0.405492 -0.406677 -0.407597 -0.406677 -0.405492 -0.406941 -0.403245 -0.414351 -0.377377 -0.491956 
0.24 -6.21978 10 -0.491956 -0.377377 -0.414351 -0.403245 -0.406941 -0.405465 -0.406711 -0.407686 -0.406711 -0.405465 -0.406941 -0.403245 -0.414351 -0.377377 -0.491957 
0.25 -6.21988 10 -0.491956 -0.377377 -0.414351 -0.403245 -0.406941 -0.405434 -0.406748 -0.407781 -0.406748 -0.405434 -0.406941 -0.403245 -0.414351 -0.377377 -0.491957 
0.26 -6.22 10 -0.491956 -0.377377 -0.414351 -0.403245 -0.406941 -0.405399 -0.406788 -0.407883 -0.406788 -0.405399 -0.406941 -0.403245 -0.414351 -0.377377 -0.491957 
0.27 -6.22012 10 -0.491956 -0.377377 -0.414351 -0.403245 -0.406941 -0.405361 -0.406832 -0.407991 -0.406831 -0.405361 -0.406941 -0.403245 -0.414351 -0.377377 -0.491957 
0.28 -6.22024 10 -0.491956 -0.377377 -0.414351 -0.403245 -0.40694 -0.405319 -0.406878 -0.408106 -0.406878 -0.405319 -0.40694 -0.403245 -0.414351 -0.377377 -0.491957 
0.29 -6.22037 10 -0.491956 -0.377377 -0.414351 -0.403245 -0.40694 -0.405273 -0.406928 -0.408227 -0.406928 -0.405273 -0.40694 -0.403245 -0.414351 -0.377377 -0.491957 
0.3 -6.2205 10 -0.491956 -0.377377 -0.414351 -0.403245 -0.40694 -0.405223 -0.406982 -0.408355 -0.406982 -0.405223 -0.40694 -0.403245 -0.414351 -0.377377 -0.491957 
0.31 -6.22064 10 -0.491956 -0.377378 -0.414351 -0.403244 -0.406939 -0.405168 -0.407038 -0.40849 -0.407038 -0.405168 -0.406939 -0.403244 -0.414351 -0.377377 -0.491957 
0.32 -6.22078 10 -0.491956 -0.377378 -0.414351 -0.403244 -0.406938 -0.40511 -0.407099 -0.408632 -0.407098 -0.40511 -0.406938 -0.403244 -0.414351 -0.377377 -0.491957 
0.33 -6.22093 10 -0.491956 -0.377378 -0.414351 -0.403244 -0.406938 -0.405047 -0.407162 -0.408781 -0.407162 -0.405047 -0.406938 -0.403244 -0.414351 -0.377377 -0.491957 
0.34 -6.22109 10 -0.491956 -0.377378 -0.414351 -0.403244 -0.406937 -0.404981 -0.407229 -0.408937 -0.407229 -0.404981 -0.406937 -0.403244 -0.414351 -0.377377 -0.491957 
0.35 -6.22125 10 -0.491956 -0.377378 -0.414351 -0.403244 -0.406936 -0.40491 -0.407299 -0.409101 -0.407299 -0.40491 -0.406936 -0.403244 -0.414351 -0.377377 -0.491957 
0.36 -6.22141 10 -0.491956 -0.377378 -0.414351 -0.403244 -0.406934 -0.404836 -0.407372 -0.409272 -0.407372 -0.404836 -0.406934 -0.403244 -0.414351 -0.377377 -0.491957 
0.37 -6.22159 10 -0.491956 -0.377378 -0.414351 -0.403244 -0.406932 -0.404758 -0.407448 -0.409452 -0.407448 -0.404758 -0.406932 -0.403244 -0.414351 -0.377377 -0.491957 
0.38 -6.22176 10 -0.491956 -0.377378 -0.414351 -0.403243 -0.40693 -0.404677 -0.407527 -0.409639 -0.407527 -0.404677 -0.40693 -0.403243 -0.414351 -0.377377 -0.491957 
0.39 -6.22195 10 -0.491956 -0.377378 -0.414351 -0.403243 -0.406928 -0.404592 -0.407609 -0.409833 -0.407609 -0.404592 -0.406928 -0.403243 -0.414351 -0.377377 -0.491957 
0.4 -6.22214 10 -0.491956 -0.377378 -0.414351 -0.403243 -0.406924 -0.404505 -0.407693 -0.410036 -0.407693 -0.404505 -0.406924 -0.403243 -0.414351 -0.377377 -0.491957 
0.41 -6.22233 10 -0.491956 -0.377378 -0.414351 -0.403243 -0.406921 -0.404415 -0.407779 -0.410246 -0.407779 -0.404415 -0.406921 -0.403243 -0.414351 -0.377377 -0.491957 
0.42 -6.22253 10 -0.491956 -0.377378 -0.414351 -0.403242 -0.406916 -0.404322 -0.407867 -0.410464 -0.407867 -0.404322 -0.406916 -0.403242 -0.414351 -0.377377 -0.491957 
0.43 -6.22273 10 -0.491956 -0.377378 -0.414351 -0.403242 -0.40691 -0.404228 -0.407956 -0.410689 -0.407956 -0.404228 -0.40691 -0.403242 -0.414351 -0.377377 -0.491957 
0.44 -6.22293 10 -0.491956 -0.377378 -0.414351 -0.403241 -0.406903 -0.404132 -0.408046 -0.410921 -0.408045 -0.404132 -0.406903 -0.403241 -0.414351 -0.377377 -0.491957 
0.45 -6.22314 10 -0.491956 -0.377378 -0.414351 -0.403241 -0.406895 -0.404035 -0.408135 -0.41116 -0.408135 -0.404035 -0.406895 -0.403241 -0.414351 -0.377377 -0.491957 
0.46 -6.22335 10 -0.491956 -0.377378 -0.414351 -0.40324 -0.406885 -0.403937 -0.408225 -0.411406 -0.408224 -0.403937 -0.406885 -0.40324 -0.414351 -0.377377 -0.491957 
0.47 -6.22356 10 -0.491956 -0.377378 -0.414351 -0.40324 -0.406874 -0.403839 -0.408313 -0.411657 -0.408313 -0.403839 -0.406874 -0.40324 -0.414351 -0.377377 -0.491957 
0.48 -6.22376 10 -0.491956 -0.377378 -0.414351 -0.403239 -0.40686 -0.403741 -0.4084 -0.411914 -0.4084 -0.403741 -0.40686 -0.403239 -0.414351 -0.377377 -0.491957 
0.49 -6.22397 10 -0.491955 -0.377378 -0.41435 -0.403239 -0.406845 -0.403643 -0.408485 -0.412175 -0.408485 -0.403643 -0.406845 -0.403239 -0.414351 -0.377377 -0.491957 
0.5 -6.22417 10 -0.491955 -0.377378 -0.41435 -0.403238 -0.406827 -0.403547 -0.408568 -0.412441 -0.408568 -0.403547 -0.406827 -0.403238 -0.414351 -0.377377 -0.491957 
0.51 -6.22437 10 -0.491955 -0.377378 -0.41435 -0.403237 -0.406806 -0.403452 -0.408649 -0.412712 -0.408649 -0.403452 -0.406806 -0.403237 -0.41435 -0.377377 -0.491957 
0.52 -6.22456 10 -0.491955 -0.377378 -0.41435 -0.403236 -0.406782 -0.403358 -0.408728 -0.412985 -0.408727 -0.403358 -0.406782 -0.403236 -0.41435 -0.377377 -0.491957 
0.53 -6.22475 10 -0.491955 -0.377378 -0.41435 -0.403235 -0.406755 -0.403267 -0.408804 -0.413261 -0.408804 -0.403267 -0.406755 -0.403235 -0.41435 -0.377377 -0.491957 
0.54 -6.22494 10 -0.491955 -0.377378 -0.41435 -0.403234 -0.406725 -0.403178 -0.408878 -0.41354 -0.408877 -0.403178 -0.406725 -0.403234 -0.41435 -0.377377 -0.491957 
0.55 -6.22512 10 -0.491955 -0.377378 -0.41435 -0.403233 -0.406691 -0.403092 -0.40895 -0.413821 -0.40895 -0.403092 -0.406691 -0.403233 -0.41435 -0.377377 -0.491957 
0.56 -6.2253 10 -0.491955 -0.377378 -0.41435 -0.403232 -0.406654 -0.403008 -0.409021 -0.414103 -0.40902 -0.403008 -0.406654 -0.403232 -0.41435 -0.377377 -0.491957 
0.57 -6.22547 10 -0.491955 -0.377378 -0.41435 -0.40323 -0.406612 -0.402928 -0.40909 -0.414387 -0.40909 -0.402928 -0.406612 -0.40323 -0.41435 -0.377377 -0.491957 
0.58 -6.22565 10 -0.491955 -0.377378 -0.41435 -0.403229 -0.406567 -0.402851 -0.409159 -0.414671 -0.409159 -0.402851 -0.406567 -0.403229 -0.41435 -0.377377 -0.491957 
0.59 -6.22582 10 -0.491955 -0.377378 -0.41435 -0.403227 -0.406518 -0.402778 -0.409229 -0.414955 -0.409228 -0.402777 -0.406518 -0.403227 -0.41435 -0.377377 -0.491957 
0.6 -6.226 10 -0.491955 -0.377378 -0.41435 -0.403225 -0.406465 -0.402708 -0.409298 -0.41524 -0.409298 -0.402708 -0.406465 -0.403225 -0.41435 -0.377377 -0.491957 
0.61 -6.22617 10 -0.491955 -0.377378 -0.41435 -0.403223 -0.406408 -0.402642 -0.409369 -0.415525 -0.409369 -0.402642 -0.406408 -0.403223 -0.41435 -0.377377 -0.491957 
0.62 -6.22635 10 -0.491955 -0.377378 -0.41435 -0.403221 -0.406346 -0.40258 -0.409441 -0.415809 -0.409441 -0.40258 -0.406346 -0.403221 -0.41435 -0.377377 -0.491957 
0.63 -6.22653 10 -0.491955 -0.377378 -0.41435 -0.403218 -0.406281 -0.402522 -0.409515 -0.416093 -0.409515 -0.402522 -0.406281 -0.403218 -0.41435 -0.377377 -0.491957 
0.64 -6.22671 10 -0.491955 -0.377378 -0.414349 -0.403215 -0.406212 -0.402468 -0.409591 -0.416377 -0.40959 -0.402468 -0.406212 -0.403215 -0.41435 -0.377377 -0.491957 
0.65 -6.2269 10 -0.491955 -0.377378 -0.414349 -0.403212 -0.40614 -0.402418 -0.409669 -0.41666 -0.409669 -0.402418 -0.40614 -0.403212 -0.414349 -0.377377 -0.491957 
0.66 -6.22709 10 -0.491955 -0.377378 -0.414349 -0.403208 -0.406063 -0.402372 -0.40975 -0.416942 -0.40975 -0.402372 -0.406063 -0.403208 -0.414349 -0.377377 -0.491957 
0.67 -6.22729 10 -0.491955 -0.377378 -0.414349 -0.403204 -0.405983 -0.40233 -0.409834 -0.417223 -0.409834 -0.40233 -0.405983 -0.403204 -0.414349 -0.377377 -0.491957 
0.68 -6.22749 10 -0.491955 -0.377378 -0.414349 -0.4032 -0.4059 -0.402292 -0.409921 -0.417502 -0.409921 -0.402292 -0.4059 -0.4032 -0.414349 -0.377377 -0.491957 
0.69 -6.2277 10 -0.491955 -0.377378 -0.414348 -0.403194 -0.405814 -0.402257 -0.410011 -0.417781 -0.410011 -0.402257 -0.405814 -0.403194 -0.414348 -0.377377 -0.491957 
0.7 -6.22791 10 -0.491955 -0.377378 -0.414348 -0.403188 -0.405725 -0.402225 -0.410105 -0.418059 -0.410105 -0.402225 -0.405725 -0.403188 -0.414348 -0.377377 -0.491957 
0.71 -6.22812 10 -0.491955 -0.377378 -0.414348 -0.403181 -0.405634 -0.402196 -0.410202 -0.418335 -0.410201 -0.402196 -0.405634 -0.403181 -0.414348 -0.377377 -0.491957 
0.72 -6.22834 10 -0.491955 -0.377378 -0.414347 -0.403173 -0.40554 -0.40217 -0.410302 -0.41861 -0.410301 -0.40217 -0.40554 -0.403173 -0.414347 -0.377377 -0.491957 
0.73 -6.22856 10 -0.491954 -0.377378 -0.414347 -0.403164 -0.405445 -0.402145 -0.410405 -0.418884 -0.410404 -0.402145 -0.405445 -0.403164 -0.414347 -0.377377 -0.491957 
0.74 -6.22879 10 -0.491954 -0.377378 -0.414346 -0.403154 -0.405349 -0.402122 -0.410511 -0.419156 -0.410511 -0.402122 -0.405349 -0.403154 -0.414347 -0.377376 -0.491957 
0.75 -6.22901 10 -0.491954 -0.377378 -0.414346 -0.403142 -0.405251 -0.4021 -0.41062 -0.419426 -0.41062 -0.4021 -0.405251 -0.403142 -0.414346 -0.377376 -0.491957 
0.76 -6.22923 10 -0.491954 -0.377378 -0.414345 -0.403128 -0.405153 -0.402078 -0.410732 -0.419696 -0.410732 -0.402078 -0.405153 -0.403128 -0.414346 -0.377376 -0.491957 
0.77 -6.22946 10 -0.491954 -0.377378 -0.414345 -0.403112 -0.405055 -0.402055 -0.410847 -0.419963 -0.410847 -0.402055 -0.405055 -0.403112 -0.414345 -0.377376 -0.491957 
0.78 -6.22968 10 -0.491954 -0.377378 -0.414344 -0.403094 -0.404957 -0.402033 -0.410964 -0.42023 -0.410964 -0.402032 -0.404957 -0.403094 -0.414344 -0.377376 -0.491957 
0.79 -6.2299 10 -0.491954 -0.377378 -0.414343 -0.403074 -0.40486 -0.402009 -0.411084 -0.420494 -0.411083 -0.402008 -0.40486 -0.403074 -0.414343 -0.377376 -0.491957 
0.8 -6.23011 10 -0.491954 -0.377378 -0.414343 -0.40305 -0.404764 -0.401983 -0.411205 -0.420757 -0.411205 -0.401983 -0.404764 -0.40305 -0.414343 -0.377376 -0.491957 
0.81 -6.23032 10 -0.491954 -0.377378 -0.414342 -0.403024 -0.40467 -0.401957 -0.411328 -0.421019 -0.411328 -0.401957 -0.40467 -0.403024 -0.414342 -0.377376 -0.491957 
0.82 -6.23053 10 -0.491954 -0.377378 -0.414341 -0.402995 -0.404577 -0.401929 -0.411453 -0.421278 -0.411453 -0.401929 -0.404577 -0.402995 -0.414341 -0.377376 -0.491957 
0.83 -6.23073 10 -0.491954 -0.377377 -0.41434 -0.402962 -0.404486 -0.4019 -0.411579 -0.421536 -0.411579 -0.401899 -0.404486 -0.402962 -0.41434 -0.377376 -0.491957 
0.84 -6.23093 10 -0.491954 -0.377377 -0.414338 -0.402925 -0.404397 -0.401869 -0.411706 -0.421793 -0.411706 -0.401869 -0.404397 -0.402925 -0.414339 -0.377376 -0.491957 
0.85 -6.23112 10 -0.491954 -0.377377 -0.414337 -0.402885 -0.404311 -0.401838 -0.411834 -0.422047 -0.411834 -0.401838 -0.404311 -0.402885 -0.414337 -0.377376 -0.491957 
0.86 -6.23131 10 -0.491954 -0.377377 -0.414336 -0.402841 -0.404228 -0.401807 -0.411963 -0.4223 -0.411963 -0.401807 -0.404228 -0.402841 -0.414336 -0.377376 -0.491957 
0.87 -6.2315 10 -0.491954 -0.377377 -0.414334 -0.402793 -0.404148 -0.401776 -0.412093 -0.422551 -0.412092 -0.401776 -0.404148 -0.402793 -0.414334 -0.377376 -0.491957 
0.88 -6.23169 10 -0.491954 -0.377377 -0.414333 -0.402741 -0.404071 -0.401746 -0.412223 -0.4228 -0.412222 -0.401746 -0.404071 -0.402741 -0.414333 -0.377376 -0.491957 
0.89 -6.23188 10 -0.491954 -0.377377 -0.414331 -0.402685 -0.403997 -0.401718 -0.412353 -0.423047 -0.412353 -0.401718 -0.403997 -0.402685 -0.414331 -0.377375 -0.491957 
0.9 -6.23206 10 -0.491954 -0.377377 -0.414329 -0.402625 -0.403927 -0.401691 -0.412484 -0.423292 -0.412484 -0.401691 -0.403927 -0.402625 -0.414329 -0.377375 -0.491957 
0.91 -6.23225 10 -0.491954 -0.377377 -0.414326 -0.40256 -0.403861 -0.401666 -0.412615 -0.423536 -0.412615 -0.401666 -0.403861 -0.40256 -0.414327 -0.377375 -0.491957 
0.92 -6.23245 10 -0.491954 -0.377377 -0.414324 -0.402492 -0.403798 -0.401644 -0.412746 -0.423777 -0.412746 -0.401644 -0.403798 -0.402492 -0.414324 -0.377375 -0.491957 
0.93 -6.23264 10 -0.491954 -0.377377 -0.414321 -0.402419 -0.403739 -0.401625 -0.412877 -0.424016 -0.412877 -0.401625 -0.403739 -0.402419 -0.414321 -0.377375 -0.491957 
0.94 -6.23284 10 -0.491953 -0.377376 -0.414318 -0.402342 -0.403684 -0.40161 -0.413008 -0.424254 -0.413008 -0.401609 -0.403684 -0.402342 -0.414318 -0.377375 -0.491957 
0.95 -6.23304 10 -0.491953 -0.377376 -0.414314 -0.402262 -0.403632 -0.401598 -0.413139 -0.424489 -0.413139 -0.401597 -0.403632 -0.402262 -0.414315 -0.377374 -0.491957 
0.96 -6.23325 10 -0.491953 -0.377376 -0.414311 -0.402178 -0.403585 -0.40159 -0.41327 -0.424723 -0.41327 -0.401589 -0.403585 -0.402178 -0.414311 -0.377374 -0.491957 
0.97 -6.23346 10 -0.491953 -0.377376 -0.414306 -0.402091 -0.40354 -0.401586 -0.413401 -0.424954 -0.413401 -0.401586 -0.40354 -0.402091 -0.414306 -0.377374 -0.491957 
0.98 -6.23368 10 -0.491953 -0.377375 -0.414301 -0.402 -0.403499 -0.401586 -0.413532 -0.425183 -0.413532 -0.401586 -0.403499 -0.402 -0.414301 -0.377374 -0.491957 
0.99 -6.2339 10 -0.491953 -0.377375 -0.414295 -0.401906 -0.403461 -0.401591 -0.413663 -0.42541 -0.413662 -0.401591 -0.403461 -0.401906 -0.414295 -0.377373 -0.491957 
1 -6.23413 10 -0.491953 -0.377375 -0.414288 -0.40181 -0.403425 -0.4016 -0.413793 -0.425635 -0.413793 -0.4016 -0.403425 -0.40181 -0.414289 -0.377373 -0.491957 
1.01 -6.23435 10 -0.491953 -0.377374 -0.414281 -0.401711 -0.403391 -0.401613 -0.413924 -0.425858 -0.413923 -0.401613 -0.403391 -0.401711 -0.414281 -0.377372 -0.491957 
1.02 -6.23459 10 -0.491953 -0.377374 -0.414272 -0.40161 -0.403359 -0.401631 -0.414054 -0.426079 -0.414054 -0.401631 -0.403359 -0.40161 -0.414272 -0.377372 -0.491957 
1.03 -6.23482 10 -0.491953 -0.377374 -0.414262 -0.401507 -0.403328 -0.401653 -0.414184 -0.426297 -0.414184 -0.401653 -0.403328 -0.401507 -0.414262 -0.377371 -0.491957 
1.04 -6.23506 10 -0.491953 -0.377373 -0.41425 -0.401404 -0.403298 -0.401679 -0.414314 -0.426513 -0.414314 -0.401679 -0.403298 -0.401404 -0.414251 -0.377371 -0.491957 
1.05 -6.23529 10 -0.491953 -0.377372 -0.414237 -0.401299 -0.403267 -0.40171 -0.414444 -0.426727 -0.414444 -0.40171 -0.403267 -0.401299 -0.414237 -0.37737 -0.491957 
1.06 -6.23553 10 -0.491953 -0.377372 -0.414222 -0.401194 -0.403236 -0.401744 -0.414574 -0.426939 -0.414573 -0.401744 -0.403235 -0.401194 -0.414222 -0.37737 -0.491957 
1.07 -6.23576 10 -0.491953 -0.377371 -0.414204 -0.401089 -0.403203 -0.401782 -0.414703 -0.427148 -0.414703 -0.401782 -0.403203 -0.401089 -0.414204 -0.377369 -0.491957 
1.08 -6.23599 10 -0.491953 -0.37737 -0.414184 -0.400984 -0.403168 -0.401823 -0.414832 -0.427356 -0.414832 -0.401823 -0.403168 -0.400984 -0.414184 -0.377368 -0.491957 
1.09 -6.23621 10 -0.491952 -0.37737 -0.414162 -0.400881 -0.403132 -0.401868 -0.414962 -0.42756 -0.414961 -0.401868 -0.403132 -0.400881 -0.414162 -0.377367 -0.491957 
1.1 -6.23643 10 -0.491952 -0.377369 -0.414136 -0.400778 -0.403093 -0.401916 -0.41509 -0.427763 -0.41509 -0.401916 -0.403093 -0.400778 -0.414136 -0.377367 -0.491957 
1.11 -6.23665 10 -0.491952 -0.377368 -0.414107 -0.400677 -0.403052 -0.401967 -0.415219 -0.427963 -0.415219 -0.401967 -0.403052 -0.400676 -0.414108 -0.377366 -0.491957 
1.12 -6.23686 10 -0.491952 -0.377367 -0.414075 -0.400577 -0.403009 -0.40202 -0.415348 -0.428161 -0.415348 -0.40202 -0.403009 -0.400577 -0.414076 -0.377365 -0.491957 
1.13 -6.23706 10 -0.491952 -0.377366 -0.41404 -0.40048 -0.402964 -0.402076 -0.415476 -0.428356 -0.415476 -0.402076 -0.402963 -0.400479 -0.41404 -0.377363 -0.491957 
1.14 -6.23726 10 -0.491952 -0.377364 -0.414 -0.400384 -0.402916 -0.402134 -0.415605 -0.42855 -0.415604 -0.402134 -0.402916 -0.400384 -0.414 -0.377362 -0.491957 
1.15 -6.23746 10 -0.491952 -0.377363 -0.413957 -0.400292 -0.402868 -0.402195 -0.415733 -0.42874 -0.415732 -0.402195 -0.402868 -0.400292 -0.413957 -0.377361 -0.491957 
1.16 -6.23765 10 -0.491952 -0.377362 -0.413909 -0.400202 -0.402819 -0.402257 -0.41586 -0.428929 -0.41586 -0.402257 -0.402819 -0.400202 -0.41391 -0.377359 -0.491957 
1.17 -6.23784 10 -0.491952 -0.37736 -0.413858 -0.400115 -0.40277 -0.402321 -0.415988 -0.429114 -0.415988 -0.402321 -0.402769 -0.400115 -0.413858 -0.377358 -0.491957 
1.18 -6.23803 10 -0.491951 -0.377358 -0.413802 -0.400032 -0.40272 -0.402387 -0.416116 -0.429298 -0.416115 -0.402387 -0.40272 -0.400032 -0.413803 -0.377356 -0.491957 
1.19 -6.23822 10 -0.491951 -0.377357 -0.413742 -0.399952 -0.402672 -0.402455 -0.416243 -0.429479 -0.416243 -0.402455 -0.402672 -0.399952 -0.413743 -0.377354 -0.491957 
1.2 -6.23841 10 -0.491951 -0.377354 -0.413678 -0.399875 -0.402625 -0.402524 -0.41637 -0.429657 -0.41637 -0.402524 -0.402624 -0.399875 -0.413679 -0.377352 -0.491956 
1.21 -6.23861 10 -0.491951 -0.377352 -0.41361 -0.399802 -0.402579 -0.402595 -0.416497 -0.429833 -0.416497 -0.402595 -0.402579 -0.399802 -0.41361 -0.37735 -0.491956 
1.22 -6.2388 10 -0.491951 -0.37735 -0.413537 -0.399732 -0.402536 -0.402667 -0.416624 -0.430007 -0.416623 -0.402667 -0.402535 -0.399732 -0.413538 -0.377347 -0.491956 
1.23 -6.239 10 -0.49195 -0.377347 -0.41346 -0.399666 -0.402495 -0.402741 -0.41675 -0.430178 -0.41675 -0.40274 -0.402494 -0.399666 -0.413461 -0.377344 -0.491956 
1.24 -6.2392 10 -0.49195 -0.377344 -0.41338 -0.399604 -0.402456 -0.402815 -0.416876 -0.430347 -0.416876 -0.402815 -0.402456 -0.399604 -0.41338 -0.377341 -0.491956 
1.25 -6.23941 10 -0.49195 -0.37734 -0.413295 -0.399546 -0.402421 -0.402892 -0.417002 -0.430513 -0.417002 -0.402891 -0.402421 -0.399545 -0.413296 -0.377338 -0.491955 
1.26 -6.23962 10 -0.491949 -0.377336 -0.413207 -0.39949 -0.402389 -0.402969 -0.417128 -0.430677 -0.417128 -0.402969 -0.402389 -0.39949 -0.413208 -0.377334 -0.491955 
1.27 -6.23983 10 -0.491949 -0.377332 -0.413115 -0.399438 -0.402361 -0.403048 -0.417254 -0.430838 -0.417253 -0.403048 -0.402361 -0.399438 -0.413116 -0.377329 -0.491955 
1.28 -6.24005 10 -0.491948 -0.377327 -0.41302 -0.399389 -0.402336 -0.403128 -0.417379 -0.430996 -0.417379 -0.403128 -0.402336 -0.399389 -0.413021 -0.377324 -0.491954 
1.29 -6.24028 10 -0.491948 -0.377321 -0.412923 -0.399342 -0.402315 -0.403209 -0.417504 -0.431153 -0.417504 -0.403209 -0.402315 -0.399342 -0.412923 -0.377318 -0.491954 
1.3 -6.24051 10 -0.491947 -0.377314 -0.412822 -0.399298 -0.402297 -0.403292 -0.417629 -0.431306 -0.417628 -0.403291 -0.402297 -0.399298 -0.412823 -0.377311 -0.491953 
1.31 -6.24074 10 -0.491947 -0.377307 -0.412719 -0.399255 -0.402283 -0.403375 -0.417753 -0.431457 -0.417753 -0.403375 -0.402283 -0.399255 -0.41272 -0.377304 -0.491953 
1.32 -6.24097 10 -0.491946 -0.377298 -0.412614 -0.399213 -0.402273 -0.40346 -0.417878 -0.431606 -0.417877 -0.40346 -0.402273 -0.399213 -0.412615 -0.377295 -0.491952 
1.33 -6.24121 10 -0.491946 -0.377288 -0.412508 -0.399172 -0.402266 -0.403546 -0.418002 -0.431752 -0.418001 -0.403546 -0.402266 -0.399172 -0.412509 -0.377285 -0.491952 
1.34 -6.24145 10 -0.491945 -0.377276 -0.4124 -0.399131 -0.402263 -0.403634 -0.418125 -0.431895 -0.418125 -0.403634 -0.402263 -0.399131 -0.412401 -0.377274 -0.491951 
1.35 -6.24168 10 -0.491944 -0.377263 -0.412292 -0.399089 -0.402263 -0.403722 -0.418249 -0.432036 -0.418248 -0.403722 -0.402262 -0.399089 -0.412293 -0.37726 -0.49195 
1.36 -6.24192 10 -0.491943 -0.377248 -0.412183 -0.399046 -0.402265 -0.403812 -0.418372 -0.432175 -0.418371 -0.403812 -0.402265 -0.399046 -0.412184 -0.377245 -0.491949 
1.37 -6.24215 10 -0.491942 -0.377231 -0.412074 -0.399001 -0.402271 -0.403903 -0.418495 -0.43231 -0.418494 -0.403903 -0.402271 -0.399001 -0.412075 -0.377228 -0.491948 
1.38 -6.24238 10 -0.491941 -0.377212 -0.411966 -0.398955 -0.40228 -0.403996 -0.418617 -0.432444 -0.418617 -0.403995 -0.40228 -0.398954 -0.411967 -0.377209 -0.491947 
1.39 -6.2426 10 -0.49194 -0.37719 -0.411858 -0.398906 -0.402291 -0.404089 -0.418739 -0.432574 -0.418739 -0.404089 -0.402291 -0.398905 -0.411859 -0.377187 -0.491946 
1.4 -6.24282 10 -0.491939 -0.377165 -0.411751 -0.398854 -0.402304 -0.404184 -0.418861 -0.432702 -0.418861 -0.404183 -0.402304 -0.398854 -0.411752 -0.377162 -0.491945 
1.41 -6.24304 10 -0.491937 -0.377137 -0.411646 -0.3988 -0.40232 -0.40428 -0.418983 -0.432828 -0.418982 -0.404279 -0.40232 -0.3988 -0.411647 -0.377134 -0.491944 
1.42 -6.24325 10 -0.491936 -0.377106 -0.411542 -0.398744 -0.402337 -0.404377 -0.419104 -0.432951 -0.419104 -0.404376 -0.402337 -0.398744 -0.411543 -0.377103 -0.491942 
1.43 -6.24345 10 -0.491934 -0.377072 -0.41144 -0.398686 -0.402356 -0.404475 -0.419225 -0.433072 -0.419224 -0.404475 -0.402356 -0.398686 -0.411441 -0.377069 -0.491941 
1.44 -6.24365 10 -0.491933 -0.377035 -0.41134 -0.398626 -0.402377 -0.404575 -0.419345 -0.43319 -0.419345 -0.404574 -0.402377 -0.398626 -0.411341 -0.377032 -0.491939 
1.45 -6.24385 10 -0.491931 -0.376994 -0.411243 -0.398565 -0.402399 -0.404675 -0.419466 -0.433305 -0.419465 -0.404675 -0.402399 -0.398565 -0.411243 -0.376991 -0.491937 
1.46 -6.24405 10 -0.491929 -0.376949 -0.411148 -0.398504 -0.402422 -0.404777 -0.419585 -0.433418 -0.419585 -0.404777 -0.402422 -0.398503 -0.411148 -0.376946 -0.491935 
1.47 -6.24424 10 -0.491927 -0.3769 -0.411056 -0.398442 -0.402447 -0.40488 -0.419705 -0.433528 -0.419705 -0.40488 -0.402447 -0.398441 -0.411056 -0.376897 -0.491933 
1.48 -6.24444 10 -0.491924 -0.376848 -0.410966 -0.39838 -0.402473 -0.404985 -0.419824 -0.433636 -0.419824 -0.404984 -0.402472 -0.39838 -0.410967 -0.376845 -0.491931 
1.49 -6.24463 10 -0.491921 -0.376792 -0.41088 -0.39832 -0.402499 -0.40509 -0.419943 -0.433741 -0.419942 -0.40509 -0.402499 -0.398319 -0.41088 -0.376789 -0.491928 
1.5 -6.24483 10 -0.491918 -0.376732 -0.410797 -0.39826 -0.402527 -0.405197 -0.420061 -0.433844 -0.420061 -0.405196 -0.402526 -0.39826 -0.410797 -0.376729 -0.491925 
1.51 -6.24503 10 -0.491915 -0.376669 -0.410717 -0.398203 -0.402555 -0.405304 -0.420179 -0.433944 -0.420179 -0.405304 -0.402555 -0.398202 -0.410717 -0.376666 -0.491922 
1.52 -6.24523 10 -0.491912 -0.376601 -0.41064 -0.398147 -0.402584 -0.405413 -0.420296 -0.434042 -0.420296 -0.405413 -0.402584 -0.398147 -0.41064 -0.376598 -0.491918 
1.53 -6.24544 10 -0.491908 -0.376531 -0.410566 -0.398094 -0.402614 -0.405523 -0.420413 -0.434137 -0.420413 -0.405523 -0.402614 -0.398094 -0.410567 -0.376528 -0.491914 
1.54 -6.24565 10 -0.491903 -0.376457 -0.410496 -0.398044 -0.402645 -0.405635 -0.42053 -0.43423 -0.42053 -0.405634 -0.402645 -0.398043 -0.410496 -0.376454 -0.49191 
1.55 -6.24587 10 -0.491898 -0.376379 -0.410428 -0.397996 -0.402676 -0.405747 -0.420646 -0.43432 -0.420646 -0.405747 -0.402676 -0.397996 -0.410429 -0.376376 -0.491905 
1.56 -6.24609 10 -0.491892 -0.376299 -0.410363 -0.397952 -0.402708 -0.40586 -0.420762 -0.434408 -0.420762 -0.40586 -0.402708 -0.397951 -0.410364 -0.376296 -0.491899 
1.57 -6.24631 10 -0.491886 -0.376216 -0.410301 -0.397911 -0.402741 -0.405975 -0.420878 -0.434493 -0.420877 -0.405975 -0.402741 -0.39791 -0.410302 -0.376212 -0.491893 
1.58 -6.24654 10 -0.491879 -0.37613 -0.410241 -0.397873 -0.402775 -0.406091 -0.420993 -0.434576 -0.420992 -0.40609 -0.402774 -0.397873 -0.410242 -0.376127 -0.491885 
1.59 -6.24677 10 -0.49187 -0.376042 -0.410183 -0.397839 -0.402809 -0.406207 -0.421107 -0.434656 -0.421107 -0.406207 -0.402809 -0.397838 -0.410184 -0.376039 -0.491877 
1.6 -6.24701 10 -0.491861 -0.375952 -0.410126 -0.397808 -0.402844 -0.406325 -0.421221 -0.434734 -0.421221 -0.406325 -0.402844 -0.397807 -0.410127 -0.375949 -0.491868 
1.61 -6.24725 10 -0.49185 -0.375861 -0.41007 -0.39778 -0.402879 -0.406444 -0.421334 -0.43481 -0.421334 -0.406444 -0.402879 -0.39778 -0.410071 -0.375857 -0.491857 
1.62 -6.24749 10 -0.491838 -0.375768 -0.410014 -0.397756 -0.402916 -0.406564 -0.421448 -0.434883 -0.421447 -0.406564 -0.402915 -0.397755 -0.410015 -0.375765 -0.491845 
1.63 -6.24773 10 -0.491824 -0.375674 -0.409958 -0.397734 -0.402953 -0.406685 -0.42156 -0.434953 -0.42156 -0.406685 -0.402952 -0.397734 -0.409959 -0.375671 -0.491831 
1.64 -6.24798 10 -0.491808 -0.375581 -0.409901 -0.397716 -0.40299 -0.406807 -0.421672 -0.435021 -0.421672 -0.406807 -0.40299 -0.397716 -0.409901 -0.375577 -0.491815 
1.65 -6.24821 10 -0.49179 -0.375487 -0.409842 -0.397701 -0.403029 -0.40693 -0.421784 -0.435087 -0.421783 -0.40693 -0.403029 -0.397701 -0.409842 -0.375484 -0.491797 
1.66 -6.24845 10 -0.491769 -0.375394 -0.40978 -0.397688 -0.403068 -0.407054 -0.421895 -0.43515 -0.421894 -0.407054 -0.403068 -0.397688 -0.409781 -0.375391 -0.491776 
1.67 -6.24868 10 -0.491746 -0.375302 -0.409717 -0.397678 -0.403108 -0.407179 -0.422005 -0.435211 -0.422005 -0.407179 -0.403108 -0.397678 -0.409717 -0.375298 -0.491753 
1.68 -6.24891 10 -0.491719 -0.375211 -0.40965 -0.39767 -0.403149 -0.407305 -0.422115 -0.43527 -0.422115 -0.407305 -0.403149 -0.39767 -0.40965 -0.375208 -0.491726 
1.69 -6.24913 10 -0.491689 -0.375122 -0.40958 -0.397665 -0.40319 -0.407432 -0.422225 -0.435326 -0.422224 -0.407432 -0.40319 -0.397664 -0.40958 -0.375118 -0.491696 
1.7 -6.24935 10 -0.491656 -0.375034 -0.409506 -0.397661 -0.403232 -0.40756 -0.422333 -0.43538 -0.422333 -0.40756 -0.403232 -0.39766 -0.409507 -0.375031 -0.491663 
1.71 -6.24956 10 -0.491618 -0.374949 -0.40943 -0.397658 -0.403275 -0.407689 -0.422442 -0.435432 -0.422441 -0.407689 -0.403275 -0.397658 -0.409431 -0.374946 -0.491625 
1.72 -6.24976 10 -0.491577 -0.374867 -0.409351 -0.397657 -0.403319 -0.407819 -0.422549 -0.435481 -0.422549 -0.407819 -0.403319 -0.397657 -0.409351 -0.374864 -0.491584 
1.73 -6.24996 10 -0.491531 -0.374788 -0.409269 -0.397658 -0.403364 -0.40795 -0.422657 -0.435528 -0.422656 -0.40795 -0.403364 -0.397657 -0.409269 -0.374784 -0.491538 
1.74 -6.25016 10 -0.491482 -0.374712 -0.409185 -0.397659 -0.403409 -0.408082 -0.422763 -0.435572 -0.422763 -0.408082 -0.403409 -0.397659 -0.409185 -0.374708 -0.491488 
1.75 -6.25035 10 -0.491427 -0.374639 -0.409099 -0.397662 -0.403455 -0.408214 -0.422869 -0.435615 -0.422869 -0.408214 -0.403455 -0.397661 -0.4091 -0.374636 -0.491434 
1.76 -6.25054 10 -0.491368 -0.37457 -0.409012 -0.397665 -0.403502 -0.408348 -0.422975 -0.435655 -0.422974 -0.408348 -0.403502 -0.397665 -0.409013 -0.374566 -0.491375 
1.77 -6.25072 10 -0.491304 -0.374505 -0.408925 -0.397669 -0.40355 -0.408482 -0.423079 -0.435693 -0.423079 -0.408482 -0.40355 -0.397669 -0.408925 -0.374501 -0.491311 
1.78 -6.25091 10 -0.491235 -0.374443 -0.408837 -0.397674 -0.403599 -0.408618 -0.423183 -0.435729 -0.423183 -0.408617 -0.403599 -0.397673 -0.408838 -0.37444 -0.491242 
1.79 -6.2511 10 -0.491162 -0.374386 -0.40875 -0.397679 -0.403648 -0.408754 -0.423287 -0.435762 -0.423287 -0.408753 -0.403648 -0.397679 -0.408751 -0.374383 -0.491169 
1.8 -6.25129 10 -0.491083 -0.374333 -0.408664 -0.397685 -0.403698 -0.40889 -0.42339 -0.435793 -0.42339 -0.40889 -0.403698 -0.397685 -0.408665 -0.37433 -0.49109 
1.81 -6.25148 10 -0.491 -0.374284 -0.408579 -0.397691 -0.40375 -0.409028 -0.423492 -0.435823 -0.423492 -0.409028 -0.403749 -0.397691 -0.40858 -0.374281 -0.491007 
1.82 -6.25167 10 -0.490913 -0.37424 -0.408496 -0.397698 -0.403801 -0.409167 -0.423594 -0.43585 -0.423594 -0.409166 -0.403801 -0.397698 -0.408497 -0.374236 -0.49092 
1.83 -6.25187 10 -0.49082 -0.374199 -0.408415 -0.397705 -0.403854 -0.409306 -0.423695 -0.435874 -0.423694 -0.409306 -0.403854 -0.397705 -0.408416 -0.374196 -0.490827 
1.84 -6.25207 10 -0.490723 -0.374163 -0.408337 -0.397713 -0.403908 -0.409446 -0.423795 -0.435897 -0.423795 -0.409446 -0.403908 -0.397712 -0.408337 -0.37416 -0.49073 
1.85 -6.25228 10 -0.490622 -0.374131 -0.40826 -0.397721 -0.403962 -0.409587 -0.423895 -0.435918 -0.423894 -0.409586 -0.403962 -0.39772 -0.408261 -0.374127 -0.490629 
1.86 -6.25249 10 -0.490517 -0.374102 -0.408187 -0.397729 -0.404018 -0.409728 -0.423994 -0.435936 -0.423993 -0.409728 -0.404017 -0.397729 -0.408187 -0.374099 -0.490524 
1.87 -6.2527 10 -0.490408 -0.374077 -0.408116 -0.397738 -0.404074 -0.40987 -0.424092 -0.435953 -0.424092 -0.40987 -0.404073 -0.397737 -0.408117 -0.374073 -0.490414 
1.88 -6.25292 10 -0.490295 -0.374055 -0.408048 -0.397747 -0.404131 -0.410013 -0.424189 -0.435967 -0.424189 -0.410013 -0.40413 -0.397746 -0.408049 -0.374051 -0.490301 
1.89 -6.25315 10 -0.490178 -0.374035 -0.407983 -0.397756 -0.404188 -0.410157 -0.424286 -0.43598 -0.424286 -0.410156 -0.404188 -0.397756 -0.407984 -0.374032 -0.490185 
1.9 -6.25338 10 -0.490058 -0.374018 -0.407921 -0.397766 -0.404247 -0.410301 -0.424382 -0.43599 -0.424382 -0.4103 -0.404247 -0.397766 -0.407921 -0.374014 -0.490065 
1.91 -6.25361 10 -0.489936 -0.374002 -0.407861 -0.397776 -0.404307 -0.410445 -0.424478 -0.435999 -0.424477 -0.410445 -0.404306 -0.397776 -0.407862 -0.373998 -0.489943 
1.92 -6.25385 10 -0.489811 -0.373987 -0.407805 -0.397787 -0.404367 -0.410591 -0.424572 -0.436005 -0.424572 -0.410591 -0.404367 -0.397787 -0.407805 -0.373984 -0.489817 
1.93 -6.25409 10 -0.489683 -0.373973 -0.407751 -0.397798 -0.404428 -0.410737 -0.424666 -0.43601 -0.424666 -0.410737 -0.404428 -0.397798 -0.407752 -0.373969 -0.48969 
1.94 -6.25432 10 -0.489553 -0.373958 -0.407699 -0.39781 -0.404491 -0.410883 -0.424759 -0.436013 -0.424759 -0.410883 -0.40449 -0.397809 -0.4077 -0.373955 -0.48956 
1.95 -6.25456 10 -0.489422 -0.373943 -0.40765 -0.397822 -0.404553 -0.411031 -0.424852 -0.436013 -0.424852 -0.41103 -0.404553 -0.397821 -0.407651 -0.37394 -0.489429 
1.96 -6.2548 10 -0.489289 -0.373927 -0.407604 -0.397834 -0.404617 -0.411178 -0.424944 -0.436012 -0.424943 -0.411178 -0.404617 -0.397834 -0.407604 -0.373924 -0.489295 
1.97 -6.25504 10 -0.489154 -0.373909 -0.407559 -0.397847 -0.404682 -0.411327 -0.425034 -0.436009 -0.425034 -0.411326 -0.404682 -0.397847 -0.40756 -0.373906 -0.489161 
1.98 -6.25527 10 -0.489018 -0.37389 -0.407516 -0.39786 -0.404748 -0.411475 -0.425125 -0.436004 -0.425124 -0.411475 -0.404747 -0.39786 -0.407517 -0.373886 -0.489025 
1.99 -6.2555 10 -0.488882 -0.373868 -0.407474 -0.397874 -0.404814 -0.411624 -0.425214 -0.435998 -0.425214 -0.411624 -0.404814 -0.397874 -0.407475 -0.373864 -0.488888 
2 -6.25573 10 -0.488744 -0.373844 -0.407434 -0.397889 -0.404881 -0.411774 -0.425303 -0.43599 -0.425302 -0.411774 -0.404881 -0.397888 -0.407435 -0.373841 -0.488751 
2.01 -6.25596 10 -0.488605 -0.373818 -0.407396 -0.397904 -0.40495 -0.411924 -0.42539 -0.435979 -0.42539 -0.411924 -0.404949 -0.397903 -0.407397 -0.373815 -0.488612 
2.02 -6.25618 10 -0.488466 -0.373791 -0.407358 -0.397919 -0.405019 -0.412075 -0.425477 -0.435968 -0.425477 -0.412075 -0.405018 -0.397919 -0.407359 -0.373788 -0.488473 
2.03 -6.2564 10 -0.488327 -0.373763 -0.407321 -0.397935 -0.405089 -0.412226 -0.425564 -0.435954 -0.425563 -0.412225 -0.405088 -0.397935 -0.407322 -0.373759 -0.488333 
2.04 -6.25663 10 -0.488186 -0.373733 -0.407286 -0.397952 -0.405159 -0.412377 -0.425649 -0.435939 -0.425649 -0.412377 -0.405159 -0.397951 -0.407286 -0.37373 -0.488193 
2.05 -6.25685 10 -0.488046 -0.373703 -0.40725 -0.397969 -0.405231 -0.412529 -0.425734 -0.435922 -0.425733 -0.412529 -0.405231 -0.397968 -0.407251 -0.3737 -0.488053 
2.06 -6.25707 10 -0.487905 -0.373673 -0.407216 -0.397987 -0.405304 -0.412681 -0.425817 -0.435903 -0.425817 -0.412681 -0.405303 -0.397986 -0.407216 -0.37367 -0.487912 
2.07 -6.2573 10 -0.487765 -0.373644 -0.407182 -0.398005 -0.405377 -0.412833 -0.4259 -0.435883 -0.4259 -0.412833 -0.405377 -0.398005 -0.407182 -0.373641 -0.487771 
2.08 -6.25752 10 -0.487624 -0.373615 -0.407148 -0.398024 -0.405451 -0.412986 -0.425982 -0.435861 -0.425982 -0.412986 -0.405451 -0.398024 -0.407148 -0.373612 -0.487631 
2.09 -6.25776 10 -0.487484 -0.373588 -0.407114 -0.398044 -0.405526 -0.413139 -0.426064 -0.435838 -0.426063 -0.413139 -0.405526 -0.398043 -0.407115 -0.373585 -0.48749 
2.1 -6.25799 10 -0.487343 -0.373562 -0.407081 -0.398064 -0.405602 -0.413292 -0.426144 -0.435813 -0.426144 -0.413292 -0.405602 -0.398063 -0.407082 -0.373559 -0.48735 
2.11 -6.25823 10 -0.487203 -0.373538 -0.407048 -0.398085 -0.405679 -0.413446 -0.426224 -0.435786 -0.426223 -0.413445 -0.405679 -0.398084 -0.407049 -0.373535 -0.487209 
2.12 -6.25848 10 -0.487062 -0.373517 -0.407015 -0.398106 -0.405757 -0.413599 -0.426302 -0.435758 -0.426302 -0.413599 -0.405756 -0.398106 -0.407016 -0.373514 -0.487069 
2.13 -6.25873 10 -0.486922 -0.373498 -0.406982 -0.398129 -0.405835 -0.413753 -0.42638 -0.435729 -0.42638 -0.413753 -0.405835 -0.398128 -0.406983 -0.373494 -0.486928 
2.14 -6.25899 10 -0.486781 -0.373481 -0.40695 -0.398152 -0.405915 -0.413907 -0.426457 -0.435698 -0.426457 -0.413907 -0.405914 -0.398151 -0.406951 -0.373478 -0.486787 
2.15 -6.25925 10 -0.48664 -0.373468 -0.406917 -0.398175 -0.405995 -0.414061 -0.426533 -0.435666 -0.426533 -0.414061 -0.405995 -0.398175 -0.406918 -0.373464 -0.486646 
2.16 -6.25951 10 -0.486497 -0.373457 -0.406885 -0.398199 -0.406076 -0.414216 -0.426609 -0.435632 -0.426608 -0.414216 -0.406076 -0.398199 -0.406886 -0.373454 -0.486504 
2.17 -6.25978 10 -0.486353 -0.373449 -0.406852 -0.398225 -0.406158 -0.41437 -0.426683 -0.435597 -0.426683 -0.41437 -0.406158 -0.398224 -0.406853 -0.373446 -0.48636 
2.18 -6.26005 10 -0.486208 -0.373444 -0.40682 -0.39825 -0.406241 -0.414525 -0.426757 -0.435561 -0.426756 -0.414525 -0.40624 -0.39825 -0.406821 -0.373441 -0.486214 
2.19 -6.26032 10 -0.486059 -0.373442 -0.406788 -0.398277 -0.406324 -0.41468 -0.426829 -0.435523 -0.426829 -0.414679 -0.406324 -0.398276 -0.406789 -0.373439 -0.486066 
2.2 -6.26059 10 -0.485908 -0.373443 -0.406756 -0.398304 -0.406409 -0.414834 -0.426901 -0.435484 -0.426901 -0.414834 -0.406408 -0.398304 -0.406757 -0.373439 -0.485914 
2.21 -6.26086 10 -0.485752 -0.373446 -0.406724 -0.398332 -0.406494 -0.414989 -0.426972 -0.435444 -0.426972 -0.414989 -0.406493 -0.398331 -0.406724 -0.373443 -0.485758 
2.22 -6.26113 10 -0.485591 -0.373452 -0.406692 -0.398361 -0.40658 -0.415144 -0.427042 -0.435402 -0.427042 -0.415144 -0.40658 -0.39836 -0.406692 -0.373449 -0.485597 
2.23 -6.26138 10 -0.485425 -0.37346 -0.40666 -0.39839 -0.406667 -0.415299 -0.427111 -0.435359 -0.427111 -0.415298 -0.406666 -0.39839 -0.40666 -0.373456 -0.485431 
2.24 -6.26163 10 -0.485252 -0.37347 -0.406628 -0.39842 -0.406754 -0.415453 -0.427179 -0.435315 -0.427179 -0.415453 -0.406754 -0.39842 -0.406628 -0.373467 -0.485258 
2.25 -6.26187 10 -0.485071 -0.373481 -0.406596 -0.398451 -0.406843 -0.415608 -0.427247 -0.43527 -0.427246 -0.415608 -0.406843 -0.398451 -0.406597 -0.373478 -0.485077 
2.26 -6.26209 10 -0.484883 -0.373495 -0.406564 -0.398483 -0.406932 -0.415763 -0.427313 -0.435224 -0.427313 -0.415763 -0.406932 -0.398483 -0.406565 -0.373492 -0.484889 
2.27 -6.2623 10 -0.484686 -0.373509 -0.406532 -0.398516 -0.407022 -0.415917 -0.427378 -0.435176 -0.427378 -0.415917 -0.407022 -0.398515 -0.406533 -0.373506 -0.484692 
2.28 -6.2625 10 -0.48448 -0.373525 -0.4065 -0.398549 -0.407113 -0.416072 -0.427443 -0.435128 -0.427443 -0.416072 -0.407113 -0.398549 -0.406501 -0.373522 -0.484487 
2.29 -6.26267 10 -0.484266 -0.373541 -0.406469 -0.398584 -0.407205 -0.416226 -0.427507 -0.435078 -0.427507 -0.416226 -0.407204 -0.398583 -0.406469 -0.373538 -0.484272 
2.3 -6.26284 10 -0.484044 -0.373557 -0.406437 -0.398619 -0.407297 -0.41638 -0.42757 -0.435028 -0.427569 -0.41638 -0.407297 -0.398618 -0.406438 -0.373554 -0.48405 
2.31 -6.26298 10 -0.483812 -0.373574 -0.406405 -0.398654 -0.40739 -0.416534 -0.427631 -0.434976 -0.427631 -0.416534 -0.40739 -0.398654 -0.406406 -0.373571 -0.483819 
2.32 -6.26311 10 -0.483574 -0.373591 -0.406374 -0.398691 -0.407484 -0.416688 -0.427692 -0.434923 -0.427692 -0.416688 -0.407484 -0.398691 -0.406374 -0.373588 -0.48358 
2.33 -6.26323 10 -0.483327 -0.373608 -0.406342 -0.398729 -0.407579 -0.416842 -0.427752 -0.43487 -0.427752 -0.416841 -0.407579 -0.398728 -0.406343 -0.373605 -0.483333 
2.34 -6.26333 10 -0.483075 -0.373624 -0.406311 -0.398767 -0.407674 -0.416995 -0.427812 -0.434815 -0.427811 -0.416995 -0.407674 -0.398767 -0.406311 -0.373621 -0.483081 
2.35 -6.26342 10 -0.482816 -0.37364 -0.406279 -0.398806 -0.407771 -0.417148 -0.42787 -0.43476 -0.42787 -0.417148 -0.40777 -0.398806 -0.40628 -0.373637 -0.482822 
2.36 -6.2635 10 -0.482552 -0.373655 -0.406248 -0.398846 -0.407867 -0.417301 -0.427927 -0.434703 -0.427927 -0.417301 -0.407867 -0.398846 -0.406248 -0.373652 -0.482558 
2.37 -6.26357 10 -0.482284 -0.37367 -0.406216 -0.398887 -0.407965 -0.417454 -0.427983 -0.434646 -0.427983 -0.417453 -0.407965 -0.398887 -0.406217 -0.373667 -0.48229 
2.38 -6.26363 10 -0.482012 -0.373684 -0.406185 -0.398929 -0.408063 -0.417606 -0.428039 -0.434588 -0.428039 -0.417606 -0.408063 -0.398929 -0.406186 -0.373681 -0.482018 
2.39 -6.26368 10 -0.481736 -0.373697 -0.406153 -0.398972 -0.408163 -0.417758 -0.428094 -0.434529 -0.428093 -0.417757 -0.408162 -0.398971 -0.406154 -0.373694 -0.481742 
2.4 -6.26372 10 -0.481458 -0.373709 -0.406122 -0.399015 -0.408262 -0.417909 -0.428147 -0.434469 -0.428147 -0.417909 -0.408262 -0.399015 -0.406123 -0.373706 -0.481464 
2.41 -6.26375 10 -0.481178 -0.37372 -0.40609 -0.39906 -0.408363 -0.41806 -0.4282 -0.434409 -0.4282 -0.41806 -0.408362 -0.399059 -0.406091 -0.373717 -0.481184 
2.42 -6.26379 10 -0.480896 -0.37373 -0.406059 -0.399105 -0.408464 -0.418211 -0.428252 -0.434347 -0.428252 -0.418211 -0.408464 -0.399105 -0.40606 -0.373728 -0.480902 
2.43 -6.26381 10 -0.480613 -0.37374 -0.406027 -0.399151 -0.408566 -0.418362 -0.428303 -0.434285 -0.428303 -0.418361 -0.408565 -0.399151 -0.406028 -0.373737 -0.480619 
2.44 -6.26383 10 -0.480329 -0.373748 -0.405996 -0.399198 -0.408668 -0.418512 -0.428353 -0.434223 -0.428353 -0.418511 -0.408668 -0.399198 -0.405997 -0.373745 -0.480335 
2.45 -6.26385 10 -0.480045 -0.373756 -0.405964 -0.399246 -0.408771 -0.418661 -0.428402 -0.434159 -0.428402 -0.418661 -0.408771 -0.399246 -0.405965 -0.373753 -0.480051 
2.46 -6.26387 10 -0.47976 -0.373762 -0.405933 -0.399295 -0.408875 -0.41881 -0.42845 -0.434095 -0.42845 -0.41881 -0.408875 -0.399294 -0.405934 -0.373759 -0.479766 
2.47 -6.26388 10 -0.479475 -0.373768 -0.405901 -0.399345 -0.40898 -0.418959 -0.428497 -0.434031 -0.428497 -0.418958 -0.408979 -0.399344 -0.405902 -0.373765 -0.479481 
2.48 -6.26389 10 -0.47919 -0.373773 -0.40587 -0.399395 -0.409085 -0.419107 -0.428544 -0.433966 -0.428544 -0.419107 -0.409084 -0.399395 -0.40587 -0.37377 -0.479196 
2.49 -6.2639 10 -0.478905 -0.373776 -0.405838 -0.399447 -0.409191 -0.419254 -0.428589 -0.4339 -0.428589 -0.419254 -0.40919 -0.399446 -0.405839 -0.373774 -0.478911 
2.5 -6.26391 10 -0.478621 -0.37378 -0.405806 -0.399499 -0.409297 -0.419401 -0.428634 -0.433834 -0.428634 -0.419401 -0.409297 -0.399499 -0.405807 -0.373777 -0.478626 
2.51 -6.26392 10 -0.478337 -0.373782 -0.405774 -0.399552 -0.409404 -0.419548 -0.428677 -0.433767 -0.428677 -0.419547 -0.409403 -0.399552 -0.405775 -0.373779 -0.478343 
2.52 -6.26392 10 -0.478053 -0.373783 -0.405742 -0.399606 -0.409511 -0.419694 -0.42872 -0.433699 -0.42872 -0.419693 -0.409511 -0.399606 -0.405743 -0.373781 -0.478059 
2.53 -6.26393 10 -0.477771 -0.373784 -0.40571 -0.399661 -0.409619 -0.419839 -0.428762 -0.433632 -0.428762 -0.419839 -0.409619 -0.399661 -0.405711 -0.373781 -0.477777 
2.54 -6.26393 10 -0.477489 -0.373784 -0.405678 -0.399717 -0.409728 -0.419983 -0.428803 -0.433563 -0.428803 -0.419983 -0.409728 -0.399717 -0.405679 -0.373781 -0.477495 
2.55 -6.26393 10 -0.477208 -0.373783 -0.405646 -0.399774 -0.409837 -0.420127 -0.428843 -0.433495 -0.428843 -0.420127 -0.409837 -0.399774 -0.405647 -0.373781 -0.477213 
2.56 -6.26394 10 -0.476927 -0.373782 -0.405614 -0.399832 -0.409947 -0.420271 -0.428882 -0.433426 -0.428882 -0.420271 -0.409947 -0.399831 -0.405615 -0.373779 -0.476933 
2.57 -6.26394 10 -0.476648 -0.37378 -0.405581 -0.39989 -0.410057 -0.420414 -0.428921 -0.433356 -0.42892 -0.420413 -0.410057 -0.39989 -0.405582 -0.373777 -0.476653 
2.58 -6.26394 10 -0.476369 -0.373777 -0.405549 -0.39995 -0.410168 -0.420556 -0.428958 -0.433286 -0.428958 -0.420555 -0.410168 -0.399949 -0.40555 -0.373775 -0.476375 
2.59 -6.26394 11 -0.476091 -0.373774 -0.405516 -0.40001 -0.41028 -0.420697 -0.428994 -0.433216 -0.428994 -0.420697 -0.410279 -0.400009 -0.405517 -0.373771 -0.476097 
2.6 -6.26394 11 -0.475814 -0.37377 -0.405484 -0.400071 -0.410391 -0.420837 -0.42903 -0.433145 -0.42903 -0.420837 -0.410391 -0.400071 -0.405484 -0.373768 -0.47582 
2.61 -6.26395 11 -0.475538 -0.373766 -0.405451 -0.400133 -0.410504 -0.420977 -0.429065 -0.433075 -0.429065 -0.420977 -0.410503 -0.400133 -0.405452 -0.373764 -0.475543 
2.62 -6.26395 11 -0.475262 -0.373762 -0.405418 -0.400196 -0.410617 -0.421116 -0.429099 -0.433003 -0.429099 -0.421116 -0.410616 -0.400196 -0.405419 -0.373759 -0.475268 
2.63 -6.26395 11 -0.474988 -0.373757 -0.405385 -0.40026 -0.41073 -0.421255 -0.429132 -0.432932 -0.429132 -0.421255 -0.41073 -0.400259 -0.405386 -0.373754 -0.474994 
2.64 -6.26395 11 -0.474714 -0.373751 -0.405352 -0.400325 -0.410844 -0.421392 -0.429164 -0.43286 -0.429164 -0.421392 -0.410843 -0.400324 -0.405352 -0.373749 -0.47472 
2.65 -6.26395 11 -0.474442 -0.373746 -0.405318 -0.40039 -0.410958 -0.421529 -0.429196 -0.432789 -0.429196 -0.421529 -0.410957 -0.400389 -0.405319 -0.373743 -0.474447 
2.66 -6.26395 11 -0.47417 -0.37374 -0.405285 -0.400456 -0.411072 -0.421665 -0.429226 -0.432717 -0.429226 -0.421665 -0.411072 -0.400456 -0.405285 -0.373737 -0.474176 
2.67 -6.26395 11 -0.473899 -0.373734 -0.405251 -0.400524 -0.411188 -0.4218 -0.429256 -0.432645 -0.429256 -0.4218 -0.411187 -0.400523 -0.405252 -0.373731 -0.473905 
2.68 -6.26395 11 -0.473629 -0.373727 -0.405217 -0.400592 -0.411303 -0.421935 -0.429285 -0.432572 -0.429285 -0.421934 -0.411303 -0.400591 -0.405218 -0.373725 -0.473635 
2.69 -6.26395 11 -0.47336 -0.373721 -0.405183 -0.40066 -0.411419 -0.422068 -0.429313 -0.4325 -0.429313 -0.422068 -0.411419 -0.40066 -0.405184 -0.373718 -0.473365 
2.7 -6.26395 11 -0.473091 -0.373714 -0.405149 -0.40073 -0.411535 -0.422201 -0.42934 -0.432427 -0.42934 -0.4222 -0.411535 -0.40073 -0.40515 -0.373711 -0.473097 
2.71 -6.26395 11 -0.472823 -0.373707 -0.405115 -0.400801 -0.411652 -0.422332 -0.429366 -0.432355 -0.429366 -0.422332 -0.411651 -0.4008 -0.405116 -0.373705 -0.472829 
2.72 -6.26395 11 -0.472557 -0.3737 -0.405081 -0.400872 -0.411769 -0.422463 -0.429392 -0.432282 -0.429392 -0.422463 -0.411768 -0.400871 -0.405081 -0.373698 -0.472562 
2.73 -6.26395 11 -0.472291 -0.373693 -0.405046 -0.400944 -0.411886 -0.422593 -0.429416 -0.432209 -0.429416 -0.422593 -0.411886 -0.400943 -0.405047 -0.373691 -0.472296 
2.74 -6.26395 11 -0.472025 -0.373686 -0.405011 -0.401017 -0.412004 -0.422722 -0.42944 -0.432136 -0.42944 -0.422722 -0.412003 -0.401016 -0.405012 -0.373684 -0.472031 
2.75 -6.26395 11 -0.471761 -0.373679 -0.404976 -0.401091 -0.412122 -0.42285 -0.429464 -0.432063 -0.429464 -0.42285 -0.412122 -0.40109 -0.404977 -0.373677 -0.471766 
2.76 -6.26395 11 -0.471497 -0.373672 -0.404941 -0.401165 -0.41224 -0.422977 -0.429486 -0.431991 -0.429486 -0.422977 -0.41224 -0.401165 -0.404942 -0.37367 -0.471502 
2.77 -6.26395 12 -0.471234 -0.373666 -0.404906 -0.40124 -0.412359 -0.423103 -0.429507 -0.431918 -0.429507 -0.423103 -0.412358 -0.40124 -0.404907 -0.373663 -0.471239 
2.78 -6.26395 12 -0.470971 -0.373659 -0.404871 -0.401316 -0.412478 -0.423228 -0.429528 -0.431845 -0.429528 -0.423228 -0.412477 -0.401316 -0.404871 -0.373657 -0.470977 
2.79 -6.26395 12 -0.470709 -0.373653 -0.404835 -0.401393 -0.412597 -0.423352 -0.429548 -0.431773 -0.429548 -0.423352 -0.412597 -0.401393 -0.404836 -0.37365 -0.470715 
2.8 -6.26395 12 -0.470448 -0.373646 -0.404799 -0.401471 -0.412716 -0.423475 -0.429567 -0.4317 -0.429567 -0.423475 -0.412716 -0.40147 -0.4048 -0.373644 -0.470454 
2.81 -6.26395 12 -0.470188 -0.373641 -0.404763 -0.401549 -0.412836 -0.423597 -0.429586 -0.431627 -0.429586 -0.423597 -0.412836 -0.401549 -0.404764 -0.373638 -0.470193 
2.82 -6.26395 12 -0.469928 -0.373635 -0.404727 -0.401628 -0.412956 -0.423718 -0.429603 -0.431555 -0.429603 -0.423718 -0.412956 -0.401628 -0.404728 -0.373633 -0.469934 
2.83 -6.26395 12 -0.469669 -0.37363 -0.404691 -0.401708 -0.413076 -0.423838 -0.42962 -0.431483 -0.42962 -0.423838 -0.413076 -0.401707 -0.404692 -0.373627 -0.469675 
2.84 -6.26395 12 -0.469411 -0.373624 -0.404654 -0.401788 -0.413196 -0.423957 -0.429637 -0.431411 -0.429637 -0.423957 -0.413196 -0.401788 -0.404655 -0.373622 -0.469416 
2.85 -6.26395 12 -0.469153 -0.37362 -0.404618 -0.40187 -0.413317 -0.424075 -0.429652 -0.431339 -0.429652 -0.424075 -0.413317 -0.401869 -0.404618 -0.373618 -0.469158 
2.86 -6.26395 12 -0.468896 -0.373616 -0.404581 -0.401952 -0.413438 -0.424192 -0.429667 -0.431267 -0.429667 -0.424192 -0.413437 -0.401951 -0.404582 -0.373614 -0.468901 
2.87 -6.26395 12 -0.468639 -0.373612 -0.404544 -0.402034 -0.413559 -0.424308 -0.429681 -0.431196 -0.429681 -0.424308 -0.413558 -0.402034 -0.404545 -0.37361 -0.468644 
2.88 -6.26395 12 -0.468383 -0.373609 -0.404507 -0.402117 -0.41368 -0.424423 -0.429694 -0.431124 -0.429694 -0.424422 -0.413679 -0.402117 -0.404507 -0.373606 -0.468388 
2.89 -6.26395 12 -0.468127 -0.373606 -0.404469 -0.402201 -0.413801 -0.424536 -0.429707 -0.431053 -0.429707 -0.424536 -0.4138 -0.402201 -0.40447 -0.373604 -0.468133 
2.9 -6.26395 12 -0.467872 -0.373603 -0.404432 -0.402286 -0.413922 -0.424649 -0.429719 -0.430982 -0.429719 -0.424648 -0.413922 -0.402285 -0.404432 -0.373601 -0.467878 
2.91 -6.26395 13 -0.467618 -0.373602 -0.404394 -0.402371 -0.414044 -0.42476 -0.42973 -0.430912 -0.42973 -0.42476 -0.414043 -0.402371 -0.404395 -0.3736 -0.467623 
2.92 -6.26395 13 -0.467364 -0.373601 -0.404356 -0.402457 -0.414165 -0.42487 -0.42974 -0.430841 -0.42974 -0.42487 -0.414165 -0.402456 -0.404357 -0.373599 -0.467369 
2.93 -6.26395 13 -0.467111 -0.3736 -0.404318 -0.402543 -0.414287 -0.424979 -0.42975 -0.430771 -0.42975 -0.424979 -0.414286 -0.402543 -0.404319 -0.373598 -0.467116 
2.94 -6.26395 13 -0.466858 -0.3736 -0.40428 -0.40263 -0.414408 -0.425087 -0.429759 -0.430702 -0.429759 -0.425087 -0.414408 -0.40263 -0.404281 -0.373598 -0.466863 
2.95 -6.26395 13 -0.466605 -0.373601 -0.404241 -0.402718 -0.41453 -0.425194 -0.429768 -0.430632 -0.429768 -0.425194 -0.41453 -0.402718 -0.404242 -0.373599 -0.46661 
2.96 -6.26395 13 -0.466353 -0.373603 -0.404203 -0.402806 -0.414652 -0.425299 -0.429776 -0.430563 -0.429776 -0.425299 -0.414652 -0.402806 -0.404204 -0.373601 -0.466359 
2.97 -6.26395 13 -0.466102 -0.373605 -0.404164 -0.402895 -0.414774 -0.425404 -0.429783 -0.430495 -0.429783 -0.425404 -0.414773 -0.402895 -0.404165 -0.373603 -0.466107 
2.98 -6.26395 13 -0.465851 -0.373608 -0.404125 -0.402985 -0.414896 -0.425507 -0.429789 -0.430426 -0.429789 -0.425507 -0.414895 -0.402984 -0.404126 -0.373606 -0.465856 
2.99 -6.26395 13 -0.465601 -0.373612 -0.404086 -0.403074 -0.415017 -0.425609 -0.429795 -0.430358 -0.429795 -0.425609 -0.415017 -0.403074 -0.404087 -0.37361 -0.465606 
3 -6.26395 13 -0.46535 -0.373616 -0.404047 -0.403165 -0.415139 -0.42571 -0.429801 -0.430291 -0.429801 -0.42571 -0.415139 -0.403164 -0.404048 -0.373614 -0.465356 
3.01 -6.26395 13 -0.465101 -0.373622 -0.404008 -0.403256 -0.415261 -0.42581 -0.429805 -0.430223 -0.429805 -0.425809 -0.415261 -0.403255 -0.404009 -0.37362 -0.465106 
3.02 -6.26395 13 -0.464852 -0.373628 -0.403969 -0.403347 -0.415383 -0.425908 -0.429809 -0.430156 -0.429809 -0.425908 -0.415382 -0.403347 -0.403969 -0.373626 -0.464857 
3.03 -6.26395 13 -0.464603 -0.373635 -0.403929 -0.403439 -0.415504 -0.426005 -0.429813 -0.43009 -0.429813 -0.426005 -0.415504 -0.403439 -0.40393 -0.373633 -0.464608 
3.04 -6.26395 13 -0.464355 -0.373643 -0.403889 -0.403532 -0.415626 -0.426101 -0.429816 -0.430024 -0.429816 -0.426101 -0.415626 -0.403531 -0.40389 -0.373641 -0.46436 
3.05 -6.26395 13 -0.464107 -0.373652 -0.40385 -0.403625 -0.415748 -0.426196 -0.429818 -0.429959 -0.429818 -0.426196 -0.415747 -0.403624 -0.40385 -0.37365 -0.464112 
3.06 -6.26395 13 -0.463859 -0.373662 -0.40381 -0.403718 -0.415869 -0.426289 -0.42982 -0.429893 -0.42982 -0.426289 -0.415869 -0.403718 -0.40381 -0.37366 -0.463864 
3.07 -6.26395 13 -0.463612 -0.373673 -0.40377 -0.403812 -0.41599 -0.426382 -0.429821 -0.429829 -0.429821 -0.426382 -0.41599 -0.403811 -0.40377 -0.373671 -0.463617 
3.08 -6.26395 13 -0.463365 -0.373685 -0.40373 -0.403906 -0.416112 -0.426473 -0.429822 -0.429765 -0.429822 -0.426473 -0.416111 -0.403906 -0.40373 -0.373683 -0.46337 
3.09 -6.26395 13 -0.463119 -0.373697 -0.403689 -0.404001 -0.416233 -0.426563 -0.429822 -0.429701 -0.429822 -0.426563 -0.416232 -0.404 -0.40369 -0.373696 -0.463124 
3.1 -6.26395 14 -0.462873 -0.373711 -0.403649 -0.404096 -0.416354 -0.426651 -0.429821 -0.429638 -0.429821 -0.426651 -0.416353 -0.404095 -0.40365 -0.37371 -0.462878 
3.11 -6.26395 14 -0.462627 -0.373726 -0.403609 -0.404191 -0.416474 -0.426739 -0.42982 -0.429575 -0.42982 -0.426738 -0.416474 -0.404191 -0.403609 -0.373724 -0.462632 
3.12 -6.26395 14 -0.462382 -0.373742 -0.403568 -0.404287 -0.416595 -0.426825 -0.429819 -0.429513 -0.429819 -0.426825 -0.416594 -0.404286 -0.403569 -0.37374 -0.462387 
3.13 -6.26395 14 -0.462137 -0.373759 -0.403528 -0.404383 -0.416715 -0.426909 -0.429817 -0.429451 -0.429817 -0.426909 -0.416715 -0.404383 -0.403529 -0.373757 -0.462142 
3.14 -6.26395 14 -0.461893 -0.373777 -0.403487 -0.40448 -0.416835 -0.426993 -0.429814 -0.42939 -0.429814 -0.426993 -0.416835 -0.404479 -0.403488 -0.373775 -0.461897 
3.15 -6.26395 14 -0.461648 -0.373796 -0.403447 -0.404576 -0.416955 -0.427075 -0.429811 -0.42933 -0.429811 -0.427075 -0.416955 -0.404576 -0.403447 -0.373795 -0.461653 
3.16 -6.26395 14 -0.461405 -0.373816 -0.403406 -0.404673 -0.417075 -0.427156 -0.429807 -0.429269 -0.429807 -0.427156 -0.417075 -0.404673 -0.403407 -0.373815 -0.461409 
3.17 -6.26395 14 -0.461161 -0.373838 -0.403365 -0.404771 -0.417195 -0.427236 -0.429803 -0.42921 -0.429803 -0.427236 -0.417194 -0.40477 -0.403366 -0.373836 -0.461166 
3.18 -6.26395 14 -0.460918 -0.37386 -0.403325 -0.404868 -0.417314 -0.427314 -0.429799 -0.429151 -0.429799 -0.427314 -0.417313 -0.404868 -0.403325 -0.373859 -0.460923 
3.19 -6.26395 15 -0.460675 -0.373884 -0.403284 -0.404966 -0.417433 -0.427391 -0.429794 -0.429093 -0.429794 -0.427391 -0.417432 -0.404966 -0.403285 -0.373882 -0.46068 
3.2 -6.26395 15 -0.460433 -0.373909 -0.403243 -0.405064 -0.417551 -0.427467 -0.429789 -0.429035 -0.429788 -0.427467 -0.417551 -0.405064 -0.403244 -0.373907 -0.460438 
3.21 -6.26395 15 -0.460191 -0.373935 -0.403203 -0.405163 -0.41767 -0.427542 -0.429783 -0.428978 -0.429783 -0.427542 -0.417669 -0.405162 -0.403203 -0.373933 -0.460196 
3.22 -6.26395 15 -0.459949 -0.373962 -0.403162 -0.405261 -0.417788 -0.427615 -0.429776 -0.428921 -0.429776 -0.427615 -0.417787 -0.405261 -0.403163 -0.37396 -0.459954 
3.23 -6.26395 15 -0.459708 -0.37399 -0.403121 -0.40536 -0.417905 -0.427687 -0.42977 -0.428865 -0.429769 -0.427687 -0.417905 -0.405359 -0.403122 -0.373988 -0.459713 
3.24 -6.26395 15 -0.459467 -0.374019 -0.403081 -0.405459 -0.418023 -0.427758 -0.429762 -0.428809 -0.429762 -0.427758 -0.418022 -0.405458 -0.403082 -0.374018 -0.459472 
3.25 -6.26395 15 -0.459226 -0.37405 -0.40304 -0.405558 -0.41814 -0.427827 -0.429755 -0.428755 -0.429755 -0.427827 -0.418139 -0.405557 -0.403041 -0.374049 -0.459231 
3.26 -6.26395 15 -0.458986 -0.374082 -0.403 -0.405657 -0.418256 -0.427895 -0.429747 -0.4287 -0.429747 -0.427895 -0.418256 -0.405657 -0.403001 -0.37408 -0.458991 
3.27 -6.26395 15 -0.458746 -0.374115 -0.40296 -0.405757 -0.418373 -0.427962 -0.429738 -0.428647 -0.429738 -0.427962 -0.418372 -0.405756 -0.40296 -0.374114 -0.458751 
3.28 -6.26395 15 -0.458507 -0.374149 -0.402919 -0.405856 -0.418489 -0.428028 -0.42973 -0.428594 -0.429729 -0.428028 -0.418488 -0.405856 -0.40292 -0.374148 -0.458511 
3.29 -6.26395 15 -0.458267 -0.374185 -0.402879 -0.405956 -0.418604 -0.428092 -0.42972 -0.428541 -0.42972 -0.428092 -0.418604 -0.405955 -0.40288 -0.374183 -0.458272 
3.3 -6.26395 15 -0.458028 -0.374221 -0.402839 -0.406055 -0.418719 -0.428155 -0.429711 -0.42849 -0.429711 -0.428155 -0.418719 -0.406055 -0.40284 -0.37422 -0.458033 
3.31 -6.26395 15 -0.45779 -0.374259 -0.402799 -0.406155 -0.418834 -0.428217 -0.429701 -0.428439 -0.429701 -0.428217 -0.418833 -0.406154 -0.4028 -0.374258 -0.457794 
3.32 -6.26395 15 -0.457552 -0.374298 -0.402759 -0.406255 -0.418948 -0.428277 -0.429691 -0.428388 -0.42969 -0.428277 -0.418947 -0.406254 -0.40276 -0.374297 -0.457556 
3.33 -6.26395 16 -0.457314 -0.374339 -0.40272 -0.406354 -0.419061 -0.428337 -0.42968 -0.428338 -0.42968 -0.428337 -0.419061 -0.406354 -0.402721 -0.374337 -0.457319 
3.34 -6.26395 16 -0.457077 -0.37438 -0.40268 -0.406454 -0.419175 -0.428394 -0.429669 -0.428289 -0.429669 -0.428394 -0.419174 -0.406454 -0.402681 -0.374379 -0.457081 
3.35 -6.26395 16 -0.45684 -0.374423 -0.402641 -0.406554 -0.419287 -0.428451 -0.429658 -0.428241 -0.429657 -0.428451 -0.419287 -0.406553 -0.402642 -0.374422 -0.456844 
3.36 -6.26395 16 -0.456603 -0.374467 -0.402602 -0.406654 -0.419399 -0.428506 -0.429646 -0.428193 -0.429646 -0.428506 -0.419399 -0.406653 -0.402603 -0.374466 -0.456608 
3.37 -6.26395 16 -0.456367 -0.374512 -0.402563 -0.406753 -0.419511 -0.42856 -0.429634 -0.428145 -0.429634 -0.42856 -0.419511 -0.406753 -0.402564 -0.374511 -0.456371 
3.38 -6.26395 16 -0.456131 -0.374559 -0.402525 -0.406853 -0.419622 -0.428613 -0.429622 -0.428099 -0.429621 -0.428613 -0.419622 -0.406852 -0.402525 -0.374557 -0.456135 
3.39 -6.26395 16 -0.455896 -0.374606 -0.402486 -0.406952 -0.419733 -0.428665 -0.429609 -0.428053 -0.429609 -0.428665 -0.419732 -0.406952 -0.402487 -0.374605 -0.4559 
3.4 -6.26395 16 -0.455661 -0.374655 -0.402448 -0.407052 -0.419843 -0.428715 -0.429596 -0.428008 -0.429596 -0.428715 -0.419842 -0.407052 -0.402449 -0.374654 -0.455665 
3.41 -6.26395 17 -0.455426 -0.374705 -0.402411 -0.407151 -0.419952 -0.428764 -0.429583 -0.427963 -0.429583 -0.428764 -0.419952 -0.407151 -0.402411 -0.374704 -0.45543 
3.42 -6.26395 17 -0.455192 -0.374756 -0.402373 -0.407251 -0.420061 -0.428811 -0.42957 -0.427919 -0.429569 -0.428811 -0.420061 -0.40725 -0.402374 -0.374755 -0.455196 
3.43 -6.26395 17 -0.454958 -0.374809 -0.402336 -0.40735 -0.42017 -0.428858 -0.429556 -0.427876 -0.429556 -0.428858 -0.420169 -0.407349 -0.402337 -0.374808 -0.454962 
3.44 -6.26395 17 -0.454725 -0.374862 -0.402299 -0.407449 -0.420277 -0.428903 -0.429542 -0.427833 -0.429542 -0.428903 -0.420277 -0.407448 -0.4023 -0.374861 -0.454729 
3.45 -6.26395 17 -0.454492 -0.374917 -0.402263 -0.407547 -0.420384 -0.428947 -0.429528 -0.427791 -0.429527 -0.428947 -0.420384 -0.407547 -0.402263 -0.374916 -0.454496 
3.46 -6.26395 17 -0.45426 -0.374973 -0.402227 -0.407646 -0.420491 -0.42899 -0.429513 -0.42775 -0.429513 -0.42899 -0.420491 -0.407646 -0.402227 -0.374972 -0.454264 
