time energy maxBondDim localEnergy 
0 -6.91174 37 -0.654357 -0.293102 -0.568737 -0.334223 -0.544405 -0.348861 -0.535766 -0.352834 -0.535766 -0.348861 -0.544405 -0.334223 -0.568737 -0.293102 -0.654357 
0 -5.69136 8 -0.417646 -0.365826 -0.375792 -0.374242 -0.374584 -0.374635 -0.375154 -0.375604 -0.375154 -0.374635 -0.374584 -0.374242 -0.375792 -0.365826 -0.417646 
0.1 -5.69147 8 -0.417646 -0.365826 -0.375793 -0.374243 -0.374586 -0.374641 -0.375177 -0.375642 -0.375177 -0.374641 -0.374586 -0.374243 -0.375793 -0.365826 -0.417646 
0.2 -5.69193 8 -0.417647 -0.365826 -0.375794 -0.374247 -0.374597 -0.374669 -0.375282 -0.375809 -0.375282 -0.374669 -0.374597 -0.374247 -0.375794 -0.365826 -0.417647 
0.3 -5.69311 8 -0.417647 -0.365828 -0.375798 -0.374256 -0.374623 -0.374741 -0.375547 -0.376233 -0.375547 -0.374741 -0.374623 -0.374256 -0.375798 -0.365828 -0.417647 
0.4 -5.69549 8 -0.417648 -0.36583 -0.375806 -0.374277 -0.37468 -0.37489 -0.376078 -0.37707 -0.376078 -0.37489 -0.37468 -0.374277 -0.375806 -0.36583 -0.417648 
0.5 -5.69965 8 -0.417651 -0.365836 -0.37582 -0.374316 -0.374786 -0.375165 -0.377001 -0.378495 -0.377001 -0.375165 -0.374786 -0.374316 -0.37582 -0.365836 -0.417651 
0.6 -5.70622 8 -0.417655 -0.365845 -0.375846 -0.374385 -0.374972 -0.375633 -0.378444 -0.380661 -0.378444 -0.375633 -0.374972 -0.374385 -0.375846 -0.365845 -0.417655 
0.7 -5.71578 8 -0.417662 -0.36586 -0.37589 -0.374502 -0.375282 -0.376379 -0.380501 -0.383629 -0.380501 -0.376379 -0.375282 -0.374502 -0.37589 -0.36586 -0.417662 
0.8 -5.72867 8 -0.417675 -0.365885 -0.375963 -0.374695 -0.375781 -0.377503 -0.383176 -0.387311 -0.383176 -0.377503 -0.375781 -0.374695 -0.375963 -0.365886 -0.417675 
0.9 -5.74487 8 -0.417696 -0.365928 -0.376084 -0.375008 -0.376555 -0.379084 -0.386348 -0.391461 -0.386348 -0.379084 -0.376555 -0.375008 -0.376084 -0.365928 -0.417696 
1 -5.76402 8 -0.417731 -0.365996 -0.37628 -0.375503 -0.377702 -0.381137 -0.389782 -0.395759 -0.389782 -0.381137 -0.377702 -0.375503 -0.37628 -0.365997 -0.417731 
1.1 -5.78557 8 -0.417789 -0.366109 -0.376595 -0.376265 -0.3793 -0.383573 -0.393194 -0.399921 -0.393194 -0.383573 -0.379301 -0.376265 -0.376595 -0.366109 -0.417789 
1.2 -5.80891 8 -0.417884 -0.366291 -0.377094 -0.37739 -0.381365 -0.3862 -0.396349 -0.403766 -0.39635 -0.3862 -0.381365 -0.37739 -0.377094 -0.366291 -0.417884 
1.3 -5.8335 8 -0.418039 -0.366583 -0.377862 -0.378958 -0.383801 -0.38878 -0.399116 -0.407216 -0.399116 -0.38878 -0.383801 -0.378958 -0.377862 -0.366583 -0.418039 
1.4 -5.85888 8 -0.418291 -0.367045 -0.378998 -0.380981 -0.386409 -0.391116 -0.401468 -0.410267 -0.401468 -0.391116 -0.386409 -0.380981 -0.378998 -0.367045 -0.418291 
1.5 -5.88473 8 -0.418695 -0.367755 -0.380581 -0.383365 -0.388942 -0.393102 -0.40345 -0.412946 -0.40345 -0.393102 -0.388942 -0.383365 -0.380581 -0.367756 -0.418695 
1.6 -5.91075 8 -0.419332 -0.368802 -0.382625 -0.385908 -0.391189 -0.394733 -0.405136 -0.415294 -0.405136 -0.394733 -0.391189 -0.385908 -0.382625 -0.368802 -0.419332 
1.7 -5.93668 8 -0.420309 -0.370253 -0.385036 -0.38836 -0.393038 -0.396067 -0.406605 -0.417343 -0.406605 -0.396067 -0.393038 -0.38836 -0.385036 -0.370253 -0.420309 
1.8 -5.96222 8 -0.421743 -0.372108 -0.38761 -0.390509 -0.394473 -0.397187 -0.407922 -0.41912 -0.407922 -0.397187 -0.394473 -0.390509 -0.38761 -0.372108 -0.421743 
1.9 -5.987 8 -0.423726 -0.374255 -0.390094 -0.392239 -0.395551 -0.398179 -0.409134 -0.420643 -0.409134 -0.398179 -0.395551 -0.392239 -0.390094 -0.374255 -0.423726 
2 -6.01048 8 -0.426258 -0.376474 -0.392272 -0.393533 -0.396356 -0.399113 -0.410274 -0.421925 -0.410274 -0.399113 -0.396356 -0.393533 -0.392272 -0.376474 -0.426258 
2.1 -6.03205 8 -0.429199 -0.378495 -0.394025 -0.394445 -0.396975 -0.400039 -0.411358 -0.422977 -0.411358 -0.400039 -0.396975 -0.394445 -0.394025 -0.378495 -0.429199 
2.2 -6.05105 9 -0.432273 -0.380086 -0.395329 -0.395057 -0.397486 -0.40099 -0.412397 -0.423809 -0.412397 -0.40099 -0.397486 -0.395057 -0.395329 -0.380086 -0.432273 
2.3 -6.06697 9 -0.435148 -0.381112 -0.396232 -0.395458 -0.397946 -0.401985 -0.41339 -0.424433 -0.41339 -0.401985 -0.397946 -0.395458 -0.396232 -0.381112 -0.435148 
2.4 -6.07964 10 -0.437556 -0.381548 -0.396804 -0.39572 -0.398398 -0.403029 -0.414335 -0.424862 -0.414335 -0.403029 -0.398398 -0.395721 -0.396804 -0.381548 -0.437556 
2.5 -6.08922 10 -0.439361 -0.381446 -0.397119 -0.395904 -0.39887 -0.404122 -0.415228 -0.425112 -0.415228 -0.404123 -0.39887 -0.395904 -0.397119 -0.381446 -0.439362 
2.6 -6.09612 10 -0.440566 -0.380907 -0.397236 -0.396052 -0.399383 -0.405258 -0.416061 -0.425199 -0.416061 -0.405258 -0.399383 -0.396052 -0.397236 -0.380907 -0.440566 
2.7 -6.10092 11 -0.441255 -0.380042 -0.397197 -0.396192 -0.399945 -0.406424 -0.41683 -0.425145 -0.41683 -0.406424 -0.399945 -0.396192 -0.397197 -0.380042 -0.441255 
2.8 -6.10413 11 -0.441546 -0.378963 -0.397029 -0.396344 -0.400563 -0.407609 -0.417528 -0.424968 -0.417528 -0.407609 -0.400563 -0.396344 -0.397029 -0.378963 -0.441546 
2.9 -6.10623 13 -0.44155 -0.377772 -0.396745 -0.396519 -0.401237 -0.408798 -0.418151 -0.424691 -0.418151 -0.408798 -0.401237 -0.396519 -0.396745 -0.377772 -0.44155 
3 -6.10757 13 -0.441353 -0.376555 -0.396352 -0.396723 -0.401963 -0.409976 -0.418697 -0.424334 -0.418697 -0.409976 -0.401963 -0.396723 -0.396352 -0.376555 -0.441353 
3.1 -6.10841 14 -0.441014 -0.375387 -0.395855 -0.396958 -0.402738 -0.41113 -0.419164 -0.423919 -0.419164 -0.41113 -0.402738 -0.396958 -0.395856 -0.375387 -0.441014 
3.2 -6.10893 15 -0.440573 -0.374328 -0.395258 -0.397222 -0.403554 -0.412245 -0.419553 -0.423463 -0.419553 -0.412245 -0.403554 -0.397222 -0.395258 -0.374328 -0.440573 
3.3 -6.10924 16 -0.44005 -0.373424 -0.394564 -0.397512 -0.404401 -0.413308 -0.419867 -0.422985 -0.419867 -0.413308 -0.404401 -0.397512 -0.394565 -0.373424 -0.44005 
3.4 -6.10943 17 -0.439456 -0.372711 -0.393785 -0.397824 -0.40527 -0.414309 -0.420108 -0.4225 -0.420108 -0.414309 -0.40527 -0.397824 -0.393785 -0.372711 -0.439456 
3.5 -6.10953 18 -0.438798 -0.372208 -0.392933 -0.398151 -0.406149 -0.415236 -0.420281 -0.422022 -0.420281 -0.415236 -0.406149 -0.398151 -0.392933 -0.372208 -0.438798 
3.6 -6.1096 19 -0.43808 -0.371927 -0.392027 -0.398486 -0.407026 -0.41608 -0.420393 -0.421561 -0.420393 -0.41608 -0.407026 -0.398486 -0.392027 -0.371927 -0.43808 
3.7 -6.10964 20 -0.437306 -0.371865 -0.39109 -0.398821 -0.407888 -0.416836 -0.420448 -0.421126 -0.420448 -0.416835 -0.407888 -0.398821 -0.39109 -0.371865 -0.437307 
3.8 -6.10966 20 -0.436484 -0.372013 -0.390149 -0.399148 -0.408722 -0.417496 -0.420455 -0.420723 -0.420455 -0.417496 -0.408723 -0.399147 -0.390149 -0.372013 -0.436484 
3.9 -6.10967 21 -0.435621 -0.372349 -0.389234 -0.399459 -0.409515 -0.418059 -0.420419 -0.420356 -0.42042 -0.418058 -0.409516 -0.399458 -0.389235 -0.372349 -0.435621 
4 -6.10967 22 -0.43473 -0.372848 -0.388377 -0.399747 -0.410254 -0.418521 -0.420348 -0.420027 -0.420348 -0.41852 -0.410255 -0.399746 -0.388377 -0.372848 -0.43473 
4.1 -6.10968 24 -0.433825 -0.373477 -0.387608 -0.400005 -0.410925 -0.418882 -0.420247 -0.419735 -0.420248 -0.418881 -0.410926 -0.400005 -0.387609 -0.373478 -0.433825 
