time energy maxBondDim localEnergy 
0 -6.91174 37 -0.654357 -0.293102 -0.568737 -0.334223 -0.544405 -0.348861 -0.535766 -0.352834 -0.535766 -0.348861 -0.544405 -0.334223 -0.568737 -0.293102 -0.654357 
0 -5.69027 8 -0.417644 -0.365823 -0.375783 -0.374215 -0.374525 -0.374343 -0.374947 -0.375708 -0.374947 -0.374343 -0.374525 -0.374215 -0.375783 -0.365823 -0.417644 
0.01 -5.69027 8 -0.417644 -0.365823 -0.375783 -0.374215 -0.374525 -0.374343 -0.374947 -0.375708 -0.374947 -0.374343 -0.374525 -0.374215 -0.375783 -0.365823 -0.417644 
0.02 -5.69027 8 -0.417644 -0.365823 -0.375783 -0.374215 -0.374525 -0.374342 -0.374947 -0.375709 -0.374947 -0.374342 -0.374525 -0.374215 -0.375783 -0.365823 -0.417644 
0.03 -5.69027 8 -0.417644 -0.365823 -0.375783 -0.374215 -0.374525 -0.374342 -0.374948 -0.37571 -0.374948 -0.374342 -0.374525 -0.374215 -0.375783 -0.365823 -0.417644 
0.04 -5.69027 8 -0.417644 -0.365823 -0.375783 -0.374215 -0.374525 -0.374342 -0.374949 -0.375713 -0.374949 -0.374342 -0.374525 -0.374215 -0.375783 -0.365823 -0.417644 
0.05 -5.69028 8 -0.417644 -0.365823 -0.375783 -0.374215 -0.374525 -0.374342 -0.374951 -0.375717 -0.374951 -0.374342 -0.374525 -0.374215 -0.375783 -0.365823 -0.417644 
0.06 -5.69029 8 -0.417644 -0.365823 -0.375783 -0.374215 -0.374525 -0.374341 -0.374954 -0.375724 -0.374954 -0.374341 -0.374525 -0.374215 -0.375783 -0.365823 -0.417644 
0.07 -5.69031 8 -0.417644 -0.365823 -0.375783 -0.374215 -0.374524 -0.37434 -0.374958 -0.375734 -0.374958 -0.37434 -0.374524 -0.374215 -0.375783 -0.365823 -0.417644 
0.08 -5.69033 8 -0.417644 -0.365823 -0.375783 -0.374215 -0.374524 -0.374338 -0.374964 -0.375748 -0.374964 -0.374338 -0.374524 -0.374215 -0.375783 -0.365823 -0.417644 
0.09 -5.69036 8 -0.417644 -0.365823 -0.375783 -0.374215 -0.374524 -0.374336 -0.374971 -0.375767 -0.374971 -0.374336 -0.374524 -0.374215 -0.375783 -0.365823 -0.417644 
0.1 -5.6904 8 -0.417644 -0.365823 -0.375783 -0.374215 -0.374524 -0.374334 -0.374982 -0.375792 -0.374982 -0.374334 -0.374524 -0.374215 -0.375783 -0.365823 -0.417644 
0.11 -5.69045 8 -0.417643 -0.365823 -0.375783 -0.374214 -0.374524 -0.37433 -0.374995 -0.375824 -0.374995 -0.37433 -0.374524 -0.374214 -0.375783 -0.365823 -0.417644 
0.12 -5.69052 8 -0.417643 -0.365823 -0.375783 -0.374214 -0.374524 -0.374326 -0.375012 -0.375864 -0.375012 -0.374326 -0.374524 -0.374214 -0.375783 -0.365823 -0.417644 
0.13 -5.69059 8 -0.417643 -0.365823 -0.375783 -0.374214 -0.374524 -0.37432 -0.375033 -0.375913 -0.375033 -0.37432 -0.374524 -0.374214 -0.375783 -0.365823 -0.417644 
0.14 -5.69069 8 -0.417643 -0.365823 -0.375783 -0.374214 -0.374524 -0.374313 -0.375058 -0.375972 -0.375058 -0.374313 -0.374524 -0.374214 -0.375783 -0.365823 -0.417644 
0.15 -5.69081 8 -0.417643 -0.365823 -0.375783 -0.374214 -0.374524 -0.374305 -0.375089 -0.376043 -0.375089 -0.374305 -0.374524 -0.374214 -0.375783 -0.365823 -0.417644 
0.16 -5.69094 8 -0.417643 -0.365823 -0.375783 -0.374214 -0.374523 -0.374294 -0.375127 -0.376126 -0.375127 -0.374294 -0.374523 -0.374214 -0.375783 -0.365823 -0.417644 
0.17 -5.6911 8 -0.417643 -0.365823 -0.375783 -0.374214 -0.374523 -0.374282 -0.37517 -0.376222 -0.37517 -0.374282 -0.374523 -0.374214 -0.375783 -0.365823 -0.417644 
0.18 -5.69128 8 -0.417643 -0.365823 -0.375783 -0.374214 -0.374523 -0.374266 -0.375221 -0.376331 -0.375221 -0.374266 -0.374523 -0.374214 -0.375783 -0.365823 -0.417644 
0.19 -5.69148 8 -0.417643 -0.365823 -0.375783 -0.374214 -0.374522 -0.374249 -0.37528 -0.376454 -0.37528 -0.374249 -0.374522 -0.374214 -0.375783 -0.365823 -0.417644 
0.2 -5.69171 8 -0.417643 -0.365823 -0.375783 -0.374214 -0.374522 -0.374228 -0.375347 -0.376589 -0.375347 -0.374228 -0.374522 -0.374214 -0.375783 -0.365823 -0.417644 
0.21 -5.69196 8 -0.417643 -0.365823 -0.375783 -0.374214 -0.374521 -0.374204 -0.375422 -0.376736 -0.375422 -0.374204 -0.374521 -0.374214 -0.375783 -0.365823 -0.417644 
0.22 -5.69223 8 -0.417643 -0.365823 -0.375783 -0.374214 -0.37452 -0.374176 -0.375506 -0.376895 -0.375506 -0.374176 -0.37452 -0.374214 -0.375783 -0.365823 -0.417644 
0.23 -5.69252 8 -0.417643 -0.365823 -0.375783 -0.374214 -0.374519 -0.374145 -0.375599 -0.377065 -0.375599 -0.374145 -0.374519 -0.374214 -0.375783 -0.365823 -0.417644 
0.24 -5.69283 8 -0.417643 -0.365823 -0.375783 -0.374214 -0.374518 -0.37411 -0.3757 -0.377244 -0.3757 -0.37411 -0.374518 -0.374214 -0.375783 -0.365822 -0.417644 
0.25 -5.69315 8 -0.417643 -0.365823 -0.375783 -0.374214 -0.374516 -0.374071 -0.375811 -0.377431 -0.375811 -0.374071 -0.374516 -0.374214 -0.375783 -0.365822 -0.417644 
0.26 -5.6935 8 -0.417643 -0.365823 -0.375783 -0.374214 -0.374514 -0.374029 -0.37593 -0.377627 -0.37593 -0.374029 -0.374514 -0.374214 -0.375783 -0.365822 -0.417644 
0.27 -5.69386 8 -0.417643 -0.365823 -0.375783 -0.374214 -0.374512 -0.373983 -0.376059 -0.377829 -0.376059 -0.373983 -0.374512 -0.374214 -0.375783 -0.365822 -0.417644 
0.28 -5.69424 8 -0.417643 -0.365823 -0.375783 -0.374214 -0.374509 -0.373933 -0.376196 -0.378037 -0.376196 -0.373933 -0.374509 -0.374214 -0.375783 -0.365822 -0.417644 
0.29 -5.69463 8 -0.417642 -0.365823 -0.375783 -0.374213 -0.374506 -0.37388 -0.376341 -0.378251 -0.376341 -0.37388 -0.374506 -0.374213 -0.375783 -0.365822 -0.417644 
0.3 -5.69503 8 -0.417642 -0.365823 -0.375783 -0.374213 -0.374501 -0.373824 -0.376495 -0.378472 -0.376494 -0.373824 -0.374501 -0.374213 -0.375783 -0.365822 -0.417644 
0.31 -5.69546 8 -0.417642 -0.365823 -0.375783 -0.374213 -0.374496 -0.373766 -0.376656 -0.378698 -0.376655 -0.373766 -0.374496 -0.374213 -0.375783 -0.365822 -0.417644 
0.32 -5.69589 8 -0.417642 -0.365823 -0.375783 -0.374213 -0.37449 -0.373706 -0.376824 -0.37893 -0.376823 -0.373706 -0.37449 -0.374213 -0.375783 -0.365822 -0.417644 
0.33 -5.69634 8 -0.417642 -0.365822 -0.375783 -0.374213 -0.374483 -0.373645 -0.376997 -0.379168 -0.376997 -0.373645 -0.374483 -0.374213 -0.375783 -0.365822 -0.417644 
0.34 -5.6968 8 -0.417642 -0.365822 -0.375783 -0.374212 -0.374474 -0.373584 -0.377177 -0.379412 -0.377176 -0.373584 -0.374474 -0.374212 -0.375783 -0.365822 -0.417644 
0.35 -5.69727 8 -0.417642 -0.365822 -0.375783 -0.374212 -0.374464 -0.373524 -0.377359 -0.379661 -0.377359 -0.373524 -0.374464 -0.374212 -0.375783 -0.365822 -0.417644 
0.36 -5.69776 8 -0.417642 -0.365822 -0.375783 -0.374211 -0.374451 -0.373465 -0.377545 -0.379917 -0.377545 -0.373465 -0.374451 -0.374211 -0.375783 -0.365822 -0.417644 
0.37 -5.69825 8 -0.417642 -0.365822 -0.375782 -0.374211 -0.374437 -0.373408 -0.377732 -0.380178 -0.377732 -0.373408 -0.374437 -0.374211 -0.375782 -0.365822 -0.417644 
0.38 -5.69875 8 -0.417642 -0.365822 -0.375782 -0.37421 -0.37442 -0.373354 -0.377918 -0.380445 -0.377918 -0.373354 -0.37442 -0.37421 -0.375782 -0.365822 -0.417644 
0.39 -5.69925 8 -0.417642 -0.365822 -0.375782 -0.374209 -0.374401 -0.373305 -0.378103 -0.380717 -0.378103 -0.373305 -0.374401 -0.374209 -0.375782 -0.365822 -0.417644 
0.4 -5.69975 8 -0.417641 -0.365822 -0.375782 -0.374209 -0.374378 -0.37326 -0.378285 -0.380995 -0.378285 -0.37326 -0.374378 -0.374209 -0.375782 -0.365822 -0.417644 
0.41 -5.70026 8 -0.417641 -0.365822 -0.375782 -0.374208 -0.374352 -0.37322 -0.378463 -0.381276 -0.378462 -0.37322 -0.374352 -0.374208 -0.375782 -0.365822 -0.417644 
0.42 -5.70076 8 -0.417641 -0.365822 -0.375782 -0.374206 -0.374323 -0.373187 -0.378635 -0.381562 -0.378635 -0.373187 -0.374323 -0.374206 -0.375782 -0.365822 -0.417644 
0.43 -5.70126 8 -0.417641 -0.365822 -0.375782 -0.374205 -0.37429 -0.37316 -0.378802 -0.381852 -0.378801 -0.37316 -0.37429 -0.374205 -0.375782 -0.365822 -0.417644 
0.44 -5.70175 8 -0.417641 -0.365822 -0.375782 -0.374203 -0.374254 -0.373139 -0.378962 -0.382145 -0.378962 -0.373139 -0.374254 -0.374203 -0.375782 -0.365822 -0.417644 
0.45 -5.70225 8 -0.417641 -0.365822 -0.375782 -0.374201 -0.374214 -0.373127 -0.379117 -0.38244 -0.379116 -0.373127 -0.374214 -0.374201 -0.375782 -0.365821 -0.417644 
0.46 -5.70274 8 -0.417641 -0.365822 -0.375782 -0.374199 -0.37417 -0.373121 -0.379265 -0.382738 -0.379264 -0.373121 -0.37417 -0.374199 -0.375782 -0.365821 -0.417644 
0.47 -5.70323 8 -0.417641 -0.365822 -0.375782 -0.374196 -0.374122 -0.373124 -0.379407 -0.383038 -0.379407 -0.373124 -0.374122 -0.374196 -0.375782 -0.365821 -0.417644 
0.48 -5.70372 8 -0.417641 -0.365822 -0.375781 -0.374193 -0.374071 -0.373134 -0.379545 -0.383339 -0.379545 -0.373134 -0.374071 -0.374193 -0.375782 -0.365821 -0.417644 
0.49 -5.7042 8 -0.417641 -0.365822 -0.375781 -0.374189 -0.374017 -0.373152 -0.379678 -0.383642 -0.379678 -0.373152 -0.374017 -0.374189 -0.375781 -0.365821 -0.417644 
0.5 -5.70469 8 -0.41764 -0.365822 -0.375781 -0.374184 -0.37396 -0.373178 -0.379808 -0.383945 -0.379808 -0.373178 -0.37396 -0.374184 -0.375781 -0.365821 -0.417644 
0.51 -5.70519 8 -0.41764 -0.365822 -0.375781 -0.374178 -0.373901 -0.373211 -0.379935 -0.38425 -0.379935 -0.373211 -0.373901 -0.374178 -0.375781 -0.365821 -0.417644 
0.52 -5.70569 8 -0.41764 -0.365822 -0.375781 -0.374171 -0.373841 -0.373251 -0.38006 -0.384554 -0.38006 -0.373251 -0.373841 -0.374171 -0.375781 -0.365821 -0.417644 
0.53 -5.70619 8 -0.41764 -0.365822 -0.37578 -0.374163 -0.373779 -0.373297 -0.380184 -0.384859 -0.380184 -0.373296 -0.373779 -0.374163 -0.37578 -0.365821 -0.417644 
0.54 -5.7067 8 -0.41764 -0.365822 -0.37578 -0.374154 -0.373718 -0.373347 -0.380307 -0.385164 -0.380307 -0.373347 -0.373718 -0.374154 -0.37578 -0.365821 -0.417644 
0.55 -5.70722 8 -0.41764 -0.365822 -0.37578 -0.374142 -0.373657 -0.373402 -0.38043 -0.385468 -0.38043 -0.373402 -0.373657 -0.374142 -0.37578 -0.365821 -0.417644 
0.56 -5.70774 8 -0.41764 -0.365822 -0.375779 -0.374129 -0.373597 -0.37346 -0.380554 -0.385772 -0.380553 -0.37346 -0.373597 -0.374129 -0.375779 -0.365821 -0.417644 
0.57 -5.70826 8 -0.41764 -0.365822 -0.375779 -0.374114 -0.37354 -0.373519 -0.380678 -0.386076 -0.380678 -0.373519 -0.37354 -0.374114 -0.375779 -0.365821 -0.417644 
0.58 -5.70879 8 -0.41764 -0.365822 -0.375778 -0.374096 -0.373486 -0.373579 -0.380803 -0.38638 -0.380803 -0.373578 -0.373486 -0.374096 -0.375778 -0.365821 -0.417644 
0.59 -5.70932 8 -0.417639 -0.365822 -0.375777 -0.374075 -0.373436 -0.373636 -0.38093 -0.386683 -0.380929 -0.373636 -0.373436 -0.374075 -0.375777 -0.365821 -0.417644 
0.6 -5.70984 8 -0.417639 -0.365822 -0.375776 -0.374051 -0.373391 -0.373692 -0.381057 -0.386985 -0.381057 -0.373691 -0.373391 -0.374051 -0.375776 -0.365821 -0.417644 
0.61 -5.71037 8 -0.417639 -0.365822 -0.375775 -0.374024 -0.373351 -0.373743 -0.381186 -0.387287 -0.381185 -0.373743 -0.373351 -0.374024 -0.375775 -0.36582 -0.417644 
0.62 -5.71089 8 -0.417639 -0.365822 -0.375774 -0.373994 -0.373317 -0.373789 -0.381316 -0.387588 -0.381315 -0.373789 -0.373317 -0.373994 -0.375774 -0.36582 -0.417644 
0.63 -5.71141 8 -0.417639 -0.365822 -0.375773 -0.37396 -0.373289 -0.37383 -0.381446 -0.387888 -0.381446 -0.37383 -0.373289 -0.37396 -0.375773 -0.36582 -0.417644 
0.64 -5.71192 8 -0.417639 -0.365821 -0.375771 -0.373922 -0.373269 -0.373866 -0.381578 -0.388187 -0.381578 -0.373865 -0.373269 -0.373922 -0.375771 -0.36582 -0.417644 
0.65 -5.71243 8 -0.417639 -0.365821 -0.375769 -0.37388 -0.373255 -0.373895 -0.381711 -0.388485 -0.381711 -0.373895 -0.373255 -0.37388 -0.375769 -0.36582 -0.417644 
0.66 -5.71293 8 -0.417639 -0.365821 -0.375766 -0.373835 -0.373249 -0.373919 -0.381845 -0.388783 -0.381844 -0.373919 -0.373249 -0.373835 -0.375767 -0.36582 -0.417644 
0.67 -5.71344 8 -0.417639 -0.365821 -0.375764 -0.373785 -0.373251 -0.373938 -0.381979 -0.389079 -0.381979 -0.373938 -0.373251 -0.373785 -0.375764 -0.36582 -0.417644 
0.68 -5.71394 8 -0.417638 -0.365821 -0.37576 -0.373733 -0.37326 -0.373952 -0.382114 -0.389375 -0.382113 -0.373952 -0.37326 -0.373733 -0.37576 -0.36582 -0.417644 
0.69 -5.71444 8 -0.417638 -0.365821 -0.375756 -0.373677 -0.373277 -0.373963 -0.382249 -0.389669 -0.382249 -0.373963 -0.373277 -0.373677 -0.375756 -0.36582 -0.417644 
0.7 -5.71494 8 -0.417638 -0.365821 -0.375751 -0.373618 -0.373302 -0.37397 -0.382385 -0.389963 -0.382384 -0.37397 -0.373302 -0.373618 -0.375751 -0.365819 -0.417644 
0.71 -5.71544 8 -0.417638 -0.365821 -0.375746 -0.373557 -0.373334 -0.373976 -0.382521 -0.390255 -0.38252 -0.373976 -0.373334 -0.373557 -0.375746 -0.365819 -0.417644 
0.72 -5.71595 8 -0.417638 -0.36582 -0.375739 -0.373494 -0.373372 -0.37398 -0.382657 -0.390546 -0.382656 -0.37398 -0.373372 -0.373494 -0.375739 -0.365819 -0.417644 
0.73 -5.71646 8 -0.417638 -0.36582 -0.375731 -0.373431 -0.373416 -0.373984 -0.382793 -0.390836 -0.382793 -0.373984 -0.373416 -0.373431 -0.375731 -0.365819 -0.417644 
0.74 -5.71698 8 -0.417638 -0.36582 -0.375721 -0.373367 -0.373465 -0.373988 -0.38293 -0.391125 -0.382929 -0.373988 -0.373464 -0.373367 -0.375721 -0.365818 -0.417644 
0.75 -5.71751 8 -0.417638 -0.365819 -0.37571 -0.373303 -0.373517 -0.373992 -0.383066 -0.391412 -0.383066 -0.373992 -0.373517 -0.373303 -0.37571 -0.365818 -0.417644 
0.76 -5.71804 8 -0.417638 -0.365819 -0.375696 -0.373241 -0.373572 -0.373998 -0.383203 -0.391698 -0.383202 -0.373997 -0.373572 -0.373241 -0.375697 -0.365817 -0.417644 
0.77 -5.71857 8 -0.417637 -0.365819 -0.375681 -0.373182 -0.373628 -0.374005 -0.383339 -0.391983 -0.383339 -0.374004 -0.373628 -0.373182 -0.375681 -0.365817 -0.417644 
0.78 -5.7191 8 -0.417637 -0.365818 -0.375663 -0.373125 -0.373684 -0.374013 -0.383476 -0.392267 -0.383475 -0.374013 -0.373684 -0.373125 -0.375663 -0.365816 -0.417644 
0.79 -5.71964 8 -0.417637 -0.365817 -0.375642 -0.373072 -0.373738 -0.374024 -0.383612 -0.392549 -0.383612 -0.374023 -0.373738 -0.373072 -0.375642 -0.365816 -0.417644 
0.8 -5.72017 8 -0.417637 -0.365816 -0.375619 -0.373024 -0.373788 -0.374036 -0.383749 -0.39283 -0.383748 -0.374036 -0.373788 -0.373024 -0.375619 -0.365815 -0.417644 
0.81 -5.7207 8 -0.417637 -0.365815 -0.375591 -0.372981 -0.373834 -0.374051 -0.383885 -0.39311 -0.383885 -0.37405 -0.373834 -0.372981 -0.375592 -0.365814 -0.417644 
0.82 -5.72123 8 -0.417637 -0.365814 -0.375561 -0.372944 -0.373875 -0.374067 -0.384022 -0.393388 -0.384021 -0.374067 -0.373875 -0.372944 -0.375561 -0.365812 -0.417644 
0.83 -5.72175 8 -0.417637 -0.365813 -0.375527 -0.372913 -0.37391 -0.374086 -0.384158 -0.393664 -0.384158 -0.374085 -0.37391 -0.372913 -0.375527 -0.365811 -0.417644 
0.84 -5.72227 8 -0.417637 -0.365811 -0.375489 -0.372889 -0.373938 -0.374106 -0.384295 -0.393939 -0.384294 -0.374106 -0.373938 -0.372889 -0.375489 -0.365809 -0.417643 
0.85 -5.72279 8 -0.417636 -0.365809 -0.375447 -0.372872 -0.37396 -0.374128 -0.384431 -0.394213 -0.384431 -0.374128 -0.37396 -0.372872 -0.375447 -0.365807 -0.417643 
0.86 -5.72329 8 -0.417636 -0.365807 -0.375401 -0.372863 -0.373976 -0.374152 -0.384568 -0.394485 -0.384567 -0.374152 -0.373976 -0.372863 -0.375401 -0.365805 -0.417643 
0.87 -5.7238 8 -0.417636 -0.365804 -0.375352 -0.372861 -0.373986 -0.374177 -0.384704 -0.394755 -0.384704 -0.374177 -0.373986 -0.372861 -0.375352 -0.365802 -0.417643 
0.88 -5.7243 8 -0.417636 -0.365801 -0.375299 -0.372866 -0.373991 -0.374204 -0.384841 -0.395024 -0.38484 -0.374204 -0.37399 -0.372866 -0.375299 -0.365799 -0.417643 
0.89 -5.7248 8 -0.417636 -0.365797 -0.375243 -0.372879 -0.373991 -0.374232 -0.384977 -0.395291 -0.384977 -0.374232 -0.373991 -0.372879 -0.375243 -0.365795 -0.417643 
0.9 -5.72531 8 -0.417635 -0.365792 -0.375184 -0.3729 -0.373988 -0.374262 -0.385114 -0.395556 -0.385113 -0.374261 -0.373987 -0.3729 -0.375184 -0.36579 -0.417643 
0.91 -5.72582 8 -0.417635 -0.365787 -0.375123 -0.372927 -0.373982 -0.374292 -0.38525 -0.39582 -0.385249 -0.374292 -0.373982 -0.372927 -0.375123 -0.365785 -0.417643 
0.92 -5.72633 8 -0.417635 -0.36578 -0.37506 -0.372961 -0.373974 -0.374324 -0.385386 -0.396082 -0.385386 -0.374324 -0.373974 -0.372961 -0.37506 -0.365778 -0.417642 
0.93 -5.72684 8 -0.417634 -0.365772 -0.374996 -0.373 -0.373965 -0.374357 -0.385523 -0.396342 -0.385522 -0.374357 -0.373964 -0.373 -0.374996 -0.36577 -0.417642 
0.94 -5.72736 8 -0.417634 -0.365763 -0.374932 -0.373044 -0.373955 -0.374392 -0.385659 -0.396601 -0.385659 -0.374391 -0.373955 -0.373044 -0.374932 -0.365761 -0.417642 
0.95 -5.72789 8 -0.417634 -0.365752 -0.374868 -0.373092 -0.373945 -0.374427 -0.385796 -0.396858 -0.385795 -0.374427 -0.373945 -0.373092 -0.374868 -0.36575 -0.417641 
0.96 -5.72842 8 -0.417633 -0.365739 -0.374805 -0.373142 -0.373936 -0.374463 -0.385932 -0.397113 -0.385932 -0.374463 -0.373935 -0.373142 -0.374806 -0.365737 -0.417641 
0.97 -5.72895 8 -0.417632 -0.365724 -0.374745 -0.373193 -0.373927 -0.3745 -0.386069 -0.397366 -0.386068 -0.3745 -0.373927 -0.373193 -0.374746 -0.365722 -0.41764 
0.98 -5.72949 8 -0.417632 -0.365707 -0.374688 -0.373243 -0.373919 -0.374539 -0.386205 -0.397617 -0.386204 -0.374539 -0.373919 -0.373243 -0.374689 -0.365705 -0.41764 
0.99 -5.73003 8 -0.417631 -0.365687 -0.374635 -0.373291 -0.373913 -0.374578 -0.386341 -0.397867 -0.386341 -0.374578 -0.373913 -0.373291 -0.374635 -0.365685 -0.417639 
1 -5.73056 8 -0.41763 -0.365664 -0.374586 -0.373336 -0.373908 -0.374619 -0.386478 -0.398114 -0.386477 -0.374619 -0.373908 -0.373336 -0.374587 -0.365662 -0.417638 
1.01 -5.73109 8 -0.417629 -0.365638 -0.374543 -0.373376 -0.373904 -0.37466 -0.386614 -0.39836 -0.386614 -0.37466 -0.373904 -0.373376 -0.374543 -0.365636 -0.417637 
1.02 -5.73162 8 -0.417627 -0.365608 -0.374505 -0.373411 -0.373902 -0.374703 -0.386751 -0.398604 -0.38675 -0.374703 -0.373902 -0.373411 -0.374505 -0.365606 -0.417636 
1.03 -5.73215 8 -0.417626 -0.365575 -0.374473 -0.37344 -0.373901 -0.374746 -0.386887 -0.398845 -0.386887 -0.374746 -0.373901 -0.37344 -0.374474 -0.365573 -0.417634 
1.04 -5.73267 8 -0.417624 -0.365538 -0.374449 -0.373462 -0.373901 -0.374791 -0.387024 -0.399085 -0.387023 -0.374791 -0.373901 -0.373461 -0.374449 -0.365536 -0.417632 
1.05 -5.73318 8 -0.417622 -0.365498 -0.374431 -0.373477 -0.373903 -0.374837 -0.38716 -0.399323 -0.38716 -0.374837 -0.373902 -0.373477 -0.374431 -0.365495 -0.41763 
1.06 -5.73369 8 -0.417619 -0.365454 -0.37442 -0.373486 -0.373905 -0.374884 -0.387297 -0.399559 -0.387296 -0.374883 -0.373905 -0.373486 -0.37442 -0.365451 -0.417627 
1.07 -5.7342 8 -0.417616 -0.365406 -0.374417 -0.373489 -0.373908 -0.374931 -0.387433 -0.399793 -0.387433 -0.374931 -0.373908 -0.373489 -0.374417 -0.365404 -0.417624 
1.08 -5.7347 8 -0.417612 -0.365355 -0.374421 -0.373487 -0.373912 -0.37498 -0.38757 -0.400024 -0.387569 -0.37498 -0.373912 -0.373487 -0.374421 -0.365352 -0.417621 
1.09 -5.73521 8 -0.417608 -0.365301 -0.374433 -0.37348 -0.373917 -0.37503 -0.387706 -0.400254 -0.387706 -0.37503 -0.373917 -0.37348 -0.374433 -0.365298 -0.417616 
1.1 -5.73571 8 -0.417603 -0.365244 -0.374452 -0.373469 -0.373922 -0.375081 -0.387843 -0.400481 -0.387842 -0.375081 -0.373922 -0.373469 -0.374452 -0.365242 -0.417611 
1.11 -5.73622 8 -0.417597 -0.365185 -0.374477 -0.373456 -0.373928 -0.375134 -0.387979 -0.400707 -0.387979 -0.375133 -0.373928 -0.373455 -0.374478 -0.365183 -0.417605 
1.12 -5.73673 8 -0.417589 -0.365125 -0.374509 -0.37344 -0.373934 -0.375187 -0.388116 -0.40093 -0.388115 -0.375187 -0.373934 -0.373439 -0.37451 -0.365122 -0.417598 
1.13 -5.73725 8 -0.417581 -0.365063 -0.374547 -0.373422 -0.373941 -0.375241 -0.388252 -0.401151 -0.388252 -0.375241 -0.373941 -0.373422 -0.374547 -0.365061 -0.417589 
1.14 -5.73777 8 -0.41757 -0.365002 -0.374589 -0.373404 -0.373949 -0.375297 -0.388389 -0.40137 -0.388388 -0.375296 -0.373948 -0.373404 -0.374589 -0.365 -0.417579 
1.15 -5.7383 8 -0.417558 -0.364941 -0.374634 -0.373386 -0.373956 -0.375353 -0.388525 -0.401587 -0.388524 -0.375353 -0.373956 -0.373386 -0.374635 -0.364939 -0.417566 
1.16 -5.73883 8 -0.417544 -0.364882 -0.374682 -0.373368 -0.373964 -0.375411 -0.388662 -0.401802 -0.388661 -0.375411 -0.373964 -0.373367 -0.374682 -0.36488 -0.417552 
1.17 -5.73937 8 -0.417527 -0.364825 -0.37473 -0.37335 -0.373973 -0.37547 -0.388798 -0.402014 -0.388797 -0.37547 -0.373972 -0.37335 -0.37473 -0.364823 -0.417536 
1.18 -5.7399 8 -0.417508 -0.364772 -0.374778 -0.373333 -0.373981 -0.37553 -0.388934 -0.402225 -0.388934 -0.37553 -0.373981 -0.373333 -0.374778 -0.36477 -0.417516 
1.19 -5.74044 8 -0.417486 -0.364722 -0.374823 -0.373317 -0.37399 -0.375591 -0.389071 -0.402433 -0.38907 -0.375591 -0.37399 -0.373317 -0.374823 -0.36472 -0.417494 
1.2 -5.74097 8 -0.41746 -0.364678 -0.374865 -0.373302 -0.374 -0.375653 -0.389207 -0.402639 -0.389207 -0.375653 -0.374 -0.373302 -0.374865 -0.364675 -0.417469 
1.21 -5.74151 8 -0.417431 -0.364638 -0.374901 -0.373289 -0.37401 -0.375717 -0.389344 -0.402842 -0.389343 -0.375716 -0.374009 -0.373289 -0.374902 -0.364636 -0.41744 
1.22 -5.74203 8 -0.417398 -0.364605 -0.374932 -0.373276 -0.37402 -0.375781 -0.38948 -0.403044 -0.389479 -0.375781 -0.37402 -0.373276 -0.374933 -0.364603 -0.417407 
1.23 -5.74256 8 -0.417362 -0.364578 -0.374957 -0.373265 -0.37403 -0.375847 -0.389616 -0.403243 -0.389615 -0.375846 -0.37403 -0.373264 -0.374957 -0.364576 -0.41737 
1.24 -5.74307 8 -0.417321 -0.364559 -0.374975 -0.373254 -0.374041 -0.375914 -0.389752 -0.403439 -0.389752 -0.375913 -0.374041 -0.373254 -0.374975 -0.364556 -0.417329 
1.25 -5.74359 8 -0.417276 -0.364546 -0.374986 -0.373244 -0.374052 -0.375982 -0.389889 -0.403634 -0.389888 -0.375981 -0.374052 -0.373244 -0.374986 -0.364544 -0.417284 
1.26 -5.7441 8 -0.417226 -0.364542 -0.37499 -0.373235 -0.374064 -0.376051 -0.390025 -0.403826 -0.390024 -0.37605 -0.374064 -0.373235 -0.37499 -0.364539 -0.417234 
1.27 -5.7446 8 -0.417173 -0.364544 -0.374988 -0.373227 -0.374076 -0.376121 -0.390161 -0.404016 -0.39016 -0.376121 -0.374076 -0.373226 -0.374988 -0.364542 -0.417181 
1.28 -5.7451 8 -0.417116 -0.364555 -0.37498 -0.373219 -0.374088 -0.376192 -0.390297 -0.404204 -0.390296 -0.376192 -0.374088 -0.373218 -0.374981 -0.364553 -0.417124 
1.29 -5.74561 8 -0.417055 -0.364574 -0.374968 -0.373211 -0.374101 -0.376265 -0.390433 -0.404389 -0.390432 -0.376265 -0.374101 -0.373211 -0.374968 -0.364571 -0.417063 
1.3 -5.74611 8 -0.41699 -0.3646 -0.374952 -0.373204 -0.374114 -0.376339 -0.390568 -0.404572 -0.390568 -0.376338 -0.374114 -0.373204 -0.374952 -0.364597 -0.416998 
1.31 -5.74662 8 -0.416923 -0.364633 -0.374932 -0.373197 -0.374128 -0.376414 -0.390704 -0.404752 -0.390704 -0.376413 -0.374128 -0.373197 -0.374932 -0.36463 -0.416931 
1.32 -5.74713 8 -0.416854 -0.364673 -0.37491 -0.37319 -0.374142 -0.37649 -0.39084 -0.404931 -0.390839 -0.376489 -0.374142 -0.37319 -0.37491 -0.36467 -0.416862 
1.33 -5.74765 8 -0.416783 -0.364718 -0.374887 -0.373184 -0.374157 -0.376567 -0.390975 -0.405107 -0.390975 -0.376566 -0.374157 -0.373184 -0.374887 -0.364716 -0.416791 
1.34 -5.74818 8 -0.416711 -0.364769 -0.374862 -0.373177 -0.374172 -0.376645 -0.391111 -0.40528 -0.39111 -0.376645 -0.374172 -0.373177 -0.374862 -0.364766 -0.416719 
1.35 -5.74871 8 -0.416639 -0.364823 -0.374837 -0.373171 -0.374187 -0.376725 -0.391246 -0.405451 -0.391246 -0.376724 -0.374187 -0.373171 -0.374837 -0.364821 -0.416647 
1.36 -5.74925 8 -0.416567 -0.36488 -0.374812 -0.373165 -0.374203 -0.376805 -0.391382 -0.40562 -0.391381 -0.376805 -0.374203 -0.373165 -0.374813 -0.364878 -0.416575 
1.37 -5.7498 8 -0.416496 -0.364938 -0.374788 -0.373159 -0.37422 -0.376887 -0.391517 -0.405787 -0.391516 -0.376887 -0.374219 -0.373158 -0.374788 -0.364935 -0.416504 
1.38 -5.75035 8 -0.416428 -0.364995 -0.374764 -0.373152 -0.374236 -0.37697 -0.391652 -0.405951 -0.391651 -0.37697 -0.374236 -0.373152 -0.374764 -0.364993 -0.416435 
1.39 -5.7509 8 -0.416361 -0.365051 -0.374741 -0.373146 -0.374254 -0.377054 -0.391787 -0.406112 -0.391786 -0.377054 -0.374254 -0.373146 -0.374741 -0.365048 -0.416369 
1.4 -5.75146 8 -0.416297 -0.365103 -0.374719 -0.37314 -0.374272 -0.377139 -0.391921 -0.406272 -0.391921 -0.377139 -0.374271 -0.37314 -0.374719 -0.3651 -0.416305 
1.41 -5.75202 8 -0.416237 -0.36515 -0.374698 -0.373134 -0.37429 -0.377225 -0.392056 -0.406429 -0.392055 -0.377225 -0.37429 -0.373134 -0.374698 -0.365148 -0.416245 
1.42 -5.75257 8 -0.41618 -0.365192 -0.374678 -0.373128 -0.374309 -0.377313 -0.39219 -0.406583 -0.39219 -0.377312 -0.374309 -0.373128 -0.374679 -0.36519 -0.416188 
1.43 -5.75312 8 -0.416127 -0.365228 -0.374659 -0.373122 -0.374329 -0.377401 -0.392324 -0.406736 -0.392324 -0.377401 -0.374328 -0.373122 -0.37466 -0.365226 -0.416135 
1.44 -5.75367 8 -0.416078 -0.365257 -0.374641 -0.373117 -0.374349 -0.377491 -0.392459 -0.406885 -0.392458 -0.377491 -0.374348 -0.373116 -0.374642 -0.365255 -0.416086 
1.45 -5.75422 8 -0.416033 -0.36528 -0.374624 -0.373111 -0.374369 -0.377582 -0.392592 -0.407033 -0.392592 -0.377581 -0.374369 -0.373111 -0.374624 -0.365277 -0.416041 
1.46 -5.75476 8 -0.415992 -0.365295 -0.374607 -0.373105 -0.37439 -0.377674 -0.392726 -0.407178 -0.392725 -0.377673 -0.37439 -0.373105 -0.374608 -0.365293 -0.416 
1.47 -5.7553 8 -0.415956 -0.365305 -0.374591 -0.3731 -0.374412 -0.377767 -0.39286 -0.40732 -0.392859 -0.377766 -0.374412 -0.373099 -0.374592 -0.365303 -0.415963 
1.48 -5.75584 8 -0.415923 -0.365309 -0.374576 -0.373094 -0.374435 -0.377861 -0.392993 -0.407461 -0.392992 -0.37786 -0.374434 -0.373094 -0.374576 -0.365306 -0.41593 
1.49 -5.75638 8 -0.415894 -0.365308 -0.374561 -0.373089 -0.374457 -0.377956 -0.393126 -0.407599 -0.393125 -0.377955 -0.374457 -0.373088 -0.374561 -0.365305 -0.415901 
1.5 -5.75692 8 -0.415868 -0.365302 -0.374546 -0.373083 -0.374481 -0.378052 -0.393259 -0.407734 -0.393258 -0.378052 -0.374481 -0.373083 -0.374546 -0.3653 -0.415875 
1.51 -5.75746 8 -0.415845 -0.365293 -0.374531 -0.373078 -0.374505 -0.378149 -0.393391 -0.407867 -0.393391 -0.378149 -0.374505 -0.373078 -0.374531 -0.365291 -0.415852 
1.52 -5.75799 8 -0.415824 -0.365281 -0.374517 -0.373073 -0.37453 -0.378248 -0.393523 -0.407998 -0.393523 -0.378247 -0.374529 -0.373073 -0.374517 -0.365279 -0.415831 
1.53 -5.75853 8 -0.415803 -0.365267 -0.374502 -0.373068 -0.374555 -0.378347 -0.393655 -0.408127 -0.393655 -0.378347 -0.374555 -0.373068 -0.374502 -0.365265 -0.41581 
1.54 -5.75906 8 -0.415783 -0.365251 -0.374488 -0.373063 -0.374581 -0.378448 -0.393787 -0.408253 -0.393787 -0.378447 -0.374581 -0.373063 -0.374488 -0.365249 -0.41579 
1.55 -5.75958 8 -0.41576 -0.365234 -0.374474 -0.373059 -0.374608 -0.378549 -0.393919 -0.408376 -0.393918 -0.378549 -0.374607 -0.373058 -0.374474 -0.365232 -0.415767 
1.56 -5.7601 8 -0.415735 -0.365216 -0.374459 -0.373054 -0.374635 -0.378652 -0.39405 -0.408498 -0.394049 -0.378651 -0.374635 -0.373054 -0.374459 -0.365214 -0.415741 
1.57 -5.76061 8 -0.415704 -0.365198 -0.374445 -0.37305 -0.374663 -0.378755 -0.394181 -0.408617 -0.39418 -0.378755 -0.374663 -0.37305 -0.374445 -0.365196 -0.41571 
1.58 -5.7611 8 -0.415666 -0.365179 -0.374431 -0.373046 -0.374692 -0.37886 -0.394311 -0.408733 -0.394311 -0.37886 -0.374691 -0.373046 -0.374431 -0.365177 -0.415672 
1.59 -5.76158 8 -0.415619 -0.36516 -0.374416 -0.373042 -0.374721 -0.378966 -0.394442 -0.408848 -0.394441 -0.378965 -0.374721 -0.373042 -0.374416 -0.365158 -0.415626 
1.6 -5.76204 8 -0.415562 -0.365141 -0.374402 -0.373038 -0.374751 -0.379072 -0.394572 -0.40896 -0.394571 -0.379072 -0.37475 -0.373038 -0.374402 -0.365138 -0.415568 
1.61 -5.76247 8 -0.415492 -0.365121 -0.374387 -0.373035 -0.374781 -0.37918 -0.394701 -0.409069 -0.394701 -0.379179 -0.374781 -0.373034 -0.374387 -0.365119 -0.415499 
1.62 -5.76287 8 -0.415409 -0.365101 -0.374372 -0.373031 -0.374813 -0.379288 -0.394831 -0.409177 -0.39483 -0.379288 -0.374812 -0.373031 -0.374372 -0.365098 -0.415416 
1.63 -5.76324 8 -0.415312 -0.36508 -0.374357 -0.373028 -0.374845 -0.379398 -0.394959 -0.409282 -0.394959 -0.379397 -0.374844 -0.373028 -0.374358 -0.365078 -0.415319 
1.64 -5.76359 8 -0.415201 -0.365058 -0.374343 -0.373026 -0.374877 -0.379508 -0.395088 -0.409385 -0.395087 -0.379508 -0.374877 -0.373025 -0.374343 -0.365056 -0.415207 
1.65 -5.7639 8 -0.415075 -0.365036 -0.374328 -0.373023 -0.374911 -0.37962 -0.395216 -0.409485 -0.395216 -0.379619 -0.374911 -0.373023 -0.374328 -0.365034 -0.415081 
1.66 -5.76419 8 -0.414934 -0.365012 -0.374312 -0.373021 -0.374945 -0.379732 -0.395344 -0.409583 -0.395343 -0.379732 -0.374945 -0.373021 -0.374313 -0.36501 -0.41494 
1.67 -5.76444 8 -0.41478 -0.364987 -0.374297 -0.373019 -0.37498 -0.379845 -0.395471 -0.409679 -0.395471 -0.379845 -0.37498 -0.373019 -0.374297 -0.364985 -0.414786 
1.68 -5.76467 8 -0.414612 -0.364961 -0.374282 -0.373017 -0.375015 -0.37996 -0.395598 -0.409773 -0.395598 -0.379959 -0.375015 -0.373017 -0.374282 -0.364959 -0.414619 
1.69 -5.76487 8 -0.414433 -0.364933 -0.374266 -0.373016 -0.375052 -0.380075 -0.395725 -0.409865 -0.395724 -0.380074 -0.375051 -0.373015 -0.374266 -0.364931 -0.41444 
1.7 -5.76504 8 -0.414243 -0.364904 -0.37425 -0.373014 -0.375089 -0.380191 -0.395851 -0.409954 -0.39585 -0.38019 -0.375089 -0.373014 -0.37425 -0.364902 -0.41425 
1.71 -5.76519 8 -0.414044 -0.364873 -0.374234 -0.373014 -0.375127 -0.380307 -0.395977 -0.410041 -0.395976 -0.380307 -0.375126 -0.373013 -0.374235 -0.364871 -0.41405 
1.72 -5.76533 8 -0.413836 -0.36484 -0.374218 -0.373013 -0.375165 -0.380425 -0.396102 -0.410126 -0.396101 -0.380425 -0.375165 -0.373013 -0.374218 -0.364838 -0.413842 
1.73 -5.76544 8 -0.41362 -0.364805 -0.374202 -0.373013 -0.375205 -0.380544 -0.396227 -0.410208 -0.396226 -0.380543 -0.375204 -0.373013 -0.374202 -0.364803 -0.413627 
1.74 -5.76554 8 -0.413399 -0.364768 -0.374185 -0.373013 -0.375245 -0.380663 -0.396351 -0.410289 -0.39635 -0.380663 -0.375244 -0.373013 -0.374186 -0.364766 -0.413405 
1.75 -5.76563 8 -0.413172 -0.36473 -0.374169 -0.373013 -0.375285 -0.380783 -0.396475 -0.410367 -0.396474 -0.380783 -0.375285 -0.373013 -0.374169 -0.364728 -0.413178 
1.76 -5.7657 8 -0.412941 -0.36469 -0.374152 -0.373014 -0.375327 -0.380904 -0.396598 -0.410443 -0.396598 -0.380904 -0.375327 -0.373014 -0.374152 -0.364688 -0.412947 
1.77 -5.76576 8 -0.412706 -0.364647 -0.374135 -0.373015 -0.375369 -0.381026 -0.396721 -0.410517 -0.39672 -0.381026 -0.375369 -0.373015 -0.374135 -0.364645 -0.412712 
1.78 -5.76581 8 -0.412468 -0.364603 -0.374117 -0.373017 -0.375413 -0.381149 -0.396843 -0.410589 -0.396843 -0.381149 -0.375412 -0.373016 -0.374118 -0.364601 -0.412475 
1.79 -5.76586 8 -0.412229 -0.364557 -0.3741 -0.373019 -0.375456 -0.381272 -0.396965 -0.410659 -0.396964 -0.381272 -0.375456 -0.373018 -0.3741 -0.364555 -0.412235 
1.8 -5.7659 8 -0.411987 -0.364509 -0.374082 -0.373021 -0.375501 -0.381396 -0.397086 -0.410726 -0.397086 -0.381396 -0.375501 -0.373021 -0.374082 -0.364507 -0.411993 
1.81 -5.76593 8 -0.411745 -0.364459 -0.374064 -0.373023 -0.375547 -0.381521 -0.397207 -0.410792 -0.397206 -0.381521 -0.375546 -0.373023 -0.374064 -0.364457 -0.411751 
1.82 -5.76595 8 -0.411502 -0.364407 -0.374046 -0.373026 -0.375593 -0.381647 -0.397327 -0.410856 -0.397327 -0.381647 -0.375593 -0.373026 -0.374046 -0.364406 -0.411508 
1.83 -5.76598 8 -0.411258 -0.364354 -0.374027 -0.37303 -0.37564 -0.381773 -0.397447 -0.410917 -0.397446 -0.381773 -0.37564 -0.373029 -0.374027 -0.364352 -0.411264 
1.84 -5.766 8 -0.411014 -0.364299 -0.374008 -0.373034 -0.375688 -0.3819 -0.397566 -0.410976 -0.397565 -0.3819 -0.375688 -0.373033 -0.374008 -0.364297 -0.41102 
1.85 -5.76601 8 -0.410771 -0.364242 -0.373989 -0.373038 -0.375737 -0.382028 -0.397684 -0.411034 -0.397684 -0.382028 -0.375736 -0.373037 -0.373989 -0.36424 -0.410777 
1.86 -5.76603 8 -0.410528 -0.364183 -0.373969 -0.373042 -0.375786 -0.382157 -0.397802 -0.411089 -0.397802 -0.382156 -0.375786 -0.373042 -0.373969 -0.364182 -0.410534 
1.87 -5.76604 8 -0.410286 -0.364123 -0.373949 -0.373047 -0.375837 -0.382286 -0.397919 -0.411143 -0.397919 -0.382285 -0.375836 -0.373047 -0.373949 -0.364121 -0.410292 
1.88 -5.76605 8 -0.410044 -0.364061 -0.373929 -0.373053 -0.375888 -0.382415 -0.398036 -0.411194 -0.398035 -0.382415 -0.375887 -0.373052 -0.373929 -0.36406 -0.41005 
1.89 -5.76606 8 -0.409803 -0.363998 -0.373908 -0.373058 -0.37594 -0.382546 -0.398152 -0.411244 -0.398151 -0.382545 -0.375939 -0.373058 -0.373908 -0.363996 -0.409809 
1.9 -5.76606 8 -0.409563 -0.363933 -0.373887 -0.373065 -0.375992 -0.382677 -0.398267 -0.411291 -0.398267 -0.382676 -0.375992 -0.373064 -0.373887 -0.363931 -0.409569 
1.91 -5.76607 8 -0.409324 -0.363867 -0.373866 -0.373071 -0.376046 -0.382808 -0.398382 -0.411337 -0.398382 -0.382808 -0.376045 -0.373071 -0.373866 -0.363865 -0.40933 
1.92 -5.76607 8 -0.409087 -0.363799 -0.373844 -0.373079 -0.3761 -0.38294 -0.398496 -0.411381 -0.398496 -0.38294 -0.3761 -0.373078 -0.373844 -0.363797 -0.409092 
1.93 -5.76608 9 -0.40885 -0.36373 -0.373822 -0.373086 -0.376155 -0.383073 -0.39861 -0.411423 -0.398609 -0.383073 -0.376155 -0.373086 -0.373822 -0.363728 -0.408856 
1.94 -5.76608 9 -0.408614 -0.363659 -0.3738 -0.373094 -0.376211 -0.383206 -0.398722 -0.411463 -0.398722 -0.383206 -0.376211 -0.373094 -0.3738 -0.363658 -0.40862 
1.95 -5.76608 9 -0.40838 -0.363588 -0.373777 -0.373103 -0.376268 -0.38334 -0.398834 -0.411501 -0.398834 -0.38334 -0.376268 -0.373102 -0.373777 -0.363586 -0.408386 
1.96 -5.76609 9 -0.408147 -0.363515 -0.373753 -0.373111 -0.376326 -0.383474 -0.398946 -0.411538 -0.398945 -0.383474 -0.376325 -0.373111 -0.373753 -0.363513 -0.408153 
1.97 -5.76609 9 -0.407915 -0.363441 -0.373729 -0.373121 -0.376384 -0.383609 -0.399057 -0.411572 -0.399056 -0.383609 -0.376384 -0.373121 -0.37373 -0.36344 -0.407921 
1.98 -5.76609 9 -0.407684 -0.363366 -0.373705 -0.373131 -0.376444 -0.383744 -0.399167 -0.411605 -0.399166 -0.383744 -0.376443 -0.37313 -0.373705 -0.363365 -0.40769 
1.99 -5.76609 9 -0.407455 -0.36329 -0.37368 -0.373141 -0.376504 -0.38388 -0.399276 -0.411636 -0.399276 -0.38388 -0.376503 -0.373141 -0.373681 -0.363288 -0.40746 
2 -5.76609 9 -0.407226 -0.363213 -0.373655 -0.373152 -0.376565 -0.384016 -0.399385 -0.411666 -0.399384 -0.384016 -0.376564 -0.373152 -0.373655 -0.363211 -0.407232 
2.01 -5.76609 9 -0.406999 -0.363135 -0.37363 -0.373163 -0.376626 -0.384153 -0.399492 -0.411693 -0.399492 -0.384153 -0.376626 -0.373163 -0.37363 -0.363134 -0.407005 
2.02 -5.76609 9 -0.406773 -0.363056 -0.373603 -0.373175 -0.376689 -0.38429 -0.399599 -0.411719 -0.399599 -0.38429 -0.376688 -0.373175 -0.373604 -0.363055 -0.406778 
2.03 -5.76609 9 -0.406548 -0.362976 -0.373577 -0.373187 -0.376752 -0.384428 -0.399706 -0.411744 -0.399705 -0.384427 -0.376752 -0.373187 -0.373577 -0.362975 -0.406554 
2.04 -5.76609 9 -0.406324 -0.362896 -0.37355 -0.3732 -0.376816 -0.384565 -0.399812 -0.411766 -0.399811 -0.384565 -0.376816 -0.373199 -0.37355 -0.362895 -0.40633 
2.05 -5.76609 9 -0.406101 -0.362815 -0.373522 -0.373213 -0.376881 -0.384704 -0.399916 -0.411787 -0.399916 -0.384703 -0.376881 -0.373213 -0.373522 -0.362814 -0.406107 
2.06 -5.7661 9 -0.405879 -0.362733 -0.373494 -0.373227 -0.376947 -0.384842 -0.400021 -0.411807 -0.40002 -0.384842 -0.376947 -0.373226 -0.373494 -0.362732 -0.405885 
2.07 -5.7661 9 -0.405659 -0.362651 -0.373465 -0.373241 -0.377014 -0.384981 -0.400124 -0.411825 -0.400123 -0.384981 -0.377013 -0.37324 -0.373465 -0.36265 -0.405664 
2.08 -5.7661 9 -0.405439 -0.362568 -0.373435 -0.373255 -0.377081 -0.38512 -0.400226 -0.411841 -0.400226 -0.38512 -0.377081 -0.373255 -0.373435 -0.362567 -0.405445 
2.09 -5.7661 9 -0.40522 -0.362485 -0.373405 -0.373271 -0.37715 -0.38526 -0.400328 -0.411856 -0.400328 -0.385259 -0.377149 -0.37327 -0.373405 -0.362484 -0.405226 
2.1 -5.7661 9 -0.405002 -0.362401 -0.373375 -0.373286 -0.377219 -0.3854 -0.400429 -0.411869 -0.400429 -0.385399 -0.377218 -0.373286 -0.373375 -0.3624 -0.405008 
2.11 -5.7661 10 -0.404786 -0.362317 -0.373344 -0.373302 -0.377289 -0.38554 -0.400529 -0.411881 -0.400529 -0.385539 -0.377288 -0.373302 -0.373344 -0.362316 -0.404791 
2.12 -5.7661 10 -0.404569 -0.362233 -0.373312 -0.373319 -0.377359 -0.38568 -0.400629 -0.411891 -0.400628 -0.38568 -0.377359 -0.373319 -0.373312 -0.362232 -0.404575 
2.13 -5.7661 10 -0.404354 -0.362148 -0.373279 -0.373336 -0.377431 -0.385821 -0.400727 -0.4119 -0.400727 -0.38582 -0.37743 -0.373336 -0.37328 -0.362147 -0.40436 
2.14 -5.7661 10 -0.40414 -0.362063 -0.373246 -0.373354 -0.377503 -0.385962 -0.400825 -0.411908 -0.400825 -0.385961 -0.377503 -0.373353 -0.373247 -0.362062 -0.404145 
2.15 -5.7661 10 -0.403926 -0.361978 -0.373213 -0.373372 -0.377576 -0.386103 -0.400922 -0.411914 -0.400922 -0.386102 -0.377576 -0.373372 -0.373213 -0.361977 -0.403932 
2.16 -5.7661 10 -0.403713 -0.361893 -0.373179 -0.373391 -0.37765 -0.386244 -0.401018 -0.411918 -0.401018 -0.386244 -0.377649 -0.37339 -0.373179 -0.361892 -0.403719 
2.17 -5.7661 10 -0.403501 -0.361808 -0.373144 -0.37341 -0.377724 -0.386385 -0.401113 -0.411922 -0.401113 -0.386385 -0.377724 -0.373409 -0.373144 -0.361807 -0.403507 
2.18 -5.7661 10 -0.40329 -0.361723 -0.373108 -0.373429 -0.3778 -0.386527 -0.401208 -0.411924 -0.401207 -0.386527 -0.377799 -0.373429 -0.373108 -0.361722 -0.403295 
2.19 -5.7661 10 -0.403079 -0.361639 -0.373072 -0.373449 -0.377876 -0.386669 -0.401301 -0.411924 -0.401301 -0.386668 -0.377876 -0.373449 -0.373072 -0.361638 -0.403084 
2.2 -5.7661 10 -0.402869 -0.361554 -0.373035 -0.37347 -0.377953 -0.386811 -0.401394 -0.411924 -0.401394 -0.38681 -0.377953 -0.37347 -0.373035 -0.361553 -0.402874 
2.21 -5.7661 10 -0.402659 -0.361469 -0.372997 -0.373491 -0.378031 -0.386953 -0.401486 -0.411922 -0.401486 -0.386952 -0.37803 -0.373491 -0.372997 -0.361468 -0.402664 
2.22 -5.7661 10 -0.40245 -0.361385 -0.372959 -0.373513 -0.378109 -0.387095 -0.401577 -0.411918 -0.401577 -0.387094 -0.378109 -0.373513 -0.372959 -0.361384 -0.402455 
2.23 -5.7661 10 -0.402242 -0.361301 -0.37292 -0.373535 -0.378189 -0.387237 -0.401667 -0.411914 -0.401667 -0.387236 -0.378188 -0.373535 -0.37292 -0.3613 -0.402247 
2.24 -5.7661 10 -0.402034 -0.361218 -0.37288 -0.373558 -0.378269 -0.387379 -0.401756 -0.411908 -0.401756 -0.387378 -0.378268 -0.373557 -0.37288 -0.361217 -0.402039 
2.25 -5.7661 10 -0.401826 -0.361135 -0.372839 -0.373581 -0.378349 -0.387521 -0.401845 -0.411902 -0.401844 -0.387521 -0.378349 -0.37358 -0.37284 -0.361134 -0.401831 
2.26 -5.7661 10 -0.401619 -0.361052 -0.372798 -0.373605 -0.378431 -0.387663 -0.401932 -0.411894 -0.401932 -0.387663 -0.37843 -0.373604 -0.372798 -0.361051 -0.401624 
2.27 -5.7661 10 -0.401412 -0.36097 -0.372756 -0.373629 -0.378513 -0.387806 -0.402019 -0.411885 -0.402019 -0.387805 -0.378513 -0.373628 -0.372756 -0.360969 -0.401418 
2.28 -5.7661 10 -0.401206 -0.360888 -0.372713 -0.373653 -0.378596 -0.387948 -0.402105 -0.411875 -0.402104 -0.387948 -0.378596 -0.373653 -0.372714 -0.360887 -0.401211 
2.29 -5.7661 10 -0.401 -0.360807 -0.37267 -0.373678 -0.37868 -0.38809 -0.402189 -0.411863 -0.402189 -0.38809 -0.378679 -0.373678 -0.37267 -0.360806 -0.401005 
2.3 -5.7661 10 -0.400795 -0.360727 -0.372626 -0.373704 -0.378764 -0.388233 -0.402273 -0.411851 -0.402273 -0.388232 -0.378764 -0.373704 -0.372626 -0.360726 -0.4008 
2.31 -5.7661 10 -0.400589 -0.360648 -0.372581 -0.37373 -0.378849 -0.388375 -0.402357 -0.411838 -0.402356 -0.388374 -0.378849 -0.37373 -0.372581 -0.360647 -0.400594 
2.32 -5.7661 10 -0.400384 -0.360569 -0.372535 -0.373757 -0.378935 -0.388517 -0.402439 -0.411823 -0.402439 -0.388516 -0.378935 -0.373756 -0.372535 -0.360568 -0.400389 
2.33 -5.7661 10 -0.40018 -0.360491 -0.372488 -0.373784 -0.379022 -0.388659 -0.40252 -0.411808 -0.40252 -0.388658 -0.379021 -0.373783 -0.372489 -0.36049 -0.400184 
2.34 -5.7661 11 -0.399975 -0.360414 -0.372441 -0.373811 -0.379109 -0.388801 -0.4026 -0.411791 -0.4026 -0.3888 -0.379109 -0.373811 -0.372441 -0.360413 -0.39998 
2.35 -5.7661 11 -0.399771 -0.360338 -0.372393 -0.373839 -0.379197 -0.388943 -0.40268 -0.411774 -0.40268 -0.388942 -0.379197 -0.373839 -0.372393 -0.360337 -0.399775 
2.36 -5.7661 11 -0.399566 -0.360263 -0.372344 -0.373868 -0.379286 -0.389084 -0.402759 -0.411756 -0.402758 -0.389084 -0.379285 -0.373867 -0.372344 -0.360262 -0.399571 
2.37 -5.7661 11 -0.399362 -0.360189 -0.372294 -0.373897 -0.379375 -0.389226 -0.402836 -0.411737 -0.402836 -0.389226 -0.379374 -0.373896 -0.372294 -0.360188 -0.399367 
2.38 -5.7661 11 -0.399158 -0.360116 -0.372244 -0.373926 -0.379465 -0.389367 -0.402913 -0.411717 -0.402913 -0.389367 -0.379464 -0.373926 -0.372244 -0.360115 -0.399163 
2.39 -5.7661 11 -0.398954 -0.360044 -0.372192 -0.373956 -0.379556 -0.389509 -0.402989 -0.411696 -0.402989 -0.389508 -0.379555 -0.373955 -0.372193 -0.360043 -0.398959 
2.4 -5.7661 11 -0.39875 -0.359973 -0.37214 -0.373986 -0.379647 -0.38965 -0.403064 -0.411674 -0.403064 -0.389649 -0.379646 -0.373986 -0.37214 -0.359972 -0.398755 
2.41 -5.7661 11 -0.398547 -0.359903 -0.372087 -0.374017 -0.379739 -0.389791 -0.403138 -0.411652 -0.403138 -0.38979 -0.379738 -0.374017 -0.372088 -0.359903 -0.398551 
2.42 -5.7661 11 -0.398343 -0.359835 -0.372033 -0.374048 -0.379831 -0.389931 -0.403211 -0.411628 -0.403211 -0.389931 -0.379831 -0.374048 -0.372034 -0.359834 -0.398348 
2.43 -5.7661 11 -0.398139 -0.359768 -0.371979 -0.37408 -0.379924 -0.390072 -0.403283 -0.411604 -0.403283 -0.390071 -0.379924 -0.37408 -0.371979 -0.359767 -0.398144 
2.44 -5.7661 11 -0.397935 -0.359702 -0.371923 -0.374112 -0.380018 -0.390212 -0.403354 -0.411579 -0.403354 -0.390211 -0.380018 -0.374112 -0.371924 -0.359702 -0.39794 
2.45 -5.7661 11 -0.397731 -0.359638 -0.371867 -0.374145 -0.380113 -0.390352 -0.403425 -0.411553 -0.403425 -0.390351 -0.380112 -0.374144 -0.371868 -0.359637 -0.397736 
2.46 -5.7661 11 -0.397527 -0.359575 -0.37181 -0.374178 -0.380208 -0.390491 -0.403494 -0.411527 -0.403494 -0.390491 -0.380207 -0.374177 -0.37181 -0.359574 -0.397532 
2.47 -5.7661 11 -0.397323 -0.359513 -0.371752 -0.374211 -0.380303 -0.390631 -0.403563 -0.4115 -0.403563 -0.39063 -0.380303 -0.374211 -0.371753 -0.359513 -0.397328 
2.48 -5.7661 11 -0.397119 -0.359453 -0.371693 -0.374245 -0.3804 -0.39077 -0.40363 -0.411472 -0.40363 -0.39077 -0.380399 -0.374245 -0.371694 -0.359453 -0.397124 
2.49 -5.7661 12 -0.396915 -0.359395 -0.371634 -0.37428 -0.380496 -0.390909 -0.403697 -0.411444 -0.403697 -0.390908 -0.380496 -0.374279 -0.371634 -0.359394 -0.396919 
2.5 -5.7661 12 -0.39671 -0.359338 -0.371574 -0.374314 -0.380594 -0.391047 -0.403763 -0.411415 -0.403763 -0.391047 -0.380593 -0.374314 -0.371574 -0.359337 -0.396715 
2.51 -5.7661 12 -0.396506 -0.359282 -0.371512 -0.374349 -0.380692 -0.391185 -0.403828 -0.411385 -0.403828 -0.391185 -0.380691 -0.374349 -0.371513 -0.359282 -0.39651 
2.52 -5.7661 12 -0.396301 -0.359228 -0.37145 -0.374385 -0.38079 -0.391323 -0.403892 -0.411355 -0.403892 -0.391322 -0.38079 -0.374384 -0.371451 -0.359228 -0.396305 
2.53 -5.7661 12 -0.396096 -0.359176 -0.371388 -0.374421 -0.380889 -0.39146 -0.403955 -0.411324 -0.403955 -0.39146 -0.380889 -0.37442 -0.371388 -0.359176 -0.3961 
2.54 -5.7661 12 -0.39589 -0.359126 -0.371324 -0.374457 -0.380989 -0.391597 -0.404017 -0.411293 -0.404017 -0.391597 -0.380989 -0.374457 -0.371325 -0.359125 -0.395895 
2.55 -5.7661 12 -0.395685 -0.359077 -0.37126 -0.374494 -0.381089 -0.391734 -0.404078 -0.411261 -0.404078 -0.391733 -0.381089 -0.374493 -0.37126 -0.359077 -0.395689 
2.56 -5.7661 12 -0.395479 -0.35903 -0.371194 -0.374531 -0.38119 -0.39187 -0.404138 -0.411229 -0.404138 -0.39187 -0.381189 -0.37453 -0.371195 -0.35903 -0.395484 
2.57 -5.7661 12 -0.395273 -0.358985 -0.371129 -0.374569 -0.381291 -0.392006 -0.404198 -0.411196 -0.404198 -0.392005 -0.38129 -0.374568 -0.371129 -0.358984 -0.395278 
2.58 -5.7661 12 -0.395067 -0.358941 -0.371062 -0.374606 -0.381392 -0.392141 -0.404256 -0.411163 -0.404256 -0.392141 -0.381392 -0.374606 -0.371062 -0.358941 -0.395071 
2.59 -5.7661 12 -0.39486 -0.358899 -0.370994 -0.374645 -0.381495 -0.392276 -0.404314 -0.411129 -0.404314 -0.392275 -0.381494 -0.374644 -0.370995 -0.358899 -0.394865 
2.6 -5.7661 12 -0.394653 -0.358859 -0.370926 -0.374683 -0.381597 -0.39241 -0.404371 -0.411094 -0.404371 -0.39241 -0.381597 -0.374683 -0.370926 -0.358859 -0.394658 
2.61 -5.7661 12 -0.394446 -0.358821 -0.370857 -0.374722 -0.3817 -0.392544 -0.404427 -0.41106 -0.404427 -0.392544 -0.3817 -0.374722 -0.370857 -0.358821 -0.39445 
2.62 -5.7661 13 -0.394238 -0.358785 -0.370787 -0.374761 -0.381804 -0.392677 -0.404482 -0.411025 -0.404481 -0.392677 -0.381803 -0.374761 -0.370787 -0.358785 -0.394243 
2.63 -5.7661 13 -0.39403 -0.358751 -0.370716 -0.374801 -0.381908 -0.39281 -0.404536 -0.410989 -0.404536 -0.39281 -0.381907 -0.3748 -0.370717 -0.358751 -0.394035 
2.64 -5.7661 13 -0.393822 -0.358719 -0.370645 -0.374841 -0.382012 -0.392943 -0.404589 -0.410953 -0.404589 -0.392942 -0.382011 -0.37484 -0.370645 -0.358718 -0.393826 
2.65 -5.7661 13 -0.393613 -0.358688 -0.370573 -0.374881 -0.382117 -0.393075 -0.404641 -0.410917 -0.404641 -0.393074 -0.382116 -0.374881 -0.370573 -0.358688 -0.393618 
2.66 -5.7661 13 -0.393404 -0.35866 -0.3705 -0.374922 -0.382222 -0.393206 -0.404692 -0.410881 -0.404692 -0.393206 -0.382221 -0.374921 -0.3705 -0.35866 -0.393409 
2.67 -5.7661 13 -0.393195 -0.358633 -0.370426 -0.374963 -0.382327 -0.393337 -0.404743 -0.410844 -0.404743 -0.393337 -0.382327 -0.374962 -0.370427 -0.358633 -0.393199 
2.68 -5.7661 13 -0.392985 -0.358609 -0.370352 -0.375004 -0.382433 -0.393467 -0.404793 -0.410807 -0.404793 -0.393467 -0.382433 -0.375004 -0.370353 -0.358609 -0.392989 
2.69 -5.7661 13 -0.392775 -0.358586 -0.370277 -0.375046 -0.38254 -0.393597 -0.404841 -0.410769 -0.404841 -0.393596 -0.382539 -0.375045 -0.370278 -0.358586 -0.392779 
2.7 -5.7661 13 -0.392564 -0.358566 -0.370201 -0.375088 -0.382647 -0.393726 -0.404889 -0.410732 -0.404889 -0.393726 -0.382646 -0.375087 -0.370202 -0.358566 -0.392569 
2.71 -5.7661 13 -0.392353 -0.358548 -0.370125 -0.37513 -0.382754 -0.393854 -0.404936 -0.410694 -0.404936 -0.393854 -0.382753 -0.375129 -0.370126 -0.358547 -0.392358 
2.72 -5.7661 13 -0.392142 -0.358531 -0.370048 -0.375172 -0.382861 -0.393982 -0.404983 -0.410656 -0.404983 -0.393982 -0.38286 -0.375172 -0.370049 -0.358531 -0.392146 
2.73 -5.7661 13 -0.39193 -0.358517 -0.369971 -0.375215 -0.382969 -0.39411 -0.405028 -0.410617 -0.405028 -0.394109 -0.382968 -0.375214 -0.369971 -0.358517 -0.391934 
2.74 -5.7661 13 -0.391718 -0.358504 -0.369892 -0.375258 -0.383077 -0.394236 -0.405072 -0.410579 -0.405072 -0.394236 -0.383076 -0.375257 -0.369893 -0.358504 -0.391722 
2.75 -5.7661 13 -0.391505 -0.358494 -0.369813 -0.375301 -0.383185 -0.394362 -0.405116 -0.41054 -0.405116 -0.394362 -0.383185 -0.375301 -0.369814 -0.358494 -0.391509 
2.76 -5.7661 13 -0.391292 -0.358486 -0.369734 -0.375345 -0.383294 -0.394488 -0.405159 -0.410501 -0.405159 -0.394487 -0.383293 -0.375344 -0.369735 -0.358486 -0.391296 
2.77 -5.7661 13 -0.391078 -0.35848 -0.369654 -0.375388 -0.383403 -0.394612 -0.405201 -0.410462 -0.405201 -0.394612 -0.383402 -0.375388 -0.369655 -0.35848 -0.391082 
2.78 -5.7661 13 -0.390864 -0.358476 -0.369573 -0.375432 -0.383512 -0.394736 -0.405242 -0.410422 -0.405242 -0.394736 -0.383511 -0.375432 -0.369574 -0.358475 -0.390868 
2.79 -5.7661 13 -0.39065 -0.358474 -0.369492 -0.375476 -0.383621 -0.39486 -0.405282 -0.410383 -0.405282 -0.39486 -0.383621 -0.375476 -0.369493 -0.358473 -0.390654 
2.8 -5.7661 14 -0.390435 -0.358474 -0.369411 -0.375521 -0.383731 -0.394982 -0.405322 -0.410343 -0.405322 -0.394982 -0.38373 -0.37552 -0.369411 -0.358473 -0.390439 
2.81 -5.7661 14 -0.390219 -0.358476 -0.369329 -0.375565 -0.383841 -0.395104 -0.405361 -0.410304 -0.405361 -0.395104 -0.38384 -0.375565 -0.369329 -0.358476 -0.390223 
