time energy SvN maxBondDim localEnergy 
0 -6.91174 0.592307 37 -0.654357 -0.293102 -0.568737 -0.334223 -0.544405 -0.348861 -0.535766 -0.352834 -0.535766 -0.348861 -0.544405 -0.334223 -0.568737 -0.293102 -0.654357 
0 -4.20598 0.00078148 5 -0.322884 -0.314025 -0.314599 -0.314577 -0.314619 -0.31332 -0.330037 0.242145 -0.330037 -0.31332 -0.314619 -0.314577 -0.314599 -0.314025 -0.322884 
0.01 -4.20598 0.000781481 5 -0.322884 -0.314025 -0.314599 -0.314577 -0.314619 -0.313319 -0.330037 0.242145 -0.330037 -0.313319 -0.314619 -0.314577 -0.314599 -0.314025 -0.322884 
0.02 -4.20598 0.000781483 5 -0.322884 -0.314025 -0.314599 -0.314577 -0.314619 -0.313319 -0.330038 0.242145 -0.330038 -0.313319 -0.314619 -0.314577 -0.314599 -0.314025 -0.322884 
0.03 -4.20598 0.000781487 5 -0.322884 -0.314025 -0.314599 -0.314576 -0.314619 -0.313319 -0.330041 0.242144 -0.330041 -0.313319 -0.314619 -0.314576 -0.314599 -0.314025 -0.322884 
0.04 -4.20599 0.000781492 5 -0.322884 -0.314025 -0.314599 -0.314576 -0.314619 -0.313318 -0.330046 0.242143 -0.330046 -0.313318 -0.314619 -0.314576 -0.314599 -0.314024 -0.322884 
0.05 -4.20601 0.000781501 5 -0.322883 -0.314024 -0.314599 -0.314576 -0.314619 -0.313317 -0.330055 0.242142 -0.330055 -0.313317 -0.314619 -0.314576 -0.314599 -0.314024 -0.322884 
0.06 -4.20603 0.000781514 5 -0.322883 -0.314024 -0.314599 -0.314576 -0.314619 -0.313316 -0.330069 0.242139 -0.330068 -0.313316 -0.314619 -0.314576 -0.314599 -0.314024 -0.322884 
0.07 -4.20607 0.000781534 5 -0.322883 -0.314024 -0.314599 -0.314576 -0.314619 -0.313314 -0.330089 0.242136 -0.330088 -0.313314 -0.314619 -0.314576 -0.314599 -0.314024 -0.322883 
0.08 -4.20612 0.000781563 5 -0.322883 -0.314024 -0.314598 -0.314576 -0.314618 -0.313311 -0.330117 0.242131 -0.330116 -0.313311 -0.314618 -0.314576 -0.314598 -0.314024 -0.322883 
0.09 -4.20619 0.000781607 5 -0.322882 -0.314023 -0.314598 -0.314575 -0.314618 -0.313307 -0.330155 0.242124 -0.330154 -0.313307 -0.314618 -0.314575 -0.314598 -0.314023 -0.322883 
0.1 -4.20629 0.000781672 5 -0.322882 -0.314023 -0.314598 -0.314575 -0.314618 -0.313302 -0.330205 0.242114 -0.330203 -0.313302 -0.314618 -0.314575 -0.314598 -0.314023 -0.322883 
0.11 -4.20641 0.000781766 5 -0.322881 -0.314023 -0.314597 -0.314575 -0.314617 -0.313296 -0.330269 0.242102 -0.330267 -0.313296 -0.314617 -0.314575 -0.314597 -0.314023 -0.322883 
0.12 -4.20657 0.000781901 5 -0.322881 -0.314022 -0.314597 -0.314574 -0.314617 -0.313287 -0.33035 0.242086 -0.330348 -0.313288 -0.314617 -0.314574 -0.314597 -0.314022 -0.322882 
0.13 -4.20677 0.000782091 5 -0.32288 -0.314022 -0.314597 -0.314574 -0.314617 -0.313277 -0.330451 0.242067 -0.330449 -0.313277 -0.314617 -0.314574 -0.314597 -0.314022 -0.322882 
0.14 -4.20701 0.000782353 5 -0.32288 -0.314022 -0.314596 -0.314573 -0.314616 -0.313264 -0.330575 0.242042 -0.330572 -0.313265 -0.314616 -0.314573 -0.314596 -0.314022 -0.322882 
0.15 -4.2073 0.00078271 5 -0.322879 -0.314021 -0.314596 -0.314573 -0.314616 -0.313248 -0.330724 0.242011 -0.330721 -0.313249 -0.314616 -0.314573 -0.314596 -0.314021 -0.322881 
0.16 -4.20765 0.000783191 5 -0.322879 -0.314021 -0.314595 -0.314573 -0.314616 -0.313229 -0.330902 0.241974 -0.330898 -0.31323 -0.314616 -0.314573 -0.314595 -0.314021 -0.322881 
0.17 -4.20807 0.00078383 5 -0.322878 -0.31402 -0.314595 -0.314572 -0.314615 -0.313206 -0.331111 0.241929 -0.331107 -0.313207 -0.314615 -0.314572 -0.314595 -0.31402 -0.322881 
0.18 -4.20855 0.000784668 5 -0.322878 -0.31402 -0.314594 -0.314572 -0.314615 -0.313179 -0.331355 0.241874 -0.33135 -0.313179 -0.314615 -0.314572 -0.314594 -0.31402 -0.32288 
0.19 -4.2091 0.000785757 5 -0.322877 -0.314019 -0.314594 -0.314571 -0.314614 -0.313146 -0.331635 0.24181 -0.33163 -0.313147 -0.314614 -0.314571 -0.314594 -0.314019 -0.32288 
0.2 -4.20973 0.000787155 5 -0.322876 -0.314019 -0.314594 -0.314571 -0.314614 -0.313108 -0.331953 0.241735 -0.331947 -0.313108 -0.314614 -0.314571 -0.314594 -0.314019 -0.32288 
0.21 -4.21044 0.000788935 5 -0.322876 -0.314018 -0.314593 -0.31457 -0.314613 -0.313063 -0.332311 0.241647 -0.332305 -0.313064 -0.314613 -0.31457 -0.314593 -0.314018 -0.322879 
0.22 -4.21123 0.000791179 5 -0.322875 -0.314018 -0.314593 -0.31457 -0.314613 -0.313012 -0.332711 0.241545 -0.332704 -0.313013 -0.314613 -0.31457 -0.314593 -0.314018 -0.322879 
0.23 -4.21211 0.000793985 5 -0.322874 -0.314018 -0.314592 -0.314569 -0.314613 -0.312953 -0.333153 0.241428 -0.333146 -0.312954 -0.314613 -0.314569 -0.314592 -0.314017 -0.322879 
0.24 -4.21308 0.000797464 5 -0.322873 -0.314017 -0.314592 -0.314569 -0.314613 -0.312887 -0.333638 0.241296 -0.333631 -0.312887 -0.314613 -0.314569 -0.314592 -0.314017 -0.322878 
0.25 -4.21413 0.000801743 5 -0.322873 -0.314017 -0.314591 -0.314568 -0.314612 -0.312811 -0.334168 0.241146 -0.33416 -0.312812 -0.314612 -0.314568 -0.314591 -0.314016 -0.322878 
0.26 -4.21527 0.000806966 5 -0.322872 -0.314016 -0.314591 -0.314568 -0.314612 -0.312727 -0.334742 0.240979 -0.334734 -0.312729 -0.314612 -0.314568 -0.314591 -0.314016 -0.322877 
0.27 -4.21651 0.000813293 5 -0.322871 -0.314016 -0.31459 -0.314567 -0.314612 -0.312634 -0.335362 0.240793 -0.335353 -0.312635 -0.314612 -0.314567 -0.31459 -0.314015 -0.322877 
0.28 -4.21784 0.000820902 5 -0.322871 -0.314015 -0.31459 -0.314567 -0.314612 -0.312532 -0.336029 0.240588 -0.336019 -0.312533 -0.314612 -0.314567 -0.31459 -0.314015 -0.322877 
0.29 -4.21926 0.00082999 5 -0.32287 -0.314015 -0.314589 -0.314566 -0.314612 -0.312419 -0.336742 0.240364 -0.336732 -0.31242 -0.314612 -0.314566 -0.314589 -0.314014 -0.322876 
0.3 -4.22078 0.000840768 5 -0.32287 -0.314014 -0.314589 -0.314566 -0.314612 -0.312297 -0.337503 0.240118 -0.337493 -0.312298 -0.314612 -0.314566 -0.314589 -0.314014 -0.322876 
0.31 -4.2224 0.000853468 5 -0.322869 -0.314014 -0.314588 -0.314565 -0.314612 -0.312164 -0.338313 0.239853 -0.338302 -0.312165 -0.314612 -0.314565 -0.314588 -0.314013 -0.322876 
0.32 -4.22411 0.000868337 5 -0.322868 -0.314014 -0.314588 -0.314565 -0.314613 -0.312021 -0.339172 0.239566 -0.33916 -0.312022 -0.314613 -0.314565 -0.314588 -0.314013 -0.322875 
0.33 -4.22593 0.000885638 5 -0.322868 -0.314013 -0.314588 -0.314564 -0.314613 -0.311867 -0.34008 0.239258 -0.340068 -0.311869 -0.314613 -0.314564 -0.314588 -0.314013 -0.322875 
0.34 -4.22784 0.000905649 5 -0.322867 -0.314013 -0.314587 -0.314564 -0.314614 -0.311704 -0.341038 0.238929 -0.341026 -0.311706 -0.314614 -0.314564 -0.314587 -0.314012 -0.322875 
0.35 -4.22986 0.00092866 5 -0.322867 -0.314013 -0.314587 -0.314564 -0.314615 -0.31153 -0.342046 0.238578 -0.342033 -0.311532 -0.314615 -0.314564 -0.314587 -0.314012 -0.322874 
0.36 -4.23198 0.000954978 5 -0.322866 -0.314013 -0.314587 -0.314563 -0.314616 -0.311346 -0.343104 0.238206 -0.343091 -0.311348 -0.314616 -0.314563 -0.314587 -0.314012 -0.322874 
0.37 -4.2342 0.000984916 5 -0.322866 -0.314012 -0.314587 -0.314563 -0.314617 -0.311152 -0.344212 0.237813 -0.344198 -0.311154 -0.314617 -0.314563 -0.314587 -0.314012 -0.322874 
0.38 -4.23652 0.0010188 5 -0.322865 -0.314012 -0.314586 -0.314563 -0.314618 -0.310948 -0.345369 0.237399 -0.345355 -0.310951 -0.314618 -0.314563 -0.314586 -0.314011 -0.322874 
0.39 -4.23894 0.00105696 5 -0.322865 -0.314012 -0.314586 -0.314562 -0.31462 -0.310735 -0.346574 0.236963 -0.34656 -0.310738 -0.31462 -0.314562 -0.314586 -0.314011 -0.322873 
0.4 -4.24146 0.00109974 5 -0.322865 -0.314012 -0.314586 -0.314562 -0.314622 -0.310513 -0.347827 0.236506 -0.347812 -0.310516 -0.314621 -0.314562 -0.314586 -0.314011 -0.322873 
0.41 -4.24408 0.00114747 5 -0.322864 -0.314012 -0.314586 -0.314562 -0.314623 -0.310282 -0.349126 0.236029 -0.349111 -0.310285 -0.314623 -0.314562 -0.314586 -0.314011 -0.322873 
0.42 -4.24679 0.00120052 5 -0.322864 -0.314012 -0.314586 -0.314561 -0.314625 -0.310043 -0.35047 0.235531 -0.350454 -0.310046 -0.314625 -0.314561 -0.314586 -0.314011 -0.322873 
0.43 -4.24959 0.00125922 5 -0.322864 -0.314012 -0.314586 -0.314561 -0.314627 -0.309796 -0.351857 0.235012 -0.351841 -0.309799 -0.314627 -0.314561 -0.314586 -0.314011 -0.322873 
0.44 -4.25248 0.00132393 5 -0.322864 -0.314012 -0.314586 -0.314561 -0.31463 -0.309542 -0.353284 0.234474 -0.353267 -0.309545 -0.31463 -0.314561 -0.314586 -0.314011 -0.322873 
0.45 -4.25545 0.00139499 5 -0.322863 -0.314012 -0.314586 -0.314561 -0.314632 -0.309282 -0.354749 0.233915 -0.354732 -0.309285 -0.314632 -0.314561 -0.314586 -0.314011 -0.322873 
0.46 -4.2585 0.00147276 5 -0.322863 -0.314012 -0.314586 -0.31456 -0.314634 -0.309016 -0.356249 0.233335 -0.356231 -0.309019 -0.314634 -0.31456 -0.314586 -0.314011 -0.322873 
0.47 -4.26163 0.00155759 5 -0.322863 -0.314012 -0.314586 -0.31456 -0.314637 -0.308746 -0.35778 0.232736 -0.357762 -0.30875 -0.314636 -0.31456 -0.314586 -0.314011 -0.322873 
0.48 -4.26482 0.00164981 5 -0.322863 -0.314012 -0.314586 -0.31456 -0.314639 -0.308473 -0.359338 0.232118 -0.359319 -0.308477 -0.314639 -0.31456 -0.314586 -0.314011 -0.322873 
0.49 -4.26807 0.00174977 5 -0.322863 -0.314012 -0.314586 -0.31456 -0.314641 -0.308199 -0.360918 0.231479 -0.360899 -0.308202 -0.314641 -0.31456 -0.314586 -0.314011 -0.322873 
0.5 -4.27138 0.00185782 5 -0.322863 -0.314012 -0.314586 -0.31456 -0.314642 -0.307924 -0.362515 0.23082 -0.362495 -0.307928 -0.314642 -0.31456 -0.314586 -0.314012 -0.322873 
0.51 -4.27473 0.00197429 5 -0.322863 -0.314013 -0.314587 -0.314559 -0.314643 -0.307651 -0.364122 0.230141 -0.364102 -0.307655 -0.314643 -0.31456 -0.314587 -0.314012 -0.322873 
0.52 -4.27811 0.00209951 5 -0.322864 -0.314013 -0.314587 -0.314559 -0.314644 -0.307381 -0.365733 0.229442 -0.365712 -0.307385 -0.314644 -0.314559 -0.314587 -0.314012 -0.322873 
0.53 -4.28151 0.00223383 5 -0.322864 -0.314013 -0.314587 -0.314559 -0.314643 -0.307117 -0.367339 0.228722 -0.367318 -0.307121 -0.314643 -0.314559 -0.314587 -0.314012 -0.322873 
0.54 -4.28493 0.00237758 5 -0.322864 -0.314014 -0.314588 -0.314559 -0.314642 -0.30686 -0.368932 0.22798 -0.368911 -0.306865 -0.314642 -0.314559 -0.314588 -0.314013 -0.322873 
0.55 -4.28834 0.0025311 5 -0.322864 -0.314014 -0.314588 -0.314559 -0.314639 -0.306615 -0.370503 0.227217 -0.370481 -0.306619 -0.314639 -0.314559 -0.314588 -0.314013 -0.322873 
0.56 -4.29173 0.00269473 5 -0.322865 -0.314014 -0.314588 -0.314559 -0.314635 -0.306381 -0.372042 0.226431 -0.372019 -0.306386 -0.314635 -0.314559 -0.314588 -0.314013 -0.322873 
0.57 -4.29508 0.00286883 5 -0.322865 -0.314015 -0.314589 -0.314558 -0.314628 -0.306164 -0.373538 0.22562 -0.373515 -0.306168 -0.314628 -0.314558 -0.314589 -0.314014 -0.322874 
0.58 -4.29839 0.00305375 5 -0.322866 -0.314015 -0.314589 -0.314558 -0.31462 -0.305963 -0.374981 0.224785 -0.374958 -0.305968 -0.314619 -0.314558 -0.314589 -0.314014 -0.322874 
0.59 -4.30163 0.00324986 5 -0.322866 -0.314016 -0.31459 -0.314558 -0.314608 -0.305783 -0.376361 0.223924 -0.376338 -0.305788 -0.314608 -0.314558 -0.31459 -0.314015 -0.322874 
0.6 -4.30479 0.00345755 5 -0.322866 -0.314016 -0.31459 -0.314558 -0.314593 -0.305625 -0.377669 0.223034 -0.377645 -0.30563 -0.314593 -0.314558 -0.31459 -0.314015 -0.322874 
0.61 -4.30786 0.00367722 5 -0.322867 -0.314017 -0.31459 -0.314558 -0.314575 -0.30549 -0.378895 0.222115 -0.378871 -0.305495 -0.314574 -0.314558 -0.31459 -0.314016 -0.322875 
0.62 -4.31082 0.00390929 5 -0.322868 -0.314017 -0.314591 -0.314557 -0.314552 -0.305381 -0.380033 0.221165 -0.380009 -0.305386 -0.314552 -0.314557 -0.314591 -0.314016 -0.322875 
0.63 -4.31367 0.0041542 5 -0.322868 -0.314017 -0.314591 -0.314557 -0.314525 -0.305298 -0.381078 0.220182 -0.381054 -0.305302 -0.314525 -0.314557 -0.314591 -0.314017 -0.322875 
0.64 -4.31641 0.00441244 5 -0.322869 -0.314018 -0.314592 -0.314557 -0.314493 -0.305241 -0.382025 0.219164 -0.382001 -0.305246 -0.314493 -0.314557 -0.314592 -0.314017 -0.322876 
0.65 -4.31903 0.00468449 5 -0.322869 -0.314018 -0.314592 -0.314556 -0.314455 -0.305212 -0.382874 0.21811 -0.38285 -0.305217 -0.314455 -0.314556 -0.314592 -0.314018 -0.322876 
0.66 -4.32154 0.00497088 5 -0.32287 -0.314019 -0.314593 -0.314556 -0.314412 -0.305211 -0.383626 0.217018 -0.383602 -0.305216 -0.314412 -0.314556 -0.314593 -0.314018 -0.322876 
0.67 -4.32394 0.00527217 5 -0.322871 -0.314019 -0.314593 -0.314556 -0.314363 -0.305238 -0.384282 0.215887 -0.384258 -0.305243 -0.314362 -0.314556 -0.314593 -0.314019 -0.322877 
0.68 -4.32624 0.00558894 5 -0.322871 -0.31402 -0.314594 -0.314556 -0.314307 -0.305294 -0.384846 0.214715 -0.384822 -0.305298 -0.314307 -0.314556 -0.314594 -0.314019 -0.322877 
0.69 -4.32846 0.00592181 5 -0.322872 -0.31402 -0.314594 -0.314555 -0.314245 -0.305377 -0.385324 0.213502 -0.385299 -0.305381 -0.314244 -0.314555 -0.314594 -0.31402 -0.322877 
0.7 -4.33059 0.00627142 5 -0.322873 -0.314021 -0.314595 -0.314555 -0.314175 -0.305489 -0.38572 0.212246 -0.385696 -0.305493 -0.314175 -0.314555 -0.314595 -0.31402 -0.322878 
0.71 -4.33267 0.00663846 5 -0.322873 -0.314021 -0.314595 -0.314555 -0.3141 -0.305629 -0.386042 0.210946 -0.386018 -0.305633 -0.314099 -0.314555 -0.314595 -0.314021 -0.322878 
0.72 -4.33469 0.00702361 5 -0.322874 -0.314022 -0.314596 -0.314554 -0.314017 -0.305797 -0.386295 0.209602 -0.386271 -0.305801 -0.314017 -0.314554 -0.314596 -0.314021 -0.322878 
0.73 -4.33667 0.00742763 5 -0.322875 -0.314022 -0.314596 -0.314554 -0.313927 -0.305992 -0.386486 0.208214 -0.386462 -0.305996 -0.313927 -0.314554 -0.314596 -0.314022 -0.322879 
0.74 -4.33863 0.00785126 5 -0.322875 -0.314022 -0.314596 -0.314554 -0.31383 -0.306215 -0.386622 0.20678 -0.386598 -0.306218 -0.31383 -0.314554 -0.314597 -0.314022 -0.322879 
0.75 -4.34058 0.00829529 5 -0.322876 -0.314023 -0.314597 -0.314554 -0.313727 -0.306464 -0.386708 0.205301 -0.386684 -0.306468 -0.313727 -0.314554 -0.314597 -0.314022 -0.32288 
0.76 -4.34252 0.00876053 5 -0.322877 -0.314023 -0.314597 -0.314554 -0.313617 -0.30674 -0.38675 0.203777 -0.386726 -0.306743 -0.313617 -0.314554 -0.314597 -0.314023 -0.32288 
0.77 -4.34447 0.0092478 5 -0.322877 -0.314023 -0.314598 -0.314553 -0.3135 -0.30704 -0.386753 0.202206 -0.386729 -0.307043 -0.3135 -0.314553 -0.314598 -0.314023 -0.32288 
0.78 -4.34642 0.00975796 5 -0.322878 -0.314024 -0.314598 -0.314553 -0.313377 -0.307364 -0.386722 0.20059 -0.386698 -0.307367 -0.313377 -0.314553 -0.314598 -0.314023 -0.322881 
0.79 -4.3484 0.0102919 5 -0.322879 -0.314024 -0.314598 -0.314553 -0.313249 -0.30771 -0.38666 0.198928 -0.386636 -0.307713 -0.313249 -0.314553 -0.314598 -0.314024 -0.322881 
0.8 -4.3504 0.0108505 5 -0.322879 -0.314024 -0.314598 -0.314553 -0.313114 -0.308077 -0.386572 0.197221 -0.386548 -0.30808 -0.313114 -0.314553 -0.314598 -0.314024 -0.322881 
0.81 -4.35242 0.0114346 5 -0.32288 -0.314024 -0.314598 -0.314553 -0.312975 -0.308463 -0.38646 0.195469 -0.386437 -0.308466 -0.312975 -0.314553 -0.314598 -0.314024 -0.322882 
0.82 -4.35447 0.0120452 5 -0.32288 -0.314025 -0.314599 -0.314553 -0.312831 -0.308866 -0.386329 0.193671 -0.386306 -0.308868 -0.312831 -0.314553 -0.314599 -0.314024 -0.322882 
0.83 -4.35656 0.0126832 5 -0.322881 -0.314025 -0.314599 -0.314552 -0.312683 -0.309284 -0.386181 0.191829 -0.386157 -0.309286 -0.312683 -0.314552 -0.314599 -0.314025 -0.322882 
0.84 -4.35868 0.0133496 5 -0.322881 -0.314025 -0.314599 -0.314552 -0.312531 -0.309714 -0.386017 0.189942 -0.385994 -0.309716 -0.312531 -0.314552 -0.314599 -0.314025 -0.322882 
0.85 -4.36082 0.0140453 5 -0.322882 -0.314025 -0.314599 -0.314552 -0.312377 -0.310153 -0.38584 0.188011 -0.385817 -0.310155 -0.312377 -0.314552 -0.314599 -0.314025 -0.322883 
0.86 -4.363 0.0147713 5 -0.322882 -0.314025 -0.314599 -0.314552 -0.31222 -0.310599 -0.385653 0.186037 -0.38563 -0.3106 -0.312221 -0.314552 -0.314599 -0.314025 -0.322883 
0.87 -4.36521 0.0155287 5 -0.322882 -0.314025 -0.314598 -0.314551 -0.312063 -0.311048 -0.385456 0.184018 -0.385433 -0.311049 -0.312063 -0.314551 -0.314598 -0.314025 -0.322883 
0.88 -4.36744 0.0163182 5 -0.322883 -0.314025 -0.314598 -0.31455 -0.311906 -0.311497 -0.385251 0.181957 -0.385228 -0.311498 -0.311906 -0.31455 -0.314598 -0.314025 -0.322883 
0.89 -4.3697 0.0171411 5 -0.322883 -0.314025 -0.314598 -0.314549 -0.31175 -0.311943 -0.385039 0.179853 -0.385017 -0.311943 -0.31175 -0.314549 -0.314598 -0.314025 -0.322884 
0.9 -4.37198 0.0179982 5 -0.322883 -0.314025 -0.314598 -0.314548 -0.311596 -0.31238 -0.384822 0.177707 -0.384799 -0.312381 -0.311597 -0.314548 -0.314598 -0.314025 -0.322884 
0.91 -4.37427 0.0188907 5 -0.322884 -0.314025 -0.314597 -0.314546 -0.311447 -0.312806 -0.3846 0.175519 -0.384578 -0.312806 -0.311448 -0.314546 -0.314597 -0.314025 -0.322884 
0.92 -4.37657 0.0198194 5 -0.322884 -0.314024 -0.314597 -0.314543 -0.311304 -0.313216 -0.384375 0.17329 -0.384352 -0.313216 -0.311305 -0.314543 -0.314597 -0.314024 -0.322884 
0.93 -4.37889 0.0207855 5 -0.322884 -0.314024 -0.314597 -0.31454 -0.311169 -0.313605 -0.384146 0.17102 -0.384124 -0.313604 -0.31117 -0.31454 -0.314597 -0.314024 -0.322884 
0.94 -4.3812 0.0217899 5 -0.322884 -0.314024 -0.314596 -0.314536 -0.311044 -0.313968 -0.383915 0.16871 -0.383893 -0.313967 -0.311044 -0.314536 -0.314596 -0.314024 -0.322884 
0.95 -4.38351 0.0228336 5 -0.322884 -0.314024 -0.314596 -0.31453 -0.310931 -0.3143 -0.383682 0.16636 -0.38366 -0.314299 -0.310932 -0.31453 -0.314596 -0.314024 -0.322884 
0.96 -4.38581 0.0239177 5 -0.322884 -0.314023 -0.314595 -0.314523 -0.310833 -0.314597 -0.383447 0.163971 -0.383425 -0.314596 -0.310834 -0.314523 -0.314595 -0.314023 -0.322884 
0.97 -4.3881 0.0250432 5 -0.322884 -0.314023 -0.314595 -0.314515 -0.310752 -0.314853 -0.38321 0.161542 -0.383189 -0.314851 -0.310753 -0.314515 -0.314595 -0.314023 -0.322884 
0.98 -4.39036 0.0262112 5 -0.322884 -0.314023 -0.314594 -0.314504 -0.310692 -0.315062 -0.382972 0.159075 -0.38295 -0.315061 -0.310692 -0.314504 -0.314594 -0.314023 -0.322884 
0.99 -4.3926 0.0274225 5 -0.322884 -0.314022 -0.314593 -0.314491 -0.310654 -0.315221 -0.382732 0.156571 -0.382711 -0.31522 -0.310654 -0.314491 -0.314593 -0.314022 -0.322884 
1 -4.39481 0.0286782 5 -0.322884 -0.314022 -0.314592 -0.314474 -0.310641 -0.315326 -0.382491 0.154029 -0.382469 -0.315324 -0.310641 -0.314474 -0.314592 -0.314022 -0.322884 
1.01 -4.39698 0.0299794 5 -0.322883 -0.314021 -0.314592 -0.314455 -0.310656 -0.315371 -0.382247 0.15145 -0.382226 -0.315369 -0.310656 -0.314455 -0.314592 -0.314021 -0.322884 
1.02 -4.3991 0.031327 5 -0.322883 -0.314021 -0.314591 -0.314432 -0.3107 -0.315354 -0.382 0.148836 -0.381979 -0.315352 -0.3107 -0.314432 -0.314591 -0.314021 -0.322883 
1.03 -4.40118 0.0327219 5 -0.322883 -0.31402 -0.31459 -0.314404 -0.310775 -0.315273 -0.381751 0.146185 -0.38173 -0.31527 -0.310775 -0.314404 -0.31459 -0.314021 -0.322883 
1.04 -4.40322 0.0341653 5 -0.322882 -0.31402 -0.314589 -0.314372 -0.310884 -0.315126 -0.381497 0.1435 -0.381477 -0.315124 -0.310884 -0.314372 -0.314589 -0.31402 -0.322883 
1.05 -4.40521 0.035658 5 -0.322882 -0.31402 -0.314588 -0.314335 -0.311026 -0.314914 -0.38124 0.14078 -0.381219 -0.314912 -0.311026 -0.314335 -0.314588 -0.31402 -0.322883 
1.06 -4.40715 0.037201 5 -0.322882 -0.314019 -0.314588 -0.314292 -0.311203 -0.314637 -0.380977 0.138026 -0.380957 -0.314635 -0.311203 -0.314292 -0.314588 -0.314019 -0.322883 
1.07 -4.40904 0.0387952 5 -0.322881 -0.314019 -0.314587 -0.314243 -0.311416 -0.314297 -0.380709 0.135238 -0.380689 -0.314295 -0.311416 -0.314243 -0.314587 -0.314019 -0.322882 
1.08 -4.4109 0.0404417 5 -0.322881 -0.314018 -0.314586 -0.314188 -0.311665 -0.313898 -0.380435 0.132418 -0.380414 -0.313895 -0.311665 -0.314188 -0.314586 -0.314018 -0.322882 
1.09 -4.41272 0.0421412 5 -0.32288 -0.314018 -0.314585 -0.314126 -0.311951 -0.313442 -0.380154 0.129566 -0.380134 -0.313439 -0.311951 -0.314126 -0.314585 -0.314017 -0.322882 
1.1 -4.41452 0.0438947 5 -0.32288 -0.314017 -0.314584 -0.314057 -0.312274 -0.312934 -0.379866 0.126682 -0.379846 -0.312931 -0.312274 -0.314057 -0.314584 -0.314017 -0.322882 
1.11 -4.4163 0.0457031 5 -0.322879 -0.314016 -0.314583 -0.313981 -0.312635 -0.312378 -0.37957 0.123768 -0.37955 -0.312376 -0.312634 -0.313981 -0.314583 -0.314016 -0.322881 
1.12 -4.41806 0.0475673 5 -0.322878 -0.314016 -0.314583 -0.313897 -0.313033 -0.31178 -0.379267 0.120823 -0.379247 -0.311777 -0.313032 -0.313897 -0.314583 -0.314016 -0.322881 
1.13 -4.41983 0.0494882 5 -0.322878 -0.314015 -0.314582 -0.313805 -0.313468 -0.311143 -0.378955 0.117848 -0.378935 -0.311141 -0.313467 -0.313806 -0.314582 -0.314015 -0.322881 
1.14 -4.4216 0.0514665 5 -0.322877 -0.314015 -0.314581 -0.313706 -0.313942 -0.310473 -0.378635 0.114844 -0.378615 -0.310471 -0.313941 -0.313707 -0.314581 -0.314015 -0.32288 
1.15 -4.42338 0.0535031 5 -0.322876 -0.314015 -0.314581 -0.3136 -0.314454 -0.309775 -0.378306 0.111812 -0.378286 -0.309772 -0.314452 -0.3136 -0.314581 -0.314014 -0.32288 
1.16 -4.42518 0.0555988 5 -0.322876 -0.314014 -0.31458 -0.313486 -0.315003 -0.309051 -0.377969 0.108753 -0.377949 -0.309049 -0.315001 -0.313486 -0.31458 -0.314014 -0.322879 
1.17 -4.42702 0.0577544 5 -0.322875 -0.314014 -0.31458 -0.313364 -0.315589 -0.308307 -0.377623 0.105666 -0.377603 -0.308305 -0.315587 -0.313364 -0.31458 -0.314013 -0.322879 
1.18 -4.42888 0.0599706 5 -0.322874 -0.314013 -0.31458 -0.313234 -0.316213 -0.307546 -0.377268 0.102553 -0.377248 -0.307544 -0.31621 -0.313235 -0.31458 -0.314013 -0.322879 
1.19 -4.43079 0.0622482 5 -0.322874 -0.314013 -0.31458 -0.313098 -0.316872 -0.306771 -0.376905 0.0994136 -0.376885 -0.306769 -0.316869 -0.313098 -0.31458 -0.314012 -0.322878 
1.2 -4.43274 0.0645879 5 -0.322873 -0.314012 -0.31458 -0.312954 -0.317567 -0.305986 -0.376533 0.0962496 -0.376514 -0.305984 -0.317564 -0.312955 -0.314579 -0.314012 -0.322878 
1.21 -4.43473 0.0669904 5 -0.322872 -0.314012 -0.31458 -0.312804 -0.318295 -0.305191 -0.376153 0.0930613 -0.376134 -0.30519 -0.318292 -0.312805 -0.31458 -0.314012 -0.322878 
1.22 -4.43678 0.0694563 5 -0.322872 -0.314012 -0.31458 -0.312647 -0.319057 -0.304391 -0.375765 0.0898492 -0.375746 -0.304389 -0.319053 -0.312648 -0.31458 -0.314011 -0.322877 
1.23 -4.43887 0.0719864 5 -0.322871 -0.314011 -0.31458 -0.312485 -0.319849 -0.303587 -0.375369 0.0866141 -0.37535 -0.303585 -0.319845 -0.312485 -0.31458 -0.314011 -0.322877 
1.24 -4.44101 0.0745812 5 -0.32287 -0.314011 -0.31458 -0.312317 -0.320671 -0.30278 -0.374965 0.0833567 -0.374946 -0.302779 -0.320666 -0.312317 -0.31458 -0.31401 -0.322877 
1.25 -4.4432 0.0772413 5 -0.32287 -0.314011 -0.314581 -0.312143 -0.32152 -0.301973 -0.374553 0.0800776 -0.374534 -0.301972 -0.321515 -0.312144 -0.314581 -0.31401 -0.322876 
1.26 -4.44545 0.0799673 5 -0.322869 -0.31401 -0.314581 -0.311966 -0.322393 -0.301166 -0.374134 0.0767776 -0.374116 -0.301165 -0.322388 -0.311967 -0.314581 -0.31401 -0.322876 
1.27 -4.44773 0.0827597 5 -0.322868 -0.31401 -0.314582 -0.311785 -0.323289 -0.300362 -0.373709 0.0734573 -0.37369 -0.30036 -0.323284 -0.311786 -0.314581 -0.314009 -0.322875 
1.28 -4.45007 0.085619 5 -0.322868 -0.31401 -0.314582 -0.311601 -0.324205 -0.299559 -0.373276 0.0701175 -0.373258 -0.299558 -0.324199 -0.311602 -0.314582 -0.314009 -0.322875 
1.29 -4.45244 0.0885457 5 -0.322867 -0.31401 -0.314582 -0.311415 -0.325137 -0.298761 -0.372837 0.0667588 -0.372819 -0.29876 -0.325131 -0.311416 -0.314582 -0.314009 -0.322875 
1.3 -4.45486 0.0915403 5 -0.322867 -0.314009 -0.314583 -0.311228 -0.326082 -0.297967 -0.372392 0.063382 -0.372374 -0.297966 -0.326076 -0.311229 -0.314583 -0.314009 -0.322875 
1.31 -4.45731 0.0946032 5 -0.322866 -0.314009 -0.314583 -0.311042 -0.327037 -0.297178 -0.371941 0.0599878 -0.371923 -0.297177 -0.32703 -0.311043 -0.314583 -0.314008 -0.322874 
1.32 -4.45979 0.0977348 5 -0.322866 -0.314009 -0.314583 -0.310857 -0.327997 -0.296394 -0.371485 0.0565768 -0.371467 -0.296394 -0.32799 -0.310859 -0.314583 -0.314008 -0.322874 
1.33 -4.46229 0.100935 5 -0.322865 -0.314009 -0.314582 -0.310676 -0.328958 -0.295617 -0.371023 0.0531497 -0.371005 -0.295616 -0.328951 -0.310678 -0.314582 -0.314008 -0.322874 
1.34 -4.46482 0.104205 5 -0.322865 -0.314009 -0.314581 -0.310501 -0.329915 -0.294845 -0.370557 0.0497074 -0.370538 -0.294845 -0.329908 -0.310502 -0.314581 -0.314008 -0.322874 
1.35 -4.46736 0.107545 5 -0.322865 -0.314009 -0.314579 -0.310332 -0.330864 -0.29408 -0.370085 0.0462504 -0.370067 -0.29408 -0.330856 -0.310333 -0.314579 -0.314008 -0.322873 
1.36 -4.46991 0.110954 5 -0.322864 -0.314008 -0.314576 -0.310173 -0.331799 -0.293322 -0.36961 0.0427795 -0.369592 -0.293321 -0.331791 -0.310174 -0.314576 -0.314008 -0.322873 
1.37 -4.47246 0.114434 5 -0.322864 -0.314008 -0.314572 -0.310025 -0.332714 -0.29257 -0.369131 0.0392954 -0.369113 -0.29257 -0.332706 -0.310026 -0.314572 -0.314007 -0.322873 
1.38 -4.475 0.117984 5 -0.322864 -0.314008 -0.314567 -0.309891 -0.333604 -0.291825 -0.368648 0.0357988 -0.36863 -0.291824 -0.333595 -0.309893 -0.314567 -0.314007 -0.322873 
1.39 -4.47752 0.121604 5 -0.322864 -0.314008 -0.31456 -0.309774 -0.334463 -0.291086 -0.368161 0.0322904 -0.368144 -0.291086 -0.334453 -0.309776 -0.31456 -0.314007 -0.322873 
1.4 -4.48003 0.125296 5 -0.322863 -0.314008 -0.314551 -0.309677 -0.335283 -0.290354 -0.367672 0.0287709 -0.367655 -0.290354 -0.335274 -0.309678 -0.314551 -0.314007 -0.322873 
1.41 -4.4825 0.129057 5 -0.322863 -0.314008 -0.314539 -0.309601 -0.336061 -0.289627 -0.36718 0.0252411 -0.367163 -0.289627 -0.336051 -0.309602 -0.314539 -0.314007 -0.322873 
1.42 -4.48493 0.13289 5 -0.322863 -0.314008 -0.314525 -0.309549 -0.336789 -0.288907 -0.366686 0.0217015 -0.366669 -0.288907 -0.336779 -0.30955 -0.314525 -0.314007 -0.322873 
1.43 -4.48732 0.136793 5 -0.322863 -0.314008 -0.314507 -0.309524 -0.337463 -0.288191 -0.36619 0.018153 -0.366173 -0.288192 -0.337453 -0.309525 -0.314507 -0.314007 -0.322873 
1.44 -4.48966 0.140768 5 -0.322863 -0.314008 -0.314485 -0.309527 -0.33808 -0.287481 -0.365692 0.0145962 -0.365675 -0.287481 -0.338069 -0.309528 -0.314485 -0.314007 -0.322873 
1.45 -4.49194 0.144813 5 -0.322863 -0.314008 -0.31446 -0.30956 -0.338635 -0.286775 -0.365193 0.0110318 -0.365176 -0.286776 -0.338624 -0.309561 -0.31446 -0.314007 -0.322873 
1.46 -4.49416 0.148928 5 -0.322863 -0.314008 -0.314429 -0.309625 -0.339126 -0.286073 -0.364693 0.00746045 -0.364676 -0.286074 -0.339115 -0.309626 -0.314429 -0.314007 -0.322873 
1.47 -4.49631 0.153114 5 -0.322864 -0.314008 -0.314394 -0.309722 -0.339554 -0.285375 -0.364192 0.00388294 -0.364175 -0.285376 -0.339543 -0.309723 -0.314394 -0.314007 -0.322873 
1.48 -4.49841 0.157371 5 -0.322864 -0.314008 -0.314353 -0.309852 -0.339917 -0.28468 -0.36369 0.00029991 -0.363673 -0.284681 -0.339906 -0.309853 -0.314353 -0.314007 -0.322873 
1.49 -4.50045 0.161698 5 -0.322864 -0.314008 -0.314306 -0.310016 -0.340218 -0.283988 -0.363188 -0.00328795 -0.363172 -0.283988 -0.340207 -0.310017 -0.314306 -0.314007 -0.322873 
1.5 -4.50243 0.166095 5 -0.322864 -0.314008 -0.314252 -0.310215 -0.34046 -0.283298 -0.362687 -0.00687996 -0.36267 -0.283298 -0.340448 -0.310215 -0.314252 -0.314007 -0.322873 
1.51 -4.50436 0.170561 5 -0.322865 -0.314008 -0.314192 -0.310447 -0.340645 -0.282609 -0.362185 -0.0104754 -0.362168 -0.28261 -0.340634 -0.310448 -0.314192 -0.314007 -0.322873 
1.52 -4.50625 0.175097 5 -0.322865 -0.314008 -0.314125 -0.310715 -0.340779 -0.281923 -0.361684 -0.0140737 -0.361668 -0.281924 -0.340768 -0.310715 -0.314125 -0.314007 -0.322873 
1.53 -4.50811 0.179702 6 -0.322865 -0.314008 -0.314051 -0.311017 -0.340866 -0.281238 -0.361184 -0.0176741 -0.361167 -0.281239 -0.340854 -0.311017 -0.314051 -0.314007 -0.322874 
1.54 -4.50995 0.184376 6 -0.322866 -0.314008 -0.31397 -0.311355 -0.34091 -0.280555 -0.360685 -0.021276 -0.360668 -0.280556 -0.340898 -0.311355 -0.31397 -0.314007 -0.322874 
1.55 -4.51178 0.189118 6 -0.322866 -0.314009 -0.313881 -0.311727 -0.340917 -0.279872 -0.360187 -0.0248787 -0.36017 -0.279873 -0.340906 -0.311727 -0.313881 -0.314008 -0.322874 
1.56 -4.5136 0.193928 6 -0.322867 -0.314009 -0.313785 -0.312135 -0.340892 -0.279191 -0.35969 -0.0284815 -0.359674 -0.279192 -0.340881 -0.312135 -0.313785 -0.314008 -0.322874 
1.57 -4.51542 0.198805 6 -0.322867 -0.314009 -0.313681 -0.312577 -0.34084 -0.278511 -0.359195 -0.0320838 -0.359179 -0.278512 -0.340828 -0.312577 -0.313682 -0.314008 -0.322875 
1.58 -4.51726 0.20375 6 -0.322868 -0.314009 -0.31357 -0.313054 -0.340764 -0.277832 -0.358702 -0.0356849 -0.358686 -0.277833 -0.340752 -0.313053 -0.313571 -0.314008 -0.322875 
1.59 -4.51912 0.208761 6 -0.322868 -0.31401 -0.313452 -0.313565 -0.34067 -0.277154 -0.358211 -0.0392843 -0.358195 -0.277155 -0.340658 -0.313564 -0.313453 -0.314009 -0.322875 
1.6 -4.52101 0.213837 6 -0.322869 -0.31401 -0.313327 -0.314109 -0.34056 -0.276477 -0.357722 -0.0428811 -0.357706 -0.276479 -0.340548 -0.314107 -0.313327 -0.314009 -0.322875 
1.61 -4.52292 0.218979 7 -0.322869 -0.31401 -0.313195 -0.314685 -0.340438 -0.275802 -0.357236 -0.046475 -0.35722 -0.275803 -0.340426 -0.314683 -0.313195 -0.31401 -0.322876 
1.62 -4.52488 0.224185 7 -0.32287 -0.314011 -0.313056 -0.315292 -0.340308 -0.275127 -0.356752 -0.0500651 -0.356736 -0.275129 -0.340296 -0.31529 -0.313056 -0.31401 -0.322876 
1.63 -4.52687 0.229455 7 -0.322871 -0.314011 -0.312911 -0.315929 -0.340171 -0.274455 -0.356271 -0.0536508 -0.356256 -0.274456 -0.340159 -0.315927 -0.312911 -0.314011 -0.322876 
1.64 -4.5289 0.234789 7 -0.322871 -0.314012 -0.31276 -0.316594 -0.340031 -0.273784 -0.355793 -0.0572317 -0.355778 -0.273786 -0.340019 -0.316592 -0.31276 -0.314011 -0.322877 
1.65 -4.53098 0.240185 7 -0.322872 -0.314013 -0.312603 -0.317286 -0.339889 -0.273115 -0.355319 -0.060807 -0.355303 -0.273117 -0.339877 -0.317283 -0.312604 -0.314012 -0.322877 
1.66 -4.53309 0.245642 7 -0.322872 -0.314013 -0.312442 -0.318001 -0.339747 -0.272448 -0.354847 -0.0643761 -0.354832 -0.27245 -0.339735 -0.317998 -0.312442 -0.314013 -0.322877 
1.67 -4.53526 0.25116 7 -0.322873 -0.314014 -0.312276 -0.318739 -0.339607 -0.271783 -0.354379 -0.0679385 -0.354364 -0.271785 -0.339596 -0.318736 -0.312276 -0.314013 -0.322877 
1.68 -4.53746 0.256739 7 -0.322873 -0.314014 -0.312106 -0.319496 -0.339471 -0.27112 -0.353915 -0.0714935 -0.3539 -0.271122 -0.339459 -0.319493 -0.312107 -0.314014 -0.322878 
1.69 -4.53971 0.262376 8 -0.322874 -0.314015 -0.311933 -0.32027 -0.339338 -0.270461 -0.353455 -0.0750406 -0.35344 -0.270463 -0.339326 -0.320266 -0.311934 -0.314014 -0.322878 
1.7 -4.54199 0.268072 8 -0.322874 -0.314015 -0.311758 -0.321058 -0.339211 -0.269804 -0.352998 -0.0785791 -0.352983 -0.269806 -0.339199 -0.321053 -0.311759 -0.314015 -0.322878 
1.71 -4.54431 0.273825 8 -0.322875 -0.314016 -0.311582 -0.321855 -0.33909 -0.26915 -0.352546 -0.0821086 -0.352531 -0.269152 -0.339078 -0.321851 -0.311583 -0.314015 -0.322878 
1.72 -4.54666 0.279634 8 -0.322875 -0.314016 -0.311406 -0.32266 -0.338976 -0.268499 -0.352098 -0.0856284 -0.352083 -0.268502 -0.338964 -0.322655 -0.311407 -0.314015 -0.322878 
1.73 -4.54905 0.285499 8 -0.322876 -0.314015 -0.311232 -0.323468 -0.338869 -0.267852 -0.351654 -0.0891381 -0.351639 -0.267855 -0.338858 -0.323463 -0.311233 -0.314015 -0.322879 
1.74 -4.55145 0.291418 8 -0.322876 -0.314015 -0.31106 -0.324274 -0.338771 -0.267209 -0.351215 -0.0926369 -0.3512 -0.267211 -0.338759 -0.324269 -0.311061 -0.314014 -0.322879 
1.75 -4.55388 0.297391 8 -0.322877 -0.314013 -0.310893 -0.325075 -0.338681 -0.26657 -0.350781 -0.0961244 -0.350766 -0.266572 -0.338669 -0.32507 -0.310894 -0.314013 -0.322879 
1.76 -4.55632 0.303415 8 -0.322877 -0.314011 -0.310732 -0.325866 -0.338599 -0.265935 -0.350351 -0.0996001 -0.350336 -0.265937 -0.338587 -0.32586 -0.310733 -0.314011 -0.322879 
1.77 -4.55876 0.309491 8 -0.322877 -0.314009 -0.31058 -0.326641 -0.338526 -0.265304 -0.349926 -0.103063 -0.349912 -0.265307 -0.338515 -0.326635 -0.310581 -0.314008 -0.322879 
1.78 -4.56121 0.315617 8 -0.322877 -0.314005 -0.310438 -0.327396 -0.338462 -0.264678 -0.349507 -0.106514 -0.349492 -0.264681 -0.33845 -0.327389 -0.31044 -0.314004 -0.322879 
1.79 -4.56366 0.321792 8 -0.322877 -0.313999 -0.31031 -0.328124 -0.338407 -0.264057 -0.349092 -0.109951 -0.349078 -0.26406 -0.338395 -0.328117 -0.310311 -0.313999 -0.322879 
1.8 -4.56609 0.328015 8 -0.322878 -0.313993 -0.310197 -0.328821 -0.33836 -0.263441 -0.348683 -0.113374 -0.348669 -0.263444 -0.338348 -0.328814 -0.310198 -0.313992 -0.322879 
1.81 -4.5685 0.334284 8 -0.322878 -0.313984 -0.310102 -0.32948 -0.338321 -0.262831 -0.348279 -0.116783 -0.348265 -0.262834 -0.33831 -0.329473 -0.310103 -0.313984 -0.322879 
1.82 -4.57089 0.340598 8 -0.322878 -0.313973 -0.310028 -0.330096 -0.338291 -0.262226 -0.347881 -0.120176 -0.347867 -0.262229 -0.338279 -0.330089 -0.310029 -0.313973 -0.322878 
1.83 -4.57325 0.346957 8 -0.322878 -0.313959 -0.309977 -0.330664 -0.338268 -0.261627 -0.347488 -0.123555 -0.347474 -0.26163 -0.338256 -0.330656 -0.309978 -0.313959 -0.322878 
1.84 -4.57557 0.353358 8 -0.322877 -0.313942 -0.309953 -0.331178 -0.338251 -0.261035 -0.347101 -0.126917 -0.347088 -0.261038 -0.33824 -0.331171 -0.309954 -0.313942 -0.322878 
1.85 -4.57784 0.359801 8 -0.322877 -0.313922 -0.309956 -0.331636 -0.338241 -0.260449 -0.34672 -0.130263 -0.346706 -0.260452 -0.33823 -0.331628 -0.309957 -0.313922 -0.322878 
1.86 -4.58006 0.366285 8 -0.322877 -0.313898 -0.309989 -0.332033 -0.338237 -0.259869 -0.346345 -0.133592 -0.346331 -0.259872 -0.338226 -0.332025 -0.309989 -0.313898 -0.322877 
1.87 -4.58223 0.372807 8 -0.322877 -0.313869 -0.310053 -0.332367 -0.338238 -0.259296 -0.345976 -0.136905 -0.345962 -0.259299 -0.338226 -0.332358 -0.310054 -0.313869 -0.322877 
1.88 -4.58434 0.379367 8 -0.322877 -0.313835 -0.31015 -0.332637 -0.338242 -0.25873 -0.345613 -0.140199 -0.345599 -0.258733 -0.338231 -0.332628 -0.310151 -0.313835 -0.322877 
1.89 -4.58639 0.385963 8 -0.322876 -0.313796 -0.31028 -0.332843 -0.33825 -0.258171 -0.345256 -0.143475 -0.345242 -0.258175 -0.338239 -0.332834 -0.310281 -0.313796 -0.322876 
1.9 -4.58839 0.392594 8 -0.322876 -0.313751 -0.310445 -0.332986 -0.338261 -0.25762 -0.344905 -0.146733 -0.344892 -0.257624 -0.338249 -0.332977 -0.310446 -0.313752 -0.322876 
1.91 -4.59034 0.399259 8 -0.322875 -0.3137 -0.310645 -0.333069 -0.338273 -0.257077 -0.344561 -0.149971 -0.344548 -0.25708 -0.338261 -0.33306 -0.310646 -0.313701 -0.322875 
1.92 -4.59225 0.405956 8 -0.322875 -0.313643 -0.310881 -0.333094 -0.338286 -0.256541 -0.344223 -0.153191 -0.34421 -0.256545 -0.338275 -0.333085 -0.310881 -0.313643 -0.322875 
1.93 -4.59411 0.412683 8 -0.322874 -0.313579 -0.311152 -0.333066 -0.338299 -0.256014 -0.343892 -0.15639 -0.343878 -0.256017 -0.338288 -0.333057 -0.311152 -0.313579 -0.322875 
1.94 -4.59594 0.41944 8 -0.322874 -0.313507 -0.311458 -0.332988 -0.338313 -0.255494 -0.343567 -0.159569 -0.343554 -0.255498 -0.338301 -0.332979 -0.311458 -0.313508 -0.322874 
1.95 -4.59775 0.426225 8 -0.322873 -0.313429 -0.311802 -0.332867 -0.338325 -0.254984 -0.343248 -0.162728 -0.343235 -0.254987 -0.338314 -0.332858 -0.311801 -0.313429 -0.322874 
1.96 -4.59955 0.433036 8 -0.322873 -0.313343 -0.312181 -0.332706 -0.338336 -0.254482 -0.342937 -0.165866 -0.342924 -0.254485 -0.338325 -0.332697 -0.31218 -0.313343 -0.322873 
1.97 -4.60134 0.439873 8 -0.322872 -0.313249 -0.312597 -0.332511 -0.338346 -0.253988 -0.342632 -0.168983 -0.342619 -0.253992 -0.338335 -0.332502 -0.312596 -0.31325 -0.322873 
1.98 -4.60314 0.446732 8 -0.322872 -0.313148 -0.313049 -0.332286 -0.338353 -0.253504 -0.342334 -0.172077 -0.342321 -0.253508 -0.338342 -0.332277 -0.313048 -0.313149 -0.322872 
1.99 -4.60495 0.453614 8 -0.322871 -0.31304 -0.313537 -0.332037 -0.338358 -0.253029 -0.342042 -0.17515 -0.34203 -0.253033 -0.338347 -0.332028 -0.313536 -0.31304 -0.322872 
2 -4.60678 0.460516 8 -0.322871 -0.312924 -0.314061 -0.331766 -0.33836 -0.252563 -0.341758 -0.178201 -0.341745 -0.252567 -0.338349 -0.331757 -0.31406 -0.312925 -0.322872 
2.01 -4.60863 0.467438 8 -0.32287 -0.312801 -0.31462 -0.331478 -0.338359 -0.252107 -0.34148 -0.181228 -0.341468 -0.252111 -0.338348 -0.33147 -0.314618 -0.312802 -0.322872 
2.02 -4.61052 0.474377 8 -0.32287 -0.312671 -0.315214 -0.331177 -0.338355 -0.25166 -0.341209 -0.184233 -0.341197 -0.251664 -0.338343 -0.331169 -0.315212 -0.312671 -0.322871 
2.03 -4.61244 0.481332 8 -0.32287 -0.312534 -0.315841 -0.330866 -0.338347 -0.251224 -0.340946 -0.187215 -0.340934 -0.251227 -0.338336 -0.330857 -0.315839 -0.312534 -0.322871 
2.04 -4.6144 0.488301 8 -0.322869 -0.31239 -0.3165 -0.330548 -0.338336 -0.250797 -0.340689 -0.190172 -0.340677 -0.250801 -0.338325 -0.330539 -0.316498 -0.312391 -0.322871 
2.05 -4.61641 0.495284 8 -0.322869 -0.31224 -0.317191 -0.330224 -0.338321 -0.250381 -0.34044 -0.193106 -0.340427 -0.250384 -0.33831 -0.330215 -0.317188 -0.312241 -0.322871 
2.06 -4.61846 0.502278 8 -0.322869 -0.312085 -0.317911 -0.329898 -0.338302 -0.249974 -0.340197 -0.196016 -0.340185 -0.249978 -0.338291 -0.329889 -0.317908 -0.312085 -0.322871 
2.07 -4.62056 0.509283 8 -0.322869 -0.311923 -0.318658 -0.329571 -0.338279 -0.249579 -0.339961 -0.198901 -0.33995 -0.249583 -0.338268 -0.329562 -0.318655 -0.311924 -0.322871 
2.08 -4.6227 0.516296 8 -0.322869 -0.311757 -0.319431 -0.329245 -0.338253 -0.249194 -0.339733 -0.201762 -0.339721 -0.249198 -0.338242 -0.329237 -0.319428 -0.311758 -0.322871 
2.09 -4.62489 0.523315 8 -0.322868 -0.311587 -0.320228 -0.328922 -0.338222 -0.248819 -0.339512 -0.204597 -0.3395 -0.248824 -0.338211 -0.328913 -0.320224 -0.311587 -0.322872 
2.1 -4.62712 0.530341 8 -0.322868 -0.311413 -0.321045 -0.328602 -0.338187 -0.248456 -0.339298 -0.207408 -0.339286 -0.24846 -0.338176 -0.328593 -0.32104 -0.311414 -0.322872 
2.11 -4.62939 0.53737 8 -0.322868 -0.311236 -0.32188 -0.328287 -0.338149 -0.248104 -0.339091 -0.210192 -0.339079 -0.248108 -0.338137 -0.328279 -0.321875 -0.311237 -0.322872 
2.12 -4.63171 0.544402 8 -0.322868 -0.311057 -0.322729 -0.327978 -0.338106 -0.247763 -0.338891 -0.212951 -0.33888 -0.247767 -0.338094 -0.327969 -0.322724 -0.311058 -0.322872 
2.13 -4.63406 0.551435 8 -0.322867 -0.310878 -0.323591 -0.327675 -0.338058 -0.247433 -0.338698 -0.215684 -0.338687 -0.247437 -0.338047 -0.327667 -0.323585 -0.310879 -0.322872 
2.14 -4.63644 0.558467 8 -0.322867 -0.310699 -0.32446 -0.32738 -0.338007 -0.247115 -0.338513 -0.218391 -0.338501 -0.247119 -0.337996 -0.327372 -0.324454 -0.310699 -0.322871 
2.15 -4.63886 0.565498 8 -0.322866 -0.310521 -0.325333 -0.327092 -0.337952 -0.246808 -0.338334 -0.221072 -0.338323 -0.246812 -0.337941 -0.327084 -0.325327 -0.310522 -0.322871 
2.16 -4.6413 0.572525 8 -0.322864 -0.310347 -0.326206 -0.326813 -0.337892 -0.246513 -0.338163 -0.223726 -0.338152 -0.246517 -0.337881 -0.326805 -0.3262 -0.310348 -0.32287 
2.17 -4.64375 0.579546 8 -0.322863 -0.310178 -0.327074 -0.326542 -0.337829 -0.24623 -0.337999 -0.226353 -0.337988 -0.246234 -0.337818 -0.326534 -0.327068 -0.310179 -0.322868 
2.18 -4.64623 0.586562 8 -0.32286 -0.310016 -0.327933 -0.32628 -0.337761 -0.245958 -0.337842 -0.228953 -0.337831 -0.245962 -0.33775 -0.326272 -0.327926 -0.310016 -0.322866 
2.19 -4.64871 0.593569 8 -0.322857 -0.309862 -0.328777 -0.326027 -0.337689 -0.245699 -0.337692 -0.231527 -0.337681 -0.245703 -0.337678 -0.326019 -0.32877 -0.309863 -0.322863 
2.2 -4.65119 0.600567 8 -0.322852 -0.30972 -0.329601 -0.325783 -0.337613 -0.245452 -0.337549 -0.234073 -0.337538 -0.245456 -0.337602 -0.325775 -0.329594 -0.309721 -0.322858 
2.21 -4.65366 0.607555 8 -0.322846 -0.309592 -0.330399 -0.325547 -0.337534 -0.245217 -0.337413 -0.236591 -0.337403 -0.245221 -0.337523 -0.325539 -0.330391 -0.309592 -0.322853 
2.22 -4.65612 0.614529 8 -0.322839 -0.30948 -0.331166 -0.325321 -0.33745 -0.244994 -0.337284 -0.239082 -0.337274 -0.244998 -0.337439 -0.325313 -0.331158 -0.30948 -0.322845 
2.23 -4.65856 0.621491 8 -0.322829 -0.309386 -0.331896 -0.325102 -0.337362 -0.244784 -0.337163 -0.241545 -0.337152 -0.244788 -0.337351 -0.325094 -0.331887 -0.309387 -0.322836 
2.24 -4.66098 0.628437 8 -0.322817 -0.309315 -0.332582 -0.324892 -0.33727 -0.244586 -0.337048 -0.243981 -0.337038 -0.244591 -0.337259 -0.324884 -0.332574 -0.309315 -0.322825 
2.25 -4.66336 0.635366 8 -0.322803 -0.309267 -0.333221 -0.32469 -0.337175 -0.244401 -0.33694 -0.246389 -0.33693 -0.244406 -0.337164 -0.324682 -0.333212 -0.309267 -0.32281 
2.26 -4.66569 0.642278 8 -0.322785 -0.309245 -0.333807 -0.324495 -0.337075 -0.244229 -0.336839 -0.248768 -0.33683 -0.244233 -0.337064 -0.324487 -0.333798 -0.309246 -0.322793 
2.27 -4.66798 0.64917 8 -0.322763 -0.309252 -0.334335 -0.324306 -0.336972 -0.244069 -0.336746 -0.25112 -0.336736 -0.244074 -0.336961 -0.324298 -0.334326 -0.309252 -0.322771 
2.28 -4.67022 0.656041 8 -0.322738 -0.309289 -0.334804 -0.324123 -0.336865 -0.243922 -0.336658 -0.253443 -0.336649 -0.243927 -0.336854 -0.324116 -0.334795 -0.309289 -0.322746 
2.29 -4.6724 0.662891 8 -0.322708 -0.309357 -0.33521 -0.323946 -0.336754 -0.243789 -0.336578 -0.255738 -0.336569 -0.243793 -0.336743 -0.323938 -0.335201 -0.309357 -0.322716 
2.3 -4.67452 0.669717 8 -0.322673 -0.309458 -0.335553 -0.323773 -0.33664 -0.243668 -0.336505 -0.258004 -0.336495 -0.243672 -0.336629 -0.323765 -0.335544 -0.309458 -0.322681 
2.31 -4.67658 0.676518 8 -0.322632 -0.309593 -0.335834 -0.323604 -0.336522 -0.24356 -0.336438 -0.260242 -0.336429 -0.243564 -0.336511 -0.323597 -0.335824 -0.309593 -0.322641 
2.32 -4.67859 0.683294 8 -0.322586 -0.309762 -0.336052 -0.323439 -0.3364 -0.243465 -0.336378 -0.262452 -0.336369 -0.24347 -0.336389 -0.323431 -0.336043 -0.309761 -0.322595 
2.33 -4.68055 0.690042 8 -0.322533 -0.309965 -0.336212 -0.323276 -0.336275 -0.243384 -0.336325 -0.264633 -0.336315 -0.243388 -0.336264 -0.323268 -0.336202 -0.309965 -0.322542 
2.34 -4.68246 0.696761 8 -0.322474 -0.310204 -0.336317 -0.323115 -0.336146 -0.243316 -0.336278 -0.266785 -0.336269 -0.24332 -0.336135 -0.323107 -0.336306 -0.310203 -0.322483 
2.35 -4.68433 0.703451 8 -0.322408 -0.310478 -0.336369 -0.322955 -0.336013 -0.24326 -0.336238 -0.268909 -0.336229 -0.243265 -0.336003 -0.322948 -0.336359 -0.310477 -0.322417 
2.36 -4.68617 0.710109 8 -0.322335 -0.310788 -0.336375 -0.322797 -0.335877 -0.243219 -0.336204 -0.271004 -0.336195 -0.243223 -0.335867 -0.32279 -0.336365 -0.310787 -0.322344 
2.37 -4.68799 0.716735 8 -0.322254 -0.311134 -0.336339 -0.322639 -0.335738 -0.24319 -0.336177 -0.27307 -0.336168 -0.243195 -0.335727 -0.322632 -0.336329 -0.311132 -0.322264 
2.38 -4.68979 0.723328 8 -0.322166 -0.311515 -0.336266 -0.322482 -0.335595 -0.243175 -0.336156 -0.275108 -0.336147 -0.24318 -0.335584 -0.322474 -0.336256 -0.311514 -0.322176 
2.39 -4.6916 0.729886 8 -0.322071 -0.311932 -0.336161 -0.322324 -0.335448 -0.243174 -0.336141 -0.277117 -0.336133 -0.243178 -0.335437 -0.322317 -0.336151 -0.311931 -0.32208 
2.4 -4.6934 0.736408 8 -0.321968 -0.312386 -0.336029 -0.322166 -0.335298 -0.243185 -0.336133 -0.279098 -0.336125 -0.24319 -0.335288 -0.322159 -0.336019 -0.312384 -0.321978 
2.41 -4.69522 0.742894 8 -0.321858 -0.312874 -0.335874 -0.322008 -0.335145 -0.243211 -0.336131 -0.281049 -0.336123 -0.243215 -0.335134 -0.322 -0.335863 -0.312872 -0.321868 
2.42 -4.69707 0.749341 8 -0.321741 -0.313398 -0.3357 -0.321848 -0.334988 -0.243249 -0.336135 -0.282973 -0.336127 -0.243254 -0.334977 -0.321841 -0.335689 -0.313396 -0.32175 
2.43 -4.69893 0.755749 8 -0.321616 -0.313956 -0.335511 -0.321688 -0.334828 -0.243301 -0.336145 -0.284867 -0.336137 -0.243306 -0.334817 -0.321681 -0.3355 -0.313953 -0.321625 
2.44 -4.70083 0.762117 8 -0.321484 -0.314548 -0.335311 -0.321527 -0.334664 -0.243367 -0.336161 -0.286733 -0.336153 -0.243372 -0.334654 -0.32152 -0.3353 -0.314545 -0.321494 
2.45 -4.70277 0.768444 8 -0.321346 -0.315172 -0.335102 -0.321365 -0.334497 -0.243446 -0.336183 -0.28857 -0.336176 -0.243451 -0.334487 -0.321358 -0.335092 -0.315169 -0.321355 
2.46 -4.70474 0.774729 8 -0.321201 -0.315827 -0.334888 -0.321201 -0.334327 -0.243539 -0.336211 -0.290379 -0.336204 -0.243543 -0.334316 -0.321194 -0.334878 -0.315824 -0.32121 
2.47 -4.70676 0.78097 9 -0.32105 -0.316512 -0.334671 -0.321037 -0.334153 -0.243645 -0.336245 -0.29216 -0.336238 -0.243649 -0.334143 -0.32103 -0.334661 -0.316509 -0.321059 
2.48 -4.70882 0.787167 9 -0.320894 -0.317225 -0.334453 -0.320871 -0.333976 -0.243764 -0.336285 -0.293912 -0.336277 -0.243769 -0.333966 -0.320864 -0.334443 -0.317222 -0.320903 
2.49 -4.71093 0.793319 9 -0.320732 -0.317965 -0.334236 -0.320704 -0.333796 -0.243897 -0.33633 -0.295636 -0.336323 -0.243902 -0.333786 -0.320697 -0.334226 -0.317961 -0.320741 
2.5 -4.71308 0.799425 9 -0.320566 -0.318728 -0.334022 -0.320536 -0.333613 -0.244044 -0.336381 -0.297331 -0.336374 -0.244048 -0.333603 -0.320529 -0.334011 -0.318724 -0.320574 
2.51 -4.71528 0.805484 9 -0.320396 -0.319513 -0.333811 -0.320366 -0.333426 -0.244204 -0.336437 -0.298999 -0.33643 -0.244208 -0.333416 -0.320359 -0.333801 -0.319508 -0.320404 
2.52 -4.71752 0.811495 10 -0.320222 -0.320317 -0.333606 -0.320196 -0.333237 -0.244377 -0.336499 -0.300638 -0.336492 -0.244381 -0.333226 -0.320189 -0.333596 -0.320312 -0.32023 
2.53 -4.7198 0.817457 10 -0.320046 -0.321136 -0.333408 -0.320024 -0.333044 -0.244563 -0.336566 -0.30225 -0.336559 -0.244567 -0.333034 -0.320017 -0.333397 -0.321131 -0.320054 
2.54 -4.72211 0.823371 10 -0.319869 -0.321969 -0.333216 -0.319851 -0.332848 -0.244763 -0.336638 -0.303833 -0.336632 -0.244767 -0.332838 -0.319844 -0.333206 -0.321963 -0.319877 
2.55 -4.72447 0.829233 10 -0.319691 -0.32281 -0.333033 -0.319677 -0.332649 -0.244976 -0.336716 -0.305389 -0.33671 -0.24498 -0.332639 -0.319671 -0.333023 -0.322805 -0.319699 
2.56 -4.72685 0.835045 10 -0.319514 -0.323658 -0.332858 -0.319503 -0.332447 -0.245202 -0.336799 -0.306918 -0.336793 -0.245206 -0.332437 -0.319496 -0.332848 -0.323652 -0.319522 
2.57 -4.72927 0.840806 10 -0.31934 -0.324507 -0.332693 -0.319327 -0.332242 -0.245442 -0.336887 -0.308418 -0.33688 -0.245446 -0.332232 -0.31932 -0.332683 -0.3245 -0.319347 
2.58 -4.7317 0.846513 10 -0.31917 -0.325353 -0.332537 -0.319151 -0.332034 -0.245694 -0.336979 -0.309892 -0.336973 -0.245698 -0.332024 -0.319144 -0.332527 -0.325346 -0.319176 
2.59 -4.73415 0.852168 10 -0.319005 -0.326192 -0.332391 -0.318974 -0.331824 -0.24596 -0.337077 -0.311338 -0.337071 -0.245964 -0.331814 -0.318967 -0.332381 -0.326185 -0.319012 
2.6 -4.73662 0.857769 10 -0.318848 -0.327019 -0.332256 -0.318796 -0.33161 -0.246238 -0.33718 -0.312758 -0.337174 -0.246242 -0.3316 -0.318789 -0.332245 -0.327011 -0.318854 
2.61 -4.73909 0.863315 10 -0.318701 -0.327828 -0.33213 -0.318618 -0.331394 -0.24653 -0.337287 -0.31415 -0.337281 -0.246534 -0.331384 -0.318611 -0.33212 -0.32782 -0.318707 
2.62 -4.74157 0.868807 10 -0.318566 -0.328614 -0.332015 -0.318439 -0.331175 -0.246834 -0.337399 -0.315516 -0.337393 -0.246838 -0.331165 -0.318432 -0.332005 -0.328606 -0.318572 
2.63 -4.74404 0.874243 10 -0.318446 -0.329371 -0.33191 -0.31826 -0.330953 -0.247151 -0.337515 -0.316855 -0.33751 -0.247155 -0.330943 -0.318253 -0.3319 -0.329363 -0.318452 
2.64 -4.74649 0.879624 11 -0.318343 -0.330094 -0.331815 -0.31808 -0.330729 -0.247481 -0.337636 -0.318167 -0.337631 -0.247485 -0.330719 -0.318074 -0.331804 -0.330085 -0.318348 
2.65 -4.74893 0.884947 11 -0.31826 -0.330777 -0.331729 -0.3179 -0.330502 -0.247823 -0.337761 -0.319453 -0.337756 -0.247827 -0.330492 -0.317894 -0.331719 -0.330768 -0.318265 
2.66 -4.75134 0.890214 11 -0.318199 -0.331414 -0.331653 -0.31772 -0.330273 -0.248178 -0.337891 -0.320714 -0.337886 -0.248182 -0.330263 -0.317714 -0.331643 -0.331405 -0.318204 
2.67 -4.75371 0.895423 11 -0.318162 -0.332001 -0.331585 -0.31754 -0.330041 -0.248545 -0.338024 -0.321948 -0.33802 -0.248549 -0.330031 -0.317534 -0.331575 -0.331992 -0.318167 
2.68 -4.75605 0.900575 11 -0.318153 -0.332533 -0.331526 -0.31736 -0.329807 -0.248925 -0.338162 -0.323156 -0.338158 -0.248929 -0.329797 -0.317354 -0.331516 -0.332524 -0.318157 
2.69 -4.75835 0.905668 12 -0.318171 -0.333006 -0.331474 -0.31718 -0.32957 -0.249316 -0.338304 -0.324339 -0.3383 -0.24932 -0.32956 -0.317174 -0.331464 -0.332997 -0.318175 
2.7 -4.7606 0.910703 12 -0.318219 -0.333417 -0.331429 -0.317 -0.329331 -0.24972 -0.33845 -0.325497 -0.338446 -0.249724 -0.329321 -0.316994 -0.331419 -0.333408 -0.318223 
2.71 -4.7628 0.915678 12 -0.318298 -0.333766 -0.33139 -0.316821 -0.32909 -0.250136 -0.3386 -0.326629 -0.338596 -0.25014 -0.329081 -0.316815 -0.33138 -0.333756 -0.318302 
2.72 -4.76495 0.920595 12 -0.318409 -0.33405 -0.331357 -0.316641 -0.328847 -0.250564 -0.338753 -0.327737 -0.338749 -0.250568 -0.328838 -0.316635 -0.331347 -0.334041 -0.318412 
2.73 -4.76705 0.925452 12 -0.318552 -0.334272 -0.331329 -0.316462 -0.328602 -0.251004 -0.33891 -0.32882 -0.338907 -0.251007 -0.328593 -0.316456 -0.331319 -0.334262 -0.318555 
2.74 -4.76911 0.93025 12 -0.318728 -0.334433 -0.331304 -0.316284 -0.328355 -0.251455 -0.339071 -0.329878 -0.339067 -0.251458 -0.328346 -0.316278 -0.331294 -0.334423 -0.318731 
2.75 -4.77112 0.934988 13 -0.318937 -0.334535 -0.331283 -0.316106 -0.328106 -0.251918 -0.339235 -0.330912 -0.339232 -0.251921 -0.328097 -0.3161 -0.331273 -0.334525 -0.31894 
2.76 -4.7731 0.939665 13 -0.31918 -0.334583 -0.331265 -0.315928 -0.327856 -0.252392 -0.339403 -0.331922 -0.3394 -0.252395 -0.327846 -0.315922 -0.331255 -0.334572 -0.319182 
2.77 -4.77505 0.944283 13 -0.319455 -0.33458 -0.331249 -0.315751 -0.327603 -0.252877 -0.339574 -0.332908 -0.339571 -0.252881 -0.327594 -0.315745 -0.331239 -0.33457 -0.319457 
2.78 -4.77699 0.94884 13 -0.319765 -0.334531 -0.331235 -0.315575 -0.327349 -0.253374 -0.339748 -0.33387 -0.339745 -0.253377 -0.32734 -0.315569 -0.331225 -0.334521 -0.319767 
2.79 -4.77892 0.953337 13 -0.320109 -0.334442 -0.331221 -0.315399 -0.327094 -0.253881 -0.339926 -0.334809 -0.339923 -0.253885 -0.327084 -0.315394 -0.331211 -0.334432 -0.32011 
2.8 -4.78085 0.957774 13 -0.320486 -0.334317 -0.331209 -0.315224 -0.326837 -0.2544 -0.340106 -0.335725 -0.340103 -0.254403 -0.326827 -0.315219 -0.331199 -0.334306 -0.320487 
2.81 -4.78279 0.96215 13 -0.320899 -0.33416 -0.331197 -0.31505 -0.326579 -0.254929 -0.340289 -0.336618 -0.340287 -0.254932 -0.326569 -0.315045 -0.331187 -0.33415 -0.320899 
2.82 -4.78475 0.966465 13 -0.321346 -0.333977 -0.331185 -0.314877 -0.326319 -0.255469 -0.340476 -0.337488 -0.340473 -0.255472 -0.326309 -0.314871 -0.331175 -0.333967 -0.321346 
2.83 -4.78674 0.970721 13 -0.321827 -0.333772 -0.331172 -0.314705 -0.326058 -0.256019 -0.340665 -0.338336 -0.340662 -0.256022 -0.326049 -0.314699 -0.331162 -0.333762 -0.321827 
2.84 -4.78876 0.974916 14 -0.322343 -0.333549 -0.33116 -0.314533 -0.325796 -0.256579 -0.340856 -0.339161 -0.340854 -0.256583 -0.325787 -0.314528 -0.33115 -0.333539 -0.322342 
2.85 -4.79082 0.97905 14 -0.322892 -0.333311 -0.331147 -0.314363 -0.325533 -0.25715 -0.341051 -0.339965 -0.341049 -0.257153 -0.325524 -0.314357 -0.331137 -0.333301 -0.322892 
2.86 -4.79293 0.983125 14 -0.323476 -0.333062 -0.331133 -0.314193 -0.325269 -0.25773 -0.341247 -0.340747 -0.341246 -0.257733 -0.32526 -0.314188 -0.331123 -0.333052 -0.323475 
2.87 -4.79509 0.98714 14 -0.324092 -0.332805 -0.331118 -0.314025 -0.325005 -0.258321 -0.341447 -0.341507 -0.341445 -0.258324 -0.324995 -0.314019 -0.331108 -0.332794 -0.324091 
2.88 -4.79731 0.991095 14 -0.32474 -0.332541 -0.331102 -0.313857 -0.324739 -0.258921 -0.341648 -0.342246 -0.341647 -0.258924 -0.32473 -0.313852 -0.331092 -0.332531 -0.324739 
2.89 -4.79958 0.994991 14 -0.325419 -0.332275 -0.331085 -0.313691 -0.324473 -0.25953 -0.341852 -0.342965 -0.341851 -0.259533 -0.324464 -0.313685 -0.331075 -0.332265 -0.325418 
2.9 -4.80191 0.998827 15 -0.326128 -0.332007 -0.331067 -0.313526 -0.324207 -0.260149 -0.342058 -0.343663 -0.342057 -0.260151 -0.324197 -0.31352 -0.331057 -0.331997 -0.326126 
2.91 -4.8043 1.0026 15 -0.326864 -0.33174 -0.331048 -0.313362 -0.32394 -0.260776 -0.342266 -0.34434 -0.342265 -0.260779 -0.32393 -0.313356 -0.331038 -0.33173 -0.326862 
2.92 -4.80674 1.00632 15 -0.327627 -0.331474 -0.331028 -0.313199 -0.323673 -0.261413 -0.342476 -0.344997 -0.342476 -0.261416 -0.323663 -0.313193 -0.331018 -0.331464 -0.327625 
2.93 -4.80924 1.00998 15 -0.328414 -0.331212 -0.331006 -0.313037 -0.323405 -0.262059 -0.342688 -0.345635 -0.342688 -0.262061 -0.323396 -0.313032 -0.330996 -0.331202 -0.328411 
2.94 -4.8118 1.01359 15 -0.329222 -0.330955 -0.330983 -0.312877 -0.323137 -0.262713 -0.342902 -0.346253 -0.342902 -0.262715 -0.323128 -0.312872 -0.330973 -0.330945 -0.329219 
2.95 -4.8144 1.01713 15 -0.33005 -0.330702 -0.330959 -0.312718 -0.32287 -0.263375 -0.343118 -0.346852 -0.343118 -0.263378 -0.322861 -0.312713 -0.330949 -0.330692 -0.330046 
2.96 -4.81705 1.02062 15 -0.330893 -0.330457 -0.330933 -0.31256 -0.322602 -0.264046 -0.343335 -0.347431 -0.343335 -0.264048 -0.322593 -0.312555 -0.330923 -0.330447 -0.330889 
2.97 -4.81974 1.02405 15 -0.331749 -0.330218 -0.330906 -0.312404 -0.322335 -0.264724 -0.343554 -0.347992 -0.343554 -0.264727 -0.322326 -0.312399 -0.330896 -0.330208 -0.331745 
2.98 -4.82246 1.02742 15 -0.332613 -0.329986 -0.330878 -0.312249 -0.322068 -0.265411 -0.343774 -0.348535 -0.343774 -0.265413 -0.322059 -0.312244 -0.330868 -0.329976 -0.332609 
2.99 -4.82521 1.03074 15 -0.333482 -0.329763 -0.330849 -0.312096 -0.321802 -0.266105 -0.343996 -0.349059 -0.343996 -0.266107 -0.321792 -0.312091 -0.330839 -0.329753 -0.333477 
3 -4.82797 1.03401 16 -0.334351 -0.329548 -0.330818 -0.311944 -0.321535 -0.266807 -0.344219 -0.349566 -0.34422 -0.266809 -0.321526 -0.311939 -0.330808 -0.329538 -0.334346 
3.01 -4.83075 1.03722 16 -0.335214 -0.329342 -0.330786 -0.311793 -0.32127 -0.267516 -0.344443 -0.350055 -0.344444 -0.267518 -0.321261 -0.311788 -0.330776 -0.329332 -0.335209 
3.02 -4.83352 1.04037 16 -0.336066 -0.329145 -0.330752 -0.311644 -0.321005 -0.268232 -0.344669 -0.350526 -0.344669 -0.268234 -0.320996 -0.311639 -0.330742 -0.329135 -0.336061 
3.03 -4.83627 1.04347 16 -0.336901 -0.328956 -0.330717 -0.311497 -0.320742 -0.268954 -0.344895 -0.350981 -0.344896 -0.268956 -0.320733 -0.311492 -0.330707 -0.328947 -0.336895 
3.04 -4.839 1.04652 16 -0.337712 -0.328777 -0.330681 -0.311351 -0.320479 -0.269684 -0.345123 -0.351419 -0.345124 -0.269686 -0.32047 -0.311346 -0.330671 -0.328767 -0.337706 
3.05 -4.84168 1.04952 16 -0.338492 -0.328606 -0.330644 -0.311207 -0.320217 -0.27042 -0.345351 -0.35184 -0.345352 -0.270422 -0.320208 -0.311202 -0.330634 -0.328596 -0.338486 
3.06 -4.8443 1.05246 16 -0.339234 -0.328444 -0.330606 -0.311065 -0.319957 -0.271162 -0.34558 -0.352246 -0.345582 -0.271164 -0.319948 -0.31106 -0.330596 -0.328434 -0.339228 
3.07 -4.84685 1.05536 16 -0.33993 -0.328289 -0.330566 -0.310924 -0.319698 -0.27191 -0.34581 -0.352635 -0.345812 -0.271912 -0.319689 -0.310919 -0.330556 -0.32828 -0.339923 
3.08 -4.84932 1.0582 16 -0.340573 -0.328143 -0.330525 -0.310785 -0.31944 -0.272664 -0.346041 -0.353009 -0.346043 -0.272666 -0.319431 -0.31078 -0.330515 -0.328133 -0.340567 
3.09 -4.85167 1.06099 16 -0.341157 -0.328004 -0.330483 -0.310648 -0.319184 -0.273424 -0.346272 -0.353368 -0.346274 -0.273426 -0.319175 -0.310643 -0.330474 -0.327994 -0.34115 
3.1 -4.85391 1.06374 16 -0.341674 -0.327871 -0.33044 -0.310512 -0.318929 -0.274189 -0.346504 -0.353711 -0.346506 -0.274191 -0.31892 -0.310508 -0.33043 -0.327861 -0.341667 
3.11 -4.85602 1.06644 16 -0.34212 -0.327744 -0.330396 -0.310379 -0.318676 -0.274959 -0.346736 -0.35404 -0.346738 -0.274961 -0.318667 -0.310374 -0.330386 -0.327734 -0.342113 
3.12 -4.858 1.06909 16 -0.34249 -0.327622 -0.330351 -0.310247 -0.318425 -0.275735 -0.346969 -0.354355 -0.346971 -0.275736 -0.318416 -0.310243 -0.330341 -0.327612 -0.342483 
3.13 -4.85982 1.07169 16 -0.342782 -0.327505 -0.330304 -0.310117 -0.318177 -0.276515 -0.347202 -0.354655 -0.347204 -0.276517 -0.318168 -0.310113 -0.330294 -0.327495 -0.342775 
3.14 -4.8615 1.07425 16 -0.342995 -0.327392 -0.330257 -0.309989 -0.31793 -0.2773 -0.347435 -0.354942 -0.347438 -0.277301 -0.317921 -0.309985 -0.330247 -0.327382 -0.342987 
3.15 -4.86303 1.07677 16 -0.343128 -0.327281 -0.330208 -0.309863 -0.317685 -0.278089 -0.347668 -0.355215 -0.347671 -0.27809 -0.317676 -0.309859 -0.330198 -0.327272 -0.343121 
3.16 -4.8644 1.07924 16 -0.343185 -0.327173 -0.330158 -0.309739 -0.317443 -0.278882 -0.347902 -0.355475 -0.347905 -0.278884 -0.317434 -0.309735 -0.330148 -0.327164 -0.343177 
3.17 -4.86564 1.08167 16 -0.343166 -0.327067 -0.330107 -0.309617 -0.317203 -0.27968 -0.348135 -0.355722 -0.348139 -0.279681 -0.317195 -0.309613 -0.330097 -0.327057 -0.343159 
3.18 -4.86673 1.08406 16 -0.343078 -0.326962 -0.330054 -0.309497 -0.316966 -0.280481 -0.348369 -0.355956 -0.348372 -0.280482 -0.316958 -0.309493 -0.330044 -0.326952 -0.34307 
3.19 -4.8677 1.08641 16 -0.342924 -0.326857 -0.330001 -0.30938 -0.316732 -0.281285 -0.348602 -0.356178 -0.348606 -0.281287 -0.316723 -0.309375 -0.329991 -0.326848 -0.342916 
3.2 -4.86855 1.08871 16 -0.342709 -0.326753 -0.329946 -0.309264 -0.3165 -0.282093 -0.348835 -0.356388 -0.348839 -0.282095 -0.316492 -0.30926 -0.329936 -0.326743 -0.342701 
3.21 -4.8693 1.09098 16 -0.342441 -0.326648 -0.32989 -0.30915 -0.316272 -0.282904 -0.349068 -0.356586 -0.349072 -0.282906 -0.316263 -0.309146 -0.32988 -0.326638 -0.342433 
3.22 -4.86994 1.09321 16 -0.342123 -0.326542 -0.329833 -0.309039 -0.316046 -0.283718 -0.349301 -0.356772 -0.349305 -0.283719 -0.316037 -0.309035 -0.329823 -0.326533 -0.342115 
3.23 -4.8705 1.09541 16 -0.341762 -0.326436 -0.329774 -0.308929 -0.315824 -0.284535 -0.349533 -0.356947 -0.349537 -0.284536 -0.315815 -0.308925 -0.329764 -0.326426 -0.341754 
3.24 -4.87098 1.09757 16 -0.341362 -0.326328 -0.329714 -0.308822 -0.315604 -0.285354 -0.349765 -0.357111 -0.349769 -0.285355 -0.315596 -0.308818 -0.329704 -0.326319 -0.341354 
3.25 -4.87139 1.09969 16 -0.340929 -0.326219 -0.329652 -0.308717 -0.315388 -0.286176 -0.349996 -0.357265 -0.350001 -0.286176 -0.31538 -0.308713 -0.329643 -0.326209 -0.340921 
3.26 -4.87174 1.10178 16 -0.340468 -0.326108 -0.32959 -0.308615 -0.315176 -0.286999 -0.350227 -0.357408 -0.350232 -0.287 -0.315167 -0.308611 -0.32958 -0.326099 -0.34046 
3.27 -4.87204 1.10384 16 -0.339981 -0.325996 -0.329525 -0.308514 -0.314967 -0.287824 -0.350457 -0.357541 -0.350462 -0.287825 -0.314959 -0.30851 -0.329515 -0.325986 -0.339973 
3.28 -4.87229 1.10587 16 -0.339474 -0.325881 -0.32946 -0.308416 -0.314762 -0.288651 -0.350687 -0.357665 -0.350692 -0.288652 -0.314754 -0.308412 -0.32945 -0.325872 -0.339466 
3.29 -4.87251 1.10786 16 -0.338948 -0.325765 -0.329392 -0.30832 -0.314561 -0.28948 -0.350915 -0.357778 -0.350921 -0.28948 -0.314552 -0.308317 -0.329382 -0.325755 -0.33894 
3.3 -4.87269 1.10983 16 -0.338408 -0.325647 -0.329323 -0.308227 -0.314364 -0.290309 -0.351143 -0.357883 -0.351149 -0.29031 -0.314355 -0.308223 -0.329313 -0.325637 -0.3384 
3.31 -4.87285 1.11177 16 -0.337855 -0.325526 -0.329253 -0.308136 -0.31417 -0.29114 -0.351371 -0.357978 -0.351376 -0.29114 -0.314162 -0.308132 -0.329243 -0.325517 -0.337846 
3.32 -4.87298 1.11369 16 -0.337291 -0.325404 -0.329181 -0.308047 -0.313981 -0.291971 -0.351597 -0.358065 -0.351603 -0.291972 -0.313973 -0.308044 -0.329171 -0.325395 -0.337283 
3.33 -4.87309 1.11557 16 -0.336719 -0.32528 -0.329107 -0.307961 -0.313796 -0.292803 -0.351822 -0.358143 -0.351828 -0.292804 -0.313788 -0.307958 -0.329097 -0.32527 -0.33671 
3.34 -4.87318 1.11744 16 -0.336139 -0.325154 -0.329031 -0.307877 -0.313616 -0.293635 -0.352047 -0.358213 -0.352053 -0.293636 -0.313607 -0.307874 -0.329021 -0.325144 -0.336131 
3.35 -4.87326 1.11928 16 -0.335554 -0.325025 -0.328954 -0.307796 -0.31344 -0.294468 -0.35227 -0.358275 -0.352276 -0.294468 -0.313431 -0.307793 -0.328944 -0.325016 -0.335546 
3.36 -4.87332 1.12109 16 -0.334965 -0.324895 -0.328875 -0.307717 -0.313268 -0.2953 -0.352492 -0.35833 -0.352499 -0.295301 -0.313259 -0.307714 -0.328865 -0.324886 -0.334956 
3.37 -4.87338 1.12289 16 -0.334372 -0.324763 -0.328794 -0.307641 -0.313101 -0.296133 -0.352713 -0.358377 -0.35272 -0.296133 -0.313092 -0.307638 -0.328784 -0.324753 -0.334363 
3.38 -4.87342 1.12467 16 -0.333776 -0.324629 -0.328711 -0.307567 -0.312939 -0.296964 -0.352933 -0.358416 -0.35294 -0.296965 -0.31293 -0.307564 -0.328701 -0.324619 -0.333767 
3.39 -4.87346 1.12643 16 -0.333178 -0.324493 -0.328626 -0.307496 -0.312782 -0.297796 -0.353152 -0.358449 -0.353159 -0.297796 -0.312773 -0.307493 -0.328616 -0.324484 -0.333169 
3.4 -4.87349 1.12817 16 -0.332579 -0.324355 -0.328539 -0.307427 -0.312629 -0.298626 -0.353369 -0.358476 -0.353377 -0.298626 -0.31262 -0.307424 -0.328529 -0.324346 -0.33257 
3.41 -4.87352 1.12989 16 -0.331978 -0.324216 -0.32845 -0.307361 -0.312482 -0.299455 -0.353585 -0.358496 -0.353593 -0.299456 -0.312473 -0.307358 -0.32844 -0.324206 -0.33197 
3.42 -4.87354 1.1316 16 -0.331377 -0.324075 -0.328359 -0.307298 -0.312339 -0.300284 -0.3538 -0.358509 -0.353808 -0.300284 -0.312331 -0.307295 -0.328349 -0.324065 -0.331369 
3.43 -4.87356 1.1333 16 -0.330776 -0.323932 -0.328266 -0.307237 -0.312202 -0.30111 -0.354013 -0.358517 -0.354021 -0.301111 -0.312194 -0.307234 -0.328256 -0.323923 -0.330768 
3.44 -4.87358 1.13498 16 -0.330175 -0.323788 -0.328171 -0.307178 -0.312071 -0.301936 -0.354225 -0.35852 -0.354233 -0.301936 -0.312062 -0.307175 -0.328161 -0.323778 -0.330167 
3.45 -4.87359 1.13666 16 -0.329575 -0.323642 -0.328074 -0.307123 -0.311944 -0.302759 -0.354436 -0.358516 -0.354444 -0.302759 -0.311936 -0.30712 -0.328064 -0.323633 -0.329566 
3.46 -4.8736 1.13832 16 -0.328974 -0.323495 -0.327974 -0.30707 -0.311823 -0.30358 -0.354645 -0.358508 -0.354653 -0.30358 -0.311815 -0.307067 -0.327964 -0.323485 -0.328966 
3.47 -4.87361 1.13997 16 -0.328375 -0.323346 -0.327873 -0.307019 -0.311708 -0.3044 -0.354852 -0.358495 -0.35486 -0.3044 -0.311699 -0.307016 -0.327863 -0.323337 -0.328366 
3.48 -4.87362 1.14162 16 -0.327776 -0.323196 -0.327769 -0.306972 -0.311598 -0.305217 -0.355058 -0.358477 -0.355066 -0.305217 -0.31159 -0.306969 -0.327759 -0.323187 -0.327767 
3.49 -4.87362 1.14326 16 -0.327178 -0.323045 -0.327662 -0.306927 -0.311494 -0.306031 -0.355262 -0.358454 -0.35527 -0.306031 -0.311486 -0.306924 -0.327653 -0.323036 -0.327169 
3.5 -4.87363 1.14489 16 -0.326581 -0.322893 -0.327554 -0.306884 -0.311396 -0.306843 -0.355464 -0.358428 -0.355473 -0.306843 -0.311388 -0.306882 -0.327544 -0.322883 -0.326573 
3.51 -4.87363 1.14652 16 -0.325985 -0.322739 -0.327443 -0.306845 -0.311304 -0.307652 -0.355665 -0.358397 -0.355674 -0.307652 -0.311295 -0.306842 -0.327433 -0.32273 -0.325977 
3.52 -4.87364 1.14815 16 -0.325391 -0.322584 -0.32733 -0.306808 -0.311218 -0.308457 -0.355864 -0.358363 -0.355873 -0.308457 -0.311209 -0.306805 -0.32732 -0.322575 -0.325382 
3.53 -4.87364 1.14977 16 -0.324797 -0.322429 -0.327214 -0.306774 -0.311137 -0.30926 -0.356061 -0.358324 -0.35607 -0.30926 -0.311128 -0.306771 -0.327204 -0.32242 -0.324788 
3.54 -4.87364 1.15139 16 -0.324205 -0.322272 -0.327096 -0.306742 -0.311063 -0.310059 -0.356257 -0.358283 -0.356266 -0.310059 -0.311054 -0.30674 -0.327086 -0.322263 -0.324196 
3.55 -4.87364 1.15302 16 -0.323613 -0.322115 -0.326975 -0.306714 -0.310995 -0.310855 -0.35645 -0.358238 -0.35646 -0.310855 -0.310986 -0.306711 -0.326966 -0.322105 -0.323604 
3.56 -4.87364 1.15464 16 -0.323023 -0.321956 -0.326852 -0.306688 -0.310933 -0.311647 -0.356642 -0.358191 -0.356652 -0.311647 -0.310924 -0.306686 -0.326843 -0.321947 -0.323014 
3.57 -4.87365 1.15627 16 -0.322434 -0.321797 -0.326727 -0.306665 -0.310877 -0.312435 -0.356832 -0.358141 -0.356842 -0.312435 -0.310869 -0.306663 -0.326717 -0.321788 -0.322425 
3.58 -4.87365 1.15791 16 -0.321846 -0.321638 -0.326599 -0.306645 -0.310828 -0.313219 -0.35702 -0.358088 -0.35703 -0.313219 -0.310819 -0.306642 -0.326589 -0.321628 -0.321837 
3.59 -4.87365 1.15954 16 -0.32126 -0.321477 -0.326468 -0.306627 -0.310785 -0.313999 -0.357206 -0.358033 -0.357216 -0.313999 -0.310776 -0.306625 -0.326458 -0.321468 -0.321251 
3.6 -4.87365 1.16119 16 -0.320674 -0.321316 -0.326335 -0.306612 -0.310749 -0.314775 -0.357391 -0.357975 -0.357401 -0.314774 -0.31074 -0.30661 -0.326325 -0.321307 -0.320665 
3.61 -4.87365 1.16284 16 -0.32009 -0.321155 -0.326199 -0.306601 -0.310719 -0.315546 -0.357573 -0.357916 -0.357583 -0.315545 -0.31071 -0.306598 -0.326189 -0.321146 -0.320081 
3.62 -4.87365 1.16449 16 -0.319507 -0.320993 -0.326061 -0.306591 -0.310695 -0.316312 -0.357753 -0.357855 -0.357764 -0.316312 -0.310686 -0.306589 -0.326051 -0.320984 -0.319498 
3.63 -4.87365 1.16616 16 -0.318925 -0.32083 -0.32592 -0.306585 -0.310678 -0.317074 -0.357932 -0.357792 -0.357942 -0.317074 -0.31067 -0.306583 -0.32591 -0.320821 -0.318916 
3.64 -4.87365 1.16784 16 -0.318344 -0.320668 -0.325776 -0.306582 -0.310668 -0.317831 -0.358108 -0.357728 -0.358118 -0.31783 -0.310659 -0.30658 -0.325766 -0.320659 -0.318335 
3.65 -4.87365 1.16953 16 -0.317764 -0.320505 -0.32563 -0.306581 -0.310665 -0.318582 -0.358282 -0.357663 -0.358293 -0.318582 -0.310656 -0.306579 -0.32562 -0.320496 -0.317755 
3.66 -4.87365 1.17123 16 -0.317185 -0.320342 -0.325481 -0.306583 -0.310668 -0.319329 -0.358454 -0.357597 -0.358465 -0.319329 -0.310659 -0.306581 -0.325471 -0.320333 -0.317176 
3.67 -4.87365 1.17294 16 -0.316608 -0.320178 -0.325329 -0.306588 -0.310678 -0.32007 -0.358624 -0.35753 -0.358635 -0.32007 -0.310669 -0.306586 -0.325319 -0.320169 -0.316599 
3.68 -4.87365 1.17467 16 -0.316031 -0.320015 -0.325174 -0.306596 -0.310694 -0.320806 -0.358793 -0.357462 -0.358804 -0.320806 -0.310685 -0.306594 -0.325165 -0.320006 -0.316022 
3.69 -4.87365 1.17641 16 -0.315456 -0.319851 -0.325017 -0.306606 -0.310718 -0.321536 -0.358959 -0.357394 -0.35897 -0.321536 -0.310709 -0.306604 -0.325008 -0.319842 -0.315446 
3.7 -4.87365 1.17817 16 -0.314881 -0.319688 -0.324858 -0.30662 -0.310748 -0.322261 -0.359122 -0.357325 -0.359134 -0.322261 -0.310739 -0.306618 -0.324848 -0.319679 -0.314872 
3.71 -4.87365 1.17995 16 -0.314308 -0.319524 -0.324695 -0.306636 -0.310785 -0.322979 -0.359284 -0.357256 -0.359295 -0.322979 -0.310776 -0.306634 -0.324686 -0.319515 -0.314298 
3.72 -4.87365 1.18174 16 -0.313735 -0.319361 -0.32453 -0.306655 -0.31083 -0.323692 -0.359444 -0.357187 -0.359455 -0.323692 -0.310821 -0.306653 -0.324521 -0.319352 -0.313726 
3.73 -4.87365 1.18355 16 -0.313164 -0.319198 -0.324362 -0.306677 -0.310881 -0.324399 -0.359601 -0.357118 -0.359613 -0.324399 -0.310872 -0.306675 -0.324353 -0.319189 -0.313154 
3.74 -4.87365 1.18538 16 -0.312593 -0.319035 -0.324192 -0.306701 -0.310938 -0.3251 -0.359757 -0.357049 -0.359768 -0.3251 -0.310929 -0.3067 -0.324182 -0.319026 -0.312583 
3.75 -4.87365 1.18723 16 -0.312023 -0.318872 -0.324018 -0.306729 -0.311003 -0.325794 -0.35991 -0.356981 -0.359921 -0.325794 -0.310994 -0.306727 -0.324009 -0.318863 -0.312014 
3.76 -4.87365 1.1891 16 -0.311454 -0.318709 -0.323842 -0.306759 -0.311075 -0.326482 -0.360061 -0.356913 -0.360073 -0.326482 -0.311066 -0.306757 -0.323833 -0.318701 -0.311445 
3.77 -4.87365 1.19099 17 -0.310886 -0.318547 -0.323664 -0.306792 -0.311154 -0.327164 -0.36021 -0.356846 -0.360222 -0.327164 -0.311145 -0.306791 -0.323654 -0.318538 -0.310877 
3.78 -4.87365 1.1929 17 -0.310319 -0.318386 -0.323482 -0.306828 -0.311239 -0.327839 -0.360357 -0.35678 -0.360368 -0.327839 -0.31123 -0.306826 -0.323473 -0.318377 -0.310309 
3.79 -4.87365 1.19484 17 -0.309753 -0.318224 -0.323298 -0.306867 -0.311332 -0.328507 -0.360501 -0.356714 -0.360513 -0.328508 -0.311323 -0.306865 -0.323289 -0.318216 -0.309743 
3.8 -4.87365 1.1968 17 -0.309187 -0.318064 -0.323112 -0.306908 -0.311431 -0.329169 -0.360644 -0.35665 -0.360656 -0.329169 -0.311422 -0.306906 -0.323102 -0.318055 -0.309178 
3.81 -4.87365 1.19878 17 -0.308623 -0.317903 -0.322922 -0.306952 -0.311538 -0.329824 -0.360784 -0.356587 -0.360796 -0.329824 -0.311529 -0.306951 -0.322913 -0.317895 -0.308613 
3.82 -4.87365 1.20079 17 -0.308059 -0.317744 -0.32273 -0.306999 -0.311651 -0.330472 -0.360922 -0.356525 -0.360934 -0.330473 -0.311642 -0.306998 -0.322721 -0.317735 -0.308049 
3.83 -4.87365 1.20282 17 -0.307496 -0.317585 -0.322536 -0.307049 -0.311772 -0.331113 -0.361058 -0.356464 -0.36107 -0.331114 -0.311762 -0.307047 -0.322526 -0.317576 -0.307486 
3.84 -4.87365 1.20488 17 -0.306933 -0.317426 -0.322338 -0.307101 -0.311899 -0.331747 -0.361192 -0.356405 -0.361204 -0.331748 -0.31189 -0.3071 -0.322329 -0.317417 -0.306923 
3.85 -4.87365 1.20697 17 -0.306371 -0.317268 -0.322139 -0.307156 -0.312033 -0.332375 -0.361323 -0.356348 -0.361335 -0.332375 -0.312024 -0.307155 -0.322129 -0.31726 -0.306362 
3.86 -4.87365 1.20908 17 -0.30581 -0.317111 -0.321936 -0.307214 -0.312174 -0.332994 -0.361452 -0.356292 -0.361465 -0.332995 -0.312165 -0.307213 -0.321927 -0.317103 -0.305801 
3.87 -4.87365 1.21121 18 -0.30525 -0.316955 -0.321731 -0.307275 -0.312322 -0.333607 -0.36158 -0.356238 -0.361592 -0.333608 -0.312313 -0.307273 -0.321722 -0.316947 -0.30524 
3.88 -4.87365 1.21338 18 -0.304691 -0.3168 -0.321524 -0.307338 -0.312477 -0.334213 -0.361705 -0.356186 -0.361717 -0.334213 -0.312467 -0.307337 -0.321514 -0.316791 -0.304681 
3.89 -4.87365 1.21557 18 -0.304132 -0.316645 -0.321314 -0.307404 -0.312638 -0.334811 -0.361828 -0.356136 -0.36184 -0.334811 -0.312629 -0.307403 -0.321305 -0.316637 -0.304122 
3.9 -4.87365 1.21779 18 -0.303573 -0.316492 -0.321101 -0.307473 -0.312806 -0.335401 -0.361948 -0.356088 -0.361961 -0.335402 -0.312797 -0.307471 -0.321092 -0.316483 -0.303563 
3.91 -4.87365 1.22004 18 -0.303016 -0.316339 -0.320886 -0.307544 -0.312981 -0.335985 -0.362067 -0.356043 -0.36208 -0.335985 -0.312972 -0.307543 -0.320877 -0.31633 -0.303006 
3.92 -4.87365 1.22232 18 -0.302459 -0.316187 -0.320669 -0.307618 -0.313163 -0.33656 -0.362184 -0.355999 -0.362196 -0.336561 -0.313153 -0.307617 -0.32066 -0.316179 -0.302448 
3.93 -4.87365 1.22462 18 -0.301902 -0.316036 -0.32045 -0.307694 -0.313351 -0.337129 -0.362298 -0.355958 -0.362311 -0.33713 -0.313342 -0.307693 -0.320441 -0.316028 -0.301892 
3.94 -4.87365 1.22696 18 -0.301346 -0.315886 -0.320228 -0.307774 -0.313546 -0.337689 -0.36241 -0.35592 -0.362423 -0.33769 -0.313536 -0.307772 -0.320219 -0.315878 -0.301336 
3.95 -4.87365 1.22932 18 -0.300791 -0.315738 -0.320003 -0.307855 -0.313747 -0.338242 -0.36252 -0.355883 -0.362533 -0.338244 -0.313738 -0.307854 -0.319994 -0.315729 -0.300781 
3.96 -4.87365 1.23172 18 -0.300236 -0.31559 -0.319777 -0.30794 -0.313955 -0.338788 -0.362628 -0.35585 -0.362641 -0.338789 -0.313946 -0.307938 -0.319768 -0.315581 -0.300226 
3.97 -4.87365 1.23414 18 -0.299682 -0.315443 -0.319548 -0.308026 -0.31417 -0.339326 -0.362734 -0.355819 -0.362747 -0.339327 -0.31416 -0.308025 -0.319539 -0.315435 -0.299672 
3.98 -4.87365 1.23659 18 -0.299128 -0.315297 -0.319317 -0.308116 -0.31439 -0.339856 -0.362838 -0.35579 -0.362851 -0.339857 -0.314381 -0.308115 -0.319308 -0.315289 -0.299118 
3.99 -4.87365 1.23907 18 -0.298575 -0.315153 -0.319084 -0.308208 -0.314618 -0.340378 -0.36294 -0.355765 -0.362953 -0.34038 -0.314608 -0.308206 -0.319075 -0.315145 -0.298565 
4 -4.87365 1.24158 18 -0.298022 -0.31501 -0.318849 -0.308302 -0.314851 -0.340893 -0.36304 -0.355742 -0.363052 -0.340895 -0.314841 -0.308301 -0.31884 -0.315001 -0.298012 
4.01 -4.87365 1.24412 19 -0.29747 -0.314868 -0.318612 -0.308399 -0.315091 -0.3414 -0.363138 -0.355722 -0.36315 -0.341402 -0.315081 -0.308398 -0.318603 -0.314859 -0.29746 
4.02 -4.87365 1.24669 19 -0.296919 -0.314727 -0.318373 -0.308498 -0.315336 -0.3419 -0.363233 -0.355705 -0.363246 -0.341901 -0.315327 -0.308497 -0.318364 -0.314718 -0.296908 
4.03 -4.87365 1.24929 19 -0.296367 -0.314587 -0.318132 -0.3086 -0.315588 -0.342391 -0.363327 -0.355691 -0.36334 -0.342393 -0.315579 -0.308599 -0.318123 -0.314579 -0.296357 
4.04 -4.87365 1.25192 19 -0.295817 -0.314448 -0.317889 -0.308704 -0.315846 -0.342875 -0.363419 -0.35568 -0.363431 -0.342877 -0.315836 -0.308703 -0.317881 -0.31444 -0.295806 
4.05 -4.87365 1.25458 20 -0.295266 -0.314311 -0.317645 -0.308811 -0.31611 -0.343351 -0.363508 -0.355672 -0.363521 -0.343353 -0.3161 -0.30881 -0.317636 -0.314303 -0.295256 
4.06 -4.87365 1.25726 20 -0.294717 -0.314175 -0.317398 -0.30892 -0.31638 -0.34382 -0.363596 -0.355667 -0.363609 -0.343822 -0.31637 -0.308919 -0.31739 -0.314167 -0.294706 
4.07 -4.87365 1.25998 20 -0.294167 -0.31404 -0.31715 -0.309031 -0.316655 -0.34428 -0.363682 -0.355665 -0.363695 -0.344283 -0.316645 -0.30903 -0.317142 -0.314032 -0.294156 
4.08 -4.87365 1.26272 20 -0.293618 -0.313907 -0.3169 -0.309144 -0.316937 -0.344733 -0.363766 -0.355666 -0.363778 -0.344736 -0.316927 -0.309143 -0.316892 -0.313898 -0.293607 
4.09 -4.87365 1.26549 20 -0.29307 -0.313774 -0.316649 -0.30926 -0.317223 -0.345178 -0.363848 -0.35567 -0.36386 -0.345181 -0.317213 -0.309259 -0.316641 -0.313766 -0.293059 
4.1 -4.87365 1.2683 21 -0.292521 -0.313643 -0.316396 -0.309378 -0.317516 -0.345616 -0.363928 -0.355678 -0.36394 -0.345619 -0.317506 -0.309377 -0.316388 -0.313635 -0.292511 
4.11 -4.87365 1.27112 21 -0.291974 -0.313514 -0.316142 -0.309499 -0.317813 -0.346046 -0.364006 -0.355689 -0.364019 -0.346049 -0.317804 -0.309498 -0.316134 -0.313506 -0.291963 
4.12 -4.87365 1.27398 21 -0.291426 -0.313385 -0.315887 -0.309621 -0.318117 -0.346468 -0.364083 -0.355703 -0.364095 -0.346471 -0.318107 -0.30962 -0.315878 -0.313377 -0.291415 
4.13 -4.87365 1.27686 21 -0.290879 -0.313258 -0.31563 -0.309746 -0.318425 -0.346883 -0.364157 -0.35572 -0.364169 -0.346886 -0.318415 -0.309745 -0.315621 -0.31325 -0.290868 
4.14 -4.87365 1.27977 21 -0.290333 -0.313133 -0.315371 -0.309873 -0.318739 -0.34729 -0.36423 -0.35574 -0.364242 -0.347293 -0.318729 -0.309872 -0.315363 -0.313125 -0.290322 
4.15 -4.87365 1.28271 21 -0.289786 -0.313008 -0.315112 -0.310002 -0.319057 -0.347689 -0.364301 -0.355764 -0.364313 -0.347692 -0.319047 -0.310001 -0.315104 -0.313001 -0.289776 
4.16 -4.87365 1.28567 21 -0.289241 -0.312885 -0.314852 -0.310133 -0.319381 -0.348081 -0.36437 -0.355791 -0.364382 -0.348084 -0.319371 -0.310132 -0.314843 -0.312878 -0.28923 
4.17 -4.87365 1.28866 22 -0.288695 -0.312764 -0.31459 -0.310266 -0.31971 -0.348465 -0.364438 -0.355821 -0.364449 -0.348469 -0.319699 -0.310265 -0.314582 -0.312756 -0.288684 
4.18 -4.87365 1.29167 22 -0.28815 -0.312643 -0.314328 -0.310401 -0.320043 -0.348842 -0.364503 -0.355854 -0.364515 -0.348846 -0.320033 -0.3104 -0.31432 -0.312636 -0.288139 
4.19 -4.87365 1.29471 22 -0.287605 -0.312524 -0.314065 -0.310538 -0.320381 -0.349212 -0.364567 -0.355891 -0.364579 -0.349216 -0.320371 -0.310537 -0.314056 -0.312517 -0.287594 
4.2 -4.87365 1.29777 22 -0.287061 -0.312407 -0.313801 -0.310677 -0.320723 -0.349574 -0.36463 -0.355931 -0.364641 -0.349578 -0.320713 -0.310676 -0.313792 -0.312399 -0.28705 
4.21 -4.87365 1.30085 22 -0.286517 -0.31229 -0.313536 -0.310818 -0.32107 -0.349929 -0.36469 -0.355974 -0.364702 -0.349933 -0.32106 -0.310817 -0.313528 -0.312283 -0.286506 
4.22 -4.87365 1.30396 22 -0.285973 -0.312175 -0.313271 -0.310961 -0.321422 -0.350277 -0.364749 -0.35602 -0.364761 -0.350281 -0.321411 -0.31096 -0.313263 -0.312168 -0.285962 
4.23 -4.87365 1.30709 23 -0.285429 -0.312062 -0.313005 -0.311106 -0.321777 -0.350617 -0.364807 -0.35607 -0.364818 -0.350621 -0.321767 -0.311105 -0.312997 -0.312054 -0.285418 
4.24 -4.87365 1.31025 23 -0.284886 -0.311949 -0.312739 -0.311253 -0.322137 -0.35095 -0.364862 -0.356123 -0.364874 -0.350955 -0.322126 -0.311252 -0.312731 -0.311942 -0.284875 
4.25 -4.87365 1.31342 23 -0.284344 -0.311838 -0.312472 -0.311401 -0.3225 -0.351276 -0.364917 -0.356179 -0.364928 -0.351281 -0.32249 -0.3114 -0.312464 -0.31183 -0.284332 
4.26 -4.87365 1.31662 23 -0.283801 -0.311728 -0.312205 -0.311552 -0.322868 -0.351595 -0.364969 -0.356238 -0.364981 -0.3516 -0.322858 -0.31155 -0.312197 -0.311721 -0.28379 
4.27 -4.87365 1.31983 23 -0.283259 -0.31162 -0.311938 -0.311703 -0.323239 -0.351907 -0.365021 -0.3563 -0.365032 -0.351913 -0.323229 -0.311702 -0.31193 -0.311612 -0.283248 
4.28 -4.87365 1.32307 23 -0.282717 -0.311513 -0.311671 -0.311857 -0.323614 -0.352213 -0.36507 -0.356366 -0.365081 -0.352218 -0.323604 -0.311856 -0.311663 -0.311505 -0.282706 
4.29 -4.87365 1.32632 23 -0.282176 -0.311407 -0.311404 -0.312012 -0.323993 -0.352511 -0.365119 -0.356434 -0.365129 -0.352516 -0.323982 -0.312011 -0.311396 -0.311399 -0.282164 
4.3 -4.87365 1.32959 23 -0.281635 -0.311302 -0.311136 -0.312169 -0.324374 -0.352802 -0.365165 -0.356506 -0.365176 -0.352808 -0.324364 -0.312168 -0.311128 -0.311295 -0.281623 
4.31 -4.87365 1.33288 23 -0.281094 -0.311199 -0.310869 -0.312328 -0.324759 -0.353087 -0.365211 -0.35658 -0.365221 -0.353093 -0.324749 -0.312326 -0.310862 -0.311191 -0.281083 
4.32 -4.87365 1.33619 23 -0.280553 -0.311096 -0.310603 -0.312488 -0.325148 -0.353365 -0.365255 -0.356658 -0.365265 -0.353371 -0.325137 -0.312487 -0.310595 -0.311089 -0.280542 
