time energy maxBondDim localEnergy 
0 -6.91174 37 -0.654357 -0.293102 -0.568737 -0.334223 -0.544405 -0.348861 -0.535766 -0.352834 -0.535766 -0.348861 -0.544405 -0.334223 -0.568737 -0.293102 -0.654357 
0 -4.73801 4 -0.322903 -0.314053 -0.314653 -0.31468 -0.314768 -0.314929 -0.315267 -0.315502 -0.315267 -0.314929 -0.314768 -0.31468 -0.314653 -0.314053 -0.322903 
0.01 -4.73801 4 -0.322903 -0.314053 -0.314653 -0.31468 -0.314768 -0.314929 -0.315267 -0.315502 -0.315267 -0.314929 -0.314768 -0.31468 -0.314653 -0.314053 -0.322903 
0.02 -4.73801 4 -0.322903 -0.314053 -0.314653 -0.31468 -0.314768 -0.314929 -0.315267 -0.315502 -0.315267 -0.314929 -0.314768 -0.31468 -0.314653 -0.314053 -0.322903 
0.03 -4.73801 4 -0.322903 -0.314053 -0.314653 -0.31468 -0.314768 -0.31493 -0.315268 -0.315503 -0.315268 -0.31493 -0.314768 -0.31468 -0.314653 -0.314053 -0.322903 
0.04 -4.73802 4 -0.322903 -0.314053 -0.314653 -0.31468 -0.314768 -0.31493 -0.31527 -0.315505 -0.31527 -0.31493 -0.314768 -0.31468 -0.314653 -0.314053 -0.322903 
0.05 -4.73803 4 -0.322903 -0.314053 -0.314653 -0.31468 -0.314769 -0.314931 -0.315272 -0.315508 -0.315272 -0.314931 -0.314769 -0.31468 -0.314653 -0.314053 -0.322903 
0.06 -4.73805 4 -0.322903 -0.314053 -0.314653 -0.31468 -0.31477 -0.314933 -0.315275 -0.315512 -0.315275 -0.314933 -0.31477 -0.31468 -0.314653 -0.314053 -0.322903 
0.07 -4.73807 4 -0.322903 -0.314053 -0.314653 -0.314681 -0.314771 -0.314935 -0.315279 -0.315518 -0.315279 -0.314935 -0.314771 -0.314681 -0.314653 -0.314053 -0.322903 
0.08 -4.7381 4 -0.322902 -0.314053 -0.314654 -0.314681 -0.314772 -0.314938 -0.315285 -0.315526 -0.315285 -0.314938 -0.314772 -0.314681 -0.314654 -0.314053 -0.322903 
0.09 -4.73814 4 -0.322902 -0.314053 -0.314654 -0.314682 -0.314774 -0.314942 -0.315293 -0.315536 -0.315293 -0.314942 -0.314774 -0.314682 -0.314654 -0.314053 -0.322903 
0.1 -4.73819 4 -0.322902 -0.314053 -0.314654 -0.314683 -0.314777 -0.314947 -0.315302 -0.315549 -0.315302 -0.314947 -0.314777 -0.314683 -0.314654 -0.314053 -0.322903 
0.11 -4.73825 4 -0.322902 -0.314053 -0.314655 -0.314685 -0.31478 -0.314953 -0.315314 -0.315564 -0.315314 -0.314953 -0.31478 -0.314685 -0.314655 -0.314053 -0.322903 
0.12 -4.73832 4 -0.322902 -0.314053 -0.314656 -0.314687 -0.314783 -0.31496 -0.315328 -0.315583 -0.315328 -0.31496 -0.314783 -0.314687 -0.314656 -0.314053 -0.322903 
0.13 -4.73841 4 -0.322902 -0.314054 -0.314657 -0.314689 -0.314788 -0.314968 -0.315344 -0.315605 -0.315344 -0.314968 -0.314788 -0.314689 -0.314657 -0.314054 -0.322903 
0.14 -4.73851 4 -0.322902 -0.314054 -0.314658 -0.314692 -0.314793 -0.314978 -0.315363 -0.31563 -0.315363 -0.314978 -0.314793 -0.314692 -0.314658 -0.314054 -0.322904 
0.15 -4.73863 4 -0.322902 -0.314055 -0.31466 -0.314695 -0.314799 -0.314989 -0.315386 -0.31566 -0.315386 -0.314989 -0.314799 -0.314695 -0.31466 -0.314055 -0.322904 
0.16 -4.73877 4 -0.322902 -0.314056 -0.314661 -0.314698 -0.314806 -0.315003 -0.315411 -0.315694 -0.315411 -0.315002 -0.314806 -0.314698 -0.314661 -0.314055 -0.322904 
0.17 -4.73892 4 -0.322902 -0.314056 -0.314663 -0.314702 -0.314814 -0.315018 -0.31544 -0.315732 -0.31544 -0.315017 -0.314814 -0.314702 -0.314663 -0.314056 -0.322905 
0.18 -4.7391 4 -0.322902 -0.314057 -0.314666 -0.314707 -0.314823 -0.315034 -0.315473 -0.315776 -0.315473 -0.315034 -0.314823 -0.314707 -0.314666 -0.314057 -0.322905 
0.19 -4.7393 4 -0.322903 -0.314059 -0.314668 -0.314712 -0.314833 -0.315053 -0.31551 -0.315824 -0.31551 -0.315053 -0.314833 -0.314712 -0.314668 -0.314058 -0.322906 
0.2 -4.73952 4 -0.322903 -0.31406 -0.314671 -0.314718 -0.314844 -0.315075 -0.315551 -0.315878 -0.31555 -0.315075 -0.314844 -0.314718 -0.314671 -0.31406 -0.322906 
0.21 -4.73977 4 -0.322903 -0.314061 -0.314674 -0.314724 -0.314857 -0.315098 -0.315596 -0.315938 -0.315596 -0.315098 -0.314857 -0.314724 -0.314674 -0.314061 -0.322907 
0.22 -4.74004 4 -0.322904 -0.314063 -0.314678 -0.314732 -0.314871 -0.315124 -0.315646 -0.316004 -0.315645 -0.315124 -0.314871 -0.314732 -0.314678 -0.314063 -0.322908 
0.23 -4.74034 4 -0.322905 -0.314065 -0.314682 -0.31474 -0.314886 -0.315153 -0.3157 -0.316076 -0.3157 -0.315153 -0.314886 -0.31474 -0.314682 -0.314065 -0.322909 
0.24 -4.74067 4 -0.322906 -0.314067 -0.314687 -0.314749 -0.314903 -0.315184 -0.31576 -0.316155 -0.31576 -0.315184 -0.314903 -0.314749 -0.314687 -0.314067 -0.32291 
0.25 -4.74102 4 -0.322907 -0.31407 -0.314692 -0.314758 -0.314921 -0.315218 -0.315825 -0.31624 -0.315824 -0.315218 -0.314921 -0.314758 -0.314692 -0.314069 -0.322912 
0.26 -4.74141 4 -0.322908 -0.314073 -0.314697 -0.314769 -0.314941 -0.315255 -0.315895 -0.316333 -0.315895 -0.315255 -0.314941 -0.314769 -0.314697 -0.314072 -0.322913 
0.27 -4.74183 4 -0.322909 -0.314076 -0.314703 -0.31478 -0.314963 -0.315295 -0.315971 -0.316433 -0.315971 -0.315295 -0.314963 -0.31478 -0.314703 -0.314075 -0.322915 
0.28 -4.74228 4 -0.322911 -0.314079 -0.31471 -0.314793 -0.314986 -0.315338 -0.316053 -0.31654 -0.316052 -0.315338 -0.314986 -0.314793 -0.31471 -0.314078 -0.322917 
0.29 -4.74277 4 -0.322913 -0.314082 -0.314717 -0.314806 -0.315011 -0.315384 -0.31614 -0.316656 -0.31614 -0.315384 -0.315011 -0.314806 -0.314717 -0.314082 -0.322919 
0.3 -4.74329 4 -0.322915 -0.314086 -0.314724 -0.314821 -0.315038 -0.315434 -0.316234 -0.316779 -0.316234 -0.315434 -0.315038 -0.314821 -0.314724 -0.314086 -0.322921 
0.31 -4.74385 4 -0.322917 -0.31409 -0.314732 -0.314836 -0.315067 -0.315487 -0.316335 -0.316911 -0.316334 -0.315487 -0.315067 -0.314836 -0.314732 -0.31409 -0.322923 
0.32 -4.74444 4 -0.322919 -0.314095 -0.314741 -0.314853 -0.315098 -0.315544 -0.316442 -0.317051 -0.316441 -0.315544 -0.315098 -0.314853 -0.314741 -0.314094 -0.322926 
0.33 -4.74507 4 -0.322922 -0.3141 -0.314751 -0.314871 -0.315131 -0.315604 -0.316555 -0.317201 -0.316555 -0.315604 -0.315131 -0.314871 -0.314751 -0.314099 -0.322929 
0.34 -4.74575 4 -0.322924 -0.314105 -0.314761 -0.31489 -0.315167 -0.315668 -0.316676 -0.317359 -0.316676 -0.315668 -0.315166 -0.31489 -0.314761 -0.314104 -0.322932 
0.35 -4.74646 4 -0.322927 -0.314111 -0.314772 -0.31491 -0.315204 -0.315737 -0.316804 -0.317526 -0.316803 -0.315737 -0.315204 -0.31491 -0.314772 -0.31411 -0.322935 
0.36 -4.74722 4 -0.322931 -0.314117 -0.314783 -0.314931 -0.315244 -0.315809 -0.316939 -0.317703 -0.316938 -0.315809 -0.315244 -0.314931 -0.314783 -0.314116 -0.322939 
0.37 -4.74801 4 -0.322934 -0.314123 -0.314795 -0.314954 -0.315286 -0.315885 -0.317081 -0.317889 -0.317081 -0.315885 -0.315286 -0.314954 -0.314795 -0.314122 -0.322943 
0.38 -4.74886 4 -0.322938 -0.31413 -0.314808 -0.314978 -0.31533 -0.315966 -0.317231 -0.318085 -0.317231 -0.315966 -0.31533 -0.314978 -0.314808 -0.314129 -0.322947 
0.39 -4.74974 4 -0.322942 -0.314137 -0.314822 -0.315004 -0.315377 -0.316051 -0.317389 -0.318292 -0.317389 -0.316051 -0.315377 -0.315004 -0.314822 -0.314136 -0.322951 
0.4 -4.75068 4 -0.322947 -0.314145 -0.314836 -0.315031 -0.315427 -0.316141 -0.317555 -0.318508 -0.317555 -0.31614 -0.315427 -0.315031 -0.314836 -0.314144 -0.322956 
0.41 -4.75166 4 -0.322952 -0.314153 -0.314852 -0.315059 -0.315479 -0.316235 -0.317729 -0.318735 -0.317729 -0.316235 -0.315479 -0.315059 -0.314852 -0.314152 -0.322961 
0.42 -4.75269 4 -0.322957 -0.314162 -0.314868 -0.315089 -0.315534 -0.316334 -0.317912 -0.318973 -0.317911 -0.316333 -0.315534 -0.315089 -0.314868 -0.314161 -0.322966 
0.43 -4.75377 4 -0.322962 -0.314171 -0.314885 -0.315121 -0.315592 -0.316437 -0.318103 -0.319221 -0.318102 -0.316437 -0.315592 -0.315121 -0.314885 -0.31417 -0.322971 
0.44 -4.7549 4 -0.322968 -0.31418 -0.314903 -0.315154 -0.315652 -0.316546 -0.318302 -0.319481 -0.318302 -0.316546 -0.315652 -0.315154 -0.314903 -0.314179 -0.322977 
0.45 -4.75608 4 -0.322974 -0.31419 -0.314922 -0.315189 -0.315716 -0.31666 -0.31851 -0.319751 -0.31851 -0.31666 -0.315716 -0.315189 -0.314922 -0.314189 -0.322984 
0.46 -4.75732 4 -0.322981 -0.314201 -0.314942 -0.315225 -0.315783 -0.316779 -0.318728 -0.320033 -0.318727 -0.316779 -0.315782 -0.315225 -0.314942 -0.3142 -0.32299 
0.47 -4.75861 4 -0.322988 -0.314212 -0.314963 -0.315264 -0.315852 -0.316904 -0.318954 -0.320327 -0.318954 -0.316903 -0.315852 -0.315264 -0.314962 -0.314211 -0.322997 
0.48 -4.75995 4 -0.322995 -0.314224 -0.314984 -0.315304 -0.315926 -0.317034 -0.31919 -0.320632 -0.319189 -0.317033 -0.315925 -0.315304 -0.314984 -0.314223 -0.323005 
0.49 -4.76136 4 -0.323003 -0.314236 -0.315007 -0.315346 -0.316002 -0.317169 -0.319435 -0.32095 -0.319435 -0.317169 -0.316002 -0.315346 -0.315007 -0.314235 -0.323012 
0.5 -4.76282 4 -0.323011 -0.314249 -0.315031 -0.31539 -0.316082 -0.317311 -0.319691 -0.321279 -0.31969 -0.317311 -0.316082 -0.31539 -0.315031 -0.314248 -0.32302 
0.51 -4.76434 4 -0.32302 -0.314263 -0.315057 -0.315436 -0.316165 -0.317459 -0.319956 -0.321621 -0.319955 -0.317458 -0.316165 -0.315436 -0.315057 -0.314262 -0.323029 
0.52 -4.76592 4 -0.323029 -0.314277 -0.315083 -0.315484 -0.316253 -0.317612 -0.320231 -0.321976 -0.32023 -0.317612 -0.316252 -0.315484 -0.315083 -0.314276 -0.323038 
0.53 -4.76757 4 -0.323039 -0.314292 -0.315111 -0.315535 -0.316344 -0.317773 -0.320516 -0.322343 -0.320515 -0.317772 -0.316344 -0.315535 -0.315111 -0.314291 -0.323048 
0.54 -4.76928 4 -0.323049 -0.314307 -0.315139 -0.315587 -0.316439 -0.317939 -0.320812 -0.322724 -0.320811 -0.317939 -0.316439 -0.315587 -0.315139 -0.314306 -0.323058 
0.55 -4.77105 4 -0.323059 -0.314323 -0.31517 -0.315643 -0.316538 -0.318113 -0.321118 -0.323117 -0.321118 -0.318112 -0.316538 -0.315642 -0.31517 -0.314323 -0.323068 
0.56 -4.77289 4 -0.32307 -0.31434 -0.315201 -0.3157 -0.316641 -0.318293 -0.321436 -0.323523 -0.321435 -0.318292 -0.316641 -0.3157 -0.315201 -0.31434 -0.323079 
0.57 -4.77481 4 -0.323082 -0.314358 -0.315234 -0.31576 -0.316749 -0.31848 -0.321764 -0.323944 -0.321763 -0.31848 -0.316749 -0.31576 -0.315234 -0.314357 -0.323091 
0.58 -4.77679 4 -0.323094 -0.314377 -0.315269 -0.315823 -0.316861 -0.318675 -0.322104 -0.324377 -0.322103 -0.318674 -0.316861 -0.315823 -0.315269 -0.314376 -0.323103 
0.59 -4.77884 4 -0.323107 -0.314396 -0.315305 -0.315888 -0.316978 -0.318877 -0.322455 -0.324825 -0.322454 -0.318876 -0.316978 -0.315888 -0.315305 -0.314395 -0.323115 
0.6 -4.78097 4 -0.323121 -0.314417 -0.315343 -0.315957 -0.3171 -0.319087 -0.322817 -0.325286 -0.322816 -0.319086 -0.3171 -0.315956 -0.315343 -0.314416 -0.323129 
0.61 -4.78318 4 -0.323135 -0.314438 -0.315382 -0.316028 -0.317227 -0.319305 -0.323191 -0.325761 -0.323191 -0.319304 -0.317227 -0.316028 -0.315382 -0.314437 -0.323143 
0.62 -4.78546 4 -0.32315 -0.31446 -0.315423 -0.316102 -0.317359 -0.319531 -0.323578 -0.326251 -0.323577 -0.31953 -0.317359 -0.316102 -0.315423 -0.314459 -0.323157 
0.63 -4.78782 4 -0.323165 -0.314483 -0.315466 -0.31618 -0.317497 -0.319765 -0.323976 -0.326755 -0.323975 -0.319765 -0.317496 -0.31618 -0.315466 -0.314483 -0.323172 
0.64 -4.79027 4 -0.323182 -0.314508 -0.315511 -0.316261 -0.31764 -0.320008 -0.324387 -0.327273 -0.324386 -0.320008 -0.31764 -0.316261 -0.315511 -0.314507 -0.323188 
0.65 -4.7928 4 -0.323199 -0.314533 -0.315558 -0.316346 -0.317789 -0.320261 -0.32481 -0.327805 -0.324809 -0.32026 -0.317789 -0.316345 -0.315558 -0.314532 -0.323205 
0.66 -4.79541 4 -0.323216 -0.31456 -0.315607 -0.316434 -0.317944 -0.320522 -0.325246 -0.328353 -0.325245 -0.320521 -0.317944 -0.316434 -0.315607 -0.314559 -0.323223 
0.67 -4.79811 4 -0.323235 -0.314587 -0.315658 -0.316526 -0.318106 -0.320792 -0.325694 -0.328914 -0.325693 -0.320792 -0.318106 -0.316526 -0.315658 -0.314587 -0.323241 
0.68 -4.80091 4 -0.323254 -0.314616 -0.315712 -0.316622 -0.318274 -0.321073 -0.326156 -0.32949 -0.326155 -0.321072 -0.318274 -0.316622 -0.315712 -0.314615 -0.32326 
0.69 -4.80379 4 -0.323275 -0.314646 -0.315768 -0.316722 -0.318449 -0.321363 -0.32663 -0.330081 -0.326629 -0.321362 -0.318449 -0.316722 -0.315767 -0.314646 -0.32328 
0.7 -4.80676 4 -0.323296 -0.314678 -0.315826 -0.316827 -0.318631 -0.321663 -0.327117 -0.330686 -0.327116 -0.321663 -0.318631 -0.316826 -0.315826 -0.314677 -0.323301 
0.71 -4.80984 4 -0.323318 -0.314711 -0.315887 -0.316936 -0.31882 -0.321974 -0.327618 -0.331306 -0.327616 -0.321973 -0.31882 -0.316936 -0.315887 -0.314711 -0.323323 
0.72 -4.813 4 -0.323342 -0.314746 -0.315951 -0.31705 -0.319017 -0.322295 -0.328131 -0.33194 -0.32813 -0.322295 -0.319017 -0.317049 -0.315951 -0.314745 -0.323346 
0.73 -4.81627 4 -0.323366 -0.314782 -0.316018 -0.317168 -0.319222 -0.322628 -0.328658 -0.332588 -0.328657 -0.322627 -0.319221 -0.317168 -0.316018 -0.314782 -0.32337 
0.74 -4.81964 4 -0.323392 -0.31482 -0.316087 -0.317292 -0.319434 -0.322971 -0.329198 -0.33325 -0.329196 -0.32297 -0.319434 -0.317292 -0.316087 -0.314819 -0.323396 
0.75 -4.82311 4 -0.323418 -0.31486 -0.31616 -0.317422 -0.319655 -0.323326 -0.329751 -0.333925 -0.329749 -0.323325 -0.319655 -0.317421 -0.31616 -0.314859 -0.323422 
0.76 -4.82668 4 -0.323446 -0.314901 -0.316237 -0.317557 -0.319885 -0.323692 -0.330317 -0.334615 -0.330315 -0.323692 -0.319885 -0.317556 -0.316237 -0.314901 -0.32345 
0.77 -4.83036 4 -0.323476 -0.314945 -0.316316 -0.317697 -0.320124 -0.32407 -0.330896 -0.335318 -0.330894 -0.32407 -0.320123 -0.317697 -0.316316 -0.314944 -0.323479 
0.78 -4.83415 4 -0.323506 -0.31499 -0.3164 -0.317844 -0.320372 -0.324461 -0.331488 -0.336033 -0.331486 -0.32446 -0.320371 -0.317844 -0.3164 -0.31499 -0.323509 
0.79 -4.83805 4 -0.323538 -0.315038 -0.316487 -0.317997 -0.320629 -0.324863 -0.332093 -0.336762 -0.332091 -0.324862 -0.320629 -0.317997 -0.316487 -0.315037 -0.323541 
0.8 -4.84206 4 -0.323572 -0.315088 -0.316578 -0.318157 -0.320896 -0.325277 -0.33271 -0.337502 -0.332708 -0.325276 -0.320896 -0.318156 -0.316578 -0.315087 -0.323574 
0.81 -4.84618 4 -0.323607 -0.31514 -0.316674 -0.318323 -0.321174 -0.325704 -0.33334 -0.338255 -0.333338 -0.325703 -0.321173 -0.318323 -0.316673 -0.315139 -0.323609 
0.82 -4.85041 4 -0.323644 -0.315195 -0.316773 -0.318497 -0.321461 -0.326144 -0.333982 -0.339018 -0.33398 -0.326143 -0.321461 -0.318497 -0.316773 -0.315194 -0.323645 
0.83 -4.85475 4 -0.323682 -0.315252 -0.316878 -0.318678 -0.32176 -0.326596 -0.334635 -0.339793 -0.334634 -0.326595 -0.321759 -0.318678 -0.316878 -0.315251 -0.323684 
0.84 -4.85921 4 -0.323722 -0.315312 -0.316987 -0.318867 -0.322069 -0.327061 -0.335301 -0.340579 -0.335299 -0.32706 -0.322068 -0.318866 -0.316987 -0.315311 -0.323724 
0.85 -4.86379 4 -0.323765 -0.315375 -0.317101 -0.319063 -0.322389 -0.327539 -0.335977 -0.341374 -0.335975 -0.327538 -0.322388 -0.319063 -0.317101 -0.315374 -0.323766 
0.86 -4.86848 4 -0.323809 -0.315441 -0.31722 -0.319268 -0.322721 -0.32803 -0.336664 -0.342178 -0.336663 -0.328029 -0.32272 -0.319267 -0.31722 -0.31544 -0.32381 
0.87 -4.87329 4 -0.323855 -0.315509 -0.317345 -0.319481 -0.323064 -0.328533 -0.337362 -0.342991 -0.33736 -0.328532 -0.323063 -0.319481 -0.317344 -0.315509 -0.323856 
0.88 -4.87821 4 -0.323904 -0.315582 -0.317475 -0.319703 -0.32342 -0.32905 -0.33807 -0.343812 -0.338068 -0.329049 -0.323419 -0.319703 -0.317475 -0.315581 -0.323904 
0.89 -4.88326 4 -0.323955 -0.315657 -0.317611 -0.319934 -0.323787 -0.329579 -0.338787 -0.344641 -0.338786 -0.329578 -0.323786 -0.319934 -0.317611 -0.315657 -0.323955 
0.9 -4.88842 4 -0.324008 -0.315737 -0.317754 -0.320175 -0.324167 -0.330121 -0.339514 -0.345476 -0.339512 -0.330119 -0.324166 -0.320174 -0.317753 -0.315737 -0.324008 
0.91 -4.8937 4 -0.324064 -0.31582 -0.317902 -0.320425 -0.324559 -0.330675 -0.340248 -0.346318 -0.340247 -0.330674 -0.324558 -0.320424 -0.317902 -0.31582 -0.324064 
0.92 -4.8991 4 -0.324122 -0.315907 -0.318058 -0.320685 -0.324964 -0.331242 -0.340991 -0.347165 -0.340989 -0.33124 -0.324964 -0.320684 -0.318057 -0.315907 -0.324122 
0.93 -4.90461 4 -0.324184 -0.315998 -0.31822 -0.320955 -0.325382 -0.33182 -0.341741 -0.348016 -0.341739 -0.331819 -0.325381 -0.320955 -0.318219 -0.315998 -0.324184 
0.94 -4.91025 4 -0.324248 -0.316094 -0.318389 -0.321236 -0.325813 -0.332411 -0.342498 -0.348871 -0.342496 -0.33241 -0.325812 -0.321235 -0.318389 -0.316093 -0.324248 
0.95 -4.91599 4 -0.324315 -0.316194 -0.318566 -0.321528 -0.326257 -0.333014 -0.343261 -0.34973 -0.343259 -0.333013 -0.326256 -0.321527 -0.318566 -0.316193 -0.324315 
0.96 -4.92186 4 -0.324386 -0.316298 -0.31875 -0.32183 -0.326715 -0.333628 -0.344029 -0.35059 -0.344028 -0.333627 -0.326714 -0.32183 -0.31875 -0.316298 -0.324386 
0.97 -4.92784 4 -0.32446 -0.316408 -0.318943 -0.322144 -0.327185 -0.334253 -0.344802 -0.351453 -0.344801 -0.334252 -0.327184 -0.322144 -0.318942 -0.316408 -0.32446 
0.98 -4.93393 4 -0.324538 -0.316522 -0.319144 -0.32247 -0.327669 -0.334889 -0.34558 -0.352316 -0.345578 -0.334887 -0.327668 -0.322469 -0.319143 -0.316522 -0.324538 
0.99 -4.94014 4 -0.324619 -0.316642 -0.319353 -0.322807 -0.328166 -0.335535 -0.34636 -0.353179 -0.346359 -0.335533 -0.328165 -0.322807 -0.319352 -0.316642 -0.324619 
1 -4.94646 4 -0.324704 -0.316768 -0.319571 -0.323157 -0.328676 -0.336191 -0.347144 -0.354042 -0.347142 -0.336189 -0.328675 -0.323156 -0.31957 -0.316768 -0.324704 
1.01 -4.95289 4 -0.324793 -0.316899 -0.319798 -0.323519 -0.3292 -0.336856 -0.347929 -0.354904 -0.347927 -0.336855 -0.329199 -0.323518 -0.319798 -0.316899 -0.324793 
1.02 -4.95943 4 -0.324887 -0.317037 -0.320035 -0.323893 -0.329736 -0.33753 -0.348716 -0.355763 -0.348714 -0.337529 -0.329735 -0.323892 -0.320034 -0.317036 -0.324887 
1.03 -4.96607 4 -0.324985 -0.31718 -0.320281 -0.32428 -0.330286 -0.338213 -0.349503 -0.35662 -0.349501 -0.338212 -0.330285 -0.324279 -0.32028 -0.31718 -0.324985 
1.04 -4.97282 4 -0.325088 -0.31733 -0.320537 -0.32468 -0.330848 -0.338904 -0.35029 -0.357473 -0.350288 -0.338902 -0.330847 -0.324679 -0.320537 -0.31733 -0.325088 
1.05 -4.97968 4 -0.325195 -0.317487 -0.320804 -0.325092 -0.331423 -0.339601 -0.351076 -0.358323 -0.351074 -0.3396 -0.331422 -0.325092 -0.320803 -0.317487 -0.325196 
1.06 -4.98663 4 -0.325308 -0.317651 -0.321081 -0.325518 -0.332011 -0.340306 -0.351861 -0.359167 -0.351859 -0.340304 -0.332009 -0.325517 -0.32108 -0.317651 -0.325309 
1.07 -4.99369 4 -0.325426 -0.317822 -0.321369 -0.325957 -0.33261 -0.341016 -0.352643 -0.360006 -0.352641 -0.341015 -0.332609 -0.325957 -0.321368 -0.317822 -0.325427 
1.08 -5.00084 4 -0.32555 -0.318001 -0.321667 -0.32641 -0.333221 -0.341732 -0.353422 -0.36084 -0.35342 -0.34173 -0.33322 -0.326409 -0.321667 -0.318 -0.325551 
1.09 -5.00809 4 -0.325679 -0.318187 -0.321978 -0.326876 -0.333844 -0.342452 -0.354198 -0.361667 -0.354196 -0.342451 -0.333843 -0.326875 -0.321977 -0.318187 -0.32568 
1.1 -5.01543 4 -0.325814 -0.318382 -0.322299 -0.327355 -0.334478 -0.343177 -0.35497 -0.362486 -0.354968 -0.343175 -0.334477 -0.327354 -0.322299 -0.318381 -0.325816 
1.11 -5.02286 4 -0.325956 -0.318584 -0.322633 -0.327847 -0.335123 -0.343904 -0.355736 -0.363299 -0.355734 -0.343903 -0.335121 -0.327846 -0.322632 -0.318584 -0.325958 
1.12 -5.03038 4 -0.326104 -0.318796 -0.322978 -0.328353 -0.335778 -0.344635 -0.356497 -0.364103 -0.356495 -0.344633 -0.335776 -0.328352 -0.322978 -0.318795 -0.326106 
1.13 -5.03799 4 -0.32626 -0.319016 -0.323336 -0.328873 -0.336442 -0.345367 -0.357252 -0.364899 -0.35725 -0.345365 -0.336441 -0.328872 -0.323335 -0.319015 -0.326262 
1.14 -5.04567 4 -0.326422 -0.319245 -0.323706 -0.329405 -0.337116 -0.3461 -0.358001 -0.365686 -0.357999 -0.346099 -0.337115 -0.329404 -0.323706 -0.319244 -0.326424 
1.15 -5.05344 4 -0.326592 -0.319484 -0.324089 -0.329951 -0.337799 -0.346834 -0.358742 -0.366463 -0.35874 -0.346833 -0.337797 -0.32995 -0.324088 -0.319483 -0.326594 
1.16 -5.06128 4 -0.326769 -0.319732 -0.324485 -0.330509 -0.33849 -0.347568 -0.359475 -0.367231 -0.359473 -0.347566 -0.338488 -0.330508 -0.324484 -0.319731 -0.326772 
1.17 -5.0692 4 -0.326954 -0.31999 -0.324894 -0.331081 -0.339188 -0.348301 -0.360201 -0.367989 -0.360199 -0.348299 -0.339187 -0.331079 -0.324893 -0.31999 -0.326957 
1.18 -5.07719 4 -0.327148 -0.320259 -0.325316 -0.331664 -0.339893 -0.349032 -0.360917 -0.368737 -0.360915 -0.34903 -0.339892 -0.331663 -0.325315 -0.320258 -0.327151 
1.19 -5.08525 4 -0.32735 -0.320538 -0.325751 -0.33226 -0.340605 -0.349761 -0.361625 -0.369474 -0.361623 -0.349759 -0.340604 -0.332259 -0.32575 -0.320537 -0.327354 
1.2 -5.09337 4 -0.327561 -0.320827 -0.326199 -0.332868 -0.341323 -0.350486 -0.362323 -0.3702 -0.362321 -0.350485 -0.341321 -0.332867 -0.326198 -0.320826 -0.327565 
1.21 -5.10156 4 -0.327782 -0.321128 -0.32666 -0.333488 -0.342045 -0.351208 -0.363011 -0.370915 -0.363009 -0.351207 -0.342043 -0.333486 -0.326659 -0.321127 -0.327786 
1.22 -5.1098 4 -0.328012 -0.32144 -0.327135 -0.334119 -0.342772 -0.351926 -0.363689 -0.371619 -0.363688 -0.351925 -0.34277 -0.334117 -0.327134 -0.321439 -0.328016 
1.23 -5.1181 4 -0.328252 -0.321763 -0.327624 -0.33476 -0.343502 -0.352639 -0.364357 -0.372311 -0.364355 -0.352637 -0.3435 -0.334759 -0.327623 -0.321762 -0.328256 
1.24 -5.12645 4 -0.328502 -0.322097 -0.328126 -0.335412 -0.344235 -0.353346 -0.365014 -0.372993 -0.365012 -0.353345 -0.344234 -0.335411 -0.328124 -0.322096 -0.328506 
1.25 -5.13486 4 -0.328762 -0.322444 -0.328641 -0.336075 -0.344971 -0.354047 -0.36566 -0.373662 -0.365658 -0.354046 -0.344969 -0.336073 -0.328639 -0.322443 -0.328767 
1.26 -5.14331 4 -0.329034 -0.322803 -0.329169 -0.336746 -0.345707 -0.354742 -0.366295 -0.37432 -0.366293 -0.35474 -0.345706 -0.336745 -0.329168 -0.322801 -0.329039 
1.27 -5.1518 4 -0.329317 -0.323173 -0.32971 -0.337426 -0.346445 -0.355429 -0.366918 -0.374966 -0.366916 -0.355428 -0.346443 -0.337425 -0.329709 -0.323172 -0.329322 
1.28 -5.16033 4 -0.329611 -0.323557 -0.330265 -0.338115 -0.347182 -0.356108 -0.36753 -0.3756 -0.367528 -0.356107 -0.347181 -0.338114 -0.330264 -0.323555 -0.329617 
1.29 -5.1689 4 -0.329917 -0.323952 -0.330832 -0.338812 -0.347919 -0.35678 -0.36813 -0.376222 -0.368128 -0.356778 -0.347917 -0.33881 -0.330831 -0.323951 -0.329923 
1.3 -5.17751 4 -0.330235 -0.324361 -0.331412 -0.339516 -0.348654 -0.357442 -0.368718 -0.376833 -0.368717 -0.357441 -0.348653 -0.339514 -0.331411 -0.324359 -0.330242 
1.31 -5.18614 4 -0.330566 -0.324782 -0.332004 -0.340226 -0.349387 -0.358096 -0.369295 -0.377431 -0.369293 -0.358094 -0.349386 -0.340224 -0.332003 -0.32478 -0.330573 
1.32 -5.1948 4 -0.33091 -0.325215 -0.332608 -0.340942 -0.350117 -0.35874 -0.36986 -0.378018 -0.369858 -0.358738 -0.350116 -0.340941 -0.332607 -0.325214 -0.330917 
1.33 -5.20348 4 -0.331267 -0.325662 -0.333224 -0.341664 -0.350844 -0.359374 -0.370412 -0.378593 -0.370411 -0.359372 -0.350842 -0.341662 -0.333223 -0.32566 -0.331274 
1.34 -5.21219 4 -0.331638 -0.326122 -0.333851 -0.342389 -0.351566 -0.359997 -0.370953 -0.379157 -0.370951 -0.359996 -0.351565 -0.342388 -0.33385 -0.32612 -0.331645 
1.35 -5.22091 4 -0.332022 -0.326594 -0.33449 -0.343119 -0.352284 -0.360611 -0.371482 -0.379709 -0.37148 -0.360609 -0.352282 -0.343118 -0.334488 -0.326592 -0.332029 
1.36 -5.22965 4 -0.332421 -0.327079 -0.335139 -0.343852 -0.352996 -0.361213 -0.371999 -0.38025 -0.371997 -0.361212 -0.352994 -0.343851 -0.335137 -0.327077 -0.332428 
1.37 -5.23839 4 -0.332833 -0.327577 -0.335798 -0.344587 -0.353702 -0.361805 -0.372504 -0.380779 -0.372502 -0.361803 -0.3537 -0.344586 -0.335796 -0.327575 -0.332841 
1.38 -5.24714 4 -0.333261 -0.328088 -0.336466 -0.345324 -0.354401 -0.362385 -0.372997 -0.381297 -0.372996 -0.362384 -0.354399 -0.345323 -0.336465 -0.328086 -0.333268 
1.39 -5.2559 4 -0.333703 -0.328612 -0.337144 -0.346062 -0.355093 -0.362954 -0.373479 -0.381804 -0.373477 -0.362953 -0.355091 -0.346061 -0.337143 -0.32861 -0.333711 
1.4 -5.26465 4 -0.334161 -0.329148 -0.337831 -0.3468 -0.355777 -0.363512 -0.373949 -0.3823 -0.373948 -0.36351 -0.355775 -0.346799 -0.337829 -0.329145 -0.334168 
1.41 -5.2734 4 -0.334633 -0.329696 -0.338525 -0.347538 -0.356453 -0.364057 -0.374408 -0.382786 -0.374406 -0.364056 -0.356451 -0.347536 -0.338524 -0.329694 -0.334641 
1.42 -5.28215 4 -0.335122 -0.330256 -0.339227 -0.348274 -0.35712 -0.364591 -0.374855 -0.38326 -0.374854 -0.36459 -0.357118 -0.348272 -0.339226 -0.330254 -0.335129 
1.43 -5.29088 4 -0.335625 -0.330828 -0.339936 -0.349008 -0.357778 -0.365113 -0.375292 -0.383724 -0.37529 -0.365112 -0.357776 -0.349007 -0.339934 -0.330826 -0.335633 
1.44 -5.2996 4 -0.336145 -0.331411 -0.340651 -0.34974 -0.358426 -0.365624 -0.375717 -0.384178 -0.375716 -0.365622 -0.358424 -0.349738 -0.340649 -0.331409 -0.336153 
1.45 -5.30831 4 -0.336681 -0.332006 -0.341371 -0.350468 -0.359064 -0.366122 -0.376132 -0.384622 -0.37613 -0.366121 -0.359063 -0.350467 -0.34137 -0.332004 -0.336689 
1.46 -5.31699 4 -0.337232 -0.332611 -0.342096 -0.351192 -0.359692 -0.366608 -0.376536 -0.385056 -0.376534 -0.366607 -0.35969 -0.351191 -0.342095 -0.332609 -0.33724 
1.47 -5.32565 4 -0.3378 -0.333227 -0.342826 -0.351912 -0.360309 -0.367083 -0.376929 -0.385481 -0.376928 -0.367081 -0.360307 -0.35191 -0.342824 -0.333225 -0.337808 
1.48 -5.33428 4 -0.338384 -0.333853 -0.343558 -0.352626 -0.360915 -0.367545 -0.377312 -0.385895 -0.377311 -0.367544 -0.360913 -0.352625 -0.343557 -0.333851 -0.338392 
1.49 -5.34288 4 -0.338984 -0.334489 -0.344294 -0.353334 -0.36151 -0.367996 -0.377686 -0.386301 -0.377684 -0.367995 -0.361508 -0.353333 -0.344292 -0.334486 -0.338992 
1.5 -5.35145 4 -0.3396 -0.335133 -0.345031 -0.354036 -0.362093 -0.368435 -0.378049 -0.386697 -0.378047 -0.368434 -0.362092 -0.354034 -0.34503 -0.335131 -0.339608 
1.51 -5.35998 4 -0.340232 -0.335787 -0.34577 -0.354731 -0.362665 -0.368863 -0.378403 -0.387084 -0.378401 -0.368861 -0.362663 -0.354729 -0.345769 -0.335784 -0.34024 
1.52 -5.36847 4 -0.340879 -0.336448 -0.346509 -0.355418 -0.363224 -0.369279 -0.378747 -0.387463 -0.378746 -0.369277 -0.363223 -0.355416 -0.346508 -0.336445 -0.340887 
1.53 -5.37691 4 -0.341543 -0.337116 -0.347248 -0.356096 -0.363772 -0.369683 -0.379082 -0.387832 -0.379081 -0.369682 -0.363771 -0.356095 -0.347247 -0.337113 -0.341551 
1.54 -5.38531 4 -0.342221 -0.337791 -0.347987 -0.356766 -0.364308 -0.370077 -0.379409 -0.388194 -0.379407 -0.370075 -0.364306 -0.356765 -0.347985 -0.337789 -0.342229 
1.55 -5.39365 4 -0.342916 -0.338473 -0.348723 -0.357427 -0.364831 -0.370459 -0.379726 -0.388547 -0.379725 -0.370458 -0.364829 -0.357426 -0.348722 -0.33847 -0.342923 
1.56 -5.40195 4 -0.343625 -0.33916 -0.349457 -0.358078 -0.365342 -0.37083 -0.380035 -0.388892 -0.380034 -0.370829 -0.36534 -0.358077 -0.349456 -0.339157 -0.343632 
1.57 -5.41018 4 -0.344348 -0.339851 -0.350189 -0.35872 -0.365841 -0.371191 -0.380336 -0.38923 -0.380335 -0.37119 -0.365839 -0.358718 -0.350187 -0.339849 -0.344356 
1.58 -5.41835 4 -0.345086 -0.340547 -0.350916 -0.359351 -0.366327 -0.371541 -0.380629 -0.38956 -0.380628 -0.37154 -0.366325 -0.359349 -0.350914 -0.340545 -0.345094 
1.59 -5.42646 4 -0.345838 -0.341246 -0.351639 -0.359971 -0.366801 -0.371881 -0.380914 -0.389882 -0.380913 -0.37188 -0.366799 -0.35997 -0.351638 -0.341244 -0.345846 
1.6 -5.4345 4 -0.346604 -0.341948 -0.352357 -0.36058 -0.367262 -0.372211 -0.381191 -0.390197 -0.38119 -0.372209 -0.367261 -0.360579 -0.352356 -0.341946 -0.346611 
1.61 -5.44247 5 -0.347382 -0.342652 -0.353069 -0.361179 -0.367712 -0.372531 -0.381461 -0.390505 -0.38146 -0.372529 -0.36771 -0.361177 -0.353068 -0.342649 -0.347389 
1.62 -5.45037 5 -0.348172 -0.343357 -0.353776 -0.361765 -0.368149 -0.372841 -0.381724 -0.390806 -0.381723 -0.372839 -0.368147 -0.361763 -0.353774 -0.343354 -0.34818 
1.63 -5.45819 5 -0.348975 -0.344063 -0.354475 -0.36234 -0.368574 -0.373142 -0.38198 -0.3911 -0.381979 -0.37314 -0.368572 -0.362338 -0.354473 -0.34406 -0.348982 
1.64 -5.46593 5 -0.349789 -0.344768 -0.355167 -0.362903 -0.368987 -0.373433 -0.38223 -0.391388 -0.382228 -0.373432 -0.368985 -0.362901 -0.355165 -0.344765 -0.349796 
1.65 -5.47359 5 -0.350613 -0.345472 -0.355851 -0.363453 -0.369388 -0.373715 -0.382472 -0.391669 -0.382471 -0.373714 -0.369386 -0.363452 -0.355849 -0.345469 -0.35062 
1.66 -5.48117 5 -0.351448 -0.346174 -0.356526 -0.363992 -0.369777 -0.373989 -0.382709 -0.391944 -0.382708 -0.373988 -0.369775 -0.36399 -0.356524 -0.346171 -0.351455 
1.67 -5.48866 5 -0.352292 -0.346873 -0.357193 -0.364518 -0.370154 -0.374254 -0.38294 -0.392213 -0.382938 -0.374253 -0.370153 -0.364517 -0.357191 -0.34687 -0.352298 
1.68 -5.49605 5 -0.353144 -0.347569 -0.35785 -0.365032 -0.370521 -0.374511 -0.383164 -0.392476 -0.383163 -0.37451 -0.370519 -0.36503 -0.357848 -0.347566 -0.353151 
1.69 -5.50336 5 -0.354004 -0.348261 -0.358497 -0.365533 -0.370875 -0.37476 -0.383383 -0.392733 -0.383382 -0.374758 -0.370874 -0.365532 -0.358496 -0.348258 -0.35401 
1.7 -5.51057 5 -0.354871 -0.348948 -0.359134 -0.366022 -0.371219 -0.375001 -0.383597 -0.392985 -0.383596 -0.374999 -0.371218 -0.366021 -0.359133 -0.348946 -0.354877 
1.71 -5.51768 5 -0.355744 -0.34963 -0.359761 -0.366499 -0.371552 -0.375234 -0.383805 -0.393231 -0.383804 -0.375233 -0.37155 -0.366497 -0.359759 -0.349627 -0.355751 
1.72 -5.52469 5 -0.356623 -0.350306 -0.360377 -0.366962 -0.371874 -0.37546 -0.384009 -0.393472 -0.384008 -0.375459 -0.371873 -0.366961 -0.360375 -0.350303 -0.356629 
1.73 -5.5316 5 -0.357506 -0.350974 -0.360981 -0.367414 -0.372186 -0.375679 -0.384207 -0.393707 -0.384206 -0.375678 -0.372184 -0.367412 -0.36098 -0.350971 -0.357512 
1.74 -5.5384 5 -0.358393 -0.351635 -0.361575 -0.367853 -0.372487 -0.375891 -0.384401 -0.393938 -0.3844 -0.37589 -0.372485 -0.367851 -0.361573 -0.351632 -0.358399 
1.75 -5.5451 5 -0.359283 -0.352288 -0.362156 -0.368279 -0.372778 -0.376096 -0.38459 -0.394163 -0.384589 -0.376095 -0.372776 -0.368278 -0.362155 -0.352285 -0.359289 
1.76 -5.55169 5 -0.360174 -0.352932 -0.362726 -0.368694 -0.373059 -0.376295 -0.384775 -0.394384 -0.384774 -0.376294 -0.373058 -0.368693 -0.362724 -0.352929 -0.36018 
1.77 -5.55817 5 -0.361067 -0.353567 -0.363283 -0.369096 -0.373331 -0.376488 -0.384956 -0.3946 -0.384955 -0.376487 -0.373329 -0.369095 -0.363282 -0.353564 -0.361073 
1.78 -5.56454 5 -0.36196 -0.354192 -0.363829 -0.369487 -0.373593 -0.376675 -0.385133 -0.394811 -0.385132 -0.376674 -0.373592 -0.369485 -0.363827 -0.354189 -0.361966 
1.79 -5.5708 5 -0.362853 -0.354806 -0.364362 -0.369865 -0.373846 -0.376856 -0.385306 -0.395018 -0.385305 -0.376855 -0.373845 -0.369864 -0.364361 -0.354803 -0.362858 
1.8 -5.57695 5 -0.363744 -0.35541 -0.364883 -0.370232 -0.37409 -0.377032 -0.385475 -0.395221 -0.385474 -0.37703 -0.374089 -0.370231 -0.364881 -0.355407 -0.363749 
1.81 -5.58298 5 -0.364632 -0.356002 -0.365391 -0.370587 -0.374326 -0.377202 -0.385641 -0.395419 -0.38564 -0.377201 -0.374324 -0.370586 -0.36539 -0.355999 -0.364638 
1.82 -5.58889 5 -0.365518 -0.356582 -0.365887 -0.370931 -0.374553 -0.377367 -0.385803 -0.395613 -0.385802 -0.377366 -0.374551 -0.37093 -0.365885 -0.35658 -0.365523 
1.83 -5.59469 5 -0.366399 -0.35715 -0.36637 -0.371264 -0.374771 -0.377527 -0.385962 -0.395803 -0.385961 -0.377526 -0.37477 -0.371263 -0.366368 -0.357148 -0.366404 
1.84 -5.60037 5 -0.367276 -0.357706 -0.36684 -0.371586 -0.374982 -0.377683 -0.386118 -0.395989 -0.386117 -0.377682 -0.374981 -0.371584 -0.366839 -0.357703 -0.367281 
1.85 -5.60593 5 -0.368147 -0.358249 -0.367299 -0.371897 -0.375185 -0.377834 -0.386271 -0.396171 -0.38627 -0.377833 -0.375184 -0.371895 -0.367297 -0.358246 -0.368152 
1.86 -5.61137 6 -0.369012 -0.358778 -0.367744 -0.372197 -0.375381 -0.377981 -0.386421 -0.396349 -0.38642 -0.377979 -0.375379 -0.372196 -0.367743 -0.358776 -0.369017 
1.87 -5.6167 6 -0.36987 -0.359295 -0.368177 -0.372487 -0.375569 -0.378123 -0.386568 -0.396524 -0.386567 -0.378122 -0.375567 -0.372486 -0.368176 -0.359292 -0.369875 
1.88 -5.6219 6 -0.37072 -0.359797 -0.368598 -0.372767 -0.37575 -0.378262 -0.386712 -0.396695 -0.386711 -0.378261 -0.375749 -0.372766 -0.368597 -0.359795 -0.370725 
1.89 -5.62699 6 -0.371562 -0.360286 -0.369007 -0.373037 -0.375924 -0.378397 -0.386855 -0.396863 -0.386854 -0.378395 -0.375923 -0.373036 -0.369005 -0.360283 -0.371566 
1.9 -5.63196 6 -0.372394 -0.36076 -0.369403 -0.373298 -0.376092 -0.378528 -0.386994 -0.397027 -0.386993 -0.378527 -0.376091 -0.373296 -0.369402 -0.360758 -0.372399 
1.91 -5.63681 6 -0.373217 -0.36122 -0.369788 -0.373549 -0.376253 -0.378656 -0.387132 -0.397188 -0.387131 -0.378655 -0.376252 -0.373547 -0.369786 -0.361218 -0.373222 
1.92 -5.64155 6 -0.37403 -0.361666 -0.37016 -0.37379 -0.376409 -0.37878 -0.387267 -0.397345 -0.387266 -0.378779 -0.376407 -0.373789 -0.370159 -0.361664 -0.374035 
1.93 -5.64616 6 -0.374832 -0.362098 -0.370521 -0.374023 -0.376558 -0.378902 -0.3874 -0.397499 -0.387399 -0.378901 -0.376556 -0.374022 -0.370519 -0.362095 -0.374837 
1.94 -5.65066 6 -0.375623 -0.362514 -0.37087 -0.374247 -0.376701 -0.37902 -0.387531 -0.39765 -0.38753 -0.379019 -0.3767 -0.374245 -0.370869 -0.362512 -0.375627 
1.95 -5.65504 6 -0.376402 -0.362917 -0.371208 -0.374462 -0.376839 -0.379136 -0.38766 -0.397798 -0.387659 -0.379135 -0.376838 -0.374461 -0.371206 -0.362915 -0.376406 
1.96 -5.65931 6 -0.377169 -0.363305 -0.371534 -0.374669 -0.376972 -0.379249 -0.387787 -0.397943 -0.387786 -0.379248 -0.376971 -0.374668 -0.371533 -0.363302 -0.377173 
1.97 -5.66346 6 -0.377924 -0.363678 -0.37185 -0.374868 -0.3771 -0.379359 -0.387913 -0.398085 -0.387912 -0.379358 -0.377098 -0.374867 -0.371849 -0.363676 -0.377928 
1.98 -5.6675 6 -0.378665 -0.364037 -0.372155 -0.37506 -0.377222 -0.379467 -0.388037 -0.398224 -0.388036 -0.379466 -0.377221 -0.375058 -0.372153 -0.364034 -0.378669 
1.99 -5.67143 6 -0.379394 -0.364381 -0.372449 -0.375243 -0.37734 -0.379573 -0.388159 -0.39836 -0.388158 -0.379572 -0.377339 -0.375242 -0.372447 -0.364379 -0.379398 
2 -5.67525 6 -0.380109 -0.364711 -0.372732 -0.37542 -0.377454 -0.379677 -0.388279 -0.398493 -0.388279 -0.379676 -0.377452 -0.375418 -0.372731 -0.364709 -0.380113 
2.01 -5.67896 6 -0.38081 -0.365026 -0.373006 -0.375589 -0.377563 -0.379779 -0.388399 -0.398623 -0.388398 -0.379777 -0.377561 -0.375587 -0.373004 -0.365024 -0.380814 
2.02 -5.68256 6 -0.381497 -0.365328 -0.373269 -0.375751 -0.377668 -0.379878 -0.388516 -0.398751 -0.388516 -0.379877 -0.377666 -0.37575 -0.373268 -0.365326 -0.381501 
2.03 -5.68606 6 -0.38217 -0.365615 -0.373523 -0.375907 -0.377769 -0.379976 -0.388633 -0.398876 -0.388632 -0.379975 -0.377767 -0.375905 -0.373521 -0.365613 -0.382174 
2.04 -5.68945 6 -0.382829 -0.365889 -0.373767 -0.376056 -0.377866 -0.380072 -0.388748 -0.398999 -0.388747 -0.380071 -0.377864 -0.376054 -0.373765 -0.365886 -0.382833 
2.05 -5.69273 7 -0.383474 -0.366148 -0.374001 -0.376199 -0.377959 -0.380167 -0.388862 -0.399118 -0.388861 -0.380166 -0.377958 -0.376197 -0.374 -0.366146 -0.383477 
2.06 -5.69592 7 -0.384104 -0.366394 -0.374227 -0.376336 -0.378049 -0.38026 -0.388975 -0.399236 -0.388974 -0.380259 -0.378047 -0.376334 -0.374226 -0.366392 -0.384107 
2.07 -5.69901 7 -0.38472 -0.366627 -0.374444 -0.376467 -0.378135 -0.380352 -0.389086 -0.399351 -0.389086 -0.380351 -0.378134 -0.376465 -0.374442 -0.366625 -0.384723 
2.08 -5.702 7 -0.385321 -0.366847 -0.374652 -0.376592 -0.378218 -0.380443 -0.389197 -0.399463 -0.389196 -0.380441 -0.378217 -0.376591 -0.37465 -0.366845 -0.385324 
2.09 -5.70489 7 -0.385907 -0.367053 -0.374851 -0.376712 -0.378299 -0.380532 -0.389307 -0.399573 -0.389306 -0.380531 -0.378297 -0.376711 -0.37485 -0.367051 -0.38591 
2.1 -5.70769 7 -0.386479 -0.367247 -0.375042 -0.376827 -0.378376 -0.38062 -0.389415 -0.399681 -0.389414 -0.380619 -0.378375 -0.376825 -0.375041 -0.367245 -0.386482 
2.11 -5.7104 7 -0.387036 -0.367428 -0.375226 -0.376936 -0.37845 -0.380707 -0.389523 -0.399786 -0.389522 -0.380706 -0.378449 -0.376935 -0.375224 -0.367426 -0.38704 
2.12 -5.71301 7 -0.38758 -0.367597 -0.375401 -0.377041 -0.378522 -0.380793 -0.389629 -0.399889 -0.389629 -0.380792 -0.378521 -0.37704 -0.3754 -0.367595 -0.387583 
2.13 -5.71554 7 -0.388108 -0.367754 -0.375569 -0.377141 -0.378591 -0.380879 -0.389735 -0.399989 -0.389735 -0.380877 -0.37859 -0.37714 -0.375568 -0.367752 -0.388112 
2.14 -5.71798 7 -0.388623 -0.3679 -0.375729 -0.377237 -0.378658 -0.380963 -0.38984 -0.400088 -0.38984 -0.380962 -0.378657 -0.377236 -0.375728 -0.367898 -0.388626 
2.15 -5.72034 7 -0.389124 -0.368033 -0.375883 -0.377328 -0.378723 -0.381047 -0.389944 -0.400184 -0.389944 -0.381046 -0.378722 -0.377327 -0.375882 -0.368031 -0.389127 
2.16 -5.72262 7 -0.38961 -0.368155 -0.376029 -0.377415 -0.378785 -0.38113 -0.390048 -0.400278 -0.390047 -0.381129 -0.378784 -0.377414 -0.376028 -0.368154 -0.389613 
2.17 -5.72482 7 -0.390083 -0.368267 -0.376169 -0.377499 -0.378846 -0.381212 -0.390151 -0.40037 -0.39015 -0.381211 -0.378845 -0.377497 -0.376168 -0.368265 -0.390086 
2.18 -5.72694 7 -0.390543 -0.368367 -0.376302 -0.377578 -0.378904 -0.381294 -0.390252 -0.40046 -0.390252 -0.381293 -0.378903 -0.377577 -0.376301 -0.368366 -0.390546 
2.19 -5.72898 7 -0.390989 -0.368458 -0.376429 -0.377654 -0.378961 -0.381376 -0.390354 -0.400547 -0.390353 -0.381374 -0.37896 -0.377652 -0.376427 -0.368456 -0.390992 
2.2 -5.73095 7 -0.391422 -0.368537 -0.376549 -0.377726 -0.379016 -0.381456 -0.390454 -0.400633 -0.390454 -0.381455 -0.379014 -0.377724 -0.376548 -0.368536 -0.391424 
2.21 -5.73285 7 -0.391842 -0.368607 -0.376664 -0.377794 -0.379069 -0.381537 -0.390554 -0.400717 -0.390554 -0.381536 -0.379068 -0.377793 -0.376662 -0.368606 -0.391844 
2.22 -5.73467 8 -0.392249 -0.368668 -0.376772 -0.37786 -0.379121 -0.381617 -0.390654 -0.400798 -0.390653 -0.381616 -0.379119 -0.377858 -0.376771 -0.368666 -0.392252 
2.23 -5.73643 8 -0.392644 -0.368719 -0.376875 -0.377922 -0.379171 -0.381697 -0.390752 -0.400878 -0.390752 -0.381696 -0.37917 -0.377921 -0.376874 -0.368717 -0.392646 
2.24 -5.73813 8 -0.393026 -0.36876 -0.376973 -0.377981 -0.37922 -0.381776 -0.39085 -0.400955 -0.39085 -0.381775 -0.379218 -0.37798 -0.376972 -0.368759 -0.393029 
2.25 -5.73976 8 -0.393397 -0.368793 -0.377065 -0.378038 -0.379267 -0.381856 -0.390948 -0.401031 -0.390947 -0.381855 -0.379266 -0.378037 -0.377064 -0.368792 -0.393399 
2.26 -5.74132 8 -0.393756 -0.368818 -0.377152 -0.378092 -0.379314 -0.381935 -0.391045 -0.401105 -0.391044 -0.381934 -0.379312 -0.37809 -0.377151 -0.368816 -0.393758 
2.27 -5.74283 8 -0.394103 -0.368834 -0.377234 -0.378143 -0.379359 -0.382014 -0.391141 -0.401177 -0.391141 -0.382013 -0.379357 -0.378142 -0.377233 -0.368833 -0.394105 
2.28 -5.74428 8 -0.394439 -0.368842 -0.377312 -0.378192 -0.379403 -0.382093 -0.391237 -0.401247 -0.391237 -0.382092 -0.379402 -0.37819 -0.377311 -0.368841 -0.394442 
2.29 -5.74567 8 -0.394764 -0.368843 -0.377384 -0.378238 -0.379446 -0.382172 -0.391333 -0.401315 -0.391332 -0.38217 -0.379445 -0.378236 -0.377383 -0.368841 -0.394767 
2.3 -5.74701 8 -0.395079 -0.368835 -0.377453 -0.378282 -0.379488 -0.38225 -0.391428 -0.401381 -0.391427 -0.382249 -0.379487 -0.37828 -0.377451 -0.368834 -0.395081 
2.31 -5.74829 8 -0.395383 -0.368821 -0.377516 -0.378324 -0.37953 -0.382329 -0.391522 -0.401446 -0.391522 -0.382328 -0.379528 -0.378322 -0.377515 -0.36882 -0.395385 
2.32 -5.74952 8 -0.395677 -0.3688 -0.377576 -0.378363 -0.37957 -0.382408 -0.391616 -0.401509 -0.391615 -0.382407 -0.379569 -0.378362 -0.377575 -0.368798 -0.395679 
2.33 -5.75071 8 -0.395961 -0.368772 -0.377631 -0.378401 -0.37961 -0.382487 -0.391709 -0.40157 -0.391709 -0.382486 -0.379609 -0.3784 -0.37763 -0.36877 -0.395963 
2.34 -5.75184 8 -0.396235 -0.368737 -0.377682 -0.378437 -0.379649 -0.382566 -0.391802 -0.401629 -0.391802 -0.382564 -0.379648 -0.378435 -0.377681 -0.368736 -0.396237 
2.35 -5.75293 8 -0.3965 -0.368697 -0.37773 -0.378471 -0.379688 -0.382644 -0.391895 -0.401687 -0.391894 -0.382643 -0.379686 -0.378469 -0.377729 -0.368695 -0.396502 
2.36 -5.75397 8 -0.396756 -0.36865 -0.377774 -0.378503 -0.379726 -0.382723 -0.391987 -0.401742 -0.391986 -0.382722 -0.379724 -0.378502 -0.377772 -0.368649 -0.396758 
2.37 -5.75498 8 -0.397003 -0.368598 -0.377814 -0.378534 -0.379763 -0.382803 -0.392078 -0.401797 -0.392078 -0.382801 -0.379762 -0.378532 -0.377812 -0.368596 -0.397005 
2.38 -5.75594 8 -0.397241 -0.36854 -0.37785 -0.378563 -0.3798 -0.382882 -0.392169 -0.401849 -0.392169 -0.382881 -0.379799 -0.378561 -0.377849 -0.368539 -0.397244 
2.39 -5.75685 8 -0.397471 -0.368477 -0.377883 -0.37859 -0.379837 -0.382961 -0.39226 -0.4019 -0.392259 -0.38296 -0.379835 -0.378589 -0.377882 -0.368476 -0.397474 
2.4 -5.75774 8 -0.397693 -0.368409 -0.377913 -0.378616 -0.379873 -0.383041 -0.39235 -0.401949 -0.39235 -0.38304 -0.379871 -0.378615 -0.377912 -0.368408 -0.397696 
2.41 -5.75858 8 -0.397908 -0.368336 -0.377939 -0.378641 -0.379909 -0.383121 -0.39244 -0.401997 -0.392439 -0.38312 -0.379907 -0.37864 -0.377938 -0.368335 -0.39791 
2.42 -5.75939 8 -0.398114 -0.368259 -0.377962 -0.378665 -0.379944 -0.383201 -0.392529 -0.402043 -0.392529 -0.3832 -0.379943 -0.378664 -0.377961 -0.368258 -0.398116 
2.43 -5.76016 8 -0.398313 -0.368177 -0.377982 -0.378687 -0.37998 -0.383281 -0.392618 -0.402088 -0.392617 -0.38328 -0.379978 -0.378686 -0.377981 -0.368176 -0.398315 
2.44 -5.7609 8 -0.398505 -0.368091 -0.378 -0.378708 -0.380015 -0.383361 -0.392706 -0.402131 -0.392706 -0.38336 -0.380013 -0.378707 -0.377999 -0.36809 -0.398507 
2.45 -5.76161 8 -0.39869 -0.368002 -0.378014 -0.378728 -0.38005 -0.383442 -0.392794 -0.402172 -0.392794 -0.383441 -0.380048 -0.378727 -0.378013 -0.368001 -0.398692 
2.46 -5.76228 8 -0.398869 -0.367908 -0.378025 -0.378747 -0.380084 -0.383523 -0.392881 -0.402212 -0.392881 -0.383522 -0.380083 -0.378746 -0.378024 -0.367907 -0.398871 
2.47 -5.76293 8 -0.39904 -0.367812 -0.378034 -0.378765 -0.380119 -0.383604 -0.392968 -0.402251 -0.392968 -0.383603 -0.380118 -0.378764 -0.378033 -0.36781 -0.399042 
2.48 -5.76355 8 -0.399206 -0.367711 -0.37804 -0.378782 -0.380154 -0.383685 -0.393055 -0.402288 -0.393055 -0.383684 -0.380152 -0.378781 -0.378039 -0.36771 -0.399208 
2.49 -5.76414 8 -0.399365 -0.367608 -0.378043 -0.378799 -0.380188 -0.383767 -0.393141 -0.402324 -0.393141 -0.383766 -0.380187 -0.378797 -0.378042 -0.367607 -0.399367 
2.5 -5.76471 8 -0.399519 -0.367502 -0.378044 -0.378814 -0.380223 -0.383849 -0.393227 -0.402358 -0.393226 -0.383848 -0.380221 -0.378813 -0.378043 -0.367501 -0.399521 
2.51 -5.76525 8 -0.399667 -0.367393 -0.378042 -0.378829 -0.380257 -0.383931 -0.393312 -0.402391 -0.393312 -0.38393 -0.380256 -0.378827 -0.378041 -0.367392 -0.399669 
2.52 -5.76576 8 -0.399809 -0.367282 -0.378038 -0.378842 -0.380291 -0.384014 -0.393396 -0.402422 -0.393396 -0.384012 -0.38029 -0.378841 -0.378037 -0.367281 -0.399811 
2.53 -5.76626 8 -0.399946 -0.367168 -0.378031 -0.378855 -0.380326 -0.384096 -0.393481 -0.402452 -0.39348 -0.384095 -0.380325 -0.378854 -0.37803 -0.367167 -0.399948 
2.54 -5.76673 9 -0.400078 -0.367052 -0.378023 -0.378868 -0.380361 -0.384179 -0.393564 -0.402481 -0.393564 -0.384178 -0.380359 -0.378867 -0.378022 -0.367051 -0.40008 
2.55 -5.76718 9 -0.400205 -0.366934 -0.378011 -0.37888 -0.380395 -0.384263 -0.393648 -0.402508 -0.393648 -0.384261 -0.380394 -0.378878 -0.37801 -0.366934 -0.400207 
2.56 -5.7676 9 -0.400327 -0.366815 -0.377998 -0.378891 -0.38043 -0.384346 -0.39373 -0.402534 -0.39373 -0.384345 -0.380429 -0.378889 -0.377997 -0.366814 -0.400329 
2.57 -5.76801 9 -0.400445 -0.366693 -0.377982 -0.378901 -0.380465 -0.38443 -0.393813 -0.402559 -0.393813 -0.384429 -0.380464 -0.3789 -0.377981 -0.366692 -0.400446 
2.58 -5.7684 9 -0.400558 -0.366571 -0.377964 -0.378911 -0.3805 -0.384514 -0.393895 -0.402582 -0.393894 -0.384513 -0.380499 -0.37891 -0.377964 -0.36657 -0.400559 
2.59 -5.76878 9 -0.400666 -0.366446 -0.377945 -0.378921 -0.380536 -0.384598 -0.393976 -0.402605 -0.393976 -0.384597 -0.380534 -0.37892 -0.377944 -0.366445 -0.400668 
2.6 -5.76913 9 -0.40077 -0.366321 -0.377923 -0.37893 -0.380571 -0.384683 -0.394057 -0.402626 -0.394057 -0.384682 -0.38057 -0.378929 -0.377922 -0.36632 -0.400772 
2.61 -5.76947 9 -0.400871 -0.366194 -0.377899 -0.378938 -0.380607 -0.384768 -0.394137 -0.402645 -0.394137 -0.384767 -0.380605 -0.378937 -0.377898 -0.366194 -0.400872 
2.62 -5.76979 9 -0.400967 -0.366067 -0.377873 -0.378946 -0.380643 -0.384853 -0.394217 -0.402664 -0.394217 -0.384852 -0.380641 -0.378945 -0.377872 -0.366066 -0.400968 
2.63 -5.7701 9 -0.401059 -0.365939 -0.377845 -0.378954 -0.380679 -0.384939 -0.394296 -0.402681 -0.394296 -0.384938 -0.380677 -0.378953 -0.377844 -0.365938 -0.401061 
2.64 -5.77039 9 -0.401148 -0.36581 -0.377815 -0.378962 -0.380715 -0.385024 -0.394375 -0.402697 -0.394375 -0.385023 -0.380714 -0.37896 -0.377814 -0.365809 -0.40115 
2.65 -5.77067 9 -0.401233 -0.365681 -0.377783 -0.378968 -0.380752 -0.38511 -0.394453 -0.402712 -0.394453 -0.385109 -0.38075 -0.378967 -0.377782 -0.36568 -0.401235 
2.66 -5.77094 9 -0.401315 -0.365551 -0.377749 -0.378975 -0.380789 -0.385197 -0.394531 -0.402726 -0.394531 -0.385196 -0.380787 -0.378974 -0.377748 -0.36555 -0.401316 
2.67 -5.77119 9 -0.401393 -0.365421 -0.377713 -0.378981 -0.380826 -0.385283 -0.394608 -0.402739 -0.394608 -0.385282 -0.380824 -0.37898 -0.377713 -0.365421 -0.401395 
2.68 -5.77143 9 -0.401468 -0.365291 -0.377676 -0.378987 -0.380863 -0.38537 -0.394685 -0.402751 -0.394685 -0.385369 -0.380862 -0.378986 -0.377675 -0.365291 -0.40147 
2.69 -5.77166 9 -0.40154 -0.365162 -0.377637 -0.378993 -0.380901 -0.385457 -0.394761 -0.402761 -0.394761 -0.385456 -0.380899 -0.378992 -0.377636 -0.365161 -0.401542 
2.7 -5.77188 9 -0.401609 -0.365032 -0.377596 -0.378999 -0.380939 -0.385544 -0.394837 -0.402771 -0.394837 -0.385543 -0.380937 -0.378998 -0.377595 -0.365031 -0.40161 
2.71 -5.77208 9 -0.401675 -0.364902 -0.377553 -0.379004 -0.380977 -0.385632 -0.394912 -0.402779 -0.394912 -0.38563 -0.380976 -0.379003 -0.377552 -0.364901 -0.401676 
2.72 -5.77228 9 -0.401738 -0.364773 -0.377509 -0.379009 -0.381016 -0.385719 -0.394986 -0.402787 -0.394986 -0.385718 -0.381014 -0.379008 -0.377508 -0.364772 -0.401739 
2.73 -5.77247 10 -0.401798 -0.364644 -0.377462 -0.379014 -0.381055 -0.385807 -0.39506 -0.402793 -0.39506 -0.385806 -0.381053 -0.379013 -0.377461 -0.364644 -0.401799 
2.74 -5.77265 10 -0.401855 -0.364516 -0.377414 -0.379018 -0.381094 -0.385895 -0.395134 -0.402799 -0.395134 -0.385894 -0.381093 -0.379017 -0.377414 -0.364515 -0.401856 
2.75 -5.77282 10 -0.40191 -0.364389 -0.377365 -0.379022 -0.381134 -0.385983 -0.395206 -0.402803 -0.395207 -0.385982 -0.381132 -0.379021 -0.377364 -0.364388 -0.401911 
2.76 -5.77298 10 -0.401962 -0.364262 -0.377313 -0.379027 -0.381174 -0.386072 -0.395279 -0.402807 -0.395279 -0.386071 -0.381172 -0.379025 -0.377313 -0.364261 -0.401963 
2.77 -5.77313 10 -0.402012 -0.364136 -0.377261 -0.37903 -0.381214 -0.386161 -0.39535 -0.402809 -0.39535 -0.38616 -0.381213 -0.379029 -0.37726 -0.364136 -0.402013 
2.78 -5.77328 10 -0.402059 -0.364011 -0.377206 -0.379034 -0.381255 -0.386249 -0.395421 -0.402811 -0.395421 -0.386248 -0.381253 -0.379033 -0.377205 -0.364011 -0.40206 
2.79 -5.77342 10 -0.402104 -0.363888 -0.37715 -0.379038 -0.381296 -0.386338 -0.395492 -0.402812 -0.395492 -0.386337 -0.381294 -0.379037 -0.377149 -0.363887 -0.402105 
2.8 -5.77355 10 -0.402146 -0.363765 -0.377092 -0.379041 -0.381337 -0.386428 -0.395562 -0.402812 -0.395562 -0.386427 -0.381336 -0.37904 -0.377091 -0.363764 -0.402147 
2.81 -5.77367 10 -0.402186 -0.363644 -0.377033 -0.379045 -0.381379 -0.386517 -0.395631 -0.402811 -0.395631 -0.386516 -0.381377 -0.379044 -0.377032 -0.363643 -0.402187 
2.82 -5.77379 10 -0.402224 -0.363524 -0.376972 -0.379048 -0.381421 -0.386606 -0.3957 -0.402809 -0.3957 -0.386605 -0.38142 -0.379047 -0.376971 -0.363523 -0.402225 
2.83 -5.77391 10 -0.40226 -0.363405 -0.376909 -0.379051 -0.381464 -0.386696 -0.395768 -0.402807 -0.395768 -0.386695 -0.381462 -0.37905 -0.376908 -0.363404 -0.402261 
2.84 -5.77401 10 -0.402293 -0.363288 -0.376845 -0.379054 -0.381507 -0.386786 -0.395835 -0.402803 -0.395835 -0.386785 -0.381505 -0.379053 -0.376844 -0.363287 -0.402294 
2.85 -5.77412 10 -0.402325 -0.363172 -0.376779 -0.379057 -0.38155 -0.386876 -0.395902 -0.402799 -0.395902 -0.386875 -0.381548 -0.379056 -0.376778 -0.363172 -0.402325 
2.86 -5.77421 10 -0.402354 -0.363058 -0.376712 -0.379059 -0.381594 -0.386966 -0.395968 -0.402794 -0.395968 -0.386965 -0.381592 -0.379058 -0.376711 -0.363058 -0.402355 
2.87 -5.7743 10 -0.402381 -0.362946 -0.376643 -0.379062 -0.381638 -0.387056 -0.396034 -0.402788 -0.396034 -0.387055 -0.381636 -0.379061 -0.376643 -0.362945 -0.402382 
2.88 -5.77439 10 -0.402407 -0.362835 -0.376573 -0.379064 -0.381682 -0.387146 -0.396099 -0.402782 -0.396099 -0.387145 -0.38168 -0.379063 -0.376573 -0.362835 -0.402408 
2.89 -5.77447 10 -0.40243 -0.362727 -0.376502 -0.379067 -0.381727 -0.387236 -0.396163 -0.402774 -0.396163 -0.387235 -0.381725 -0.379066 -0.376501 -0.362726 -0.402431 
2.9 -5.77455 10 -0.402452 -0.36262 -0.376429 -0.379069 -0.381772 -0.387326 -0.396227 -0.402767 -0.396227 -0.387326 -0.38177 -0.379068 -0.376428 -0.36262 -0.402452 
2.91 -5.77463 10 -0.402471 -0.362515 -0.376354 -0.379071 -0.381817 -0.387417 -0.39629 -0.402758 -0.39629 -0.387416 -0.381815 -0.37907 -0.376353 -0.362515 -0.402472 
2.92 -5.7747 10 -0.402489 -0.362413 -0.376278 -0.379073 -0.381863 -0.387507 -0.396352 -0.402749 -0.396353 -0.387506 -0.381861 -0.379072 -0.376277 -0.362412 -0.40249 
2.93 -5.77476 10 -0.402505 -0.362312 -0.3762 -0.379075 -0.381909 -0.387598 -0.396414 -0.402739 -0.396414 -0.387597 -0.381908 -0.379074 -0.3762 -0.362312 -0.402506 
2.94 -5.77483 10 -0.402519 -0.362213 -0.376121 -0.379077 -0.381956 -0.387688 -0.396475 -0.402728 -0.396476 -0.387687 -0.381954 -0.379076 -0.376121 -0.362213 -0.40252 
2.95 -5.77489 10 -0.402532 -0.362117 -0.376041 -0.379079 -0.382003 -0.387779 -0.396536 -0.402717 -0.396536 -0.387778 -0.382001 -0.379078 -0.37604 -0.362117 -0.402532 
2.96 -5.77494 10 -0.402543 -0.362023 -0.375959 -0.37908 -0.38205 -0.387869 -0.396596 -0.402705 -0.396596 -0.387868 -0.382048 -0.37908 -0.375959 -0.362023 -0.402543 
2.97 -5.775 10 -0.402551 -0.361931 -0.375876 -0.379082 -0.382098 -0.38796 -0.396655 -0.402693 -0.396655 -0.387959 -0.382096 -0.379081 -0.375875 -0.361931 -0.402552 
2.98 -5.77505 10 -0.402559 -0.361842 -0.375792 -0.379084 -0.382146 -0.38805 -0.396713 -0.40268 -0.396714 -0.38805 -0.382144 -0.379083 -0.375791 -0.361841 -0.402559 
2.99 -5.7751 11 -0.402564 -0.361755 -0.375706 -0.379085 -0.382194 -0.388141 -0.396771 -0.402666 -0.396771 -0.38814 -0.382192 -0.379084 -0.375705 -0.361754 -0.402565 
3 -5.77514 11 -0.402568 -0.36167 -0.375619 -0.379086 -0.382243 -0.388231 -0.396828 -0.402652 -0.396829 -0.388231 -0.382241 -0.379086 -0.375618 -0.36167 -0.402569 
3.01 -5.77518 11 -0.402571 -0.361588 -0.37553 -0.379088 -0.382292 -0.388322 -0.396885 -0.402638 -0.396885 -0.388321 -0.38229 -0.379087 -0.375529 -0.361588 -0.402571 
3.02 -5.77523 11 -0.402571 -0.361508 -0.37544 -0.379089 -0.382342 -0.388412 -0.396941 -0.402623 -0.396941 -0.388411 -0.38234 -0.379088 -0.37544 -0.361508 -0.402572 
3.03 -5.77526 11 -0.40257 -0.361431 -0.375349 -0.37909 -0.382391 -0.388503 -0.396996 -0.402607 -0.396996 -0.388502 -0.38239 -0.379089 -0.375348 -0.361431 -0.402571 
3.04 -5.7753 11 -0.402568 -0.361357 -0.375257 -0.379091 -0.382441 -0.388593 -0.39705 -0.402591 -0.397051 -0.388592 -0.38244 -0.37909 -0.375256 -0.361356 -0.402568 
3.05 -5.77534 11 -0.402564 -0.361285 -0.375163 -0.379092 -0.382492 -0.388683 -0.397104 -0.402575 -0.397104 -0.388682 -0.38249 -0.379091 -0.375162 -0.361284 -0.402564 
3.06 -5.77537 11 -0.402558 -0.361215 -0.375068 -0.379093 -0.382543 -0.388773 -0.397157 -0.402558 -0.397158 -0.388772 -0.382541 -0.379092 -0.375067 -0.361215 -0.402558 
3.07 -5.7754 11 -0.402551 -0.361149 -0.374972 -0.379093 -0.382594 -0.388863 -0.39721 -0.40254 -0.39721 -0.388862 -0.382592 -0.379093 -0.374971 -0.361148 -0.402551 
3.08 -5.77543 11 -0.402542 -0.361085 -0.374874 -0.379094 -0.382645 -0.388953 -0.397261 -0.402522 -0.397262 -0.388952 -0.382643 -0.379093 -0.374874 -0.361085 -0.402542 
3.09 -5.77546 11 -0.402532 -0.361024 -0.374776 -0.379095 -0.382697 -0.389043 -0.397313 -0.402504 -0.397313 -0.389042 -0.382695 -0.379094 -0.374775 -0.361023 -0.402532 
3.1 -5.77548 11 -0.40252 -0.360965 -0.374676 -0.379095 -0.382749 -0.389132 -0.397363 -0.402486 -0.397363 -0.389132 -0.382747 -0.379094 -0.374675 -0.360965 -0.40252 
3.11 -5.77551 11 -0.402506 -0.360909 -0.374575 -0.379095 -0.382801 -0.389222 -0.397413 -0.402467 -0.397413 -0.389221 -0.3828 -0.379095 -0.374574 -0.360909 -0.402507 
3.12 -5.77553 11 -0.402492 -0.360856 -0.374473 -0.379096 -0.382854 -0.389311 -0.397462 -0.402447 -0.397462 -0.389311 -0.382852 -0.379095 -0.374472 -0.360856 -0.402492 
3.13 -5.77555 12 -0.402475 -0.360806 -0.374369 -0.379096 -0.382907 -0.3894 -0.39751 -0.402428 -0.397511 -0.3894 -0.382905 -0.379095 -0.374369 -0.360806 -0.402476 
3.14 -5.77557 12 -0.402457 -0.360759 -0.374265 -0.379096 -0.38296 -0.389489 -0.397558 -0.402408 -0.397558 -0.389489 -0.382958 -0.379095 -0.374264 -0.360759 -0.402458 
3.15 -5.77559 12 -0.402438 -0.360714 -0.37416 -0.379096 -0.383014 -0.389578 -0.397605 -0.402387 -0.397606 -0.389578 -0.383012 -0.379095 -0.374159 -0.360714 -0.402438 
3.16 -5.77561 12 -0.402417 -0.360673 -0.374053 -0.379095 -0.383068 -0.389667 -0.397651 -0.402367 -0.397652 -0.389666 -0.383066 -0.379095 -0.374053 -0.360672 -0.402418 
3.17 -5.77563 12 -0.402395 -0.360634 -0.373946 -0.379095 -0.383122 -0.389755 -0.397697 -0.402346 -0.397698 -0.389755 -0.38312 -0.379094 -0.373945 -0.360634 -0.402396 
3.18 -5.77565 12 -0.402372 -0.360598 -0.373837 -0.379095 -0.383176 -0.389844 -0.397742 -0.402325 -0.397743 -0.389843 -0.383174 -0.379094 -0.373836 -0.360598 -0.402372 
3.19 -5.77566 12 -0.402347 -0.360565 -0.373727 -0.379094 -0.383231 -0.389932 -0.397786 -0.402303 -0.397787 -0.389931 -0.383229 -0.379093 -0.373727 -0.360564 -0.402347 
3.2 -5.77568 12 -0.40232 -0.360535 -0.373617 -0.379093 -0.383285 -0.390019 -0.39783 -0.402282 -0.397831 -0.390019 -0.383284 -0.379093 -0.373616 -0.360534 -0.40232 
3.21 -5.77569 12 -0.402292 -0.360507 -0.373505 -0.379092 -0.383341 -0.390107 -0.397873 -0.40226 -0.397874 -0.390106 -0.383339 -0.379092 -0.373505 -0.360507 -0.402292 
3.22 -5.77571 12 -0.402263 -0.360483 -0.373393 -0.379091 -0.383396 -0.390194 -0.397915 -0.402238 -0.397916 -0.390193 -0.383394 -0.379091 -0.373393 -0.360482 -0.402263 
3.23 -5.77572 12 -0.402232 -0.360461 -0.37328 -0.37909 -0.383451 -0.390281 -0.397957 -0.402215 -0.397958 -0.39028 -0.38345 -0.37909 -0.373279 -0.360461 -0.402232 
3.24 -5.77573 12 -0.4022 -0.360442 -0.373166 -0.379089 -0.383507 -0.390368 -0.397998 -0.402193 -0.397999 -0.390367 -0.383505 -0.379088 -0.373165 -0.360442 -0.4022 
3.25 -5.77574 13 -0.402167 -0.360426 -0.373051 -0.379088 -0.383563 -0.390454 -0.398038 -0.40217 -0.398039 -0.390454 -0.383561 -0.379087 -0.37305 -0.360426 -0.402167 
3.26 -5.77575 13 -0.402132 -0.360413 -0.372935 -0.379086 -0.383619 -0.39054 -0.398078 -0.402147 -0.398078 -0.39054 -0.383618 -0.379085 -0.372934 -0.360413 -0.402132 
3.27 -5.77576 13 -0.402096 -0.360403 -0.372818 -0.379084 -0.383676 -0.390626 -0.398117 -0.402124 -0.398117 -0.390626 -0.383674 -0.379084 -0.372818 -0.360403 -0.402096 
3.28 -5.77577 13 -0.402058 -0.360396 -0.372701 -0.379082 -0.383732 -0.390712 -0.398155 -0.402101 -0.398156 -0.390711 -0.383731 -0.379082 -0.3727 -0.360395 -0.402058 
3.29 -5.77578 13 -0.40202 -0.360391 -0.372583 -0.37908 -0.383789 -0.390797 -0.398193 -0.402077 -0.398193 -0.390796 -0.383787 -0.37908 -0.372582 -0.360391 -0.40202 
3.3 -5.77579 13 -0.401979 -0.360389 -0.372464 -0.379078 -0.383846 -0.390882 -0.39823 -0.402054 -0.39823 -0.390881 -0.383844 -0.379077 -0.372464 -0.360389 -0.401979 
3.31 -5.7758 13 -0.401938 -0.360391 -0.372344 -0.379076 -0.383903 -0.390966 -0.398266 -0.40203 -0.398267 -0.390966 -0.383901 -0.379075 -0.372344 -0.36039 -0.401938 
3.32 -5.7758 13 -0.401895 -0.360395 -0.372224 -0.379073 -0.38396 -0.391051 -0.398302 -0.402006 -0.398302 -0.39105 -0.383959 -0.379072 -0.372224 -0.360394 -0.401895 
3.33 -5.77581 13 -0.401851 -0.360401 -0.372104 -0.37907 -0.384018 -0.391134 -0.398337 -0.401983 -0.398337 -0.391134 -0.384016 -0.37907 -0.372103 -0.360401 -0.401851 
3.34 -5.77582 13 -0.401806 -0.360411 -0.371982 -0.379067 -0.384075 -0.391218 -0.398371 -0.401959 -0.398372 -0.391217 -0.384073 -0.379067 -0.371982 -0.36041 -0.401806 
3.35 -5.77582 13 -0.401759 -0.360423 -0.371861 -0.379064 -0.384133 -0.391301 -0.398405 -0.401935 -0.398405 -0.3913 -0.384131 -0.379064 -0.37186 -0.360423 -0.401759 
3.36 -5.77583 13 -0.401711 -0.360438 -0.371738 -0.379061 -0.384191 -0.391384 -0.398438 -0.401911 -0.398439 -0.391383 -0.384189 -0.37906 -0.371738 -0.360438 -0.401711 
3.37 -5.77583 13 -0.401662 -0.360456 -0.371616 -0.379057 -0.384248 -0.391466 -0.39847 -0.401887 -0.398471 -0.391465 -0.384247 -0.379057 -0.371615 -0.360455 -0.401662 
3.38 -5.77584 13 -0.401612 -0.360476 -0.371492 -0.379054 -0.384306 -0.391548 -0.398502 -0.401862 -0.398503 -0.391547 -0.384305 -0.379053 -0.371492 -0.360476 -0.401611 
3.39 -5.77584 13 -0.40156 -0.360499 -0.371369 -0.37905 -0.384365 -0.391629 -0.398533 -0.401838 -0.398534 -0.391629 -0.384363 -0.379049 -0.371369 -0.360499 -0.40156 
3.4 -5.77585 13 -0.401507 -0.360525 -0.371245 -0.379045 -0.384423 -0.39171 -0.398564 -0.401814 -0.398564 -0.39171 -0.384421 -0.379045 -0.371245 -0.360524 -0.401507 
3.41 -5.77585 14 -0.401453 -0.360553 -0.37112 -0.379041 -0.384481 -0.391791 -0.398594 -0.40179 -0.398594 -0.39179 -0.384479 -0.37904 -0.37112 -0.360553 -0.401453 
3.42 -5.77586 14 -0.401398 -0.360584 -0.370996 -0.379036 -0.384539 -0.391871 -0.398623 -0.401765 -0.398624 -0.39187 -0.384538 -0.379036 -0.370996 -0.360584 -0.401398 
3.43 -5.77586 14 -0.401341 -0.360617 -0.370871 -0.379032 -0.384598 -0.391951 -0.398652 -0.401741 -0.398652 -0.39195 -0.384596 -0.379031 -0.370871 -0.360617 -0.401341 
3.44 -5.77586 14 -0.401284 -0.360653 -0.370746 -0.379027 -0.384656 -0.39203 -0.39868 -0.401717 -0.39868 -0.392029 -0.384654 -0.379026 -0.370746 -0.360653 -0.401284 
3.45 -5.77587 14 -0.401225 -0.360692 -0.370621 -0.379021 -0.384714 -0.392109 -0.398707 -0.401693 -0.398708 -0.392108 -0.384713 -0.37902 -0.370621 -0.360691 -0.401225 
3.46 -5.77587 14 -0.401165 -0.360733 -0.370495 -0.379016 -0.384773 -0.392187 -0.398734 -0.401668 -0.398735 -0.392186 -0.384771 -0.379015 -0.370495 -0.360732 -0.401165 
3.47 -5.77587 14 -0.401104 -0.360776 -0.37037 -0.37901 -0.384831 -0.392265 -0.39876 -0.401644 -0.398761 -0.392264 -0.38483 -0.379009 -0.37037 -0.360776 -0.401104 
3.48 -5.77588 15 -0.401042 -0.360822 -0.370244 -0.379004 -0.38489 -0.392342 -0.398786 -0.40162 -0.398787 -0.392341 -0.384888 -0.379003 -0.370244 -0.360822 -0.401042 
