time energy SvN maxBondDim localEnergy 
0 -6.91174 0.592307 37 -0.654357 -0.293102 -0.568737 -0.334223 -0.544405 -0.348861 -0.535766 -0.352834 -0.535766 -0.348861 -0.544405 -0.334223 -0.568737 -0.293102 -0.654357 
0 -5.93961 0.0854441 12 -0.492313 -0.376615 -0.41675 -0.395641 -0.427315 -0.336555 -0.555845 0.0624528 -0.555845 -0.336555 -0.427315 -0.395641 -0.41675 -0.376615 -0.492313 
0.01 -5.93961 0.0854441 12 -0.492313 -0.376615 -0.41675 -0.395641 -0.427315 -0.336555 -0.555845 0.0624527 -0.555845 -0.336555 -0.427315 -0.395641 -0.41675 -0.376615 -0.492313 
0.02 -5.93961 0.0854441 12 -0.492313 -0.376615 -0.41675 -0.395641 -0.427315 -0.336555 -0.555845 0.0624527 -0.555845 -0.336555 -0.427315 -0.395641 -0.41675 -0.376615 -0.492313 
0.03 -5.93961 0.0854441 12 -0.492313 -0.376615 -0.41675 -0.395641 -0.427315 -0.336555 -0.555845 0.0624526 -0.555845 -0.336555 -0.427315 -0.395641 -0.41675 -0.376615 -0.492313 
0.04 -5.93961 0.0854441 12 -0.492313 -0.376615 -0.41675 -0.395641 -0.427315 -0.336555 -0.555845 0.0624524 -0.555845 -0.336555 -0.427315 -0.395641 -0.41675 -0.376615 -0.492313 
0.05 -5.93962 0.0854441 12 -0.492313 -0.376615 -0.41675 -0.395641 -0.427315 -0.336555 -0.555846 0.0624521 -0.555846 -0.336555 -0.427315 -0.395641 -0.41675 -0.376615 -0.492313 
0.06 -5.93962 0.0854441 12 -0.492313 -0.376615 -0.41675 -0.395641 -0.427315 -0.336555 -0.555846 0.0624517 -0.555846 -0.336555 -0.427315 -0.395641 -0.41675 -0.376615 -0.492313 
0.07 -5.93962 0.0854441 12 -0.492313 -0.376615 -0.41675 -0.395641 -0.427316 -0.336555 -0.555847 0.0624511 -0.555847 -0.336555 -0.427316 -0.395641 -0.41675 -0.376615 -0.492313 
0.08 -5.93962 0.0854441 12 -0.492313 -0.376615 -0.41675 -0.395641 -0.427316 -0.336555 -0.555847 0.0624503 -0.555847 -0.336555 -0.427316 -0.395641 -0.41675 -0.376615 -0.492313 
0.09 -5.93963 0.0854441 12 -0.492313 -0.376615 -0.41675 -0.395641 -0.427316 -0.336555 -0.555848 0.0624493 -0.555848 -0.336555 -0.427316 -0.395641 -0.41675 -0.376615 -0.492313 
0.1 -5.93963 0.0854441 12 -0.492313 -0.376615 -0.41675 -0.395641 -0.427316 -0.336555 -0.555849 0.062448 -0.555849 -0.336555 -0.427316 -0.395641 -0.41675 -0.376615 -0.492313 
0.11 -5.93964 0.0854442 12 -0.492313 -0.376615 -0.41675 -0.395642 -0.427316 -0.336555 -0.555851 0.0624465 -0.555851 -0.336555 -0.427316 -0.395642 -0.41675 -0.376615 -0.492313 
0.12 -5.93964 0.0854442 12 -0.492313 -0.376615 -0.41675 -0.395642 -0.427317 -0.336555 -0.555852 0.0624446 -0.555852 -0.336555 -0.427317 -0.395642 -0.41675 -0.376615 -0.492313 
0.13 -5.93965 0.0854442 12 -0.492313 -0.376615 -0.41675 -0.395642 -0.427317 -0.336555 -0.555854 0.0624423 -0.555854 -0.336555 -0.427317 -0.395642 -0.41675 -0.376615 -0.492313 
0.14 -5.93966 0.0854442 12 -0.492313 -0.376615 -0.41675 -0.395642 -0.427318 -0.336555 -0.555857 0.0624397 -0.555856 -0.336555 -0.427318 -0.395642 -0.41675 -0.376615 -0.492313 
0.15 -5.93967 0.0854443 12 -0.492313 -0.376615 -0.41675 -0.395642 -0.427318 -0.336555 -0.555859 0.0624365 -0.555859 -0.336555 -0.427318 -0.395642 -0.41675 -0.376615 -0.492313 
0.16 -5.93968 0.0854443 12 -0.492313 -0.376615 -0.416751 -0.395642 -0.427319 -0.336555 -0.555862 0.0624329 -0.555862 -0.336555 -0.427319 -0.395642 -0.416751 -0.376615 -0.492313 
0.17 -5.93969 0.0854444 12 -0.492313 -0.376615 -0.416751 -0.395643 -0.427319 -0.336555 -0.555866 0.0624288 -0.555866 -0.336555 -0.427319 -0.395643 -0.416751 -0.376615 -0.492313 
0.18 -5.93971 0.0854444 12 -0.492313 -0.376616 -0.416751 -0.395643 -0.42732 -0.336555 -0.55587 0.062424 -0.55587 -0.336555 -0.42732 -0.395643 -0.416751 -0.376615 -0.492313 
0.19 -5.93973 0.0854445 12 -0.492313 -0.376616 -0.416751 -0.395643 -0.427321 -0.336555 -0.555875 0.0624186 -0.555874 -0.336555 -0.427321 -0.395643 -0.416751 -0.376616 -0.492313 
0.2 -5.93975 0.0854446 12 -0.492313 -0.376616 -0.416751 -0.395644 -0.427322 -0.336555 -0.55588 0.0624126 -0.55588 -0.336555 -0.427322 -0.395644 -0.416751 -0.376616 -0.492313 
0.21 -5.93977 0.0854448 12 -0.492313 -0.376616 -0.416752 -0.395644 -0.427324 -0.336555 -0.555886 0.0624057 -0.555885 -0.336555 -0.427324 -0.395644 -0.416752 -0.376616 -0.492313 
0.22 -5.9398 0.0854449 12 -0.492313 -0.376616 -0.416752 -0.395645 -0.427325 -0.336555 -0.555892 0.0623981 -0.555892 -0.336555 -0.427325 -0.395645 -0.416752 -0.376616 -0.492313 
0.23 -5.93983 0.0854451 12 -0.492313 -0.376616 -0.416752 -0.395645 -0.427326 -0.336555 -0.555899 0.0623896 -0.555899 -0.336555 -0.427326 -0.395645 -0.416752 -0.376616 -0.492314 
0.24 -5.93986 0.0854454 12 -0.492313 -0.376616 -0.416753 -0.395646 -0.427328 -0.336555 -0.555907 0.0623802 -0.555907 -0.336555 -0.427328 -0.395646 -0.416753 -0.376616 -0.492314 
0.25 -5.93989 0.0854456 12 -0.492313 -0.376617 -0.416753 -0.395647 -0.42733 -0.336555 -0.555916 0.0623698 -0.555916 -0.336555 -0.42733 -0.395647 -0.416753 -0.376616 -0.492314 
0.26 -5.93993 0.085446 12 -0.492314 -0.376617 -0.416754 -0.395647 -0.427332 -0.336555 -0.555925 0.0623583 -0.555925 -0.336555 -0.427332 -0.395647 -0.416754 -0.376617 -0.492314 
0.27 -5.93997 0.0854463 12 -0.492314 -0.376617 -0.416754 -0.395648 -0.427334 -0.336555 -0.555936 0.0623457 -0.555936 -0.336555 -0.427334 -0.395648 -0.416754 -0.376617 -0.492314 
0.28 -5.94002 0.0854468 12 -0.492314 -0.376617 -0.416755 -0.395649 -0.427337 -0.336555 -0.555947 0.0623318 -0.555947 -0.336555 -0.427337 -0.395649 -0.416755 -0.376617 -0.492314 
0.29 -5.94007 0.0854473 12 -0.492314 -0.376618 -0.416756 -0.39565 -0.427339 -0.336555 -0.55596 0.0623167 -0.555959 -0.336555 -0.427339 -0.39565 -0.416756 -0.376617 -0.492315 
0.3 -5.94012 0.0854479 12 -0.492314 -0.376618 -0.416756 -0.395651 -0.427342 -0.336555 -0.555973 0.0623002 -0.555973 -0.336555 -0.427342 -0.395651 -0.416756 -0.376618 -0.492315 
0.31 -5.94018 0.0854486 12 -0.492315 -0.376618 -0.416757 -0.395652 -0.427345 -0.336555 -0.555988 0.0622822 -0.555988 -0.336555 -0.427345 -0.395652 -0.416757 -0.376618 -0.492315 
0.32 -5.94024 0.0854493 12 -0.492315 -0.376619 -0.416758 -0.395654 -0.427349 -0.336555 -0.556004 0.0622627 -0.556003 -0.336555 -0.427349 -0.395654 -0.416758 -0.376619 -0.492315 
0.33 -5.94031 0.0854502 12 -0.492315 -0.376619 -0.416759 -0.395655 -0.427352 -0.336555 -0.556021 0.0622415 -0.55602 -0.336555 -0.427352 -0.395655 -0.416759 -0.376619 -0.492316 
0.34 -5.94038 0.0854512 12 -0.492315 -0.37662 -0.41676 -0.395657 -0.427356 -0.336554 -0.556039 0.0622186 -0.556039 -0.336555 -0.427356 -0.395657 -0.41676 -0.376619 -0.492316 
0.35 -5.94046 0.0854524 12 -0.492316 -0.37662 -0.416761 -0.395658 -0.427361 -0.336554 -0.556059 0.0621938 -0.556059 -0.336554 -0.427361 -0.395658 -0.416761 -0.37662 -0.492317 
0.36 -5.94055 0.0854536 12 -0.492316 -0.376621 -0.416762 -0.39566 -0.427366 -0.336554 -0.55608 0.0621671 -0.55608 -0.336554 -0.427366 -0.39566 -0.416762 -0.37662 -0.492317 
0.37 -5.94064 0.0854551 12 -0.492317 -0.376621 -0.416763 -0.395662 -0.427371 -0.336554 -0.556103 0.0621383 -0.556102 -0.336554 -0.427371 -0.395662 -0.416763 -0.376621 -0.492317 
0.38 -5.94074 0.0854567 12 -0.492317 -0.376622 -0.416765 -0.395664 -0.427376 -0.336553 -0.556127 0.0621073 -0.556127 -0.336554 -0.427376 -0.395664 -0.416765 -0.376621 -0.492318 
0.39 -5.94085 0.0854585 12 -0.492317 -0.376622 -0.416766 -0.395666 -0.427382 -0.336553 -0.556153 0.062074 -0.556153 -0.336553 -0.427382 -0.395666 -0.416766 -0.376622 -0.492318 
0.4 -5.94096 0.0854606 12 -0.492318 -0.376623 -0.416768 -0.395668 -0.427388 -0.336552 -0.556181 0.0620383 -0.55618 -0.336553 -0.427388 -0.395668 -0.416768 -0.376623 -0.492319 
0.41 -5.94108 0.0854628 12 -0.492319 -0.376624 -0.416769 -0.395671 -0.427395 -0.336552 -0.55621 0.062 -0.556209 -0.336552 -0.427395 -0.395671 -0.416769 -0.376624 -0.492319 
0.42 -5.94121 0.0854654 12 -0.492319 -0.376625 -0.416771 -0.395673 -0.427402 -0.336551 -0.556241 0.061959 -0.556241 -0.336552 -0.427402 -0.395673 -0.416771 -0.376624 -0.49232 
0.43 -5.94134 0.0854682 12 -0.49232 -0.376626 -0.416773 -0.395676 -0.42741 -0.336551 -0.556275 0.0619152 -0.556274 -0.336551 -0.42741 -0.395676 -0.416773 -0.376625 -0.492321 
0.44 -5.94149 0.0854713 12 -0.49232 -0.376627 -0.416775 -0.395679 -0.427418 -0.33655 -0.55631 0.0618684 -0.556309 -0.33655 -0.427418 -0.395679 -0.416775 -0.376626 -0.492321 
0.45 -5.94164 0.0854747 12 -0.492321 -0.376627 -0.416777 -0.395682 -0.427427 -0.336549 -0.556347 0.0618184 -0.556346 -0.336549 -0.427427 -0.395682 -0.416777 -0.376627 -0.492322 
0.46 -5.94181 0.0854785 12 -0.492322 -0.376629 -0.416779 -0.395686 -0.427436 -0.336548 -0.556386 0.0617651 -0.556385 -0.336548 -0.427436 -0.395686 -0.416779 -0.376628 -0.492323 
0.47 -5.94198 0.0854826 12 -0.492323 -0.37663 -0.416782 -0.39569 -0.427446 -0.336547 -0.556427 0.0617084 -0.556427 -0.336547 -0.427446 -0.39569 -0.416782 -0.376629 -0.492324 
0.48 -5.94216 0.0854872 12 -0.492324 -0.376631 -0.416784 -0.395693 -0.427457 -0.336545 -0.556471 0.061648 -0.55647 -0.336546 -0.427457 -0.395693 -0.416785 -0.37663 -0.492325 
0.49 -5.94236 0.0854922 12 -0.492324 -0.376632 -0.416787 -0.395698 -0.427468 -0.336544 -0.556517 0.0615838 -0.556516 -0.336545 -0.427468 -0.395698 -0.416787 -0.376632 -0.492326 
0.5 -5.94256 0.0854977 12 -0.492325 -0.376633 -0.41679 -0.395702 -0.42748 -0.336542 -0.556565 0.0615157 -0.556564 -0.336543 -0.42748 -0.395702 -0.41679 -0.376633 -0.492327 
0.51 -5.94278 0.0855037 12 -0.492327 -0.376635 -0.416793 -0.395706 -0.427493 -0.336541 -0.556616 0.0614433 -0.556615 -0.336541 -0.427493 -0.395707 -0.416793 -0.376634 -0.492328 
0.52 -5.94301 0.0855103 12 -0.492328 -0.376636 -0.416797 -0.395711 -0.427507 -0.336539 -0.55667 0.0613665 -0.556668 -0.336539 -0.427507 -0.395711 -0.416797 -0.376636 -0.492329 
0.53 -5.94325 0.0855174 12 -0.492329 -0.376638 -0.4168 -0.395717 -0.427521 -0.336536 -0.556725 0.0612852 -0.556724 -0.336537 -0.427521 -0.395717 -0.4168 -0.376637 -0.49233 
0.54 -5.9435 0.0855252 12 -0.49233 -0.37664 -0.416804 -0.395722 -0.427536 -0.336534 -0.556784 0.061199 -0.556783 -0.336535 -0.427536 -0.395722 -0.416804 -0.376639 -0.492332 
0.55 -5.94377 0.0855337 12 -0.492332 -0.376641 -0.416808 -0.395728 -0.427552 -0.336531 -0.556845 0.0611079 -0.556844 -0.336532 -0.427552 -0.395728 -0.416808 -0.376641 -0.492333 
0.56 -5.94405 0.085543 12 -0.492333 -0.376643 -0.416812 -0.395734 -0.427569 -0.336528 -0.556909 0.0610115 -0.556907 -0.336529 -0.427569 -0.395734 -0.416813 -0.376643 -0.492335 
0.57 -5.94434 0.085553 12 -0.492335 -0.376645 -0.416817 -0.395741 -0.427587 -0.336525 -0.556975 0.0609096 -0.556974 -0.336526 -0.427587 -0.395741 -0.416817 -0.376645 -0.492336 
0.58 -5.94465 0.0855638 12 -0.492336 -0.376647 -0.416822 -0.395747 -0.427606 -0.336522 -0.557044 0.060802 -0.557043 -0.336522 -0.427606 -0.395747 -0.416822 -0.376647 -0.492338 
0.59 -5.94497 0.0855755 12 -0.492338 -0.37665 -0.416827 -0.395755 -0.427626 -0.336518 -0.557116 0.0606885 -0.557115 -0.336518 -0.427626 -0.395755 -0.416827 -0.376649 -0.49234 
0.6 -5.94531 0.0855882 12 -0.49234 -0.376652 -0.416832 -0.395762 -0.427648 -0.336513 -0.557191 0.0605688 -0.55719 -0.336514 -0.427648 -0.395762 -0.416832 -0.376651 -0.492342 
0.61 -5.94566 0.0856019 12 -0.492342 -0.376655 -0.416838 -0.39577 -0.42767 -0.336509 -0.557269 0.0604426 -0.557267 -0.33651 -0.42767 -0.39577 -0.416838 -0.376654 -0.492344 
0.62 -5.94603 0.0856167 12 -0.492344 -0.376657 -0.416844 -0.395779 -0.427693 -0.336504 -0.557349 0.0603097 -0.557348 -0.336505 -0.427693 -0.395779 -0.416844 -0.376656 -0.492346 
0.63 -5.94642 0.0856326 12 -0.492346 -0.37666 -0.41685 -0.395788 -0.427718 -0.336498 -0.557432 0.0601698 -0.557431 -0.336499 -0.427718 -0.395788 -0.41685 -0.376659 -0.492348 
0.64 -5.94682 0.0856498 12 -0.492348 -0.376663 -0.416857 -0.395797 -0.427744 -0.336492 -0.557518 0.0600226 -0.557517 -0.336493 -0.427744 -0.395797 -0.416857 -0.376662 -0.492351 
0.65 -5.94724 0.0856683 12 -0.492351 -0.376666 -0.416864 -0.395807 -0.427772 -0.336486 -0.557607 0.0598679 -0.557606 -0.336487 -0.427772 -0.395807 -0.416864 -0.376665 -0.492353 
0.66 -5.94767 0.0856881 12 -0.492354 -0.376669 -0.416871 -0.395817 -0.427801 -0.336479 -0.557699 0.0597053 -0.557697 -0.33648 -0.427801 -0.395817 -0.416871 -0.376668 -0.492356 
0.67 -5.94813 0.0857095 12 -0.492356 -0.376673 -0.416879 -0.395828 -0.427831 -0.336471 -0.557793 0.0595346 -0.557792 -0.336472 -0.427831 -0.395828 -0.416879 -0.376672 -0.492359 
0.68 -5.9486 0.0857323 12 -0.492359 -0.376676 -0.416887 -0.39584 -0.427863 -0.336463 -0.55789 0.0593555 -0.557889 -0.336464 -0.427863 -0.39584 -0.416887 -0.376675 -0.492362 
0.69 -5.94909 0.0857569 12 -0.492362 -0.37668 -0.416896 -0.395852 -0.427896 -0.336454 -0.55799 0.0591676 -0.557988 -0.336455 -0.427896 -0.395852 -0.416896 -0.376679 -0.492365 
0.7 -5.9496 0.0857831 12 -0.492366 -0.376684 -0.416905 -0.395864 -0.427931 -0.336444 -0.558092 0.0589706 -0.55809 -0.336445 -0.427931 -0.395864 -0.416905 -0.376683 -0.492368 
0.71 -5.95013 0.0858113 12 -0.492369 -0.376688 -0.416915 -0.395877 -0.427968 -0.336434 -0.558197 0.0587643 -0.558195 -0.336435 -0.427968 -0.395877 -0.416915 -0.376687 -0.492372 
0.72 -5.95068 0.0858414 12 -0.492373 -0.376693 -0.416925 -0.395891 -0.428006 -0.336422 -0.558304 0.0585482 -0.558302 -0.336423 -0.428006 -0.395891 -0.416925 -0.376692 -0.492375 
0.73 -5.95125 0.0858735 12 -0.492377 -0.376698 -0.416936 -0.395906 -0.428046 -0.33641 -0.558413 0.0583221 -0.558411 -0.336411 -0.428046 -0.395906 -0.416936 -0.376696 -0.492379 
0.74 -5.95184 0.0859079 12 -0.492381 -0.376703 -0.416947 -0.395921 -0.428088 -0.336397 -0.558525 0.0580857 -0.558523 -0.336398 -0.428088 -0.395921 -0.416947 -0.376701 -0.492384 
0.75 -5.95245 0.0859445 12 -0.492385 -0.376708 -0.416959 -0.395937 -0.428132 -0.336383 -0.558638 0.0578385 -0.558636 -0.336384 -0.428132 -0.395937 -0.416959 -0.376707 -0.492388 
0.76 -5.95308 0.0859836 12 -0.49239 -0.376713 -0.416971 -0.395954 -0.428178 -0.336368 -0.558754 0.0575803 -0.558752 -0.336369 -0.428178 -0.395954 -0.416972 -0.376712 -0.492393 
0.77 -5.95373 0.0860253 12 -0.492395 -0.376719 -0.416985 -0.395971 -0.428226 -0.336352 -0.558871 0.0573107 -0.558869 -0.336353 -0.428226 -0.395971 -0.416985 -0.376718 -0.492398 
0.78 -5.9544 0.0860697 12 -0.4924 -0.376725 -0.416998 -0.395989 -0.428276 -0.336334 -0.558989 0.0570294 -0.558987 -0.336336 -0.428276 -0.395989 -0.416998 -0.376724 -0.492403 
0.79 -5.95509 0.0861169 12 -0.492405 -0.376731 -0.417013 -0.396009 -0.428328 -0.336316 -0.559109 0.056736 -0.559107 -0.336317 -0.428328 -0.396009 -0.417013 -0.37673 -0.492408 
0.8 -5.9558 0.0861671 12 -0.492411 -0.376738 -0.417028 -0.396028 -0.428383 -0.336296 -0.55923 0.0564301 -0.559228 -0.336297 -0.428383 -0.396028 -0.417028 -0.376737 -0.492414 
0.81 -5.95653 0.0862206 12 -0.492417 -0.376745 -0.417044 -0.396049 -0.428439 -0.336275 -0.559352 0.0561115 -0.55935 -0.336276 -0.428439 -0.396049 -0.417044 -0.376744 -0.49242 
0.82 -5.95729 0.0862773 12 -0.492423 -0.376752 -0.417061 -0.396071 -0.428498 -0.336252 -0.559475 0.0557797 -0.559473 -0.336253 -0.428498 -0.396071 -0.417061 -0.376751 -0.492426 
0.83 -5.95806 0.0863375 12 -0.49243 -0.37676 -0.417078 -0.396094 -0.42856 -0.336227 -0.559598 0.0554345 -0.559596 -0.336229 -0.428559 -0.396094 -0.417078 -0.376759 -0.492433 
0.84 -5.95886 0.0864015 12 -0.492437 -0.376768 -0.417097 -0.396117 -0.428623 -0.336201 -0.559722 0.0550753 -0.559719 -0.336203 -0.428623 -0.396117 -0.417097 -0.376767 -0.49244 
0.85 -5.95967 0.0864693 12 -0.492444 -0.376777 -0.417116 -0.396142 -0.428689 -0.336173 -0.559845 0.054702 -0.559843 -0.336175 -0.428689 -0.396142 -0.417116 -0.376775 -0.492447 
0.86 -5.96051 0.0865411 12 -0.492452 -0.376786 -0.417136 -0.396168 -0.428758 -0.336144 -0.559968 0.0543142 -0.559966 -0.336145 -0.428758 -0.396168 -0.417136 -0.376784 -0.492455 
0.87 -5.96137 0.0866172 12 -0.49246 -0.376795 -0.417157 -0.396194 -0.428829 -0.336112 -0.560091 0.0539114 -0.560089 -0.336114 -0.428829 -0.396194 -0.417157 -0.376793 -0.492463 
0.88 -5.96225 0.0866978 12 -0.492469 -0.376805 -0.41718 -0.396222 -0.428903 -0.336079 -0.560213 0.0534934 -0.56021 -0.33608 -0.428902 -0.396222 -0.41718 -0.376803 -0.492472 
0.89 -5.96314 0.0867831 12 -0.492478 -0.376815 -0.417203 -0.396251 -0.428979 -0.336043 -0.560333 0.0530598 -0.560331 -0.336045 -0.428979 -0.396251 -0.417203 -0.376813 -0.492481 
0.9 -5.96406 0.0868732 12 -0.492487 -0.376826 -0.417227 -0.396281 -0.429058 -0.336005 -0.560453 0.0526102 -0.56045 -0.336007 -0.429058 -0.396281 -0.417227 -0.376824 -0.492491 
0.91 -5.965 0.0869685 12 -0.492497 -0.376837 -0.417252 -0.396312 -0.429139 -0.335965 -0.56057 0.0521444 -0.560568 -0.335966 -0.429139 -0.396312 -0.417253 -0.376835 -0.492501 
0.92 -5.96596 0.0870692 12 -0.492507 -0.376849 -0.417279 -0.396344 -0.429224 -0.335922 -0.560686 0.051662 -0.560684 -0.335924 -0.429223 -0.396344 -0.417279 -0.376847 -0.492511 
0.93 -5.96694 0.0871754 12 -0.492519 -0.376861 -0.417307 -0.396378 -0.429311 -0.335877 -0.560799 0.0511626 -0.560797 -0.335878 -0.42931 -0.396378 -0.417307 -0.376859 -0.492522 
0.94 -5.96794 0.0872876 12 -0.49253 -0.376874 -0.417336 -0.396412 -0.4294 -0.335828 -0.56091 0.050646 -0.560907 -0.33583 -0.4294 -0.396412 -0.417336 -0.376872 -0.492534 
0.95 -5.96895 0.0874059 12 -0.492542 -0.376888 -0.417366 -0.396448 -0.429493 -0.335778 -0.561017 0.0501118 -0.561015 -0.335779 -0.429492 -0.396448 -0.417366 -0.376886 -0.492546 
0.96 -5.96999 0.0875306 12 -0.492555 -0.376902 -0.417398 -0.396486 -0.429588 -0.335724 -0.561122 0.0495598 -0.561119 -0.335726 -0.429587 -0.396486 -0.417398 -0.3769 -0.492559 
0.97 -5.97104 0.087662 12 -0.492568 -0.376916 -0.41743 -0.396524 -0.429685 -0.335667 -0.561222 0.0489895 -0.56122 -0.335669 -0.429685 -0.396524 -0.417431 -0.376915 -0.492573 
0.98 -5.97211 0.0878003 12 -0.492583 -0.376932 -0.417465 -0.396564 -0.429786 -0.335607 -0.561319 0.0484007 -0.561317 -0.335609 -0.429786 -0.396564 -0.417465 -0.37693 -0.492587 
0.99 -5.9732 0.087946 12 -0.492597 -0.376948 -0.417501 -0.396605 -0.429889 -0.335544 -0.561412 0.0477932 -0.56141 -0.335546 -0.429889 -0.396605 -0.417501 -0.376946 -0.492602 
1 -5.9743 0.0880992 12 -0.492613 -0.376965 -0.417538 -0.396647 -0.429995 -0.335477 -0.5615 0.0471666 -0.561498 -0.335479 -0.429995 -0.396647 -0.417538 -0.376963 -0.492617 
1.01 -5.97543 0.0882603 12 -0.492629 -0.376983 -0.417577 -0.396691 -0.430103 -0.335407 -0.561583 0.0465207 -0.561581 -0.335409 -0.430103 -0.396691 -0.417577 -0.376981 -0.492634 
1.02 -5.97656 0.0884297 12 -0.492646 -0.377001 -0.417617 -0.396736 -0.430214 -0.335333 -0.561662 0.0458552 -0.561659 -0.335335 -0.430214 -0.396736 -0.417617 -0.376999 -0.492651 
1.03 -5.97772 0.0886076 12 -0.492664 -0.37702 -0.417659 -0.396782 -0.430328 -0.335255 -0.561734 0.0451699 -0.561732 -0.335257 -0.430328 -0.396782 -0.41766 -0.377018 -0.492669 
1.04 -5.97889 0.0887944 12 -0.492683 -0.37704 -0.417703 -0.396829 -0.430444 -0.335173 -0.561801 0.0444644 -0.561799 -0.335175 -0.430444 -0.396829 -0.417703 -0.377038 -0.492688 
1.05 -5.98007 0.0889904 12 -0.492703 -0.377061 -0.417748 -0.396878 -0.430563 -0.335088 -0.561862 0.0437387 -0.56186 -0.33509 -0.430562 -0.396878 -0.417749 -0.377059 -0.492707 
1.06 -5.98127 0.0891961 12 -0.492723 -0.377083 -0.417796 -0.396928 -0.430684 -0.334998 -0.561917 0.0429924 -0.561915 -0.335 -0.430683 -0.396928 -0.417796 -0.377081 -0.492728 
1.07 -5.98248 0.0894117 12 -0.492745 -0.377106 -0.417845 -0.396979 -0.430807 -0.334904 -0.561965 0.0422253 -0.561963 -0.334906 -0.430807 -0.396979 -0.417845 -0.377104 -0.49275 
1.08 -5.9837 0.0896377 12 -0.492768 -0.377129 -0.417895 -0.397032 -0.430933 -0.334805 -0.562007 0.0414372 -0.562004 -0.334808 -0.430932 -0.397032 -0.417896 -0.377127 -0.492772 
1.09 -5.98494 0.0898744 12 -0.492792 -0.377154 -0.417948 -0.397086 -0.43106 -0.334702 -0.562041 0.0406281 -0.562039 -0.334705 -0.43106 -0.397086 -0.417948 -0.377152 -0.492796 
1.1 -5.98619 0.0901223 12 -0.492816 -0.37718 -0.418003 -0.39714 -0.43119 -0.334595 -0.562069 0.0397975 -0.562066 -0.334597 -0.43119 -0.39714 -0.418003 -0.377178 -0.492821 
1.11 -5.98745 0.0903816 12 -0.492842 -0.377206 -0.418059 -0.397196 -0.431322 -0.334483 -0.562088 0.0389455 -0.562086 -0.334485 -0.431321 -0.397197 -0.418059 -0.377204 -0.492847 
1.12 -5.98872 0.090653 12 -0.49287 -0.377234 -0.418117 -0.397254 -0.431456 -0.334366 -0.5621 0.0380718 -0.562098 -0.334368 -0.431455 -0.397254 -0.418118 -0.377232 -0.492874 
1.13 -5.99001 0.0909366 12 -0.492898 -0.377263 -0.418178 -0.397312 -0.431591 -0.334244 -0.562105 0.0371762 -0.562102 -0.334246 -0.431591 -0.397312 -0.418178 -0.377261 -0.492903 
1.14 -5.9913 0.0912331 12 -0.492928 -0.377293 -0.41824 -0.397371 -0.431728 -0.334117 -0.562101 0.0362587 -0.562098 -0.334119 -0.431728 -0.397371 -0.41824 -0.377291 -0.492933 
1.15 -5.9926 0.0915427 12 -0.492959 -0.377324 -0.418305 -0.397431 -0.431867 -0.333985 -0.562089 0.0353192 -0.562086 -0.333988 -0.431866 -0.397431 -0.418305 -0.377322 -0.492964 
1.16 -5.99391 0.0918661 12 -0.492991 -0.377356 -0.418371 -0.397492 -0.432007 -0.333848 -0.562068 0.0343574 -0.562066 -0.333851 -0.432006 -0.397492 -0.418371 -0.377354 -0.492996 
1.17 -5.99523 0.0922035 12 -0.493025 -0.37739 -0.41844 -0.397554 -0.432148 -0.333706 -0.562039 0.0333734 -0.562036 -0.333709 -0.432148 -0.397554 -0.41844 -0.377387 -0.49303 
1.18 -5.99656 0.0925555 12 -0.493061 -0.377424 -0.41851 -0.397616 -0.432291 -0.333559 -0.562001 0.032367 -0.561999 -0.333561 -0.43229 -0.397616 -0.41851 -0.377422 -0.493066 
1.19 -5.9979 0.0929225 12 -0.493098 -0.37746 -0.418583 -0.39768 -0.432435 -0.333406 -0.561955 0.0313381 -0.561952 -0.333408 -0.432434 -0.39768 -0.418583 -0.377458 -0.493103 
1.2 -5.99924 0.0933049 12 -0.493136 -0.377497 -0.418657 -0.397743 -0.432579 -0.333248 -0.561899 0.0302867 -0.561897 -0.33325 -0.432579 -0.397743 -0.418658 -0.377495 -0.493142 
1.21 -6.00059 0.0937034 12 -0.493177 -0.377536 -0.418734 -0.397808 -0.432725 -0.333084 -0.561835 0.0292127 -0.561832 -0.333087 -0.432724 -0.397808 -0.418734 -0.377533 -0.493182 
1.22 -6.00194 0.0941182 12 -0.493218 -0.377576 -0.418813 -0.397872 -0.432871 -0.332915 -0.561761 0.0281161 -0.561759 -0.332918 -0.43287 -0.397872 -0.418813 -0.377573 -0.493224 
1.23 -6.0033 0.09455 12 -0.493262 -0.377617 -0.418894 -0.397937 -0.433017 -0.332741 -0.561679 0.0269968 -0.561676 -0.332744 -0.433017 -0.397938 -0.418894 -0.377614 -0.493268 
1.24 -6.00466 0.0949992 12 -0.493308 -0.377659 -0.418976 -0.398003 -0.433165 -0.332561 -0.561587 0.0258548 -0.561584 -0.332564 -0.433164 -0.398003 -0.418977 -0.377656 -0.493313 
1.25 -6.00603 0.0954663 12 -0.493355 -0.377702 -0.419061 -0.398068 -0.433312 -0.332375 -0.561485 0.0246901 -0.561483 -0.332378 -0.433311 -0.398068 -0.419061 -0.3777 -0.493361 
1.26 -6.0074 0.0959518 12 -0.493404 -0.377747 -0.419148 -0.398133 -0.433459 -0.332184 -0.561375 0.0235028 -0.561372 -0.332187 -0.433459 -0.398134 -0.419148 -0.377745 -0.49341 
1.27 -6.00878 0.0964561 12 -0.493456 -0.377794 -0.419236 -0.398199 -0.433607 -0.331988 -0.561255 0.0222927 -0.561252 -0.331991 -0.433606 -0.398199 -0.419237 -0.377791 -0.493461 
1.28 -6.01016 0.0969799 12 -0.493509 -0.377841 -0.419327 -0.398264 -0.433754 -0.331786 -0.561125 0.02106 -0.561123 -0.331789 -0.433754 -0.398264 -0.419327 -0.377839 -0.493514 
1.29 -6.01153 0.0975236 12 -0.493564 -0.37789 -0.419419 -0.398329 -0.433902 -0.331578 -0.560986 0.0198047 -0.560984 -0.331581 -0.433901 -0.398329 -0.419419 -0.377887 -0.49357 
1.3 -6.01292 0.0980876 12 -0.493622 -0.37794 -0.419513 -0.398393 -0.434048 -0.331365 -0.560838 0.0185267 -0.560835 -0.331368 -0.434048 -0.398393 -0.419514 -0.377938 -0.493627 
1.31 -6.0143 0.0986727 12 -0.493681 -0.377992 -0.419609 -0.398457 -0.434195 -0.331147 -0.56068 0.0172263 -0.560678 -0.33115 -0.434194 -0.398457 -0.419609 -0.377989 -0.493687 
1.32 -6.01568 0.0992791 12 -0.493743 -0.378044 -0.419706 -0.39852 -0.43434 -0.330923 -0.560513 0.0159033 -0.56051 -0.330926 -0.43434 -0.39852 -0.419707 -0.378042 -0.493749 
1.33 -6.01706 0.0999075 12 -0.493807 -0.378098 -0.419806 -0.398582 -0.434485 -0.330693 -0.560336 0.0145579 -0.560334 -0.330696 -0.434485 -0.398582 -0.419806 -0.378096 -0.493813 
1.34 -6.01844 0.100558 12 -0.493874 -0.378154 -0.419906 -0.398644 -0.43463 -0.330459 -0.56015 0.0131902 -0.560148 -0.330462 -0.434629 -0.398644 -0.419906 -0.378151 -0.493879 
1.35 -6.01983 0.101232 12 -0.493942 -0.37821 -0.420008 -0.398704 -0.434773 -0.330219 -0.559955 0.0118002 -0.559953 -0.330222 -0.434772 -0.398704 -0.420008 -0.378207 -0.493948 
1.36 -6.0212 0.10193 12 -0.494013 -0.378268 -0.420111 -0.398764 -0.434915 -0.329973 -0.55975 0.0103881 -0.559748 -0.329976 -0.434914 -0.398764 -0.420112 -0.378265 -0.494019 
1.37 -6.02258 0.102651 12 -0.494087 -0.378326 -0.420216 -0.398822 -0.435056 -0.329723 -0.559537 0.00895395 -0.559534 -0.329726 -0.435055 -0.398822 -0.420216 -0.378323 -0.494093 
1.38 -6.02396 0.103397 12 -0.494163 -0.378386 -0.420322 -0.398878 -0.435196 -0.329467 -0.559314 0.00749787 -0.559311 -0.32947 -0.435195 -0.398878 -0.420322 -0.378383 -0.494169 
1.39 -6.02533 0.104168 12 -0.494241 -0.378447 -0.420429 -0.398934 -0.435334 -0.329207 -0.559081 0.00601999 -0.559079 -0.32921 -0.435333 -0.398934 -0.420429 -0.378444 -0.494247 
1.4 -6.02669 0.104964 12 -0.494322 -0.378508 -0.420536 -0.398987 -0.435471 -0.328941 -0.55884 0.00452043 -0.558838 -0.328944 -0.43547 -0.398987 -0.420537 -0.378505 -0.494328 
1.41 -6.02806 0.105787 12 -0.494405 -0.378571 -0.420645 -0.399039 -0.435606 -0.32867 -0.55859 0.00299935 -0.558587 -0.328674 -0.435606 -0.399039 -0.420645 -0.378568 -0.494411 
1.42 -6.02942 0.106636 12 -0.494491 -0.378634 -0.420754 -0.39909 -0.43574 -0.328395 -0.55833 0.00145688 -0.558328 -0.328398 -0.43574 -0.39909 -0.420755 -0.378631 -0.494497 
1.43 -6.03077 0.107512 12 -0.49458 -0.378698 -0.420865 -0.399138 -0.435872 -0.328115 -0.558062 -0.000106823 -0.55806 -0.328118 -0.435872 -0.399138 -0.420865 -0.378695 -0.494586 
1.44 -6.03212 0.108416 12 -0.49467 -0.378763 -0.420975 -0.399184 -0.436003 -0.327831 -0.557785 -0.00169159 -0.557783 -0.327834 -0.436002 -0.399184 -0.420976 -0.37876 -0.494677 
1.45 -6.03346 0.109348 12 -0.494764 -0.378828 -0.421086 -0.399228 -0.436131 -0.327541 -0.5575 -0.00329726 -0.557497 -0.327545 -0.436131 -0.399229 -0.421087 -0.378825 -0.49477 
1.46 -6.03479 0.110308 12 -0.49486 -0.378894 -0.421198 -0.399271 -0.436258 -0.327248 -0.557206 -0.00492365 -0.557203 -0.327251 -0.436258 -0.399271 -0.421198 -0.378891 -0.494866 
1.47 -6.03612 0.111298 12 -0.494958 -0.37896 -0.42131 -0.39931 -0.436383 -0.32695 -0.556903 -0.00657057 -0.5569 -0.326953 -0.436382 -0.399311 -0.42131 -0.378957 -0.494964 
1.48 -6.03744 0.112316 12 -0.495059 -0.379027 -0.421421 -0.399348 -0.436506 -0.326648 -0.556592 -0.00823785 -0.556589 -0.326651 -0.436505 -0.399348 -0.421422 -0.379024 -0.495065 
1.49 -6.03875 0.113365 12 -0.495162 -0.379093 -0.421533 -0.399383 -0.436627 -0.326342 -0.556272 -0.00992528 -0.55627 -0.326345 -0.436626 -0.399383 -0.421534 -0.37909 -0.495168 
1.5 -6.04006 0.114445 12 -0.495268 -0.37916 -0.421645 -0.399416 -0.436746 -0.326032 -0.555944 -0.0116327 -0.555942 -0.326035 -0.436745 -0.399416 -0.421645 -0.379157 -0.495274 
1.51 -6.04135 0.115555 12 -0.495376 -0.379227 -0.421757 -0.399446 -0.436862 -0.325718 -0.555608 -0.0133598 -0.555606 -0.325721 -0.436861 -0.399446 -0.421757 -0.379224 -0.495382 
1.52 -6.04263 0.116696 12 -0.495486 -0.379294 -0.421868 -0.399473 -0.436977 -0.3254 -0.555264 -0.0151064 -0.555262 -0.325404 -0.436976 -0.399473 -0.421868 -0.37929 -0.495492 
1.53 -6.04391 0.117869 12 -0.495599 -0.37936 -0.421979 -0.399498 -0.437089 -0.325079 -0.554913 -0.0168724 -0.55491 -0.325083 -0.437088 -0.399498 -0.421979 -0.379357 -0.495605 
1.54 -6.04517 0.119075 12 -0.495713 -0.379426 -0.422089 -0.39952 -0.437199 -0.324755 -0.554553 -0.0186574 -0.554551 -0.324758 -0.437198 -0.39952 -0.422089 -0.379423 -0.49572 
1.55 -6.04642 0.120313 12 -0.49583 -0.379491 -0.422199 -0.399539 -0.437307 -0.324427 -0.554186 -0.0204613 -0.554183 -0.32443 -0.437306 -0.399539 -0.422199 -0.379488 -0.495837 
1.56 -6.04766 0.121584 12 -0.495949 -0.379556 -0.422308 -0.399556 -0.437413 -0.324095 -0.553811 -0.0222838 -0.553808 -0.324099 -0.437412 -0.399556 -0.422308 -0.379553 -0.495955 
1.57 -6.04889 0.122889 12 -0.49607 -0.37962 -0.422416 -0.399569 -0.437516 -0.323761 -0.553428 -0.0241247 -0.553426 -0.323765 -0.437515 -0.39957 -0.422416 -0.379617 -0.496076 
1.58 -6.05011 0.124227 12 -0.496193 -0.379684 -0.422523 -0.39958 -0.437617 -0.323424 -0.553038 -0.0259837 -0.553036 -0.323428 -0.437616 -0.39958 -0.422523 -0.379681 -0.496199 
1.59 -6.05131 0.1256 12 -0.496317 -0.379746 -0.422629 -0.399588 -0.437716 -0.323084 -0.552641 -0.0278606 -0.552639 -0.323088 -0.437715 -0.399588 -0.42263 -0.379743 -0.496324 
1.6 -6.0525 0.127007 12 -0.496443 -0.379807 -0.422735 -0.399593 -0.437812 -0.322742 -0.552237 -0.0297551 -0.552234 -0.322745 -0.437811 -0.399593 -0.422735 -0.379804 -0.49645 
1.61 -6.05367 0.128449 12 -0.496571 -0.379867 -0.422839 -0.399595 -0.437906 -0.322397 -0.551825 -0.031667 -0.551823 -0.3224 -0.437905 -0.399595 -0.422839 -0.379864 -0.496578 
1.62 -6.05483 0.129927 12 -0.496701 -0.379926 -0.422942 -0.399594 -0.437998 -0.322049 -0.551407 -0.033596 -0.551405 -0.322053 -0.437997 -0.399594 -0.422942 -0.379923 -0.496707 
1.63 -6.05598 0.13144 12 -0.496831 -0.379983 -0.423043 -0.39959 -0.438087 -0.3217 -0.550982 -0.0355418 -0.55098 -0.321704 -0.438086 -0.39959 -0.423044 -0.37998 -0.496838 
1.64 -6.05711 0.132989 12 -0.496963 -0.380039 -0.423144 -0.399583 -0.438174 -0.321348 -0.55055 -0.0375042 -0.550548 -0.321352 -0.438173 -0.399583 -0.423144 -0.380035 -0.49697 
1.65 -6.05822 0.134574 12 -0.497096 -0.380093 -0.423243 -0.399573 -0.438258 -0.320995 -0.550111 -0.0394829 -0.550109 -0.320998 -0.438258 -0.399573 -0.423243 -0.380089 -0.497103 
1.66 -6.05932 0.136196 12 -0.49723 -0.380145 -0.42334 -0.39956 -0.438341 -0.320639 -0.549666 -0.0414776 -0.549664 -0.320643 -0.43834 -0.39956 -0.423341 -0.380141 -0.497237 
1.67 -6.06041 0.137855 12 -0.497365 -0.380195 -0.423436 -0.399544 -0.43842 -0.320282 -0.549215 -0.043488 -0.549213 -0.320286 -0.43842 -0.399544 -0.423436 -0.380191 -0.497371 
1.68 -6.06147 0.139551 12 -0.497501 -0.380243 -0.42353 -0.399525 -0.438498 -0.319924 -0.548758 -0.0455139 -0.548755 -0.319928 -0.438497 -0.399525 -0.423531 -0.380239 -0.497507 
1.69 -6.06252 0.141284 12 -0.497637 -0.380289 -0.423623 -0.399503 -0.438573 -0.319564 -0.548294 -0.0475549 -0.548292 -0.319568 -0.438572 -0.399503 -0.423624 -0.380285 -0.497643 
1.7 -6.06356 0.143055 12 -0.497774 -0.380332 -0.423714 -0.399478 -0.438645 -0.319203 -0.547824 -0.0496108 -0.547822 -0.319207 -0.438644 -0.399479 -0.423715 -0.380329 -0.49778 
1.71 -6.06457 0.144864 12 -0.497911 -0.380374 -0.423804 -0.39945 -0.438715 -0.318841 -0.547348 -0.0516812 -0.547346 -0.318845 -0.438714 -0.399451 -0.423805 -0.38037 -0.497917 
1.72 -6.06557 0.146711 12 -0.498048 -0.380413 -0.423892 -0.39942 -0.438783 -0.318478 -0.546867 -0.0537659 -0.546865 -0.318482 -0.438782 -0.39942 -0.423892 -0.380409 -0.498055 
1.73 -6.06655 0.148596 12 -0.498186 -0.380449 -0.423978 -0.399386 -0.438848 -0.318114 -0.54638 -0.0558646 -0.546377 -0.318118 -0.438847 -0.399386 -0.423979 -0.380446 -0.498192 
1.74 -6.06751 0.15052 12 -0.498323 -0.380483 -0.424062 -0.399349 -0.438911 -0.31775 -0.545887 -0.057977 -0.545885 -0.317754 -0.43891 -0.39935 -0.424063 -0.380479 -0.49833 
1.75 -6.06846 0.152483 12 -0.49846 -0.380514 -0.424145 -0.39931 -0.438971 -0.317385 -0.545388 -0.0601027 -0.545386 -0.317389 -0.438971 -0.39931 -0.424146 -0.380511 -0.498467 
1.76 -6.06938 0.154484 12 -0.498597 -0.380542 -0.424226 -0.399268 -0.439029 -0.31702 -0.544885 -0.0622415 -0.544883 -0.317024 -0.439029 -0.399268 -0.424227 -0.380539 -0.498604 
1.77 -6.07029 0.156524 12 -0.498734 -0.380568 -0.424305 -0.399223 -0.439085 -0.316655 -0.544376 -0.0643931 -0.544374 -0.316659 -0.439084 -0.399223 -0.424306 -0.380564 -0.498741 
1.78 -6.07118 0.158604 12 -0.49887 -0.38059 -0.424382 -0.399175 -0.439138 -0.31629 -0.543862 -0.0665571 -0.54386 -0.316293 -0.439137 -0.399175 -0.424383 -0.380587 -0.498877 
1.79 -6.07205 0.160722 12 -0.499006 -0.38061 -0.424458 -0.399124 -0.439189 -0.315924 -0.543343 -0.0687332 -0.543341 -0.315928 -0.439188 -0.399124 -0.424458 -0.380607 -0.499012 
1.8 -6.0729 0.16288 12 -0.499141 -0.380627 -0.424532 -0.399071 -0.439237 -0.315559 -0.542819 -0.0709211 -0.542817 -0.315563 -0.439237 -0.399071 -0.424532 -0.380623 -0.499147 
1.81 -6.07373 0.165078 12 -0.499275 -0.380641 -0.424604 -0.399015 -0.439283 -0.315195 -0.54229 -0.0731205 -0.542288 -0.315199 -0.439283 -0.399015 -0.424604 -0.380637 -0.499281 
1.82 -6.07454 0.167315 12 -0.499408 -0.380651 -0.424674 -0.398956 -0.439327 -0.314831 -0.541757 -0.0753311 -0.541755 -0.314835 -0.439326 -0.398956 -0.424674 -0.380648 -0.499414 
1.83 -6.07534 0.169591 12 -0.49954 -0.380659 -0.424742 -0.398895 -0.439368 -0.314468 -0.541218 -0.0775525 -0.541216 -0.314472 -0.439367 -0.398895 -0.424743 -0.380655 -0.499547 
1.84 -6.07611 0.171907 12 -0.499671 -0.380663 -0.424809 -0.398831 -0.439406 -0.314105 -0.540676 -0.0797845 -0.540674 -0.314109 -0.439406 -0.398831 -0.424809 -0.38066 -0.499678 
1.85 -6.07687 0.174263 12 -0.499801 -0.380664 -0.424874 -0.398764 -0.439443 -0.313744 -0.540129 -0.0820266 -0.540127 -0.313748 -0.439442 -0.398765 -0.424874 -0.380661 -0.499807 
1.86 -6.07761 0.176658 12 -0.49993 -0.380662 -0.424937 -0.398695 -0.439476 -0.313383 -0.539578 -0.0842787 -0.539576 -0.313387 -0.439476 -0.398696 -0.424937 -0.380659 -0.499936 
1.87 -6.07833 0.179093 12 -0.500057 -0.380657 -0.424998 -0.398624 -0.439508 -0.313024 -0.539022 -0.0865403 -0.53902 -0.313028 -0.439507 -0.398624 -0.424999 -0.380654 -0.500063 
1.88 -6.07903 0.181568 12 -0.500183 -0.380649 -0.425057 -0.39855 -0.439537 -0.312666 -0.538463 -0.0888112 -0.538461 -0.31267 -0.439536 -0.39855 -0.425058 -0.380645 -0.500189 
1.89 -6.07971 0.184082 12 -0.500307 -0.380637 -0.425115 -0.398474 -0.439563 -0.31231 -0.537899 -0.0910909 -0.537898 -0.312314 -0.439562 -0.398474 -0.425116 -0.380634 -0.500314 
1.9 -6.08037 0.186636 12 -0.50043 -0.380622 -0.425171 -0.398395 -0.439587 -0.311956 -0.537332 -0.0933793 -0.53733 -0.31196 -0.439586 -0.398395 -0.425172 -0.380619 -0.500437 
1.91 -6.08102 0.189229 12 -0.500551 -0.380604 -0.425226 -0.398314 -0.439608 -0.311603 -0.536761 -0.0956758 -0.536759 -0.311607 -0.439607 -0.398314 -0.425227 -0.380601 -0.500558 
1.92 -6.08165 0.191862 12 -0.500671 -0.380583 -0.425279 -0.398231 -0.439627 -0.311252 -0.536187 -0.0979803 -0.536185 -0.311256 -0.439626 -0.398231 -0.425279 -0.38058 -0.500678 
1.93 -6.08226 0.194534 12 -0.50079 -0.380559 -0.42533 -0.398145 -0.439644 -0.310903 -0.535608 -0.100292 -0.535607 -0.310908 -0.439643 -0.398146 -0.42533 -0.380555 -0.500796 
1.94 -6.08285 0.197245 12 -0.500906 -0.380531 -0.425379 -0.398058 -0.439658 -0.310557 -0.535027 -0.102612 -0.535025 -0.310561 -0.439657 -0.398058 -0.42538 -0.380528 -0.500913 
1.95 -6.08342 0.199995 12 -0.501021 -0.3805 -0.425427 -0.397968 -0.439669 -0.310213 -0.534442 -0.104938 -0.53444 -0.310217 -0.439668 -0.397968 -0.425428 -0.380497 -0.501027 
1.96 -6.08398 0.202784 12 -0.501134 -0.380466 -0.425473 -0.397876 -0.439678 -0.309871 -0.533854 -0.107271 -0.533852 -0.309875 -0.439677 -0.397876 -0.425474 -0.380463 -0.501141 
1.97 -6.08452 0.205612 12 -0.501246 -0.380429 -0.425518 -0.397781 -0.439684 -0.309532 -0.533263 -0.10961 -0.533261 -0.309536 -0.439684 -0.397782 -0.425519 -0.380426 -0.501252 
1.98 -6.08505 0.208478 12 -0.501355 -0.380389 -0.425561 -0.397685 -0.439688 -0.309196 -0.532669 -0.111955 -0.532667 -0.3092 -0.439688 -0.397686 -0.425562 -0.380386 -0.501362 
1.99 -6.08556 0.211383 12 -0.501463 -0.380346 -0.425603 -0.397587 -0.43969 -0.308862 -0.532071 -0.114306 -0.53207 -0.308866 -0.439689 -0.397587 -0.425604 -0.380343 -0.50147 
2 -6.08605 0.214326 12 -0.50157 -0.3803 -0.425643 -0.397487 -0.439688 -0.308532 -0.531471 -0.116662 -0.53147 -0.308536 -0.439688 -0.397487 -0.425644 -0.380297 -0.501576 
2.01 -6.08653 0.217307 12 -0.501674 -0.380251 -0.425681 -0.397385 -0.439685 -0.308204 -0.530869 -0.119023 -0.530867 -0.308208 -0.439684 -0.397385 -0.425682 -0.380248 -0.501681 
2.02 -6.08699 0.220326 12 -0.501777 -0.380199 -0.425718 -0.397281 -0.439678 -0.30788 -0.530264 -0.121388 -0.530262 -0.307884 -0.439678 -0.397281 -0.425719 -0.380195 -0.501784 
2.03 -6.08744 0.223383 12 -0.501879 -0.380144 -0.425754 -0.397175 -0.439669 -0.307559 -0.529656 -0.123758 -0.529654 -0.307564 -0.439669 -0.397175 -0.425755 -0.380141 -0.501885 
2.04 -6.08787 0.226476 12 -0.501978 -0.380086 -0.425788 -0.397067 -0.439658 -0.307242 -0.529046 -0.126132 -0.529044 -0.307246 -0.439657 -0.397067 -0.425789 -0.380083 -0.501985 
2.05 -6.08828 0.229607 12 -0.502076 -0.380025 -0.425821 -0.396957 -0.439644 -0.306928 -0.528433 -0.128509 -0.528431 -0.306933 -0.439643 -0.396958 -0.425821 -0.380022 -0.502083 
2.06 -6.08869 0.232774 12 -0.502172 -0.379962 -0.425852 -0.396846 -0.439627 -0.306618 -0.527818 -0.130889 -0.527817 -0.306623 -0.439626 -0.396846 -0.425853 -0.379959 -0.502179 
2.07 -6.08908 0.235978 12 -0.502267 -0.379896 -0.425882 -0.396733 -0.439607 -0.306312 -0.527202 -0.133273 -0.5272 -0.306316 -0.439607 -0.396733 -0.425882 -0.379893 -0.502274 
2.08 -6.08945 0.239218 12 -0.50236 -0.379827 -0.42591 -0.396618 -0.439585 -0.30601 -0.526583 -0.135659 -0.526581 -0.306014 -0.439584 -0.396618 -0.425911 -0.379824 -0.502367 
2.09 -6.08982 0.242494 12 -0.502452 -0.379756 -0.425937 -0.396502 -0.43956 -0.305712 -0.525962 -0.138048 -0.525961 -0.305716 -0.43956 -0.396502 -0.425938 -0.379753 -0.502458 
2.1 -6.09017 0.245805 12 -0.502542 -0.379682 -0.425963 -0.396383 -0.439533 -0.305418 -0.52534 -0.140438 -0.525338 -0.305422 -0.439532 -0.396384 -0.425963 -0.379679 -0.502548 
2.11 -6.0905 0.249152 12 -0.50263 -0.379606 -0.425987 -0.396264 -0.439503 -0.305128 -0.524715 -0.14283 -0.524714 -0.305132 -0.439502 -0.396264 -0.425988 -0.379602 -0.502637 
2.12 -6.09083 0.252533 12 -0.502717 -0.379527 -0.42601 -0.396142 -0.43947 -0.304843 -0.52409 -0.145224 -0.524088 -0.304847 -0.439469 -0.396143 -0.426011 -0.379524 -0.502724 
2.13 -6.09114 0.255949 12 -0.502803 -0.379446 -0.426031 -0.39602 -0.439434 -0.304562 -0.523462 -0.147618 -0.523461 -0.304566 -0.439433 -0.39602 -0.426032 -0.379442 -0.502809 
2.14 -6.09144 0.259398 12 -0.502887 -0.379362 -0.426052 -0.395895 -0.439396 -0.304286 -0.522834 -0.150013 -0.522832 -0.30429 -0.439395 -0.395896 -0.426052 -0.379359 -0.502894 
2.15 -6.09173 0.262881 12 -0.50297 -0.379277 -0.42607 -0.39577 -0.439355 -0.304015 -0.522203 -0.152409 -0.522202 -0.304019 -0.439354 -0.39577 -0.426071 -0.379273 -0.502977 
2.16 -6.09201 0.266398 12 -0.503052 -0.379189 -0.426088 -0.395642 -0.439311 -0.303748 -0.521572 -0.154804 -0.521571 -0.303752 -0.43931 -0.395643 -0.426089 -0.379185 -0.503058 
2.17 -6.09228 0.269947 12 -0.503132 -0.379098 -0.426104 -0.395514 -0.439264 -0.303486 -0.52094 -0.1572 -0.520938 -0.30349 -0.439264 -0.395514 -0.426105 -0.379095 -0.503139 
2.18 -6.09254 0.273529 12 -0.503211 -0.379006 -0.426119 -0.395384 -0.439215 -0.30323 -0.520306 -0.159594 -0.520305 -0.303234 -0.439214 -0.395384 -0.42612 -0.379003 -0.503218 
2.19 -6.09279 0.277142 12 -0.503289 -0.378912 -0.426132 -0.395252 -0.439163 -0.302978 -0.519672 -0.161988 -0.51967 -0.302982 -0.439162 -0.395253 -0.426133 -0.378909 -0.503296 
2.2 -6.09303 0.280787 12 -0.503366 -0.378816 -0.426145 -0.39512 -0.439107 -0.302732 -0.519036 -0.16438 -0.519035 -0.302736 -0.439107 -0.39512 -0.426145 -0.378813 -0.503372 
2.21 -6.09326 0.284463 12 -0.503442 -0.378718 -0.426156 -0.394986 -0.43905 -0.302491 -0.5184 -0.166771 -0.518399 -0.302495 -0.439049 -0.394986 -0.426156 -0.378715 -0.503448 
2.22 -6.09348 0.28817 12 -0.503516 -0.378618 -0.426165 -0.394851 -0.438989 -0.302255 -0.517764 -0.16916 -0.517762 -0.302259 -0.438988 -0.394851 -0.426166 -0.378615 -0.503523 
2.23 -6.09369 0.291907 12 -0.50359 -0.378516 -0.426173 -0.394714 -0.438925 -0.302025 -0.517126 -0.171547 -0.517125 -0.302029 -0.438925 -0.394715 -0.426174 -0.378513 -0.503596 
2.24 -6.0939 0.295673 12 -0.503662 -0.378413 -0.42618 -0.394577 -0.438859 -0.3018 -0.516489 -0.173932 -0.516487 -0.301804 -0.438858 -0.394577 -0.426181 -0.37841 -0.503669 
2.25 -6.09409 0.299468 12 -0.503734 -0.378308 -0.426186 -0.394438 -0.438789 -0.301581 -0.51585 -0.176313 -0.515849 -0.301585 -0.438789 -0.394438 -0.426187 -0.378305 -0.50374 
2.26 -6.09428 0.303292 12 -0.503805 -0.378202 -0.42619 -0.394298 -0.438717 -0.301368 -0.515212 -0.178692 -0.515211 -0.301372 -0.438717 -0.394298 -0.426191 -0.378198 -0.503811 
2.27 -6.09446 0.307144 12 -0.503874 -0.378094 -0.426193 -0.394157 -0.438642 -0.301161 -0.514573 -0.181067 -0.514572 -0.301165 -0.438641 -0.394157 -0.426194 -0.37809 -0.503881 
2.28 -6.09463 0.311023 12 -0.503943 -0.377984 -0.426195 -0.394014 -0.438564 -0.300959 -0.513935 -0.183439 -0.513933 -0.300963 -0.438563 -0.394015 -0.426196 -0.377981 -0.503949 
2.29 -6.0948 0.31493 12 -0.504011 -0.377873 -0.426195 -0.393871 -0.438483 -0.300764 -0.513296 -0.185806 -0.513295 -0.300768 -0.438482 -0.393872 -0.426196 -0.37787 -0.504017 
2.3 -6.09496 0.318863 12 -0.504078 -0.377761 -0.426194 -0.393727 -0.438399 -0.300575 -0.512657 -0.18817 -0.512656 -0.300579 -0.438398 -0.393727 -0.426195 -0.377758 -0.504085 
2.31 -6.09511 0.322822 12 -0.504145 -0.377647 -0.426192 -0.393582 -0.438312 -0.300392 -0.512018 -0.190528 -0.512017 -0.300396 -0.438312 -0.393582 -0.426193 -0.377644 -0.504151 
2.32 -6.09526 0.326806 12 -0.504211 -0.377533 -0.426188 -0.393435 -0.438223 -0.300215 -0.51138 -0.192882 -0.511379 -0.300219 -0.438222 -0.393436 -0.426189 -0.377529 -0.504217 
2.33 -6.0954 0.330815 12 -0.504276 -0.377417 -0.426183 -0.393288 -0.43813 -0.300044 -0.510742 -0.195231 -0.510741 -0.300048 -0.438129 -0.393289 -0.426184 -0.377414 -0.504282 
2.34 -6.09553 0.334848 12 -0.50434 -0.3773 -0.426177 -0.39314 -0.438034 -0.29988 -0.510104 -0.197575 -0.510103 -0.299884 -0.438033 -0.39314 -0.426178 -0.377297 -0.504346 
2.35 -6.09566 0.338905 12 -0.504404 -0.377182 -0.426169 -0.392991 -0.437935 -0.299722 -0.509467 -0.199912 -0.509466 -0.299726 -0.437935 -0.392991 -0.42617 -0.377179 -0.50441 
2.36 -6.09578 0.342985 12 -0.504467 -0.377063 -0.42616 -0.392841 -0.437834 -0.299571 -0.508831 -0.202244 -0.50883 -0.299575 -0.437833 -0.392841 -0.426161 -0.37706 -0.504473 
2.37 -6.0959 0.347087 12 -0.504529 -0.376943 -0.426149 -0.39269 -0.437729 -0.299426 -0.508195 -0.204569 -0.508194 -0.29943 -0.437729 -0.392691 -0.42615 -0.37694 -0.504535 
2.38 -6.09601 0.351211 12 -0.504591 -0.376822 -0.426137 -0.392538 -0.437622 -0.299288 -0.50756 -0.206888 -0.507559 -0.299292 -0.437621 -0.392539 -0.426138 -0.376819 -0.504597 
2.39 -6.09612 0.355356 12 -0.504652 -0.376701 -0.426124 -0.392386 -0.437511 -0.299157 -0.506926 -0.2092 -0.506924 -0.299161 -0.437511 -0.392386 -0.426125 -0.376698 -0.504658 
2.4 -6.09622 0.359523 12 -0.504713 -0.376579 -0.426109 -0.392233 -0.437398 -0.299033 -0.506292 -0.211505 -0.506291 -0.299036 -0.437397 -0.392233 -0.42611 -0.376576 -0.504719 
2.41 -6.09632 0.363709 12 -0.504773 -0.376456 -0.426093 -0.392079 -0.437281 -0.298915 -0.50566 -0.213803 -0.505659 -0.298919 -0.43728 -0.392079 -0.426093 -0.376453 -0.504779 
2.42 -6.09641 0.367914 12 -0.504832 -0.376332 -0.426075 -0.391924 -0.437162 -0.298804 -0.505028 -0.216093 -0.505027 -0.298808 -0.437161 -0.391924 -0.426076 -0.376329 -0.504838 
2.43 -6.0965 0.372138 12 -0.504891 -0.376208 -0.426056 -0.391768 -0.437039 -0.2987 -0.504398 -0.218375 -0.504397 -0.298704 -0.437038 -0.391769 -0.426056 -0.376205 -0.504898 
2.44 -6.09659 0.376381 12 -0.50495 -0.376084 -0.426035 -0.391612 -0.436914 -0.298603 -0.503769 -0.22065 -0.503768 -0.298607 -0.436913 -0.391613 -0.426036 -0.376081 -0.504956 
2.45 -6.09667 0.380641 12 -0.505008 -0.375959 -0.426012 -0.391455 -0.436785 -0.298513 -0.503142 -0.222915 -0.503141 -0.298517 -0.436785 -0.391456 -0.426013 -0.375956 -0.505014 
2.46 -6.09675 0.384918 12 -0.505066 -0.375833 -0.425989 -0.391298 -0.436654 -0.29843 -0.502516 -0.225172 -0.502515 -0.298434 -0.436653 -0.391299 -0.425989 -0.375831 -0.505072 
2.47 -6.09683 0.389211 12 -0.505123 -0.375708 -0.425963 -0.39114 -0.436519 -0.298355 -0.501891 -0.227421 -0.50189 -0.298358 -0.436519 -0.39114 -0.425964 -0.375705 -0.505129 
2.48 -6.0969 0.39352 12 -0.50518 -0.375582 -0.425936 -0.390981 -0.436382 -0.298286 -0.501268 -0.22966 -0.501267 -0.29829 -0.436381 -0.390982 -0.425937 -0.375579 -0.505186 
2.49 -6.09697 0.397844 12 -0.505236 -0.375456 -0.425908 -0.390822 -0.436241 -0.298225 -0.500646 -0.23189 -0.500645 -0.298229 -0.436241 -0.390823 -0.425909 -0.375453 -0.505242 
2.5 -6.09703 0.402182 12 -0.505292 -0.375329 -0.425878 -0.390662 -0.436098 -0.298171 -0.500026 -0.23411 -0.500026 -0.298174 -0.436097 -0.390663 -0.425879 -0.375326 -0.505298 
2.51 -6.09709 0.406534 12 -0.505347 -0.375203 -0.425846 -0.390502 -0.435952 -0.298124 -0.499408 -0.23632 -0.499408 -0.298128 -0.435951 -0.390502 -0.425847 -0.3752 -0.505353 
2.52 -6.09715 0.410899 12 -0.505402 -0.375076 -0.425813 -0.390341 -0.435802 -0.298084 -0.498792 -0.238521 -0.498791 -0.298088 -0.435802 -0.390342 -0.425814 -0.375074 -0.505408 
2.53 -6.09721 0.415276 12 -0.505457 -0.37495 -0.425778 -0.39018 -0.43565 -0.298052 -0.498178 -0.240711 -0.498177 -0.298056 -0.43565 -0.39018 -0.425779 -0.374947 -0.505463 
2.54 -6.09726 0.419666 12 -0.505511 -0.374823 -0.425741 -0.390018 -0.435495 -0.298028 -0.497566 -0.242891 -0.497565 -0.298031 -0.435495 -0.390019 -0.425742 -0.374821 -0.505517 
2.55 -6.09731 0.424066 12 -0.505565 -0.374697 -0.425703 -0.389856 -0.435337 -0.29801 -0.496955 -0.24506 -0.496955 -0.298014 -0.435336 -0.389856 -0.425704 -0.374694 -0.505571 
2.56 -6.09736 0.428477 12 -0.505618 -0.374571 -0.425663 -0.389693 -0.435176 -0.298 -0.496347 -0.247218 -0.496347 -0.298004 -0.435175 -0.389694 -0.425664 -0.374568 -0.505624 
2.57 -6.09741 0.432897 12 -0.505671 -0.374445 -0.425622 -0.38953 -0.435012 -0.297998 -0.495741 -0.249364 -0.495741 -0.298001 -0.435012 -0.389531 -0.425622 -0.374442 -0.505677 
2.58 -6.09745 0.437327 12 -0.505724 -0.374319 -0.425578 -0.389367 -0.434845 -0.298003 -0.495138 -0.2515 -0.495137 -0.298006 -0.434845 -0.389367 -0.425579 -0.374316 -0.50573 
2.59 -6.0975 0.441765 12 -0.505776 -0.374194 -0.425533 -0.389203 -0.434676 -0.298015 -0.494537 -0.253624 -0.494536 -0.298019 -0.434675 -0.389204 -0.425534 -0.374191 -0.505782 
2.6 -6.09754 0.446211 12 -0.505827 -0.374068 -0.425486 -0.389039 -0.434503 -0.298035 -0.493938 -0.255736 -0.493937 -0.298039 -0.434503 -0.38904 -0.425487 -0.374066 -0.505833 
2.61 -6.09758 0.450664 12 -0.505878 -0.373944 -0.425437 -0.388875 -0.434328 -0.298063 -0.493341 -0.257836 -0.493341 -0.298067 -0.434327 -0.388875 -0.425438 -0.373941 -0.505884 
2.62 -6.09761 0.455124 12 -0.505929 -0.373819 -0.425387 -0.38871 -0.43415 -0.298098 -0.492747 -0.259924 -0.492747 -0.298102 -0.434149 -0.388711 -0.425388 -0.373817 -0.505935 
2.63 -6.09765 0.45959 12 -0.50598 -0.373695 -0.425335 -0.388545 -0.433969 -0.298141 -0.492156 -0.262 -0.492155 -0.298144 -0.433968 -0.388546 -0.425335 -0.373693 -0.505985 
2.64 -6.09768 0.464061 12 -0.506029 -0.373572 -0.42528 -0.38838 -0.433785 -0.298191 -0.491567 -0.264063 -0.491567 -0.298195 -0.433784 -0.388381 -0.425281 -0.37357 -0.506035 
2.65 -6.09771 0.468537 12 -0.506079 -0.373449 -0.425224 -0.388215 -0.433598 -0.298249 -0.490981 -0.266114 -0.490981 -0.298252 -0.433598 -0.388215 -0.425225 -0.373447 -0.506085 
2.66 -6.09774 0.473016 12 -0.506128 -0.373327 -0.425166 -0.388049 -0.433409 -0.298314 -0.490398 -0.268151 -0.490398 -0.298318 -0.433408 -0.38805 -0.425167 -0.373325 -0.506134 
2.67 -6.09777 0.477499 12 -0.506176 -0.373206 -0.425107 -0.387884 -0.433217 -0.298387 -0.489818 -0.270176 -0.489817 -0.298391 -0.433216 -0.387884 -0.425107 -0.373203 -0.506182 
2.68 -6.0978 0.481985 12 -0.506224 -0.373085 -0.425045 -0.387718 -0.433022 -0.298468 -0.48924 -0.272187 -0.48924 -0.298471 -0.433022 -0.387718 -0.425046 -0.373082 -0.50623 
2.69 -6.09782 0.486473 12 -0.506272 -0.372965 -0.424981 -0.387552 -0.432825 -0.298556 -0.488666 -0.274185 -0.488665 -0.29856 -0.432824 -0.387553 -0.424982 -0.372962 -0.506277 
2.7 -6.09785 0.490962 12 -0.506319 -0.372846 -0.424915 -0.387386 -0.432625 -0.298652 -0.488094 -0.276169 -0.488094 -0.298655 -0.432624 -0.387386 -0.424916 -0.372843 -0.506324 
2.71 -6.09787 0.495452 12 -0.506365 -0.372727 -0.424848 -0.38722 -0.432422 -0.298755 -0.487526 -0.27814 -0.487526 -0.298759 -0.432422 -0.38722 -0.424849 -0.372725 -0.506371 
2.72 -6.0979 0.499942 12 -0.506411 -0.37261 -0.424778 -0.387053 -0.432217 -0.298866 -0.486961 -0.280096 -0.48696 -0.29887 -0.432216 -0.387054 -0.424779 -0.372607 -0.506417 
2.73 -6.09792 0.504432 12 -0.506456 -0.372493 -0.424707 -0.386887 -0.432009 -0.298985 -0.486398 -0.282039 -0.486398 -0.298988 -0.432008 -0.386888 -0.424707 -0.37249 -0.506462 
2.74 -6.09794 0.508921 12 -0.506501 -0.372377 -0.424633 -0.386721 -0.431798 -0.299111 -0.485839 -0.283967 -0.485839 -0.299115 -0.431798 -0.386722 -0.424634 -0.372375 -0.506507 
2.75 -6.09796 0.513408 12 -0.506546 -0.372262 -0.424557 -0.386554 -0.431585 -0.299245 -0.485284 -0.285882 -0.485283 -0.299248 -0.431585 -0.386555 -0.424558 -0.37226 -0.506551 
2.76 -6.09797 0.517893 12 -0.506589 -0.372149 -0.424479 -0.386388 -0.43137 -0.299386 -0.484731 -0.287781 -0.484731 -0.299389 -0.43137 -0.386389 -0.42448 -0.372146 -0.506595 
2.77 -6.09799 0.522375 12 -0.506633 -0.372036 -0.4244 -0.386222 -0.431152 -0.299535 -0.484182 -0.289666 -0.484182 -0.299538 -0.431152 -0.386223 -0.4244 -0.372034 -0.506638 
2.78 -6.09801 0.526854 12 -0.506675 -0.371924 -0.424318 -0.386056 -0.430932 -0.299691 -0.483636 -0.291537 -0.483636 -0.299694 -0.430931 -0.386057 -0.424319 -0.371922 -0.506681 
2.79 -6.09802 0.531328 12 -0.506717 -0.371814 -0.424234 -0.38589 -0.430709 -0.299855 -0.483094 -0.293392 -0.483094 -0.299858 -0.430709 -0.385891 -0.424235 -0.371812 -0.506723 
2.8 -6.09804 0.535798 12 -0.506758 -0.371705 -0.424147 -0.385724 -0.430484 -0.300026 -0.482555 -0.295233 -0.482555 -0.300029 -0.430484 -0.385725 -0.424148 -0.371702 -0.506764 
2.81 -6.09805 0.540263 12 -0.506799 -0.371596 -0.424059 -0.385558 -0.430257 -0.300205 -0.48202 -0.297058 -0.48202 -0.300208 -0.430256 -0.385559 -0.42406 -0.371594 -0.506804 
2.82 -6.09807 0.544722 12 -0.506839 -0.371489 -0.423969 -0.385392 -0.430027 -0.300391 -0.481488 -0.298869 -0.481488 -0.300394 -0.430027 -0.385393 -0.42397 -0.371487 -0.506844 
2.83 -6.09808 0.549174 12 -0.506878 -0.371384 -0.423876 -0.385227 -0.429795 -0.300585 -0.48096 -0.300664 -0.48096 -0.300588 -0.429795 -0.385228 -0.423877 -0.371382 -0.506884 
2.84 -6.09809 0.55362 12 -0.506917 -0.371279 -0.423781 -0.385061 -0.429561 -0.300786 -0.480436 -0.302443 -0.480435 -0.300789 -0.429561 -0.385062 -0.423782 -0.371277 -0.506922 
2.85 -6.0981 0.558058 12 -0.506955 -0.371176 -0.423684 -0.384896 -0.429325 -0.300994 -0.479915 -0.304207 -0.479915 -0.300997 -0.429324 -0.384897 -0.423685 -0.371174 -0.50696 
2.86 -6.09811 0.562488 12 -0.506992 -0.371075 -0.423585 -0.384731 -0.429086 -0.301209 -0.479398 -0.305955 -0.479397 -0.301212 -0.429086 -0.384732 -0.423586 -0.371072 -0.506997 
2.87 -6.09813 0.56691 12 -0.507028 -0.370974 -0.423483 -0.384567 -0.428846 -0.301432 -0.478884 -0.307688 -0.478884 -0.301435 -0.428846 -0.384567 -0.423484 -0.370972 -0.507034 
2.88 -6.09814 0.571322 12 -0.507064 -0.370875 -0.423379 -0.384402 -0.428603 -0.301662 -0.478375 -0.309405 -0.478375 -0.301665 -0.428603 -0.384403 -0.42338 -0.370873 -0.507069 
2.89 -6.09814 0.575725 12 -0.507099 -0.370778 -0.423273 -0.384238 -0.428359 -0.3019 -0.477869 -0.311106 -0.477869 -0.301903 -0.428359 -0.384239 -0.423274 -0.370776 -0.507104 
2.9 -6.09815 0.580118 12 -0.507133 -0.370682 -0.423165 -0.384074 -0.428112 -0.302144 -0.477367 -0.312791 -0.477367 -0.302147 -0.428112 -0.384075 -0.423166 -0.37068 -0.507138 
2.91 -6.09816 0.584501 12 -0.507166 -0.370587 -0.423055 -0.383911 -0.427864 -0.302396 -0.476869 -0.31446 -0.476869 -0.302399 -0.427864 -0.383912 -0.423056 -0.370585 -0.507172 
2.92 -6.09817 0.588872 12 -0.507199 -0.370494 -0.422942 -0.383748 -0.427614 -0.302654 -0.476375 -0.316113 -0.476374 -0.302657 -0.427613 -0.383749 -0.422943 -0.370492 -0.507204 
2.93 -6.09818 0.593231 12 -0.507231 -0.370403 -0.422826 -0.383585 -0.427361 -0.30292 -0.475884 -0.317749 -0.475884 -0.302923 -0.427361 -0.383586 -0.422827 -0.370401 -0.507236 
2.94 -6.09818 0.597579 12 -0.507261 -0.370313 -0.422709 -0.383422 -0.427108 -0.303193 -0.475398 -0.31937 -0.475398 -0.303196 -0.427107 -0.383423 -0.42271 -0.370311 -0.507267 
2.95 -6.09819 0.601913 12 -0.507291 -0.370224 -0.422589 -0.38326 -0.426852 -0.303472 -0.474915 -0.320974 -0.474915 -0.303475 -0.426852 -0.383261 -0.42259 -0.370222 -0.507297 
2.96 -6.0982 0.606235 12 -0.507321 -0.370137 -0.422467 -0.383099 -0.426595 -0.303759 -0.474437 -0.322561 -0.474437 -0.303762 -0.426594 -0.3831 -0.422468 -0.370135 -0.507326 
2.97 -6.0982 0.610544 12 -0.507349 -0.370052 -0.422342 -0.382938 -0.426336 -0.304053 -0.473963 -0.324133 -0.473963 -0.304055 -0.426335 -0.382939 -0.422343 -0.37005 -0.507354 
2.98 -6.09821 0.614838 12 -0.507376 -0.369969 -0.422216 -0.382777 -0.426075 -0.304353 -0.473492 -0.325687 -0.473492 -0.304356 -0.426075 -0.382778 -0.422217 -0.369967 -0.507381 
2.99 -6.09822 0.619118 12 -0.507402 -0.369887 -0.422086 -0.382617 -0.425813 -0.30466 -0.473026 -0.327226 -0.473026 -0.304663 -0.425813 -0.382618 -0.422087 -0.369885 -0.507408 
3 -6.09822 0.623383 12 -0.507428 -0.369807 -0.421955 -0.382457 -0.425549 -0.304974 -0.472563 -0.328747 -0.472563 -0.304976 -0.425549 -0.382458 -0.421956 -0.369805 -0.507433 
3.01 -6.09823 0.627633 12 -0.507452 -0.369728 -0.421821 -0.382298 -0.425284 -0.305294 -0.472105 -0.330253 -0.472105 -0.305297 -0.425284 -0.382299 -0.421822 -0.369726 -0.507457 
3.02 -6.09823 0.631867 12 -0.507476 -0.369651 -0.421684 -0.38214 -0.425018 -0.305621 -0.471651 -0.331741 -0.471651 -0.305624 -0.425018 -0.382141 -0.421685 -0.369649 -0.507481 
3.03 -6.09824 0.636086 13 -0.507498 -0.369576 -0.421546 -0.381982 -0.42475 -0.305955 -0.471201 -0.333213 -0.471201 -0.305957 -0.42475 -0.381983 -0.421547 -0.369574 -0.507503 
3.04 -6.09824 0.640287 13 -0.50752 -0.369503 -0.421404 -0.381824 -0.424481 -0.306295 -0.470755 -0.334668 -0.470755 -0.306297 -0.424481 -0.381825 -0.421405 -0.369501 -0.507525 
3.05 -6.09824 0.644472 13 -0.50754 -0.369432 -0.421261 -0.381668 -0.42421 -0.306641 -0.470313 -0.336107 -0.470313 -0.306644 -0.42421 -0.381669 -0.421262 -0.36943 -0.507545 
3.06 -6.09825 0.64864 13 -0.507559 -0.369362 -0.421115 -0.381511 -0.423939 -0.306994 -0.469875 -0.337528 -0.469875 -0.306996 -0.423939 -0.381512 -0.421116 -0.36936 -0.507564 
3.07 -6.09825 0.65279 13 -0.507578 -0.369294 -0.420966 -0.381356 -0.423666 -0.307353 -0.469442 -0.338933 -0.469442 -0.307355 -0.423666 -0.381357 -0.420967 -0.369292 -0.507583 
3.08 -6.09825 0.656923 13 -0.507595 -0.369228 -0.420816 -0.381201 -0.423393 -0.307718 -0.469012 -0.340322 -0.469012 -0.307721 -0.423392 -0.381202 -0.420817 -0.369226 -0.5076 
3.09 -6.09826 0.661037 13 -0.507611 -0.369164 -0.420662 -0.381047 -0.423118 -0.30809 -0.468587 -0.341693 -0.468587 -0.308092 -0.423118 -0.381048 -0.420663 -0.369162 -0.507616 
3.1 -6.09826 0.665132 13 -0.507626 -0.369101 -0.420507 -0.380893 -0.422842 -0.308467 -0.468166 -0.343048 -0.468166 -0.30847 -0.422842 -0.380894 -0.420508 -0.369099 -0.507631 
3.11 -6.09826 0.669209 14 -0.50764 -0.36904 -0.420349 -0.380741 -0.422566 -0.308851 -0.467749 -0.344386 -0.467749 -0.308853 -0.422565 -0.380742 -0.42035 -0.369039 -0.507645 
3.12 -6.09827 0.673266 14 -0.507653 -0.368982 -0.420188 -0.380589 -0.422288 -0.30924 -0.467336 -0.345707 -0.467336 -0.309243 -0.422288 -0.38059 -0.420189 -0.36898 -0.507658 
3.13 -6.09827 0.677304 14 -0.507665 -0.368925 -0.420025 -0.380437 -0.42201 -0.309636 -0.466927 -0.347012 -0.466927 -0.309638 -0.42201 -0.380439 -0.420026 -0.368923 -0.507669 
3.14 -6.09827 0.681322 14 -0.507675 -0.36887 -0.41986 -0.380287 -0.421731 -0.310037 -0.466522 -0.3483 -0.466522 -0.31004 -0.421731 -0.380288 -0.419861 -0.368868 -0.50768 
3.15 -6.09827 0.68532 14 -0.507684 -0.368817 -0.419692 -0.380137 -0.421451 -0.310444 -0.466122 -0.349571 -0.466122 -0.310447 -0.421451 -0.380138 -0.419693 -0.368815 -0.507689 
3.16 -6.09828 0.689298 14 -0.507692 -0.368765 -0.419522 -0.379988 -0.421171 -0.310857 -0.465725 -0.350825 -0.465726 -0.310859 -0.421171 -0.37999 -0.419523 -0.368764 -0.507697 
3.17 -6.09828 0.693255 14 -0.507699 -0.368716 -0.419349 -0.37984 -0.42089 -0.311275 -0.465333 -0.352063 -0.465333 -0.311278 -0.42089 -0.379842 -0.41935 -0.368715 -0.507704 
3.18 -6.09828 0.697191 14 -0.507705 -0.368669 -0.419174 -0.379693 -0.420608 -0.311699 -0.464945 -0.353284 -0.464945 -0.311702 -0.420608 -0.379694 -0.419175 -0.368667 -0.50771 
3.19 -6.09828 0.701106 15 -0.507709 -0.368623 -0.418997 -0.379547 -0.420326 -0.312129 -0.464561 -0.354489 -0.464561 -0.312131 -0.420326 -0.379548 -0.418998 -0.368622 -0.507714 
3.2 -6.09828 0.705 15 -0.507713 -0.36858 -0.418817 -0.379402 -0.420044 -0.312563 -0.464181 -0.355677 -0.464181 -0.312566 -0.420044 -0.379403 -0.418818 -0.368578 -0.507717 
3.21 -6.09828 0.708872 15 -0.507715 -0.368538 -0.418635 -0.379257 -0.419761 -0.313003 -0.463805 -0.356848 -0.463805 -0.313006 -0.419761 -0.379258 -0.418636 -0.368536 -0.507719 
3.22 -6.09829 0.712723 15 -0.507715 -0.368498 -0.41845 -0.379114 -0.419478 -0.313449 -0.463434 -0.358003 -0.463434 -0.313451 -0.419478 -0.379115 -0.418451 -0.368497 -0.50772 
3.23 -6.09829 0.716551 15 -0.507715 -0.36846 -0.418263 -0.378971 -0.419195 -0.313899 -0.463066 -0.359142 -0.463066 -0.313901 -0.419195 -0.378972 -0.418264 -0.368459 -0.507719 
3.24 -6.09829 0.720358 15 -0.507713 -0.368424 -0.418073 -0.37883 -0.418912 -0.314355 -0.462702 -0.360264 -0.462702 -0.314357 -0.418912 -0.378831 -0.418075 -0.368423 -0.507717 
3.25 -6.09829 0.724142 15 -0.507709 -0.36839 -0.417882 -0.378689 -0.418628 -0.314815 -0.462343 -0.36137 -0.462343 -0.314817 -0.418628 -0.37869 -0.417883 -0.368389 -0.507714 
3.26 -6.09829 0.727904 15 -0.507705 -0.368358 -0.417687 -0.378549 -0.418345 -0.315281 -0.461987 -0.36246 -0.461987 -0.315283 -0.418345 -0.378551 -0.417689 -0.368357 -0.50771 
3.27 -6.09829 0.731644 15 -0.507699 -0.368328 -0.417491 -0.378411 -0.418061 -0.315751 -0.461635 -0.363533 -0.461636 -0.315753 -0.418061 -0.378412 -0.417492 -0.368327 -0.507704 
3.28 -6.09829 0.73536 15 -0.507692 -0.3683 -0.417292 -0.378273 -0.417778 -0.316226 -0.461288 -0.36459 -0.461288 -0.316228 -0.417778 -0.378275 -0.417293 -0.368298 -0.507696 
3.29 -6.0983 0.739054 15 -0.507683 -0.368274 -0.417091 -0.378137 -0.417494 -0.316706 -0.460944 -0.365631 -0.460944 -0.316708 -0.417494 -0.378138 -0.417092 -0.368272 -0.507688 
3.3 -6.0983 0.742725 15 -0.507673 -0.368249 -0.416887 -0.378002 -0.417211 -0.31719 -0.460604 -0.366656 -0.460605 -0.317192 -0.417211 -0.378003 -0.416888 -0.368248 -0.507678 
3.31 -6.0983 0.746373 15 -0.507662 -0.368227 -0.416681 -0.377867 -0.416928 -0.317679 -0.460269 -0.367665 -0.460269 -0.317681 -0.416928 -0.377869 -0.416682 -0.368225 -0.507666 
3.32 -6.0983 0.749998 16 -0.507649 -0.368206 -0.416473 -0.377734 -0.416645 -0.318172 -0.459937 -0.368659 -0.459937 -0.318174 -0.416646 -0.377736 -0.416474 -0.368205 -0.507654 
3.33 -6.0983 0.7536 16 -0.507635 -0.368188 -0.416262 -0.377602 -0.416363 -0.318669 -0.459609 -0.369636 -0.459609 -0.318671 -0.416363 -0.377604 -0.416263 -0.368186 -0.507639 
3.34 -6.0983 0.757178 16 -0.507619 -0.368171 -0.416049 -0.377472 -0.416081 -0.319171 -0.459284 -0.370597 -0.459285 -0.319173 -0.416081 -0.377473 -0.416051 -0.368169 -0.507624 
3.35 -6.0983 0.760733 16 -0.507602 -0.368156 -0.415834 -0.377342 -0.4158 -0.319677 -0.458964 -0.371543 -0.458964 -0.319679 -0.4158 -0.377343 -0.415835 -0.368155 -0.507607 
3.36 -6.0983 0.764265 16 -0.507583 -0.368143 -0.415617 -0.377214 -0.415519 -0.320187 -0.458647 -0.372474 -0.458648 -0.320189 -0.415519 -0.377215 -0.415618 -0.368142 -0.507588 
3.37 -6.0983 0.767773 16 -0.507563 -0.368132 -0.415397 -0.377086 -0.415238 -0.320701 -0.458334 -0.373389 -0.458335 -0.320703 -0.415238 -0.377088 -0.415398 -0.368131 -0.507568 
3.38 -6.0983 0.771258 16 -0.507542 -0.368123 -0.415175 -0.376961 -0.414958 -0.321219 -0.458025 -0.374288 -0.458026 -0.321221 -0.414958 -0.376962 -0.415176 -0.368122 -0.507547 
3.39 -6.0983 0.77472 16 -0.507519 -0.368116 -0.414951 -0.376836 -0.414679 -0.32174 -0.45772 -0.375172 -0.45772 -0.321742 -0.414679 -0.376837 -0.414952 -0.368114 -0.507524 
3.4 -6.0983 0.778158 16 -0.507495 -0.36811 -0.414725 -0.376713 -0.414401 -0.322266 -0.457418 -0.376041 -0.457419 -0.322268 -0.414401 -0.376714 -0.414726 -0.368109 -0.507499 
3.41 -6.0983 0.781573 16 -0.507469 -0.368107 -0.414496 -0.376591 -0.414123 -0.322795 -0.45712 -0.376895 -0.457121 -0.322797 -0.414123 -0.376592 -0.414497 -0.368106 -0.507473 
3.42 -6.09831 0.784964 16 -0.507442 -0.368105 -0.414265 -0.37647 -0.413846 -0.323328 -0.456826 -0.377734 -0.456826 -0.323329 -0.413847 -0.376471 -0.414267 -0.368104 -0.507446 
3.43 -6.09831 0.788332 16 -0.507413 -0.368105 -0.414032 -0.376351 -0.413571 -0.323864 -0.456535 -0.378558 -0.456535 -0.323865 -0.413571 -0.376352 -0.414034 -0.368104 -0.507417 
3.44 -6.09831 0.791676 16 -0.507382 -0.368107 -0.413797 -0.376233 -0.413296 -0.324403 -0.456247 -0.379367 -0.456248 -0.324405 -0.413296 -0.376234 -0.413799 -0.368106 -0.507387 
3.45 -6.09831 0.794998 16 -0.50735 -0.368111 -0.41356 -0.376116 -0.413022 -0.324946 -0.455963 -0.380161 -0.455964 -0.324948 -0.413022 -0.376117 -0.413562 -0.36811 -0.507355 
3.46 -6.09831 0.798296 16 -0.507317 -0.368117 -0.413321 -0.376001 -0.412749 -0.325492 -0.455683 -0.380941 -0.455684 -0.325493 -0.412749 -0.376002 -0.413322 -0.368116 -0.507321 
3.47 -6.09831 0.80157 16 -0.507282 -0.368124 -0.41308 -0.375887 -0.412477 -0.326041 -0.455406 -0.381706 -0.455407 -0.326042 -0.412477 -0.375888 -0.413081 -0.368123 -0.507286 
3.48 -6.09831 0.804822 16 -0.507245 -0.368133 -0.412836 -0.375775 -0.412207 -0.326593 -0.455133 -0.382457 -0.455133 -0.326594 -0.412207 -0.375776 -0.412838 -0.368132 -0.507249 
