time energy SvN maxBondDim localEnergy 
0 -6.91174 0.592307 37 -0.654357 -0.293102 -0.568737 -0.334223 -0.544405 -0.348861 -0.535766 -0.352834 -0.535766 -0.348861 -0.544405 -0.334223 -0.568737 -0.293102 -0.654357 
0 -4.20615 0.000783183 5 -0.322884 -0.314025 -0.314599 -0.314577 -0.314619 -0.313354 -0.330086 0.242135 -0.330086 -0.313354 -0.314619 -0.314577 -0.314599 -0.314025 -0.322884 
0.01 -4.20615 0.000783184 5 -0.322884 -0.314025 -0.314599 -0.314577 -0.314619 -0.313354 -0.330086 0.242135 -0.330086 -0.313354 -0.314619 -0.314577 -0.314599 -0.314025 -0.322884 
0.02 -4.20616 0.000783186 5 -0.322884 -0.314025 -0.314599 -0.314577 -0.314619 -0.313354 -0.330087 0.242134 -0.330087 -0.313354 -0.314619 -0.314577 -0.314599 -0.314025 -0.322884 
0.03 -4.20616 0.000783189 5 -0.322884 -0.314025 -0.314599 -0.314577 -0.314619 -0.313354 -0.330088 0.242134 -0.330088 -0.313354 -0.314619 -0.314577 -0.314599 -0.314025 -0.322884 
0.04 -4.20616 0.000783195 5 -0.322884 -0.314025 -0.314599 -0.314576 -0.314619 -0.313354 -0.330091 0.242134 -0.33009 -0.313354 -0.314619 -0.314576 -0.314599 -0.314024 -0.322884 
0.05 -4.20617 0.000783202 5 -0.322883 -0.314024 -0.314599 -0.314576 -0.314619 -0.313354 -0.330095 0.242133 -0.330094 -0.313354 -0.314619 -0.314576 -0.314599 -0.314024 -0.322884 
0.06 -4.20618 0.000783212 5 -0.322883 -0.314024 -0.314599 -0.314576 -0.314619 -0.313354 -0.330101 0.242132 -0.3301 -0.313354 -0.314619 -0.314576 -0.314599 -0.314024 -0.322884 
0.07 -4.20619 0.000783225 5 -0.322883 -0.314024 -0.314599 -0.314576 -0.314618 -0.313353 -0.330109 0.242131 -0.330108 -0.313353 -0.314618 -0.314576 -0.314599 -0.314024 -0.322883 
0.08 -4.20621 0.000783243 5 -0.322883 -0.314024 -0.314598 -0.314576 -0.314618 -0.313353 -0.33012 0.242128 -0.330119 -0.313353 -0.314618 -0.314576 -0.314598 -0.314024 -0.322883 
0.09 -4.20624 0.000783268 5 -0.322882 -0.314023 -0.314598 -0.314575 -0.314618 -0.313352 -0.330135 0.242126 -0.330134 -0.313352 -0.314618 -0.314575 -0.314598 -0.314023 -0.322883 
0.1 -4.20628 0.000783302 5 -0.322882 -0.314023 -0.314598 -0.314575 -0.314617 -0.313352 -0.330154 0.242122 -0.330152 -0.313352 -0.314617 -0.314575 -0.314598 -0.314023 -0.322883 
0.11 -4.20632 0.000783348 5 -0.322881 -0.314023 -0.314597 -0.314575 -0.314617 -0.313351 -0.330177 0.242118 -0.330175 -0.313351 -0.314617 -0.314575 -0.314597 -0.314023 -0.322883 
0.12 -4.20638 0.000783409 5 -0.322881 -0.314022 -0.314597 -0.314574 -0.314617 -0.31335 -0.330206 0.242113 -0.330203 -0.31335 -0.314617 -0.314574 -0.314597 -0.314022 -0.322882 
0.13 -4.20645 0.000783491 5 -0.32288 -0.314022 -0.314597 -0.314574 -0.314616 -0.313349 -0.33024 0.242107 -0.330237 -0.313349 -0.314616 -0.314574 -0.314597 -0.314022 -0.322882 
0.14 -4.20653 0.000783598 5 -0.32288 -0.314022 -0.314596 -0.314573 -0.314616 -0.313348 -0.330281 0.242099 -0.330278 -0.313348 -0.314616 -0.314573 -0.314596 -0.314022 -0.322882 
0.15 -4.20663 0.000783737 5 -0.322879 -0.314021 -0.314596 -0.314573 -0.314615 -0.313347 -0.33033 0.24209 -0.330326 -0.313347 -0.314615 -0.314573 -0.314596 -0.314021 -0.322881 
0.16 -4.20675 0.000783916 5 -0.322879 -0.314021 -0.314595 -0.314573 -0.314615 -0.313345 -0.330387 0.242079 -0.330383 -0.313346 -0.314615 -0.314573 -0.314595 -0.314021 -0.322881 
0.17 -4.20689 0.000784144 5 -0.322878 -0.31402 -0.314595 -0.314572 -0.314615 -0.313344 -0.330453 0.242067 -0.330449 -0.313344 -0.314615 -0.314572 -0.314595 -0.31402 -0.322881 
0.18 -4.20704 0.000784431 5 -0.322878 -0.31402 -0.314594 -0.314572 -0.314614 -0.313342 -0.330529 0.242052 -0.330525 -0.313342 -0.314614 -0.314572 -0.314594 -0.31402 -0.32288 
0.19 -4.20723 0.000784789 5 -0.322877 -0.314019 -0.314594 -0.314571 -0.314614 -0.31334 -0.330617 0.242036 -0.330611 -0.313341 -0.314614 -0.314571 -0.314594 -0.314019 -0.32288 
0.2 -4.20743 0.000785231 5 -0.322876 -0.314019 -0.314593 -0.314571 -0.314613 -0.313338 -0.330716 0.242017 -0.33071 -0.313338 -0.314613 -0.314571 -0.314593 -0.314019 -0.32288 
0.21 -4.20767 0.000785774 5 -0.322876 -0.314018 -0.314593 -0.31457 -0.314613 -0.313335 -0.330829 0.241995 -0.330822 -0.313336 -0.314613 -0.31457 -0.314593 -0.314018 -0.322879 
0.22 -4.20794 0.000786435 5 -0.322875 -0.314018 -0.314593 -0.31457 -0.314612 -0.313333 -0.330956 0.24197 -0.330949 -0.313333 -0.314612 -0.31457 -0.314593 -0.314018 -0.322879 
0.23 -4.20824 0.000787234 5 -0.322874 -0.314018 -0.314592 -0.314569 -0.314612 -0.31333 -0.331098 0.241942 -0.33109 -0.313331 -0.314612 -0.314569 -0.314592 -0.314017 -0.322879 
0.24 -4.20858 0.000788193 5 -0.322873 -0.314017 -0.314592 -0.314569 -0.314611 -0.313327 -0.331256 0.24191 -0.331248 -0.313327 -0.314611 -0.314569 -0.314592 -0.314017 -0.322878 
0.25 -4.20895 0.000789337 5 -0.322873 -0.314017 -0.314591 -0.314568 -0.314611 -0.313323 -0.331433 0.241875 -0.331424 -0.313324 -0.314611 -0.314568 -0.314591 -0.314016 -0.322878 
0.26 -4.20937 0.000790694 5 -0.322872 -0.314016 -0.314591 -0.314568 -0.31461 -0.31332 -0.331628 0.241835 -0.331619 -0.31332 -0.31461 -0.314568 -0.314591 -0.314016 -0.322877 
0.27 -4.20983 0.000792295 5 -0.322871 -0.314016 -0.31459 -0.314567 -0.31461 -0.313315 -0.331843 0.241791 -0.331834 -0.313316 -0.31461 -0.314567 -0.31459 -0.314015 -0.322877 
0.28 -4.21034 0.000794175 5 -0.322871 -0.314015 -0.31459 -0.314567 -0.314609 -0.313311 -0.33208 0.241742 -0.33207 -0.313312 -0.314609 -0.314567 -0.31459 -0.314015 -0.322877 
0.29 -4.2109 0.000796371 5 -0.32287 -0.314015 -0.314589 -0.314566 -0.314609 -0.313307 -0.332339 0.241687 -0.332328 -0.313308 -0.314609 -0.314566 -0.314589 -0.314014 -0.322876 
0.3 -4.21151 0.000798925 5 -0.32287 -0.314014 -0.314589 -0.314566 -0.314609 -0.313302 -0.332622 0.241627 -0.332611 -0.313303 -0.314609 -0.314566 -0.314589 -0.314014 -0.322876 
0.31 -4.21218 0.000801883 5 -0.322869 -0.314014 -0.314588 -0.314566 -0.314608 -0.313297 -0.33293 0.24156 -0.332918 -0.313298 -0.314608 -0.314566 -0.314588 -0.314013 -0.322876 
0.32 -4.21291 0.000805297 5 -0.322868 -0.314014 -0.314588 -0.314565 -0.314608 -0.313291 -0.333263 0.241486 -0.333251 -0.313292 -0.314608 -0.314565 -0.314588 -0.314013 -0.322875 
0.33 -4.21369 0.000809221 5 -0.322868 -0.314013 -0.314588 -0.314565 -0.314608 -0.313286 -0.333624 0.241405 -0.333611 -0.313287 -0.314608 -0.314565 -0.314588 -0.314013 -0.322875 
0.34 -4.21454 0.000813717 5 -0.322867 -0.314013 -0.314587 -0.314564 -0.314608 -0.31328 -0.334013 0.241316 -0.333999 -0.313282 -0.314608 -0.314564 -0.314587 -0.314012 -0.322875 
0.35 -4.21546 0.000818851 5 -0.322867 -0.314013 -0.314587 -0.314564 -0.314608 -0.313275 -0.33443 0.241219 -0.334416 -0.313276 -0.314608 -0.314564 -0.314587 -0.314012 -0.322874 
0.36 -4.21645 0.000824696 5 -0.322866 -0.314013 -0.314587 -0.314564 -0.314608 -0.313269 -0.334878 0.241113 -0.334863 -0.313271 -0.314608 -0.314564 -0.314587 -0.314012 -0.322874 
0.37 -4.21751 0.000831331 5 -0.322866 -0.314012 -0.314586 -0.314564 -0.314608 -0.313264 -0.335355 0.240998 -0.33534 -0.313265 -0.314608 -0.314564 -0.314587 -0.314012 -0.322874 
0.38 -4.21864 0.000838842 5 -0.322865 -0.314012 -0.314586 -0.314563 -0.314608 -0.313259 -0.335864 0.240872 -0.335848 -0.31326 -0.314608 -0.314563 -0.314586 -0.314011 -0.322874 
0.39 -4.21984 0.000847322 5 -0.322865 -0.314012 -0.314586 -0.314563 -0.314608 -0.313255 -0.336404 0.240736 -0.336388 -0.313256 -0.314608 -0.314563 -0.314586 -0.314011 -0.322873 
0.4 -4.22112 0.000856871 5 -0.322865 -0.314012 -0.314586 -0.314563 -0.314608 -0.313251 -0.336975 0.240588 -0.336959 -0.313253 -0.314608 -0.314563 -0.314586 -0.314011 -0.322873 
0.41 -4.22249 0.0008676 5 -0.322864 -0.314012 -0.314586 -0.314563 -0.314608 -0.313248 -0.337579 0.240428 -0.337562 -0.31325 -0.314608 -0.314563 -0.314586 -0.314011 -0.322873 
0.42 -4.22393 0.000879626 5 -0.322864 -0.314012 -0.314586 -0.314563 -0.314609 -0.313247 -0.338215 0.240256 -0.338197 -0.313249 -0.314609 -0.314563 -0.314586 -0.314011 -0.322873 
0.43 -4.22545 0.000893074 5 -0.322864 -0.314012 -0.314586 -0.314563 -0.314609 -0.313247 -0.338882 0.24007 -0.338864 -0.313249 -0.314609 -0.314563 -0.314586 -0.314011 -0.322873 
0.44 -4.22705 0.000908082 5 -0.322864 -0.314012 -0.314586 -0.314563 -0.31461 -0.313249 -0.339581 0.23987 -0.339563 -0.313251 -0.31461 -0.314563 -0.314586 -0.314011 -0.322873 
0.45 -4.22874 0.000924796 5 -0.322863 -0.314012 -0.314586 -0.314563 -0.314611 -0.313254 -0.340311 0.239655 -0.340293 -0.313256 -0.314611 -0.314563 -0.314586 -0.314011 -0.322873 
0.46 -4.2305 0.000943371 5 -0.322863 -0.314012 -0.314586 -0.314563 -0.314612 -0.313261 -0.341072 0.239426 -0.341054 -0.313263 -0.314612 -0.314563 -0.314586 -0.314011 -0.322873 
0.47 -4.23236 0.000963974 5 -0.322863 -0.314012 -0.314586 -0.314563 -0.314613 -0.313272 -0.341863 0.239179 -0.341844 -0.313274 -0.314613 -0.314563 -0.314586 -0.314011 -0.322873 
0.48 -4.23429 0.000986783 5 -0.322863 -0.314012 -0.314586 -0.314563 -0.314615 -0.313286 -0.342684 0.238917 -0.342664 -0.313288 -0.314615 -0.314563 -0.314586 -0.314011 -0.322873 
0.49 -4.23631 0.00101199 5 -0.322863 -0.314012 -0.314586 -0.314563 -0.314616 -0.313305 -0.343532 0.238636 -0.343512 -0.313307 -0.314616 -0.314563 -0.314586 -0.314011 -0.322873 
0.5 -4.23841 0.00103979 5 -0.322863 -0.314012 -0.314586 -0.314563 -0.314618 -0.313329 -0.344407 0.238338 -0.344387 -0.313331 -0.314618 -0.314563 -0.314586 -0.314012 -0.322873 
0.51 -4.24059 0.0010704 5 -0.322863 -0.314013 -0.314587 -0.314563 -0.31462 -0.313358 -0.345308 0.23802 -0.345287 -0.31336 -0.31462 -0.314563 -0.314587 -0.314012 -0.322873 
0.52 -4.24286 0.00110404 5 -0.322864 -0.314013 -0.314587 -0.314563 -0.314623 -0.313394 -0.346232 0.237683 -0.346212 -0.313396 -0.314623 -0.314563 -0.314587 -0.314012 -0.322873 
0.53 -4.2452 0.00114096 5 -0.322864 -0.314013 -0.314587 -0.314563 -0.314626 -0.313437 -0.347179 0.237325 -0.347159 -0.313439 -0.314626 -0.314563 -0.314587 -0.314012 -0.322873 
0.54 -4.24763 0.0011814 5 -0.322864 -0.314014 -0.314587 -0.314564 -0.314629 -0.313487 -0.348147 0.236947 -0.348126 -0.31349 -0.314629 -0.314564 -0.314587 -0.314013 -0.322873 
0.55 -4.25013 0.00122563 5 -0.322864 -0.314014 -0.314588 -0.314564 -0.314633 -0.313546 -0.349133 0.236546 -0.349111 -0.313549 -0.314633 -0.314564 -0.314588 -0.314013 -0.322873 
0.56 -4.2527 0.00127392 5 -0.322865 -0.314014 -0.314588 -0.314564 -0.314637 -0.313615 -0.350135 0.236122 -0.350113 -0.313617 -0.314637 -0.314564 -0.314588 -0.314013 -0.322873 
0.57 -4.25535 0.00132658 5 -0.322865 -0.314015 -0.314589 -0.314565 -0.314642 -0.313693 -0.351151 0.235675 -0.351129 -0.313695 -0.314642 -0.314565 -0.314589 -0.314014 -0.322874 
0.58 -4.25807 0.0013839 5 -0.322866 -0.314015 -0.314589 -0.314565 -0.314648 -0.313781 -0.352178 0.235204 -0.352156 -0.313784 -0.314648 -0.314565 -0.314589 -0.314014 -0.322874 
0.59 -4.26085 0.00144621 5 -0.322866 -0.314016 -0.314589 -0.314565 -0.314655 -0.313881 -0.353213 0.234707 -0.353191 -0.313883 -0.314655 -0.314565 -0.314589 -0.314015 -0.322874 
0.6 -4.2637 0.00151384 5 -0.322866 -0.314016 -0.31459 -0.314566 -0.314663 -0.313993 -0.354254 0.234185 -0.354232 -0.313995 -0.314663 -0.314566 -0.31459 -0.314015 -0.322874 
0.61 -4.2666 0.00158715 5 -0.322867 -0.314017 -0.31459 -0.314566 -0.314672 -0.314118 -0.355298 0.233636 -0.355276 -0.31412 -0.314672 -0.314566 -0.31459 -0.314016 -0.322875 
0.62 -4.26957 0.00166651 5 -0.322868 -0.314017 -0.314591 -0.314566 -0.314682 -0.314255 -0.356341 0.233059 -0.356319 -0.314257 -0.314682 -0.314566 -0.314591 -0.314016 -0.322875 
0.63 -4.27258 0.0017523 5 -0.322868 -0.314017 -0.314591 -0.314567 -0.314694 -0.314406 -0.357381 0.232454 -0.357358 -0.314408 -0.314694 -0.314567 -0.314591 -0.314017 -0.322875 
0.64 -4.27564 0.00184493 5 -0.322869 -0.314018 -0.314592 -0.314567 -0.314708 -0.31457 -0.358414 0.231819 -0.358391 -0.314572 -0.314708 -0.314567 -0.314592 -0.314017 -0.322876 
0.65 -4.27874 0.00194482 5 -0.322869 -0.314018 -0.314592 -0.314567 -0.314724 -0.314749 -0.359437 0.231154 -0.359414 -0.314751 -0.314724 -0.314567 -0.314592 -0.314018 -0.322876 
0.66 -4.28189 0.0020524 5 -0.32287 -0.314019 -0.314593 -0.314568 -0.314742 -0.314942 -0.360446 0.230458 -0.360423 -0.314943 -0.314742 -0.314568 -0.314593 -0.314018 -0.322876 
0.67 -4.28506 0.00216814 5 -0.322871 -0.314019 -0.314593 -0.314568 -0.314764 -0.315149 -0.361439 0.22973 -0.361416 -0.315151 -0.314763 -0.314568 -0.314593 -0.314019 -0.322877 
0.68 -4.28826 0.00229252 5 -0.322871 -0.31402 -0.314594 -0.314569 -0.314788 -0.315371 -0.362413 0.22897 -0.36239 -0.315372 -0.314788 -0.314569 -0.314594 -0.314019 -0.322877 
0.69 -4.29149 0.00242602 5 -0.322872 -0.31402 -0.314594 -0.314569 -0.314816 -0.315606 -0.363364 0.228175 -0.363341 -0.315608 -0.314816 -0.314569 -0.314594 -0.31402 -0.322877 
0.7 -4.29474 0.00256918 5 -0.322873 -0.314021 -0.314594 -0.31457 -0.314848 -0.315856 -0.36429 0.227347 -0.364266 -0.315858 -0.314848 -0.31457 -0.314594 -0.31402 -0.322878 
0.71 -4.298 0.00272251 5 -0.322873 -0.314021 -0.314595 -0.31457 -0.314885 -0.31612 -0.365187 0.226483 -0.365164 -0.316121 -0.314884 -0.31457 -0.314595 -0.314021 -0.322878 
0.72 -4.30128 0.0028866 5 -0.322874 -0.314022 -0.314595 -0.314571 -0.314927 -0.316396 -0.366055 0.225583 -0.366032 -0.316397 -0.314926 -0.314571 -0.314595 -0.314021 -0.322878 
0.73 -4.30456 0.003062 5 -0.322875 -0.314022 -0.314596 -0.314571 -0.314974 -0.316686 -0.36689 0.224646 -0.366866 -0.316687 -0.314974 -0.314571 -0.314596 -0.314022 -0.322879 
0.74 -4.30785 0.00324933 5 -0.322875 -0.314022 -0.314596 -0.314572 -0.315028 -0.316987 -0.36769 0.223671 -0.367667 -0.316988 -0.315028 -0.314572 -0.314596 -0.314022 -0.322879 
0.75 -4.31114 0.00344921 5 -0.322876 -0.314023 -0.314596 -0.314573 -0.31509 -0.317299 -0.368454 0.222659 -0.368431 -0.3173 -0.315089 -0.314573 -0.314597 -0.314022 -0.32288 
0.76 -4.31444 0.00366227 5 -0.322877 -0.314023 -0.314597 -0.314573 -0.315159 -0.317622 -0.369181 0.221608 -0.369157 -0.317623 -0.315158 -0.314573 -0.314597 -0.314023 -0.32288 
0.77 -4.31773 0.0038892 5 -0.322877 -0.314023 -0.314597 -0.314574 -0.315237 -0.317955 -0.369868 0.220517 -0.369845 -0.317955 -0.315236 -0.314574 -0.314597 -0.314023 -0.32288 
0.78 -4.32101 0.00413066 5 -0.322878 -0.314024 -0.314597 -0.314575 -0.315324 -0.318296 -0.370516 0.219386 -0.370493 -0.318296 -0.315323 -0.314575 -0.314597 -0.314023 -0.322881 
0.79 -4.3243 0.00438737 5 -0.322879 -0.314024 -0.314598 -0.314577 -0.315422 -0.318643 -0.371124 0.218215 -0.371101 -0.318644 -0.315421 -0.314577 -0.314598 -0.314024 -0.322881 
0.8 -4.32757 0.00466006 5 -0.322879 -0.314024 -0.314598 -0.314578 -0.315531 -0.318997 -0.371691 0.217002 -0.371668 -0.318998 -0.31553 -0.314578 -0.314598 -0.314024 -0.322881 
0.81 -4.33084 0.00494948 5 -0.32288 -0.314024 -0.314598 -0.31458 -0.315652 -0.319356 -0.372217 0.215748 -0.372194 -0.319356 -0.315651 -0.31458 -0.314598 -0.314024 -0.322882 
0.82 -4.33411 0.00525638 5 -0.32288 -0.314025 -0.314598 -0.314582 -0.315786 -0.319717 -0.372702 0.214453 -0.372679 -0.319717 -0.315785 -0.314582 -0.314598 -0.314024 -0.322882 
0.83 -4.33736 0.00558157 5 -0.322881 -0.314025 -0.314598 -0.314585 -0.315934 -0.320081 -0.373147 0.213115 -0.373124 -0.320081 -0.315933 -0.314585 -0.314599 -0.314025 -0.322882 
0.84 -4.34061 0.00592586 5 -0.322881 -0.314025 -0.314599 -0.314588 -0.316097 -0.320444 -0.373551 0.211735 -0.373528 -0.320444 -0.316096 -0.314588 -0.314599 -0.314025 -0.322882 
0.85 -4.34385 0.00629005 5 -0.322882 -0.314025 -0.314599 -0.314592 -0.316276 -0.320806 -0.373915 0.210312 -0.373892 -0.320806 -0.316275 -0.314592 -0.314599 -0.314025 -0.322883 
0.86 -4.34708 0.00667501 5 -0.322882 -0.314025 -0.314599 -0.314597 -0.316471 -0.321165 -0.37424 0.208847 -0.374217 -0.321164 -0.31647 -0.314597 -0.314599 -0.314025 -0.322883 
0.87 -4.35031 0.00708159 5 -0.322882 -0.314025 -0.314599 -0.314602 -0.316683 -0.321518 -0.374526 0.207338 -0.374504 -0.321518 -0.316682 -0.314602 -0.314599 -0.314025 -0.322883 
0.88 -4.35353 0.00751066 5 -0.322883 -0.314025 -0.314599 -0.314609 -0.316913 -0.321865 -0.374776 0.205787 -0.374753 -0.321865 -0.316912 -0.314609 -0.314599 -0.314025 -0.322883 
0.89 -4.35674 0.00796313 5 -0.322883 -0.314025 -0.314599 -0.314617 -0.317162 -0.322204 -0.374988 0.204192 -0.374965 -0.322203 -0.317161 -0.314617 -0.314599 -0.314025 -0.322884 
0.9 -4.35994 0.0084399 5 -0.322883 -0.314025 -0.314599 -0.314626 -0.31743 -0.322531 -0.375165 0.202554 -0.375142 -0.322531 -0.317429 -0.314626 -0.314599 -0.314025 -0.322884 
0.91 -4.36313 0.00894189 5 -0.322884 -0.314024 -0.314599 -0.314637 -0.317718 -0.322847 -0.375306 0.200873 -0.375284 -0.322846 -0.317716 -0.314637 -0.314599 -0.314024 -0.322884 
0.92 -4.36632 0.00947004 5 -0.322884 -0.314024 -0.314599 -0.314651 -0.318026 -0.323149 -0.375415 0.19915 -0.375392 -0.323148 -0.318024 -0.314651 -0.314599 -0.314024 -0.322884 
0.93 -4.3695 0.0100253 5 -0.322884 -0.314024 -0.314598 -0.314666 -0.318354 -0.323436 -0.37549 0.197383 -0.375468 -0.323435 -0.318352 -0.314666 -0.314598 -0.314024 -0.322884 
0.94 -4.37267 0.0106086 5 -0.322884 -0.314024 -0.314598 -0.314685 -0.318702 -0.323705 -0.375534 0.195573 -0.375511 -0.323704 -0.3187 -0.314685 -0.314598 -0.314024 -0.322884 
0.95 -4.37583 0.011221 5 -0.322884 -0.314023 -0.314598 -0.314706 -0.319072 -0.323956 -0.375547 0.193721 -0.375525 -0.323955 -0.31907 -0.314706 -0.314598 -0.314023 -0.322884 
0.96 -4.37898 0.0118634 5 -0.322884 -0.314023 -0.314598 -0.314731 -0.319461 -0.324187 -0.375531 0.191826 -0.375508 -0.324186 -0.319459 -0.314731 -0.314598 -0.314023 -0.322884 
0.97 -4.38212 0.0125367 5 -0.322884 -0.314023 -0.314598 -0.31476 -0.319872 -0.324397 -0.375485 0.18989 -0.375463 -0.324396 -0.319869 -0.31476 -0.314598 -0.314023 -0.322884 
0.98 -4.38526 0.0132421 5 -0.322884 -0.314022 -0.314598 -0.314794 -0.320302 -0.324584 -0.375413 0.187911 -0.37539 -0.324583 -0.3203 -0.314794 -0.314598 -0.314022 -0.322884 
0.99 -4.38839 0.0139805 5 -0.322884 -0.314022 -0.314598 -0.314833 -0.320752 -0.324749 -0.375313 0.185891 -0.375291 -0.324747 -0.32075 -0.314833 -0.314598 -0.314022 -0.322884 
1 -4.3915 0.0147529 5 -0.322884 -0.314022 -0.314598 -0.314878 -0.321222 -0.324889 -0.375187 0.183829 -0.375165 -0.324888 -0.321219 -0.314878 -0.314598 -0.314022 -0.322884 
1.01 -4.39462 0.0155603 5 -0.322883 -0.314021 -0.314598 -0.31493 -0.32171 -0.325005 -0.375037 0.181726 -0.375015 -0.325004 -0.321707 -0.31493 -0.314598 -0.314021 -0.322884 
1.02 -4.39772 0.0164038 5 -0.322883 -0.314021 -0.314599 -0.314988 -0.322216 -0.325096 -0.374862 0.179583 -0.37484 -0.325095 -0.322213 -0.314988 -0.314599 -0.314021 -0.322883 
1.03 -4.40082 0.0172843 5 -0.322883 -0.31402 -0.314599 -0.315055 -0.32274 -0.325162 -0.374664 0.1774 -0.374642 -0.325161 -0.322736 -0.315055 -0.314599 -0.31402 -0.322883 
1.04 -4.40391 0.0182029 5 -0.322882 -0.31402 -0.3146 -0.315131 -0.323279 -0.325202 -0.374444 0.175176 -0.374422 -0.325201 -0.323276 -0.31513 -0.3146 -0.31402 -0.322883 
1.05 -4.407 0.0191606 5 -0.322882 -0.314019 -0.314601 -0.315216 -0.323834 -0.325217 -0.374201 0.172913 -0.37418 -0.325216 -0.323831 -0.315215 -0.314601 -0.314019 -0.322883 
1.06 -4.41009 0.0201585 5 -0.322882 -0.314019 -0.314602 -0.315311 -0.324404 -0.325207 -0.373938 0.170612 -0.373916 -0.325206 -0.3244 -0.315311 -0.314602 -0.314019 -0.322883 
1.07 -4.41317 0.0211975 5 -0.322881 -0.314018 -0.314603 -0.315418 -0.324986 -0.325172 -0.373654 0.168271 -0.373633 -0.325171 -0.324982 -0.315418 -0.314603 -0.314018 -0.322882 
1.08 -4.41625 0.0222786 5 -0.322881 -0.314017 -0.314605 -0.315538 -0.325579 -0.325113 -0.373351 0.165893 -0.373329 -0.325112 -0.325575 -0.315537 -0.314605 -0.314017 -0.322882 
1.09 -4.41933 0.023403 5 -0.32288 -0.314017 -0.314607 -0.31567 -0.326182 -0.32503 -0.373028 0.163477 -0.373007 -0.325028 -0.326178 -0.315669 -0.314607 -0.314017 -0.322882 
1.1 -4.4224 0.0245716 5 -0.32288 -0.314016 -0.31461 -0.315816 -0.326794 -0.324923 -0.372688 0.161024 -0.372666 -0.324922 -0.32679 -0.315815 -0.31461 -0.314016 -0.322882 
1.11 -4.42548 0.0257853 5 -0.322879 -0.314016 -0.314614 -0.315977 -0.327413 -0.324793 -0.372329 0.158534 -0.372308 -0.324792 -0.327409 -0.315976 -0.314614 -0.314016 -0.322881 
1.12 -4.42856 0.0270453 5 -0.322878 -0.314015 -0.314618 -0.316154 -0.328037 -0.324642 -0.371953 0.156008 -0.371932 -0.324641 -0.328033 -0.316153 -0.314618 -0.314015 -0.322881 
1.13 -4.43164 0.0283525 5 -0.322878 -0.314015 -0.314624 -0.316347 -0.328665 -0.324469 -0.371561 0.153447 -0.37154 -0.324468 -0.32866 -0.316346 -0.314624 -0.314015 -0.322881 
1.14 -4.43473 0.0297079 5 -0.322877 -0.314014 -0.31463 -0.316557 -0.329294 -0.324276 -0.371152 0.150851 -0.371131 -0.324275 -0.329289 -0.316556 -0.31463 -0.314014 -0.32288 
1.15 -4.43781 0.0311124 5 -0.322876 -0.314014 -0.314638 -0.316784 -0.329923 -0.324064 -0.370728 0.14822 -0.370707 -0.324063 -0.329918 -0.316783 -0.314638 -0.314014 -0.32288 
1.16 -4.44089 0.0325671 5 -0.322876 -0.314013 -0.314647 -0.31703 -0.330549 -0.323833 -0.370289 0.145556 -0.370268 -0.323832 -0.330544 -0.317029 -0.314647 -0.314013 -0.32288 
1.17 -4.44398 0.0340729 5 -0.322875 -0.314013 -0.314658 -0.317295 -0.331172 -0.323584 -0.369836 0.142858 -0.369815 -0.323583 -0.331167 -0.317294 -0.314658 -0.314013 -0.322879 
1.18 -4.44707 0.0356308 5 -0.322874 -0.314013 -0.314671 -0.317579 -0.331789 -0.323318 -0.369368 0.140128 -0.369347 -0.323316 -0.331783 -0.317577 -0.314671 -0.314012 -0.322879 
1.19 -4.45016 0.0372416 5 -0.322874 -0.314012 -0.314687 -0.317882 -0.332398 -0.323035 -0.368887 0.137366 -0.368866 -0.323034 -0.332392 -0.317881 -0.314687 -0.314012 -0.322878 
1.2 -4.45325 0.0389063 5 -0.322873 -0.314012 -0.314705 -0.318205 -0.332997 -0.322737 -0.368393 0.134572 -0.368372 -0.322736 -0.332992 -0.318203 -0.314705 -0.314012 -0.322878 
1.21 -4.45634 0.0406258 5 -0.322872 -0.314012 -0.314727 -0.318547 -0.333586 -0.322425 -0.367886 0.131748 -0.367865 -0.322424 -0.33358 -0.318546 -0.314727 -0.314012 -0.322878 
1.22 -4.45943 0.042401 5 -0.322872 -0.314012 -0.314752 -0.31891 -0.334162 -0.322098 -0.367367 0.128893 -0.367346 -0.322097 -0.334156 -0.318908 -0.314752 -0.314011 -0.322877 
1.23 -4.46251 0.0442328 5 -0.322871 -0.314012 -0.314781 -0.319291 -0.334723 -0.321759 -0.366836 0.126009 -0.366816 -0.321758 -0.334718 -0.319289 -0.314781 -0.314011 -0.322877 
1.24 -4.4656 0.046122 5 -0.32287 -0.314012 -0.314814 -0.319692 -0.33527 -0.321407 -0.366294 0.123096 -0.366274 -0.321406 -0.335264 -0.31969 -0.314814 -0.314011 -0.322877 
1.25 -4.46868 0.0480695 5 -0.32287 -0.314012 -0.314853 -0.320112 -0.335799 -0.321043 -0.365741 0.120155 -0.365721 -0.321042 -0.335793 -0.32011 -0.314853 -0.314011 -0.322876 
1.26 -4.47176 0.050076 5 -0.322869 -0.314012 -0.314898 -0.32055 -0.336312 -0.320668 -0.365178 0.117186 -0.365157 -0.320667 -0.336306 -0.320548 -0.314898 -0.314012 -0.322876 
1.27 -4.47484 0.0521424 5 -0.322869 -0.314012 -0.314949 -0.321007 -0.336805 -0.320282 -0.364604 0.11419 -0.364583 -0.320281 -0.336799 -0.321004 -0.314949 -0.314012 -0.322876 
1.28 -4.47792 0.0542695 5 -0.322868 -0.314013 -0.315007 -0.32148 -0.33728 -0.319886 -0.364021 0.111168 -0.364 -0.319885 -0.337274 -0.321477 -0.315007 -0.314012 -0.322875 
1.29 -4.48099 0.056458 5 -0.322867 -0.314014 -0.315073 -0.321969 -0.337735 -0.319481 -0.363428 0.10812 -0.363407 -0.31948 -0.337729 -0.321967 -0.315073 -0.314013 -0.322875 
1.3 -4.48406 0.0587087 5 -0.322867 -0.314015 -0.315148 -0.322475 -0.33817 -0.319067 -0.362826 0.105048 -0.362806 -0.319066 -0.338164 -0.322472 -0.315148 -0.314014 -0.322875 
1.31 -4.48714 0.0610223 5 -0.322866 -0.314016 -0.315233 -0.322994 -0.338585 -0.318645 -0.362216 0.101951 -0.362195 -0.318644 -0.338579 -0.322991 -0.315232 -0.314015 -0.322874 
1.32 -4.4902 0.0633994 5 -0.322866 -0.314017 -0.315327 -0.323527 -0.33898 -0.318214 -0.361597 0.0988302 -0.361577 -0.318213 -0.338974 -0.323524 -0.315327 -0.314017 -0.322874 
1.33 -4.49327 0.0658408 5 -0.322866 -0.314019 -0.315433 -0.324071 -0.339355 -0.317776 -0.360971 0.095687 -0.360951 -0.317775 -0.339349 -0.324068 -0.315433 -0.314018 -0.322874 
1.34 -4.49634 0.068347 5 -0.322865 -0.314021 -0.315551 -0.324627 -0.33971 -0.317331 -0.360337 0.0925215 -0.360317 -0.31733 -0.339704 -0.324623 -0.315551 -0.314021 -0.322874 
1.35 -4.49941 0.0709187 5 -0.322865 -0.314024 -0.315683 -0.325192 -0.340045 -0.316879 -0.359696 0.0893346 -0.359676 -0.316879 -0.340039 -0.325188 -0.315682 -0.314023 -0.322874 
1.36 -4.50248 0.0735565 5 -0.322865 -0.314027 -0.315828 -0.325764 -0.340362 -0.316422 -0.359048 0.0861269 -0.359028 -0.316421 -0.340356 -0.32576 -0.315827 -0.314027 -0.322874 
1.37 -4.50555 0.076261 5 -0.322864 -0.314031 -0.315987 -0.326343 -0.34066 -0.315958 -0.358393 0.0828991 -0.358373 -0.315957 -0.340653 -0.326339 -0.315987 -0.314031 -0.322873 
1.38 -4.50862 0.0790326 5 -0.322864 -0.314036 -0.316162 -0.326926 -0.340939 -0.315488 -0.357733 0.0796519 -0.357713 -0.315488 -0.340933 -0.326922 -0.316162 -0.314035 -0.322873 
1.39 -4.5117 0.0818719 5 -0.322864 -0.314042 -0.316354 -0.327512 -0.341202 -0.315014 -0.357066 0.076386 -0.357046 -0.315013 -0.341196 -0.327507 -0.316353 -0.314041 -0.322873 
1.4 -4.51477 0.0847794 5 -0.322864 -0.314049 -0.316563 -0.328098 -0.341447 -0.314534 -0.356394 0.0731022 -0.356374 -0.314534 -0.341441 -0.328094 -0.316562 -0.314048 -0.322873 
1.41 -4.51785 0.0877555 5 -0.322864 -0.314057 -0.316789 -0.328684 -0.341677 -0.314051 -0.355717 0.0698011 -0.355697 -0.31405 -0.341671 -0.32868 -0.316788 -0.314056 -0.322874 
1.42 -4.52093 0.0908007 5 -0.322864 -0.314066 -0.317033 -0.329267 -0.341892 -0.313562 -0.355035 0.0664835 -0.355015 -0.313562 -0.341885 -0.329263 -0.317032 -0.314065 -0.322874 
1.43 -4.52401 0.0939152 5 -0.322865 -0.314077 -0.317297 -0.329846 -0.342091 -0.31307 -0.354348 0.06315 -0.354328 -0.31307 -0.342085 -0.329841 -0.317296 -0.314076 -0.322874 
1.44 -4.5271 0.0970996 5 -0.322865 -0.31409 -0.31758 -0.330418 -0.342277 -0.312575 -0.353657 0.0598014 -0.353637 -0.312574 -0.342271 -0.330413 -0.317578 -0.314089 -0.322874 
1.45 -4.53018 0.100354 5 -0.322865 -0.314106 -0.317882 -0.330982 -0.34245 -0.312076 -0.352962 0.0564384 -0.352942 -0.312075 -0.342444 -0.330977 -0.31788 -0.314105 -0.322874 
1.46 -4.53327 0.103679 5 -0.322866 -0.314124 -0.318204 -0.331536 -0.34261 -0.311574 -0.352263 0.0530616 -0.352244 -0.311573 -0.342604 -0.331531 -0.318202 -0.314122 -0.322875 
1.47 -4.53635 0.107074 5 -0.322866 -0.314144 -0.318546 -0.332079 -0.342759 -0.311069 -0.351561 0.0496719 -0.351542 -0.311068 -0.342752 -0.332074 -0.318544 -0.314143 -0.322875 
1.48 -4.53944 0.110541 6 -0.322867 -0.314169 -0.318908 -0.332608 -0.342896 -0.310561 -0.350856 0.0462699 -0.350837 -0.310561 -0.34289 -0.332603 -0.318906 -0.314168 -0.322876 
1.49 -4.54252 0.114078 6 -0.322868 -0.314197 -0.31929 -0.333123 -0.343022 -0.310052 -0.350149 0.0428563 -0.350129 -0.310051 -0.343016 -0.333118 -0.319288 -0.314196 -0.322877 
1.5 -4.5456 0.117687 6 -0.322869 -0.314229 -0.319691 -0.333622 -0.343139 -0.30954 -0.349438 0.0394319 -0.349419 -0.30954 -0.343133 -0.333617 -0.319689 -0.314228 -0.322877 
1.51 -4.54868 0.121367 6 -0.32287 -0.314267 -0.320112 -0.334104 -0.343246 -0.309026 -0.348726 0.0359973 -0.348707 -0.309026 -0.34324 -0.334099 -0.32011 -0.314266 -0.322878 
1.52 -4.55176 0.125119 6 -0.322871 -0.31431 -0.320552 -0.334568 -0.343344 -0.308511 -0.348012 0.0325532 -0.347992 -0.308511 -0.343338 -0.334562 -0.32055 -0.314309 -0.322879 
1.53 -4.55483 0.128942 6 -0.322872 -0.314359 -0.32101 -0.335013 -0.343434 -0.307995 -0.347296 0.0291005 -0.347276 -0.307994 -0.343427 -0.335008 -0.321008 -0.314358 -0.322881 
1.54 -4.5579 0.132837 7 -0.322874 -0.314415 -0.321486 -0.335438 -0.343515 -0.307477 -0.346578 0.0256397 -0.346559 -0.307477 -0.343509 -0.335433 -0.321483 -0.314414 -0.322882 
1.55 -4.56097 0.136804 7 -0.322876 -0.314479 -0.321979 -0.335844 -0.343589 -0.306959 -0.34586 0.0221716 -0.345841 -0.306958 -0.343583 -0.335839 -0.321976 -0.314478 -0.322884 
1.56 -4.56404 0.140842 7 -0.322878 -0.314551 -0.322488 -0.33623 -0.343656 -0.306439 -0.345141 0.0186968 -0.345122 -0.306439 -0.34365 -0.336224 -0.322485 -0.31455 -0.322886 
1.57 -4.56711 0.144951 7 -0.322881 -0.314632 -0.323012 -0.336594 -0.343716 -0.30592 -0.344421 0.0152162 -0.344402 -0.305919 -0.343709 -0.336589 -0.323009 -0.314631 -0.322888 
1.58 -4.57017 0.149132 7 -0.322883 -0.314723 -0.32355 -0.336939 -0.343769 -0.3054 -0.343701 0.0117303 -0.343682 -0.305399 -0.343763 -0.336934 -0.323547 -0.314722 -0.322891 
1.59 -4.57323 0.153384 7 -0.322887 -0.314825 -0.324101 -0.337263 -0.343816 -0.304879 -0.342981 0.0082399 -0.342962 -0.304879 -0.34381 -0.337258 -0.324097 -0.314824 -0.322894 
1.6 -4.5763 0.157707 7 -0.32289 -0.314939 -0.324663 -0.337567 -0.343857 -0.304359 -0.342261 0.00474566 -0.342243 -0.304359 -0.34385 -0.337561 -0.32466 -0.314938 -0.322897 
1.61 -4.57936 0.162101 8 -0.322895 -0.315065 -0.325236 -0.337851 -0.343892 -0.30384 -0.341542 0.00124828 -0.341523 -0.303839 -0.343886 -0.337845 -0.325232 -0.315064 -0.322901 
1.62 -4.58243 0.166566 8 -0.3229 -0.315205 -0.325817 -0.338115 -0.343922 -0.303321 -0.340824 -0.00225157 -0.340805 -0.30332 -0.343915 -0.33811 -0.325813 -0.315204 -0.322906 
1.63 -4.58549 0.171101 8 -0.322905 -0.315359 -0.326406 -0.338361 -0.343946 -0.302802 -0.340106 -0.0057532 -0.340088 -0.302802 -0.34394 -0.338356 -0.326402 -0.315358 -0.322911 
1.64 -4.58856 0.175706 8 -0.322912 -0.315528 -0.326999 -0.338589 -0.343965 -0.302284 -0.33939 -0.00925592 -0.339372 -0.302284 -0.343959 -0.338584 -0.326995 -0.315527 -0.322917 
1.65 -4.59163 0.180381 8 -0.32292 -0.315714 -0.327597 -0.338799 -0.34398 -0.301768 -0.338676 -0.0127591 -0.338657 -0.301768 -0.343974 -0.338794 -0.327593 -0.315712 -0.322925 
1.66 -4.59471 0.185124 8 -0.322928 -0.315916 -0.328197 -0.338992 -0.34399 -0.301252 -0.337963 -0.016262 -0.337945 -0.301252 -0.343984 -0.338987 -0.328193 -0.315914 -0.322933 
1.67 -4.59778 0.189937 8 -0.322939 -0.316135 -0.328797 -0.33917 -0.343995 -0.300738 -0.337252 -0.019764 -0.337234 -0.300738 -0.343989 -0.339164 -0.328792 -0.316133 -0.322943 
1.68 -4.60086 0.194818 8 -0.32295 -0.316372 -0.329395 -0.339332 -0.343996 -0.300226 -0.336544 -0.0232644 -0.336526 -0.300226 -0.343989 -0.339326 -0.32939 -0.31637 -0.322955 
1.69 -4.60394 0.199767 8 -0.322964 -0.316628 -0.329989 -0.339479 -0.343992 -0.299716 -0.335838 -0.0267625 -0.33582 -0.299715 -0.343986 -0.339474 -0.329985 -0.316626 -0.322968 
1.7 -4.60702 0.204784 8 -0.32298 -0.316903 -0.330579 -0.339612 -0.343984 -0.299207 -0.335135 -0.0302578 -0.335117 -0.299207 -0.343978 -0.339607 -0.330574 -0.316901 -0.322983 
1.71 -4.61011 0.209867 8 -0.322998 -0.317197 -0.331161 -0.339733 -0.343972 -0.2987 -0.334435 -0.0337496 -0.334417 -0.2987 -0.343966 -0.339727 -0.331156 -0.317195 -0.323001 
1.72 -4.61319 0.215017 8 -0.323019 -0.31751 -0.331735 -0.339841 -0.343956 -0.298196 -0.333738 -0.0372372 -0.33372 -0.298196 -0.34395 -0.339836 -0.33173 -0.317508 -0.323022 
1.73 -4.61628 0.220232 8 -0.323043 -0.317844 -0.332297 -0.339937 -0.343936 -0.297694 -0.333045 -0.04072 -0.333027 -0.297694 -0.34393 -0.339932 -0.332292 -0.317842 -0.323046 
1.74 -4.61937 0.225512 8 -0.323071 -0.318197 -0.332848 -0.340023 -0.343913 -0.297195 -0.332355 -0.0441973 -0.332337 -0.297195 -0.343906 -0.340017 -0.332843 -0.318195 -0.323073 
1.75 -4.62245 0.230857 8 -0.323103 -0.31857 -0.333385 -0.340098 -0.343885 -0.296699 -0.331669 -0.0476686 -0.331651 -0.296699 -0.343879 -0.340093 -0.33338 -0.318568 -0.323105 
1.76 -4.62554 0.236265 8 -0.323139 -0.318962 -0.333907 -0.340163 -0.343854 -0.296206 -0.330987 -0.0511332 -0.330969 -0.296205 -0.343847 -0.340158 -0.333902 -0.31896 -0.323141 
1.77 -4.62862 0.241736 8 -0.323181 -0.319374 -0.334414 -0.34022 -0.343818 -0.295715 -0.330309 -0.0545904 -0.330292 -0.295715 -0.343812 -0.340215 -0.334408 -0.319372 -0.323183 
1.78 -4.6317 0.247269 8 -0.323229 -0.319805 -0.334902 -0.340268 -0.34378 -0.295228 -0.329636 -0.0580398 -0.329619 -0.295228 -0.343773 -0.340263 -0.334897 -0.319802 -0.32323 
1.79 -4.63478 0.252864 8 -0.323283 -0.320254 -0.335373 -0.340308 -0.343737 -0.294745 -0.328968 -0.0614807 -0.328951 -0.294745 -0.343731 -0.340303 -0.335368 -0.320251 -0.323284 
1.8 -4.63786 0.258519 8 -0.323344 -0.32072 -0.335825 -0.340341 -0.343691 -0.294265 -0.328305 -0.0649124 -0.328287 -0.294265 -0.343685 -0.340336 -0.33582 -0.320717 -0.323345 
1.81 -4.64094 0.264233 8 -0.323413 -0.321204 -0.336258 -0.340366 -0.343642 -0.293788 -0.327647 -0.0683345 -0.327629 -0.293788 -0.343636 -0.340361 -0.336253 -0.321201 -0.323414 
1.82 -4.64401 0.270006 8 -0.323491 -0.321704 -0.336671 -0.340386 -0.343589 -0.293316 -0.326994 -0.0717463 -0.326976 -0.293316 -0.343582 -0.340381 -0.336666 -0.321701 -0.323492 
1.83 -4.64708 0.275837 8 -0.323579 -0.322219 -0.337065 -0.340399 -0.343532 -0.292848 -0.326346 -0.0751472 -0.326329 -0.292848 -0.343526 -0.340394 -0.337059 -0.322215 -0.32358 
1.84 -4.65016 0.281725 8 -0.323677 -0.322748 -0.337438 -0.340406 -0.343472 -0.292384 -0.325705 -0.0785367 -0.325687 -0.292384 -0.343465 -0.340401 -0.337432 -0.322744 -0.323678 
1.85 -4.65323 0.287669 8 -0.323787 -0.32329 -0.337791 -0.340408 -0.343408 -0.291924 -0.325069 -0.0819143 -0.325052 -0.291924 -0.343402 -0.340403 -0.337786 -0.323286 -0.323787 
1.86 -4.6563 0.293668 8 -0.323909 -0.323843 -0.338125 -0.340405 -0.343341 -0.291469 -0.324439 -0.0852793 -0.324422 -0.291469 -0.343334 -0.3404 -0.338119 -0.32384 -0.323909 
1.87 -4.65938 0.29972 8 -0.324044 -0.324407 -0.338439 -0.340398 -0.34327 -0.291018 -0.323816 -0.0886312 -0.323799 -0.291018 -0.343264 -0.340393 -0.338433 -0.324404 -0.324044 
1.88 -4.66245 0.305826 8 -0.324193 -0.32498 -0.338734 -0.340386 -0.343196 -0.290572 -0.323199 -0.0919696 -0.323182 -0.290572 -0.343189 -0.340381 -0.338729 -0.324976 -0.324193 
1.89 -4.66553 0.311983 8 -0.324358 -0.32556 -0.339011 -0.340369 -0.343118 -0.290131 -0.322588 -0.0952938 -0.322571 -0.290131 -0.343111 -0.340364 -0.339005 -0.325556 -0.324357 
1.9 -4.6686 0.31819 8 -0.324538 -0.326146 -0.33927 -0.340349 -0.343036 -0.289696 -0.321985 -0.0986033 -0.321968 -0.289696 -0.34303 -0.340344 -0.339264 -0.326142 -0.324537 
1.91 -4.67168 0.324447 8 -0.324734 -0.326736 -0.339511 -0.340326 -0.342951 -0.289265 -0.321388 -0.101898 -0.321371 -0.289265 -0.342945 -0.340321 -0.339506 -0.326732 -0.324734 
1.92 -4.67476 0.330753 8 -0.324948 -0.327328 -0.339736 -0.340299 -0.342863 -0.28884 -0.320799 -0.105176 -0.320782 -0.28884 -0.342857 -0.340294 -0.339731 -0.327324 -0.324948 
1.93 -4.67784 0.337106 8 -0.325181 -0.32792 -0.339946 -0.340268 -0.342771 -0.28842 -0.320216 -0.108439 -0.3202 -0.28842 -0.342764 -0.340264 -0.33994 -0.327916 -0.32518 
1.94 -4.68093 0.343504 8 -0.325432 -0.328511 -0.34014 -0.340235 -0.342675 -0.288006 -0.319641 -0.111685 -0.319625 -0.288006 -0.342669 -0.34023 -0.340134 -0.328506 -0.325431 
1.95 -4.68401 0.349948 8 -0.325702 -0.329099 -0.34032 -0.340199 -0.342576 -0.287597 -0.319074 -0.114913 -0.319058 -0.287598 -0.342569 -0.340194 -0.340314 -0.329094 -0.325701 
1.96 -4.68709 0.356435 8 -0.325992 -0.329681 -0.340486 -0.34016 -0.342473 -0.287195 -0.318515 -0.118125 -0.318498 -0.287195 -0.342466 -0.340155 -0.340481 -0.329676 -0.325991 
1.97 -4.69017 0.362965 8 -0.326302 -0.330256 -0.34064 -0.340119 -0.342366 -0.286798 -0.317963 -0.121318 -0.317946 -0.286799 -0.34236 -0.340114 -0.340634 -0.330251 -0.326301 
1.98 -4.69324 0.369535 8 -0.326633 -0.330822 -0.340781 -0.340076 -0.342256 -0.286408 -0.317419 -0.124492 -0.317403 -0.286408 -0.34225 -0.340071 -0.340776 -0.330817 -0.326632 
1.99 -4.69631 0.376146 8 -0.326984 -0.331378 -0.340912 -0.34003 -0.342142 -0.286024 -0.316883 -0.127648 -0.316867 -0.286024 -0.342136 -0.340025 -0.340906 -0.331373 -0.326982 
2 -4.69938 0.382795 8 -0.327355 -0.331922 -0.341031 -0.339982 -0.342024 -0.285646 -0.316356 -0.130784 -0.31634 -0.285646 -0.342018 -0.339977 -0.341026 -0.331917 -0.327354 
2.01 -4.70244 0.389481 8 -0.327747 -0.332452 -0.341141 -0.339932 -0.341903 -0.285275 -0.315837 -0.1339 -0.315821 -0.285275 -0.341897 -0.339928 -0.341136 -0.332447 -0.327746 
2.02 -4.70548 0.396203 8 -0.328159 -0.332967 -0.341242 -0.339881 -0.341778 -0.28491 -0.315327 -0.136996 -0.315311 -0.284911 -0.341772 -0.339876 -0.341236 -0.332962 -0.328158 
2.03 -4.70852 0.40296 8 -0.328591 -0.333465 -0.341333 -0.339827 -0.341649 -0.284552 -0.314825 -0.140071 -0.314809 -0.284553 -0.341643 -0.339823 -0.341328 -0.33346 -0.328589 
2.04 -4.71154 0.40975 8 -0.329042 -0.333946 -0.341417 -0.339772 -0.341516 -0.284201 -0.314332 -0.143126 -0.314316 -0.284202 -0.34151 -0.339768 -0.341411 -0.333941 -0.329041 
2.05 -4.71455 0.416572 8 -0.329512 -0.334409 -0.341493 -0.339716 -0.34138 -0.283857 -0.313848 -0.146158 -0.313832 -0.283858 -0.341374 -0.339711 -0.341487 -0.334404 -0.32951 
2.06 -4.71754 0.423424 8 -0.33 -0.334852 -0.341562 -0.339658 -0.341239 -0.28352 -0.313372 -0.149169 -0.313357 -0.283521 -0.341233 -0.339653 -0.341556 -0.334847 -0.329998 
2.07 -4.72051 0.430305 8 -0.330505 -0.335276 -0.341624 -0.339599 -0.341095 -0.28319 -0.312906 -0.152158 -0.312891 -0.283191 -0.341089 -0.339594 -0.341619 -0.33527 -0.330504 
2.08 -4.72346 0.437214 8 -0.331026 -0.335679 -0.34168 -0.339538 -0.340947 -0.282868 -0.312449 -0.155124 -0.312434 -0.282868 -0.340941 -0.339534 -0.341675 -0.335673 -0.331025 
2.09 -4.72639 0.444149 8 -0.331563 -0.336061 -0.341731 -0.339476 -0.340796 -0.282553 -0.312002 -0.158068 -0.311986 -0.282553 -0.340789 -0.339472 -0.341725 -0.336056 -0.331562 
2.1 -4.7293 0.451109 8 -0.332114 -0.336423 -0.341776 -0.339413 -0.34064 -0.282245 -0.311563 -0.160988 -0.311548 -0.282245 -0.340634 -0.339409 -0.34177 -0.336417 -0.332112 
2.11 -4.73218 0.458093 8 -0.332677 -0.336764 -0.341816 -0.339349 -0.34048 -0.281945 -0.311134 -0.163884 -0.311119 -0.281945 -0.340474 -0.339345 -0.341811 -0.336758 -0.332675 
2.12 -4.73503 0.465098 8 -0.333251 -0.337084 -0.341851 -0.339284 -0.340317 -0.281652 -0.310715 -0.166757 -0.3107 -0.281652 -0.34031 -0.33928 -0.341846 -0.337078 -0.33325 
2.13 -4.73785 0.472124 8 -0.333836 -0.337384 -0.341883 -0.339218 -0.340149 -0.281367 -0.310305 -0.169605 -0.31029 -0.281368 -0.340143 -0.339214 -0.341877 -0.337378 -0.333834 
2.14 -4.74064 0.47917 8 -0.334428 -0.337664 -0.34191 -0.339151 -0.339978 -0.281091 -0.309905 -0.172429 -0.30989 -0.281091 -0.339972 -0.339147 -0.341904 -0.337658 -0.334426 
2.15 -4.7434 0.486233 8 -0.335026 -0.337924 -0.341933 -0.339084 -0.339803 -0.280822 -0.309515 -0.175228 -0.3095 -0.280822 -0.339796 -0.339079 -0.341928 -0.337918 -0.335024 
2.16 -4.74612 0.493312 8 -0.335628 -0.338165 -0.341953 -0.339015 -0.339623 -0.280561 -0.309134 -0.178002 -0.309119 -0.280561 -0.339617 -0.33901 -0.341948 -0.338159 -0.335626 
2.17 -4.74881 0.500406 8 -0.336233 -0.338387 -0.34197 -0.338945 -0.33944 -0.280308 -0.308764 -0.180751 -0.308749 -0.280308 -0.339434 -0.338941 -0.341964 -0.338381 -0.336231 
2.18 -4.75145 0.507513 8 -0.336837 -0.338592 -0.341983 -0.338875 -0.339253 -0.280063 -0.308403 -0.183474 -0.308388 -0.280063 -0.339246 -0.338871 -0.341978 -0.338586 -0.336836 
2.19 -4.75405 0.514633 8 -0.33744 -0.338779 -0.341994 -0.338804 -0.339062 -0.279826 -0.308052 -0.186171 -0.308038 -0.279827 -0.339055 -0.3388 -0.341989 -0.338773 -0.337438 
2.2 -4.7566 0.521763 8 -0.338038 -0.33895 -0.342002 -0.338733 -0.338866 -0.279598 -0.307712 -0.188842 -0.307697 -0.279598 -0.33886 -0.338728 -0.341997 -0.338944 -0.338036 
2.21 -4.75911 0.528901 8 -0.33863 -0.339106 -0.342008 -0.33866 -0.338667 -0.279378 -0.307381 -0.191486 -0.307367 -0.279378 -0.338661 -0.338656 -0.342002 -0.3391 -0.338628 
2.22 -4.76156 0.536048 8 -0.339212 -0.339246 -0.342011 -0.338588 -0.338464 -0.279167 -0.307061 -0.194104 -0.307047 -0.279167 -0.338458 -0.338583 -0.342006 -0.33924 -0.339211 
2.23 -4.76396 0.5432 8 -0.339784 -0.339372 -0.342012 -0.338514 -0.338257 -0.278964 -0.306751 -0.196696 -0.306737 -0.278964 -0.338251 -0.33851 -0.342007 -0.339366 -0.339782 
2.24 -4.76631 0.550357 8 -0.340342 -0.339484 -0.342011 -0.33844 -0.338046 -0.278769 -0.306451 -0.19926 -0.306437 -0.27877 -0.338039 -0.338436 -0.342006 -0.339478 -0.34034 
2.25 -4.7686 0.557517 8 -0.340885 -0.339583 -0.342008 -0.338366 -0.337831 -0.278584 -0.306161 -0.201797 -0.306147 -0.278584 -0.337824 -0.338361 -0.342003 -0.339578 -0.340883 
2.26 -4.77082 0.56468 8 -0.34141 -0.339671 -0.342004 -0.33829 -0.337612 -0.278407 -0.305882 -0.204306 -0.305868 -0.278407 -0.337605 -0.338286 -0.341998 -0.339665 -0.341408 
2.27 -4.77298 0.571842 8 -0.341915 -0.339746 -0.341997 -0.338215 -0.337389 -0.278238 -0.305613 -0.206789 -0.305599 -0.278238 -0.337382 -0.33821 -0.341992 -0.33974 -0.341914 
2.28 -4.77507 0.579003 8 -0.342399 -0.339811 -0.341989 -0.338139 -0.337162 -0.278079 -0.305354 -0.209243 -0.30534 -0.278079 -0.337156 -0.338134 -0.341984 -0.339805 -0.342397 
2.29 -4.7771 0.586162 8 -0.34286 -0.339865 -0.34198 -0.338062 -0.336931 -0.277928 -0.305106 -0.21167 -0.305092 -0.277928 -0.336925 -0.338058 -0.341974 -0.339859 -0.342858 
2.3 -4.77905 0.593317 8 -0.343296 -0.33991 -0.341969 -0.337985 -0.336696 -0.277786 -0.304868 -0.214068 -0.304854 -0.277786 -0.33669 -0.337981 -0.341963 -0.339904 -0.343294 
2.31 -4.78093 0.600467 8 -0.343706 -0.339945 -0.341956 -0.337908 -0.336458 -0.277653 -0.30464 -0.216439 -0.304627 -0.277653 -0.336451 -0.337904 -0.341951 -0.339939 -0.343704 
2.32 -4.78274 0.60761 8 -0.344089 -0.339971 -0.341943 -0.33783 -0.336215 -0.277529 -0.304423 -0.218781 -0.304409 -0.277529 -0.336209 -0.337826 -0.341937 -0.339965 -0.344087 
2.33 -4.78448 0.614744 8 -0.344443 -0.339989 -0.341928 -0.337752 -0.335969 -0.277413 -0.304216 -0.221095 -0.304203 -0.277414 -0.335963 -0.337748 -0.341923 -0.339983 -0.344442 
2.34 -4.78614 0.62187 8 -0.344769 -0.34 -0.341912 -0.337673 -0.335719 -0.277307 -0.30402 -0.22338 -0.304006 -0.277307 -0.335713 -0.337669 -0.341907 -0.339994 -0.344768 
2.35 -4.78773 0.628984 8 -0.345066 -0.340002 -0.341895 -0.337594 -0.335465 -0.27721 -0.303833 -0.225637 -0.30382 -0.27721 -0.335459 -0.33759 -0.341889 -0.339996 -0.345064 
2.36 -4.78925 0.636086 8 -0.345333 -0.339998 -0.341877 -0.337515 -0.335207 -0.277122 -0.303658 -0.227865 -0.303644 -0.277122 -0.335201 -0.337511 -0.341871 -0.339992 -0.345332 
2.37 -4.79069 0.643175 8 -0.34557 -0.339987 -0.341857 -0.337435 -0.334946 -0.277043 -0.303492 -0.230064 -0.303479 -0.277043 -0.334939 -0.337431 -0.341852 -0.339981 -0.345569 
2.38 -4.79206 0.650249 8 -0.345778 -0.33997 -0.341837 -0.337355 -0.334681 -0.276973 -0.303337 -0.232235 -0.303324 -0.276973 -0.334674 -0.337351 -0.341831 -0.339964 -0.345777 
2.39 -4.79336 0.657307 8 -0.345956 -0.339946 -0.341816 -0.337275 -0.334412 -0.276912 -0.303192 -0.234377 -0.303179 -0.276912 -0.334405 -0.337271 -0.34181 -0.33994 -0.345955 
2.4 -4.79459 0.664347 9 -0.346106 -0.339917 -0.341793 -0.337194 -0.334139 -0.27686 -0.303058 -0.23649 -0.303045 -0.27686 -0.334133 -0.33719 -0.341788 -0.339911 -0.346104 
2.41 -4.79575 0.671368 9 -0.346226 -0.339882 -0.34177 -0.337113 -0.333863 -0.276817 -0.302933 -0.238574 -0.302921 -0.276817 -0.333857 -0.337109 -0.341765 -0.339876 -0.346225 
2.42 -4.79684 0.67837 9 -0.346319 -0.339843 -0.341746 -0.337032 -0.333584 -0.276783 -0.302819 -0.240629 -0.302807 -0.276783 -0.333577 -0.337028 -0.34174 -0.339837 -0.346318 
2.43 -4.79788 0.68535 9 -0.346385 -0.339798 -0.341721 -0.336951 -0.3333 -0.276758 -0.302715 -0.242655 -0.302703 -0.276758 -0.333294 -0.336947 -0.341715 -0.339792 -0.346383 
2.44 -4.79885 0.692308 9 -0.346425 -0.339748 -0.341695 -0.336869 -0.333014 -0.276743 -0.302622 -0.244652 -0.302609 -0.276743 -0.333007 -0.336865 -0.341689 -0.339742 -0.346423 
2.45 -4.79976 0.699242 10 -0.346439 -0.339694 -0.341668 -0.336787 -0.332724 -0.276736 -0.302538 -0.24662 -0.302526 -0.276736 -0.332717 -0.336783 -0.341662 -0.339688 -0.346437 
2.46 -4.80061 0.706151 10 -0.346429 -0.339636 -0.34164 -0.336704 -0.33243 -0.276739 -0.302465 -0.248559 -0.302452 -0.276739 -0.332424 -0.3367 -0.341634 -0.33963 -0.346428 
2.47 -4.80141 0.713034 10 -0.346396 -0.339574 -0.341611 -0.336622 -0.332133 -0.276751 -0.302401 -0.250469 -0.302389 -0.276751 -0.332127 -0.336618 -0.341606 -0.339567 -0.346394 
2.48 -4.80216 0.719889 10 -0.34634 -0.339507 -0.341581 -0.336539 -0.331833 -0.276771 -0.302347 -0.252351 -0.302336 -0.276771 -0.331827 -0.336535 -0.341576 -0.339501 -0.346339 
2.49 -4.80285 0.726717 10 -0.346264 -0.339437 -0.341551 -0.336456 -0.33153 -0.276801 -0.302304 -0.254203 -0.302292 -0.276801 -0.331524 -0.336452 -0.341545 -0.339431 -0.346262 
2.5 -4.8035 0.733514 10 -0.346167 -0.339364 -0.341519 -0.336372 -0.331224 -0.27684 -0.30227 -0.256027 -0.302258 -0.27684 -0.331217 -0.336368 -0.341514 -0.339358 -0.346166 
2.51 -4.80411 0.740281 10 -0.346052 -0.339287 -0.341487 -0.336289 -0.330914 -0.276887 -0.302246 -0.257822 -0.302234 -0.276887 -0.330908 -0.336285 -0.341481 -0.339281 -0.34605 
2.52 -4.80467 0.747017 10 -0.345918 -0.339206 -0.341453 -0.336205 -0.330602 -0.276944 -0.302231 -0.259588 -0.30222 -0.276944 -0.330595 -0.336201 -0.341448 -0.3392 -0.345917 
2.53 -4.8052 0.753719 10 -0.345768 -0.339123 -0.341419 -0.336121 -0.330286 -0.27701 -0.302227 -0.261325 -0.302216 -0.27701 -0.33028 -0.336117 -0.341413 -0.339117 -0.345766 
2.54 -4.80568 0.760388 10 -0.345602 -0.339037 -0.341384 -0.336037 -0.329968 -0.277084 -0.302232 -0.263034 -0.302221 -0.277084 -0.329961 -0.336033 -0.341378 -0.339031 -0.3456 
2.55 -4.80614 0.767022 10 -0.345421 -0.338948 -0.341347 -0.335952 -0.329646 -0.277167 -0.302246 -0.264715 -0.302235 -0.277167 -0.32964 -0.335948 -0.341342 -0.338942 -0.345419 
2.56 -4.80655 0.77362 11 -0.345226 -0.338856 -0.34131 -0.335867 -0.329322 -0.27726 -0.30227 -0.266367 -0.302259 -0.277259 -0.329316 -0.335863 -0.341304 -0.33885 -0.345225 
2.57 -4.80694 0.780181 11 -0.345018 -0.338761 -0.341272 -0.335782 -0.328995 -0.27736 -0.302303 -0.267991 -0.302292 -0.27736 -0.328989 -0.335779 -0.341266 -0.338755 -0.345017 
2.58 -4.8073 0.786705 11 -0.344799 -0.338665 -0.341232 -0.335697 -0.328666 -0.27747 -0.302345 -0.269587 -0.302335 -0.27747 -0.32866 -0.335693 -0.341227 -0.338658 -0.344797 
2.59 -4.80763 0.79319 11 -0.344568 -0.338565 -0.341192 -0.335612 -0.328334 -0.277588 -0.302397 -0.271154 -0.302387 -0.277588 -0.328328 -0.335608 -0.341186 -0.338559 -0.344566 
2.6 -4.80794 0.799635 11 -0.344327 -0.338464 -0.34115 -0.335526 -0.328 -0.277715 -0.302458 -0.272694 -0.302447 -0.277715 -0.327993 -0.335522 -0.341144 -0.338458 -0.344325 
2.61 -4.80822 0.80604 12 -0.344076 -0.33836 -0.341107 -0.33544 -0.327663 -0.277851 -0.302527 -0.274206 -0.302517 -0.27785 -0.327656 -0.335436 -0.341102 -0.338354 -0.344074 
2.62 -4.80848 0.812403 12 -0.343816 -0.338255 -0.341064 -0.335354 -0.327324 -0.277994 -0.302606 -0.27569 -0.302596 -0.277994 -0.327317 -0.33535 -0.341058 -0.338249 -0.343815 
2.63 -4.80872 0.818725 12 -0.343548 -0.338147 -0.341019 -0.335268 -0.326983 -0.278147 -0.302693 -0.277147 -0.302683 -0.278146 -0.326976 -0.335264 -0.341013 -0.338141 -0.343547 
2.64 -4.80894 0.825004 12 -0.343273 -0.338038 -0.340972 -0.335181 -0.326639 -0.278308 -0.302789 -0.278577 -0.30278 -0.278307 -0.326633 -0.335178 -0.340967 -0.338032 -0.343271 
2.65 -4.80915 0.831239 12 -0.342991 -0.337927 -0.340925 -0.335094 -0.326294 -0.278477 -0.302894 -0.279979 -0.302885 -0.278476 -0.326287 -0.335091 -0.340919 -0.337921 -0.342989 
2.66 -4.80934 0.837429 12 -0.342702 -0.337814 -0.340876 -0.335007 -0.325946 -0.278654 -0.303007 -0.281355 -0.302998 -0.278653 -0.32594 -0.335004 -0.340871 -0.337808 -0.3427 
2.67 -4.80951 0.843575 13 -0.342408 -0.3377 -0.340826 -0.33492 -0.325597 -0.278839 -0.303129 -0.282704 -0.30312 -0.278839 -0.325591 -0.334917 -0.340821 -0.337694 -0.342406 
2.68 -4.80967 0.849674 13 -0.342108 -0.337585 -0.340775 -0.334833 -0.325246 -0.279033 -0.303259 -0.284026 -0.30325 -0.279032 -0.32524 -0.334829 -0.340769 -0.337578 -0.342106 
2.69 -4.80982 0.855728 13 -0.341803 -0.337468 -0.340723 -0.334745 -0.324894 -0.279235 -0.303397 -0.285321 -0.303388 -0.279234 -0.324887 -0.334742 -0.340717 -0.337461 -0.341802 
2.7 -4.80995 0.861734 13 -0.341494 -0.337349 -0.340669 -0.334657 -0.324539 -0.279444 -0.303543 -0.286591 -0.303534 -0.279444 -0.324533 -0.334654 -0.340663 -0.337343 -0.341493 
2.71 -4.81007 0.867692 13 -0.341181 -0.33723 -0.340613 -0.334569 -0.324184 -0.279662 -0.303697 -0.287834 -0.303688 -0.279661 -0.324177 -0.334566 -0.340608 -0.337224 -0.34118 
2.72 -4.81019 0.873602 13 -0.340865 -0.337109 -0.340557 -0.334481 -0.323827 -0.279887 -0.303859 -0.289052 -0.30385 -0.279886 -0.32382 -0.334477 -0.340551 -0.337103 -0.340863 
2.73 -4.81029 0.879464 13 -0.340545 -0.336987 -0.340498 -0.334392 -0.323468 -0.28012 -0.304028 -0.290244 -0.30402 -0.280119 -0.323462 -0.334389 -0.340493 -0.336981 -0.340543 
2.74 -4.81039 0.885276 14 -0.340222 -0.336865 -0.340439 -0.334304 -0.323109 -0.28036 -0.304206 -0.29141 -0.304197 -0.280359 -0.323102 -0.3343 -0.340433 -0.336859 -0.34022 
2.75 -4.81047 0.891038 14 -0.339896 -0.336741 -0.340378 -0.334214 -0.322748 -0.280608 -0.30439 -0.292552 -0.304382 -0.280607 -0.322742 -0.334211 -0.340372 -0.336735 -0.339894 
2.76 -4.81055 0.89675 14 -0.339568 -0.336617 -0.340315 -0.334125 -0.322387 -0.280864 -0.304582 -0.293669 -0.304574 -0.280863 -0.32238 -0.334122 -0.340309 -0.336611 -0.339566 
2.77 -4.81063 0.902411 14 -0.339238 -0.336492 -0.340251 -0.334036 -0.322025 -0.281126 -0.304781 -0.294761 -0.304774 -0.281125 -0.322018 -0.334032 -0.340245 -0.336486 -0.339236 
2.78 -4.81069 0.908021 14 -0.338906 -0.336366 -0.340185 -0.333946 -0.321662 -0.281396 -0.304988 -0.295828 -0.30498 -0.281395 -0.321655 -0.333943 -0.340179 -0.33636 -0.338904 
2.79 -4.81075 0.91358 14 -0.338572 -0.33624 -0.340117 -0.333856 -0.321298 -0.281674 -0.305201 -0.296871 -0.305194 -0.281672 -0.321292 -0.333853 -0.340111 -0.336234 -0.33857 
2.8 -4.81081 0.919087 15 -0.338236 -0.336113 -0.340048 -0.333766 -0.320934 -0.281958 -0.305421 -0.297891 -0.305414 -0.281956 -0.320928 -0.333762 -0.340042 -0.336107 -0.338235 
2.81 -4.81086 0.924541 15 -0.337899 -0.335985 -0.339977 -0.333675 -0.32057 -0.282249 -0.305648 -0.298887 -0.305641 -0.282247 -0.320563 -0.333672 -0.339971 -0.335979 -0.337898 
2.82 -4.81091 0.929943 15 -0.337561 -0.335858 -0.339904 -0.333584 -0.320205 -0.282547 -0.305881 -0.299859 -0.305874 -0.282545 -0.320199 -0.333581 -0.339899 -0.335852 -0.33756 
2.83 -4.81095 0.935293 15 -0.337222 -0.33573 -0.33983 -0.333493 -0.31984 -0.282851 -0.30612 -0.300809 -0.306114 -0.28285 -0.319834 -0.33349 -0.339824 -0.335724 -0.33722 
2.84 -4.81099 0.940589 15 -0.336882 -0.335601 -0.339754 -0.333402 -0.319476 -0.283162 -0.306366 -0.301735 -0.30636 -0.283161 -0.319469 -0.333398 -0.339748 -0.335595 -0.33688 
2.85 -4.81103 0.945833 15 -0.336541 -0.335473 -0.339676 -0.33331 -0.319111 -0.28348 -0.306618 -0.302639 -0.306612 -0.283478 -0.319104 -0.333307 -0.33967 -0.335467 -0.336539 
2.86 -4.81106 0.951023 15 -0.336199 -0.335344 -0.339596 -0.333218 -0.318746 -0.283804 -0.306877 -0.30352 -0.306871 -0.283802 -0.31874 -0.333215 -0.33959 -0.335338 -0.336198 
2.87 -4.81109 0.95616 15 -0.335857 -0.335216 -0.339514 -0.333126 -0.318382 -0.284134 -0.30714 -0.30438 -0.307135 -0.284133 -0.318376 -0.333122 -0.339509 -0.33521 -0.335855 
2.88 -4.81112 0.961243 15 -0.335514 -0.335087 -0.339431 -0.333033 -0.318019 -0.284471 -0.30741 -0.305218 -0.307405 -0.284469 -0.318012 -0.33303 -0.339425 -0.335081 -0.335512 
2.89 -4.81114 0.966272 15 -0.335171 -0.334958 -0.339345 -0.33294 -0.317656 -0.284813 -0.307685 -0.306035 -0.30768 -0.284811 -0.317649 -0.332937 -0.339339 -0.334952 -0.335169 
2.9 -4.81116 0.971248 16 -0.334827 -0.33483 -0.339258 -0.332847 -0.317293 -0.285161 -0.307966 -0.30683 -0.307961 -0.285159 -0.317287 -0.332844 -0.339252 -0.334824 -0.334825 
2.91 -4.81118 0.976171 16 -0.334483 -0.334701 -0.339168 -0.332753 -0.316932 -0.285515 -0.308252 -0.307604 -0.308247 -0.285513 -0.316925 -0.33275 -0.339162 -0.334696 -0.334481 
2.92 -4.8112 0.981039 16 -0.334139 -0.334573 -0.339077 -0.332659 -0.316571 -0.285875 -0.308543 -0.308359 -0.308538 -0.285873 -0.316565 -0.332656 -0.339071 -0.334567 -0.334137 
2.93 -4.81122 0.985854 16 -0.333794 -0.334445 -0.338983 -0.332565 -0.316212 -0.28624 -0.308839 -0.309092 -0.308834 -0.286238 -0.316205 -0.332562 -0.338977 -0.33444 -0.333792 
2.94 -4.81124 0.990616 16 -0.333449 -0.334318 -0.338888 -0.33247 -0.315854 -0.286611 -0.30914 -0.309806 -0.309136 -0.286609 -0.315847 -0.332468 -0.338882 -0.334312 -0.333447 
2.95 -4.81125 0.995324 16 -0.333104 -0.334191 -0.33879 -0.332376 -0.315497 -0.286987 -0.309446 -0.310501 -0.309441 -0.286985 -0.31549 -0.332373 -0.338784 -0.334185 -0.333102 
2.96 -4.81126 0.999979 16 -0.332759 -0.334064 -0.33869 -0.33228 -0.315141 -0.287368 -0.309756 -0.311176 -0.309752 -0.287366 -0.315135 -0.332277 -0.338684 -0.334059 -0.332757 
2.97 -4.81127 1.00458 16 -0.332413 -0.333938 -0.338588 -0.332185 -0.314788 -0.287754 -0.31007 -0.311832 -0.310066 -0.287752 -0.314781 -0.332182 -0.338582 -0.333933 -0.332411 
2.98 -4.81129 1.00913 16 -0.332068 -0.333813 -0.338484 -0.332088 -0.314436 -0.288145 -0.310389 -0.312469 -0.310385 -0.288143 -0.314429 -0.332086 -0.338478 -0.333807 -0.332066 
2.99 -4.8113 1.01363 16 -0.331722 -0.333688 -0.338377 -0.331992 -0.314086 -0.288541 -0.310712 -0.313088 -0.310709 -0.288538 -0.314079 -0.331989 -0.338371 -0.333682 -0.33172 
3 -4.8113 1.01807 16 -0.331377 -0.333564 -0.338269 -0.331895 -0.313737 -0.288941 -0.311039 -0.31369 -0.311036 -0.288939 -0.313731 -0.331892 -0.338263 -0.333558 -0.331375 
3.01 -4.81131 1.02246 16 -0.331031 -0.33344 -0.338158 -0.331798 -0.313391 -0.289346 -0.311369 -0.314273 -0.311366 -0.289343 -0.313385 -0.331795 -0.338152 -0.333434 -0.331029 
3.02 -4.81132 1.0268 16 -0.330686 -0.333317 -0.338045 -0.3317 -0.313048 -0.289755 -0.311704 -0.314839 -0.311701 -0.289753 -0.313041 -0.331697 -0.338039 -0.333312 -0.330684 
3.03 -4.81133 1.03109 16 -0.33034 -0.333196 -0.337929 -0.331602 -0.312706 -0.290169 -0.312042 -0.315388 -0.312039 -0.290166 -0.3127 -0.331599 -0.337923 -0.33319 -0.330338 
3.04 -4.81133 1.03532 16 -0.329994 -0.333074 -0.337811 -0.331503 -0.312368 -0.290586 -0.312383 -0.315921 -0.31238 -0.290583 -0.312361 -0.331501 -0.337805 -0.333069 -0.329992 
3.05 -4.81134 1.03951 16 -0.329648 -0.332954 -0.337691 -0.331405 -0.312031 -0.291008 -0.312727 -0.316437 -0.312725 -0.291005 -0.312025 -0.331402 -0.337685 -0.332949 -0.329646 
3.06 -4.81134 1.04364 16 -0.329303 -0.332835 -0.337569 -0.331305 -0.311698 -0.291433 -0.313074 -0.316937 -0.313073 -0.29143 -0.311691 -0.331302 -0.337563 -0.33283 -0.329301 
3.07 -4.81135 1.04773 16 -0.328957 -0.332717 -0.337444 -0.331205 -0.311367 -0.291862 -0.313425 -0.317421 -0.313423 -0.291859 -0.311361 -0.331202 -0.337438 -0.332711 -0.328955 
3.08 -4.81135 1.05177 16 -0.328611 -0.3326 -0.337317 -0.331105 -0.31104 -0.292294 -0.313778 -0.31789 -0.313776 -0.292291 -0.311033 -0.331102 -0.337311 -0.332594 -0.328609 
3.09 -4.81136 1.05575 16 -0.328265 -0.332484 -0.337187 -0.331004 -0.310716 -0.29273 -0.314134 -0.318344 -0.314132 -0.292727 -0.310709 -0.331001 -0.337181 -0.332478 -0.328263 
3.1 -4.81136 1.05969 16 -0.327919 -0.332369 -0.337055 -0.330903 -0.310395 -0.29317 -0.314492 -0.318783 -0.314491 -0.293166 -0.310388 -0.3309 -0.337049 -0.332363 -0.327917 
3.11 -4.81136 1.06358 16 -0.327573 -0.332255 -0.336921 -0.330801 -0.310077 -0.293612 -0.314852 -0.319208 -0.314851 -0.293609 -0.31007 -0.330798 -0.336915 -0.332249 -0.327571 
3.12 -4.81136 1.06742 16 -0.327227 -0.332142 -0.336784 -0.330699 -0.309763 -0.294057 -0.315215 -0.319618 -0.315214 -0.294054 -0.309756 -0.330696 -0.336778 -0.332137 -0.327225 
3.13 -4.81137 1.07122 16 -0.326881 -0.332031 -0.336644 -0.330596 -0.309453 -0.294505 -0.315579 -0.320015 -0.315579 -0.294502 -0.309446 -0.330593 -0.336639 -0.332025 -0.326879 
3.14 -4.81137 1.07497 16 -0.326535 -0.33192 -0.336503 -0.330493 -0.309146 -0.294956 -0.315946 -0.320399 -0.315946 -0.294953 -0.309139 -0.33049 -0.336497 -0.331915 -0.326533 
3.15 -4.81137 1.07867 16 -0.326189 -0.331811 -0.336358 -0.330389 -0.308843 -0.295409 -0.316314 -0.32077 -0.316314 -0.295406 -0.308837 -0.330386 -0.336352 -0.331806 -0.326187 
3.16 -4.81137 1.08233 16 -0.325843 -0.331704 -0.336212 -0.330285 -0.308545 -0.295865 -0.316684 -0.321127 -0.316684 -0.295862 -0.308538 -0.330282 -0.336206 -0.331698 -0.32584 
3.17 -4.81138 1.08595 16 -0.325496 -0.331598 -0.336062 -0.33018 -0.30825 -0.296323 -0.317055 -0.321473 -0.317056 -0.29632 -0.308243 -0.330177 -0.336056 -0.331592 -0.325494 
3.18 -4.81138 1.08952 16 -0.32515 -0.331493 -0.33591 -0.330074 -0.30796 -0.296784 -0.317428 -0.321806 -0.317429 -0.29678 -0.307953 -0.330072 -0.335905 -0.331487 -0.325147 
3.19 -4.81138 1.09305 16 -0.324803 -0.331389 -0.335756 -0.329968 -0.307674 -0.297246 -0.317802 -0.322128 -0.317802 -0.297242 -0.307667 -0.329966 -0.33575 -0.331384 -0.324801 
3.2 -4.81138 1.09653 16 -0.324456 -0.331287 -0.335599 -0.329862 -0.307393 -0.29771 -0.318176 -0.322438 -0.318177 -0.297706 -0.307386 -0.329859 -0.335593 -0.331282 -0.324454 
3.21 -4.81138 1.09998 16 -0.32411 -0.331187 -0.33544 -0.329755 -0.307116 -0.298176 -0.318552 -0.322737 -0.318553 -0.298172 -0.307109 -0.329752 -0.335434 -0.331181 -0.324107 
3.22 -4.81138 1.10339 16 -0.323763 -0.331087 -0.335278 -0.329647 -0.306844 -0.298643 -0.318928 -0.323026 -0.31893 -0.298639 -0.306837 -0.329645 -0.335272 -0.331082 -0.32376 
3.23 -4.81138 1.10675 16 -0.323415 -0.33099 -0.335114 -0.329539 -0.306577 -0.299112 -0.319305 -0.323304 -0.319307 -0.299108 -0.30657 -0.329536 -0.335108 -0.330984 -0.323413 
3.24 -4.81138 1.11008 16 -0.323068 -0.330894 -0.334947 -0.32943 -0.306315 -0.299583 -0.319683 -0.323572 -0.319685 -0.299578 -0.306308 -0.329428 -0.334941 -0.330888 -0.323066 
3.25 -4.81138 1.11337 16 -0.322721 -0.330799 -0.334777 -0.329321 -0.306058 -0.300054 -0.320061 -0.32383 -0.320063 -0.30005 -0.306051 -0.329318 -0.334772 -0.330794 -0.322718 
3.26 -4.81139 1.11662 16 -0.322373 -0.330706 -0.334605 -0.329211 -0.305806 -0.300527 -0.320439 -0.324078 -0.320441 -0.300522 -0.305799 -0.329208 -0.3346 -0.330701 -0.322371 
3.27 -4.81139 1.11983 16 -0.322025 -0.330614 -0.334431 -0.3291 -0.305559 -0.301 -0.320817 -0.324318 -0.320819 -0.300996 -0.305552 -0.329098 -0.334425 -0.330609 -0.322023 
3.28 -4.81139 1.12301 16 -0.321677 -0.330524 -0.334254 -0.328989 -0.305318 -0.301474 -0.321195 -0.324548 -0.321198 -0.30147 -0.305311 -0.328986 -0.334248 -0.330519 -0.321675 
3.29 -4.81139 1.12616 16 -0.321329 -0.330436 -0.334075 -0.328877 -0.305082 -0.301949 -0.321573 -0.32477 -0.321576 -0.301945 -0.305075 -0.328875 -0.334069 -0.330431 -0.321327 
3.3 -4.81139 1.12927 16 -0.320981 -0.330349 -0.333893 -0.328765 -0.304852 -0.302424 -0.32195 -0.324984 -0.321954 -0.30242 -0.304845 -0.328762 -0.333887 -0.330344 -0.320978 
3.31 -4.81139 1.13235 16 -0.320632 -0.330264 -0.333708 -0.328651 -0.304627 -0.3029 -0.322327 -0.32519 -0.322331 -0.302896 -0.30462 -0.328649 -0.333702 -0.330259 -0.32063 
3.32 -4.81139 1.1354 16 -0.320283 -0.330181 -0.333521 -0.328538 -0.304409 -0.303376 -0.322704 -0.325388 -0.322708 -0.303372 -0.304402 -0.328535 -0.333516 -0.330176 -0.320281 
3.33 -4.81139 1.13842 16 -0.319934 -0.330099 -0.333332 -0.328423 -0.304196 -0.303852 -0.32308 -0.325579 -0.323084 -0.303848 -0.304189 -0.328421 -0.333326 -0.330094 -0.319932 
3.34 -4.81139 1.14141 16 -0.319585 -0.330019 -0.33314 -0.328308 -0.303989 -0.304329 -0.323455 -0.325763 -0.323459 -0.304324 -0.303982 -0.328306 -0.333134 -0.330014 -0.319582 
3.35 -4.81139 1.14437 16 -0.319236 -0.32994 -0.332946 -0.328193 -0.303788 -0.304805 -0.323829 -0.325941 -0.323834 -0.3048 -0.303781 -0.32819 -0.33294 -0.329935 -0.319233 
3.36 -4.81139 1.1473 16 -0.318886 -0.329863 -0.332749 -0.328076 -0.303593 -0.305281 -0.324202 -0.326111 -0.324207 -0.305276 -0.303586 -0.328074 -0.332744 -0.329858 -0.318883 
3.37 -4.81139 1.1502 16 -0.318536 -0.329788 -0.33255 -0.32796 -0.303405 -0.305756 -0.324574 -0.326276 -0.324579 -0.305751 -0.303398 -0.327957 -0.332545 -0.329783 -0.318533 
3.38 -4.81139 1.15308 16 -0.318186 -0.329714 -0.332349 -0.327842 -0.303223 -0.306231 -0.324945 -0.326435 -0.32495 -0.306226 -0.303216 -0.32784 -0.332343 -0.329709 -0.318183 
3.39 -4.81139 1.15594 16 -0.317835 -0.329642 -0.332145 -0.327724 -0.303047 -0.306705 -0.325314 -0.326588 -0.32532 -0.3067 -0.30304 -0.327721 -0.332139 -0.329637 -0.317832 
3.4 -4.81139 1.15877 16 -0.317484 -0.329571 -0.331939 -0.327605 -0.302878 -0.307179 -0.325682 -0.326736 -0.325688 -0.307174 -0.302871 -0.327602 -0.331933 -0.329566 -0.317481 
3.41 -4.81139 1.16158 16 -0.317133 -0.329503 -0.331731 -0.327485 -0.302715 -0.307652 -0.326049 -0.326879 -0.326054 -0.307646 -0.302708 -0.327483 -0.331725 -0.329498 -0.31713 
3.42 -4.81139 1.16437 16 -0.316782 -0.329435 -0.33152 -0.327365 -0.302559 -0.308123 -0.326413 -0.327017 -0.326419 -0.308118 -0.302552 -0.327363 -0.331514 -0.32943 -0.316779 
3.43 -4.81139 1.16714 16 -0.316431 -0.32937 -0.331307 -0.327244 -0.30241 -0.308594 -0.326776 -0.327151 -0.326782 -0.308589 -0.302403 -0.327242 -0.331301 -0.329365 -0.316428 
3.44 -4.81139 1.16989 16 -0.316079 -0.329306 -0.331092 -0.327123 -0.302267 -0.309063 -0.327137 -0.32728 -0.327143 -0.309058 -0.30226 -0.32712 -0.331086 -0.329301 -0.316076 
3.45 -4.81139 1.17262 16 -0.315727 -0.329243 -0.330874 -0.327 -0.302131 -0.309531 -0.327496 -0.327406 -0.327502 -0.309526 -0.302124 -0.326998 -0.330869 -0.329238 -0.315724 
3.46 -4.81139 1.17534 16 -0.315374 -0.329182 -0.330655 -0.326878 -0.302002 -0.309998 -0.327853 -0.327528 -0.32786 -0.309993 -0.301995 -0.326875 -0.330649 -0.329178 -0.315371 
3.47 -4.81139 1.17804 16 -0.315022 -0.329123 -0.330433 -0.326754 -0.30188 -0.310463 -0.328208 -0.327646 -0.328214 -0.310458 -0.301873 -0.326752 -0.330428 -0.329118 -0.315019 
3.48 -4.81139 1.18072 16 -0.314669 -0.329065 -0.330209 -0.32663 -0.301765 -0.310927 -0.32856 -0.327761 -0.328567 -0.310921 -0.301758 -0.326627 -0.330204 -0.329061 -0.314666 
3.49 -4.81139 1.1834 16 -0.314316 -0.329009 -0.329984 -0.326505 -0.301657 -0.311389 -0.32891 -0.327874 -0.328917 -0.311383 -0.30165 -0.326502 -0.329978 -0.329004 -0.314313 
3.5 -4.81139 1.18605 16 -0.313962 -0.328955 -0.329756 -0.326379 -0.301556 -0.311848 -0.329258 -0.327983 -0.329265 -0.311843 -0.301549 -0.326377 -0.32975 -0.32895 -0.313959 
3.51 -4.81139 1.1887 16 -0.313609 -0.328901 -0.329526 -0.326253 -0.301463 -0.312306 -0.329603 -0.32809 -0.32961 -0.312301 -0.301455 -0.326251 -0.329521 -0.328897 -0.313605 
3.52 -4.81139 1.19134 16 -0.313255 -0.32885 -0.329294 -0.326126 -0.301376 -0.312762 -0.329945 -0.328195 -0.329953 -0.312757 -0.301369 -0.326124 -0.329289 -0.328845 -0.313251 
3.53 -4.81139 1.19397 16 -0.312901 -0.328799 -0.32906 -0.325999 -0.301297 -0.313216 -0.330285 -0.328298 -0.330293 -0.31321 -0.301289 -0.325996 -0.329055 -0.328795 -0.312897 
3.54 -4.81139 1.19659 16 -0.312546 -0.328751 -0.328825 -0.325871 -0.301224 -0.313667 -0.330622 -0.328399 -0.33063 -0.313662 -0.301217 -0.325868 -0.32882 -0.328746 -0.312543 
3.55 -4.81139 1.1992 16 -0.312191 -0.328703 -0.328587 -0.325742 -0.30116 -0.314117 -0.330956 -0.328499 -0.330965 -0.314111 -0.301152 -0.32574 -0.328582 -0.328698 -0.312188 
3.56 -4.81139 1.20181 17 -0.311837 -0.328657 -0.328348 -0.325613 -0.301102 -0.314563 -0.331288 -0.328597 -0.331296 -0.314557 -0.301095 -0.32561 -0.328343 -0.328652 -0.311833 
3.57 -4.81139 1.20441 17 -0.311481 -0.328612 -0.328107 -0.325483 -0.301052 -0.315007 -0.331616 -0.328694 -0.331625 -0.315002 -0.301045 -0.32548 -0.328102 -0.328608 -0.311478 
3.58 -4.81139 1.20701 17 -0.311126 -0.328569 -0.327865 -0.325352 -0.301009 -0.315449 -0.331941 -0.32879 -0.33195 -0.315443 -0.301002 -0.32535 -0.32786 -0.328564 -0.311122 
3.59 -4.81139 1.2096 17 -0.31077 -0.328527 -0.327621 -0.325221 -0.300974 -0.315888 -0.332263 -0.328885 -0.332272 -0.315882 -0.300966 -0.325218 -0.327616 -0.328522 -0.310767 
3.6 -4.81139 1.2122 17 -0.310414 -0.328486 -0.327375 -0.325089 -0.300946 -0.316324 -0.332582 -0.32898 -0.332591 -0.316318 -0.300938 -0.325087 -0.32737 -0.328481 -0.310411 
3.61 -4.81139 1.21479 17 -0.310058 -0.328446 -0.327127 -0.324957 -0.300925 -0.316757 -0.332898 -0.329075 -0.332907 -0.316751 -0.300918 -0.324954 -0.327122 -0.328442 -0.310055 
3.62 -4.81139 1.21738 17 -0.309702 -0.328408 -0.326879 -0.324824 -0.300912 -0.317187 -0.33321 -0.329169 -0.33322 -0.317181 -0.300905 -0.324821 -0.326874 -0.328403 -0.309698 
3.63 -4.81139 1.21998 17 -0.309345 -0.328371 -0.326628 -0.32469 -0.300906 -0.317614 -0.333519 -0.329263 -0.333529 -0.317608 -0.300899 -0.324688 -0.326623 -0.328366 -0.309342 
3.64 -4.81139 1.22257 17 -0.308988 -0.328335 -0.326377 -0.324556 -0.300908 -0.318038 -0.333825 -0.329358 -0.333835 -0.318032 -0.300901 -0.324553 -0.326372 -0.32833 -0.308985 
3.65 -4.81139 1.22518 17 -0.308631 -0.3283 -0.326124 -0.324421 -0.300917 -0.318459 -0.334127 -0.329453 -0.334137 -0.318453 -0.30091 -0.324419 -0.326119 -0.328295 -0.308628 
