time energy maxBondDim localEnergy 
0 -6.91174 37 -0.654357 -0.293102 -0.568737 -0.334223 -0.544405 -0.348861 -0.535766 -0.352834 -0.535766 -0.348861 -0.544405 -0.334223 -0.568737 -0.293102 -0.654357 
0 -6.22047 10 -0.491988 -0.377382 -0.414395 -0.403316 -0.40705 -0.406006 -0.406697 -0.406804 -0.406697 -0.406006 -0.40705 -0.403316 -0.414395 -0.377382 -0.491988 
0.1 -6.22052 10 -0.491988 -0.377382 -0.414395 -0.403317 -0.407052 -0.406009 -0.406706 -0.406818 -0.406706 -0.406009 -0.407052 -0.403317 -0.414395 -0.377382 -0.491988 
0.2 -6.22073 10 -0.491989 -0.377384 -0.414398 -0.403322 -0.407061 -0.406026 -0.406748 -0.406879 -0.406748 -0.406026 -0.407061 -0.403322 -0.414398 -0.377384 -0.491989 
0.3 -6.22129 10 -0.491991 -0.377387 -0.414405 -0.403335 -0.407085 -0.40607 -0.406854 -0.407034 -0.406854 -0.40607 -0.407085 -0.403335 -0.414405 -0.377387 -0.491991 
0.4 -6.22244 10 -0.491997 -0.377394 -0.414421 -0.403362 -0.407137 -0.406163 -0.407071 -0.407348 -0.407071 -0.406163 -0.407137 -0.403362 -0.414421 -0.377394 -0.491997 
0.5 -6.22449 10 -0.492007 -0.377408 -0.41445 -0.403415 -0.407234 -0.406333 -0.407454 -0.407891 -0.407454 -0.406333 -0.407234 -0.403415 -0.41445 -0.377408 -0.492007 
0.6 -6.22783 10 -0.492027 -0.377433 -0.414503 -0.403508 -0.407402 -0.406619 -0.408057 -0.40873 -0.408057 -0.406619 -0.407402 -0.403508 -0.414503 -0.377433 -0.492027 
0.7 -6.23279 10 -0.492061 -0.377475 -0.414593 -0.403663 -0.407676 -0.407062 -0.408919 -0.409895 -0.408919 -0.407062 -0.407676 -0.403663 -0.414593 -0.377475 -0.492061 
0.8 -6.23964 10 -0.492119 -0.377544 -0.414742 -0.403912 -0.408096 -0.407696 -0.410034 -0.411352 -0.410034 -0.407696 -0.408096 -0.403912 -0.414742 -0.377544 -0.492119 
0.9 -6.2484 10 -0.492216 -0.377656 -0.414978 -0.404291 -0.408698 -0.408522 -0.411338 -0.413001 -0.411338 -0.408522 -0.408698 -0.404291 -0.414978 -0.377656 -0.492216 
1 -6.2589 10 -0.492374 -0.377832 -0.415341 -0.404836 -0.409492 -0.409498 -0.412722 -0.414711 -0.412722 -0.409498 -0.409492 -0.404836 -0.415341 -0.377832 -0.492374 
1.1 -6.27079 10 -0.492627 -0.3781 -0.415868 -0.405564 -0.410444 -0.410539 -0.414072 -0.416363 -0.414072 -0.410539 -0.410444 -0.405564 -0.415868 -0.3781 -0.492627 
1.2 -6.28362 10 -0.493019 -0.378488 -0.416585 -0.406451 -0.411475 -0.411546 -0.415305 -0.417881 -0.415305 -0.411546 -0.411475 -0.406451 -0.416585 -0.378488 -0.493019 
1.3 -6.29691 10 -0.493601 -0.379013 -0.417483 -0.407425 -0.412483 -0.412445 -0.416386 -0.419235 -0.416386 -0.412445 -0.412483 -0.407425 -0.417483 -0.379013 -0.493601 
1.4 -6.31015 10 -0.494419 -0.379659 -0.418499 -0.408386 -0.413382 -0.413204 -0.417314 -0.420423 -0.417314 -0.413204 -0.413382 -0.408386 -0.418499 -0.379659 -0.494419 
1.5 -6.32283 10 -0.495486 -0.380362 -0.419538 -0.409237 -0.414125 -0.413828 -0.418111 -0.421458 -0.418111 -0.413828 -0.414125 -0.409237 -0.419538 -0.380362 -0.495485 
1.6 -6.33445 10 -0.496755 -0.381017 -0.420497 -0.409921 -0.414708 -0.414345 -0.418806 -0.422357 -0.418806 -0.414345 -0.414708 -0.409921 -0.420497 -0.381018 -0.496755 
1.7 -6.34458 10 -0.498127 -0.381506 -0.421305 -0.410421 -0.415153 -0.414788 -0.419425 -0.423134 -0.419425 -0.414788 -0.415153 -0.410421 -0.421305 -0.381506 -0.498127 
1.8 -6.35294 10 -0.499475 -0.381736 -0.421934 -0.410753 -0.415492 -0.41519 -0.419987 -0.423802 -0.419987 -0.41519 -0.415492 -0.410753 -0.421934 -0.381736 -0.499475 
1.9 -6.35947 10 -0.500702 -0.381663 -0.42239 -0.410949 -0.41576 -0.415577 -0.420508 -0.424369 -0.420508 -0.415577 -0.41576 -0.410949 -0.42239 -0.381663 -0.500702 
2 -6.36432 10 -0.501762 -0.381292 -0.422696 -0.411044 -0.415985 -0.415965 -0.420994 -0.424842 -0.420994 -0.415965 -0.415985 -0.411044 -0.422696 -0.381292 -0.501762 
2.1 -6.36776 10 -0.50266 -0.380657 -0.422877 -0.411068 -0.416187 -0.416366 -0.421452 -0.425227 -0.421452 -0.416366 -0.416187 -0.411068 -0.422877 -0.380657 -0.50266 
2.2 -6.37012 10 -0.503429 -0.379814 -0.422956 -0.411047 -0.416383 -0.416785 -0.421883 -0.425528 -0.421883 -0.416785 -0.416383 -0.411047 -0.422956 -0.379814 -0.503429 
2.3 -6.37169 10 -0.504109 -0.378823 -0.422947 -0.410998 -0.416581 -0.417224 -0.422287 -0.42575 -0.422287 -0.417224 -0.416581 -0.410998 -0.422947 -0.378823 -0.504109 
2.4 -6.3727 10 -0.504733 -0.377743 -0.422859 -0.410935 -0.416788 -0.41768 -0.422663 -0.4259 -0.422663 -0.41768 -0.416788 -0.410935 -0.422859 -0.377743 -0.504733 
2.5 -6.37334 10 -0.505321 -0.376631 -0.422695 -0.410867 -0.417007 -0.41815 -0.423009 -0.425982 -0.423009 -0.41815 -0.417007 -0.410867 -0.422695 -0.376631 -0.505321 
2.6 -6.37374 11 -0.505883 -0.375536 -0.422458 -0.4108 -0.417238 -0.418629 -0.423324 -0.426006 -0.423324 -0.418629 -0.417238 -0.4108 -0.422458 -0.375536 -0.505883 
2.7 -6.37398 11 -0.50642 -0.374504 -0.422147 -0.410736 -0.417482 -0.419111 -0.423606 -0.425976 -0.423606 -0.419111 -0.417482 -0.410736 -0.422147 -0.374504 -0.50642 
2.8 -6.37413 13 -0.506927 -0.37357 -0.421763 -0.410677 -0.417735 -0.419588 -0.423855 -0.425902 -0.423855 -0.419588 -0.417735 -0.410677 -0.421763 -0.37357 -0.506927 
2.9 -6.37422 13 -0.507396 -0.372764 -0.421309 -0.410625 -0.417996 -0.420055 -0.424071 -0.42579 -0.424071 -0.420055 -0.417996 -0.410625 -0.421309 -0.372764 -0.507396 
3 -6.37427 14 -0.507818 -0.372107 -0.420791 -0.410577 -0.418261 -0.420505 -0.424252 -0.425648 -0.424252 -0.420505 -0.418261 -0.410577 -0.420791 -0.372107 -0.507818 
3.1 -6.3743 15 -0.508187 -0.371613 -0.420217 -0.410534 -0.418527 -0.420931 -0.4244 -0.425483 -0.4244 -0.420931 -0.418527 -0.410534 -0.420217 -0.371613 -0.508187 
3.2 -6.37432 17 -0.508496 -0.371289 -0.419599 -0.410493 -0.418788 -0.421327 -0.424515 -0.425303 -0.424515 -0.421327 -0.418788 -0.410493 -0.419599 -0.371289 -0.508496 
3.3 -6.37433 17 -0.508743 -0.371133 -0.418953 -0.410451 -0.419041 -0.421688 -0.424599 -0.425112 -0.424599 -0.421688 -0.419041 -0.410451 -0.418953 -0.371133 -0.508743 
3.4 -6.37433 18 -0.508928 -0.371137 -0.418295 -0.410407 -0.419281 -0.422007 -0.424653 -0.424918 -0.424653 -0.422007 -0.419281 -0.410407 -0.418295 -0.371137 -0.508928 
3.5 -6.37434 19 -0.509052 -0.371289 -0.417644 -0.410359 -0.419503 -0.422282 -0.424679 -0.424723 -0.424679 -0.422282 -0.419503 -0.410359 -0.417644 -0.371289 -0.509052 
