time energy maxBondDim localEnergy 
0 -6.91174 37 -0.654357 -0.293102 -0.568737 -0.334223 -0.544405 -0.348861 -0.535766 -0.352834 -0.535766 -0.348861 -0.544405 -0.334223 -0.568737 -0.293102 -0.654357 
0 -5.69023 8 -0.417644 -0.365823 -0.375783 -0.374214 -0.374527 -0.374333 -0.374937 -0.375713 -0.374937 -0.374333 -0.374527 -0.374214 -0.375783 -0.365823 -0.417644 
0.1 -5.6904 8 -0.417644 -0.365823 -0.375783 -0.374214 -0.374527 -0.374321 -0.374979 -0.375819 -0.374979 -0.374321 -0.374527 -0.374214 -0.375783 -0.365823 -0.417644 
0.2 -5.69124 8 -0.417644 -0.365823 -0.375783 -0.374214 -0.374527 -0.37426 -0.375195 -0.376353 -0.375195 -0.37426 -0.374527 -0.374214 -0.375783 -0.365823 -0.417644 
0.3 -5.69355 8 -0.417644 -0.365823 -0.375783 -0.374214 -0.374527 -0.374067 -0.375813 -0.377811 -0.375813 -0.374067 -0.374527 -0.374214 -0.375783 -0.365823 -0.417644 
0.4 -5.69786 8 -0.417644 -0.365823 -0.375783 -0.374213 -0.374528 -0.373611 -0.377072 -0.380506 -0.377072 -0.373611 -0.374528 -0.374213 -0.375783 -0.365823 -0.417644 
0.5 -5.70379 8 -0.417644 -0.365823 -0.375784 -0.374211 -0.374531 -0.372751 -0.379057 -0.384192 -0.379057 -0.372751 -0.374531 -0.374211 -0.375783 -0.365823 -0.417644 
0.6 -5.71087 8 -0.417644 -0.365823 -0.375784 -0.374207 -0.374537 -0.371418 -0.381717 -0.38861 -0.381718 -0.371418 -0.374537 -0.374207 -0.375784 -0.365823 -0.417644 
0.7 -5.71901 8 -0.417644 -0.365823 -0.375784 -0.374197 -0.374537 -0.369676 -0.3849 -0.393894 -0.3849 -0.369676 -0.374537 -0.374197 -0.375784 -0.365823 -0.417644 
0.8 -5.72817 8 -0.417644 -0.365823 -0.375784 -0.374179 -0.374505 -0.367753 -0.388261 -0.400271 -0.388261 -0.367753 -0.374505 -0.374179 -0.375784 -0.365823 -0.417644 
0.9 -5.73786 8 -0.417644 -0.365823 -0.375784 -0.37415 -0.374367 -0.36604 -0.391243 -0.407754 -0.391243 -0.36604 -0.374367 -0.37415 -0.375784 -0.365823 -0.417644 
1 -5.74725 8 -0.417644 -0.365823 -0.375784 -0.374108 -0.374003 -0.364959 -0.39328 -0.416048 -0.39328 -0.364959 -0.374003 -0.374108 -0.375784 -0.365823 -0.417644 
1.1 -5.75598 8 -0.417644 -0.365822 -0.375783 -0.374052 -0.373285 -0.364774 -0.394302 -0.424651 -0.394302 -0.364774 -0.373285 -0.374052 -0.375783 -0.365822 -0.417644 
1.2 -5.76463 8 -0.417644 -0.365822 -0.375781 -0.373981 -0.372154 -0.365587 -0.394807 -0.433077 -0.394808 -0.365587 -0.372154 -0.373981 -0.375781 -0.365822 -0.417644 
1.3 -5.77401 8 -0.417644 -0.365821 -0.375775 -0.373885 -0.370675 -0.367341 -0.395373 -0.440984 -0.395373 -0.367341 -0.370675 -0.373885 -0.375775 -0.365821 -0.417644 
1.4 -5.78437 8 -0.417644 -0.365819 -0.375763 -0.373735 -0.369056 -0.369739 -0.396348 -0.448162 -0.396348 -0.36974 -0.369056 -0.373735 -0.375763 -0.365819 -0.417644 
1.5 -5.79522 8 -0.417644 -0.365817 -0.375743 -0.373458 -0.367641 -0.372214 -0.397847 -0.454489 -0.397847 -0.372214 -0.367641 -0.373458 -0.375743 -0.365817 -0.417644 
1.6 -5.80558 8 -0.417644 -0.365814 -0.375713 -0.37293 -0.366778 -0.374157 -0.399808 -0.459885 -0.399808 -0.374157 -0.366778 -0.37293 -0.375713 -0.365814 -0.417644 
1.7 -5.81508 8 -0.417644 -0.36581 -0.375672 -0.372034 -0.366667 -0.375469 -0.402097 -0.464296 -0.402097 -0.375469 -0.366667 -0.372034 -0.375672 -0.36581 -0.417643 
1.8 -5.82442 8 -0.417643 -0.365803 -0.375617 -0.370732 -0.367372 -0.376613 -0.40459 -0.467683 -0.40459 -0.376613 -0.367372 -0.370732 -0.375617 -0.365803 -0.417643 
1.9 -5.83441 8 -0.417642 -0.365791 -0.375536 -0.369113 -0.368783 -0.378112 -0.407212 -0.470027 -0.407212 -0.378112 -0.368783 -0.369113 -0.375536 -0.365791 -0.417642 
2 -5.84523 8 -0.417641 -0.365773 -0.375395 -0.367414 -0.370536 -0.380268 -0.409918 -0.471336 -0.409918 -0.380268 -0.370536 -0.367414 -0.375395 -0.365773 -0.417641 
2.1 -5.8563 8 -0.41764 -0.365746 -0.37511 -0.365997 -0.372005 -0.383158 -0.412674 -0.471645 -0.412674 -0.383158 -0.372005 -0.365997 -0.37511 -0.365746 -0.41764 
2.2 -5.86671 8 -0.417638 -0.36571 -0.374552 -0.365201 -0.372611 -0.386694 -0.415443 -0.471017 -0.415443 -0.386694 -0.372611 -0.365201 -0.374552 -0.36571 -0.417638 
2.3 -5.87627 8 -0.417634 -0.365663 -0.373604 -0.365211 -0.372361 -0.390716 -0.41818 -0.469538 -0.41818 -0.390716 -0.372362 -0.365211 -0.373604 -0.365663 -0.417634 
2.4 -5.8858 8 -0.417626 -0.365603 -0.372235 -0.366081 -0.371787 -0.395073 -0.420836 -0.467313 -0.420836 -0.395073 -0.371787 -0.366081 -0.372235 -0.365603 -0.417626 
2.5 -5.89607 9 -0.417614 -0.36552 -0.370547 -0.367688 -0.37142 -0.399658 -0.423359 -0.46446 -0.423359 -0.399658 -0.371421 -0.367688 -0.370547 -0.36552 -0.417614 
2.6 -5.90719 9 -0.417594 -0.365374 -0.368785 -0.369635 -0.371564 -0.404391 -0.425699 -0.461106 -0.425699 -0.404391 -0.371564 -0.369635 -0.368786 -0.365374 -0.417594 
2.7 -5.91847 10 -0.417563 -0.36508 -0.367312 -0.371266 -0.372307 -0.409201 -0.427816 -0.457381 -0.427816 -0.4092 -0.372307 -0.371266 -0.367312 -0.36508 -0.417563 
2.8 -5.92896 10 -0.417521 -0.364512 -0.366441 -0.372011 -0.373596 -0.414016 -0.429674 -0.453416 -0.429675 -0.414016 -0.373596 -0.372011 -0.366441 -0.364512 -0.417521 
2.9 -5.9386 10 -0.417466 -0.363565 -0.36633 -0.371932 -0.375328 -0.418759 -0.431252 -0.449336 -0.431253 -0.418759 -0.375329 -0.371933 -0.36633 -0.363565 -0.417465 
3 -5.94827 11 -0.417392 -0.362226 -0.367007 -0.371576 -0.377423 -0.423345 -0.432537 -0.445258 -0.432537 -0.423345 -0.377423 -0.371576 -0.367007 -0.362226 -0.417392 
3.1 -5.95871 11 -0.417286 -0.360614 -0.368309 -0.37145 -0.379837 -0.427689 -0.433524 -0.441289 -0.433525 -0.427689 -0.379838 -0.37145 -0.36831 -0.360614 -0.417285 
3.2 -5.96993 12 -0.417097 -0.358994 -0.369798 -0.371828 -0.382551 -0.431713 -0.434222 -0.437524 -0.434222 -0.431712 -0.382551 -0.371828 -0.369798 -0.358995 -0.417097 
3.3 -5.98117 13 -0.416726 -0.357738 -0.37079 -0.372776 -0.385546 -0.435345 -0.434644 -0.434042 -0.434644 -0.435345 -0.385546 -0.372776 -0.37079 -0.357738 -0.416725 
3.4 -5.99154 13 -0.416034 -0.357151 -0.370767 -0.374227 -0.388795 -0.438528 -0.434812 -0.43091 -0.434812 -0.438528 -0.388796 -0.374227 -0.370767 -0.357151 -0.416033 
3.5 -6.00112 14 -0.414914 -0.357384 -0.369872 -0.376072 -0.392259 -0.441218 -0.434754 -0.428175 -0.434754 -0.441218 -0.392259 -0.376072 -0.369872 -0.357385 -0.414914 
3.6 -6.01087 14 -0.413368 -0.358453 -0.368676 -0.378232 -0.395883 -0.443383 -0.434501 -0.425874 -0.434501 -0.443383 -0.395883 -0.378232 -0.368676 -0.358453 -0.413368 
3.7 -6.02149 15 -0.411533 -0.360166 -0.367665 -0.380667 -0.399606 -0.44501 -0.434086 -0.424026 -0.434086 -0.44501 -0.399606 -0.380667 -0.367665 -0.360166 -0.411532 
3.8 -6.033 16 -0.40968 -0.362048 -0.367091 -0.38336 -0.403363 -0.446095 -0.433544 -0.422639 -0.433544 -0.446095 -0.403362 -0.38336 -0.367091 -0.362048 -0.40968 
3.9 -6.04471 17 -0.408131 -0.363412 -0.367011 -0.386298 -0.407088 -0.446651 -0.432908 -0.421708 -0.432908 -0.446651 -0.407088 -0.386298 -0.367011 -0.363412 -0.408131 
4 -6.05586 17 -0.407072 -0.363793 -0.367364 -0.389461 -0.410719 -0.446703 -0.432211 -0.421218 -0.43221 -0.446704 -0.410719 -0.389461 -0.367364 -0.363794 -0.407072 
4.1 -6.06673 18 -0.406567 -0.363383 -0.368061 -0.392814 -0.414198 -0.446288 -0.431481 -0.421143 -0.43148 -0.446289 -0.414198 -0.392814 -0.368061 -0.363383 -0.406567 
4.2 -6.0782 18 -0.406628 -0.362715 -0.36905 -0.396311 -0.417472 -0.445451 -0.430745 -0.421452 -0.430744 -0.445452 -0.417471 -0.396312 -0.36905 -0.362715 -0.406628 
4.3 -6.09063 19 -0.407073 -0.362212 -0.370313 -0.399899 -0.420495 -0.444246 -0.430025 -0.422105 -0.430024 -0.444247 -0.420494 -0.399899 -0.370313 -0.362212 -0.407073 
4.4 -6.10317 20 -0.407319 -0.362066 -0.371852 -0.403517 -0.42323 -0.442732 -0.42934 -0.423058 -0.429339 -0.442734 -0.423229 -0.403518 -0.371852 -0.362066 -0.407319 
4.5 -6.11383 21 -0.406398 -0.362281 -0.37367 -0.407106 -0.425648 -0.440974 -0.428705 -0.424264 -0.428703 -0.440975 -0.425647 -0.407107 -0.37367 -0.362281 -0.406398 
4.6 -6.12098 22 -0.403634 -0.362757 -0.375761 -0.410607 -0.427728 -0.439035 -0.428131 -0.425673 -0.42813 -0.439037 -0.427726 -0.410607 -0.37576 -0.362757 -0.403634 
4.7 -6.12483 23 -0.399286 -0.363386 -0.378102 -0.413959 -0.429458 -0.43698 -0.427628 -0.427232 -0.427627 -0.436983 -0.429456 -0.41396 -0.378102 -0.363387 -0.399286 
4.8 -6.12663 24 -0.394082 -0.364108 -0.380661 -0.417109 -0.430836 -0.434874 -0.4272 -0.42889 -0.427199 -0.434877 -0.430835 -0.41711 -0.380661 -0.364109 -0.394082 
4.9 -6.12741 25 -0.388602 -0.364907 -0.383398 -0.420004 -0.431868 -0.432776 -0.426851 -0.430596 -0.42685 -0.432778 -0.431866 -0.420004 -0.383397 -0.364907 -0.388602 
5 -6.12772 26 -0.383176 -0.365786 -0.386268 -0.422595 -0.432565 -0.43074 -0.426581 -0.4323 -0.42658 -0.430742 -0.432564 -0.422596 -0.386267 -0.365786 -0.383176 
5.1 -6.12785 26 -0.377973 -0.36675 -0.389228 -0.424843 -0.432947 -0.428816 -0.42639 -0.433956 -0.426389 -0.428818 -0.432946 -0.424843 -0.389227 -0.366751 -0.377973 
5.2 -6.1279 28 -0.373086 -0.367798 -0.392236 -0.42671 -0.433038 -0.427046 -0.426275 -0.43552 -0.426274 -0.427047 -0.433038 -0.42671 -0.392236 -0.367799 -0.373086 
5.3 -6.12792 29 -0.368578 -0.368917 -0.395255 -0.428169 -0.432867 -0.425464 -0.426233 -0.436953 -0.426232 -0.425464 -0.432867 -0.428169 -0.395255 -0.368917 -0.368578 
5.4 -6.12792 31 -0.364502 -0.37008 -0.398249 -0.429201 -0.432464 -0.424096 -0.426259 -0.438221 -0.426259 -0.424096 -0.432465 -0.4292 -0.398249 -0.37008 -0.364502 
5.5 -6.12793 32 -0.360907 -0.37125 -0.401189 -0.429794 -0.431862 -0.422963 -0.42635 -0.439295 -0.42635 -0.422961 -0.431865 -0.429793 -0.401189 -0.37125 -0.360908 
5.6 -6.12793 34 -0.357846 -0.372377 -0.404051 -0.429947 -0.431096 -0.422073 -0.426498 -0.440152 -0.426499 -0.422071 -0.431099 -0.429945 -0.404051 -0.372377 -0.357846 
5.7 -6.12793 35 -0.355367 -0.373403 -0.406813 -0.429666 -0.430197 -0.421432 -0.426699 -0.440775 -0.426701 -0.421429 -0.430201 -0.429663 -0.406813 -0.373403 -0.355368 
5.8 -6.12793 37 -0.353524 -0.374261 -0.40946 -0.428967 -0.429195 -0.421035 -0.426946 -0.441153 -0.426948 -0.421031 -0.4292 -0.428964 -0.40946 -0.374261 -0.353524 
5.9 -6.12793 38 -0.352365 -0.374878 -0.41198 -0.427877 -0.42812 -0.420872 -0.427231 -0.441282 -0.427233 -0.420867 -0.428127 -0.427874 -0.41198 -0.374878 -0.352366 
6 -6.12793 40 -0.351939 -0.37518 -0.414364 -0.426427 -0.426998 -0.420927 -0.427547 -0.441165 -0.42755 -0.420921 -0.427005 -0.426424 -0.414363 -0.37518 -0.35194 
