time energy maxBondDim localEnergy 
0 -6.91174 37 -0.654357 -0.293102 -0.568737 -0.334223 -0.544405 -0.348861 -0.535766 -0.352834 -0.535766 -0.348861 -0.544405 -0.334223 -0.568737 -0.293102 -0.654357 
0 -4.73606 4 -0.322884 -0.314025 -0.314599 -0.314579 -0.314581 -0.314556 -0.315034 -0.315546 -0.315034 -0.314556 -0.314581 -0.314579 -0.314599 -0.314025 -0.322884 
0.1 -4.73679 4 -0.322885 -0.314025 -0.3146 -0.31458 -0.314581 -0.314548 -0.315215 -0.315919 -0.315215 -0.314548 -0.314581 -0.31458 -0.3146 -0.314025 -0.322884 
0.2 -4.7402 4 -0.322886 -0.314027 -0.314601 -0.314581 -0.314581 -0.31451 -0.316081 -0.317666 -0.316081 -0.31451 -0.314581 -0.314581 -0.314601 -0.314027 -0.322885 
0.3 -4.74901 4 -0.322888 -0.314028 -0.314603 -0.314582 -0.314578 -0.314406 -0.318387 -0.322063 -0.318387 -0.314406 -0.314578 -0.314582 -0.314603 -0.314028 -0.322886 
0.4 -4.76482 4 -0.322889 -0.314029 -0.314604 -0.314583 -0.314568 -0.314232 -0.322771 -0.329472 -0.322771 -0.314232 -0.314568 -0.314583 -0.314604 -0.314029 -0.322887 
0.5 -4.78632 4 -0.322889 -0.314029 -0.314604 -0.314581 -0.31454 -0.314162 -0.329183 -0.338344 -0.329184 -0.314162 -0.31454 -0.314581 -0.314604 -0.314029 -0.322887 
0.6 -4.8114 4 -0.322889 -0.314028 -0.314602 -0.314575 -0.314471 -0.314748 -0.336835 -0.347109 -0.336836 -0.314748 -0.314471 -0.314575 -0.314602 -0.314028 -0.322887 
0.7 -4.83861 4 -0.322887 -0.314026 -0.3146 -0.314564 -0.314346 -0.316806 -0.344276 -0.355603 -0.344277 -0.316807 -0.314346 -0.314564 -0.3146 -0.314026 -0.322886 
0.8 -4.86615 4 -0.322885 -0.314025 -0.314598 -0.314538 -0.314258 -0.320779 -0.349939 -0.364105 -0.349941 -0.32078 -0.314258 -0.314538 -0.314598 -0.314025 -0.322885 
0.9 -4.8934 4 -0.322884 -0.314025 -0.314594 -0.314481 -0.314616 -0.326352 -0.353434 -0.372624 -0.353435 -0.326353 -0.314616 -0.314481 -0.314594 -0.314025 -0.322884 
1 -4.92115 4 -0.322884 -0.314025 -0.314588 -0.314368 -0.316186 -0.332473 -0.355554 -0.380993 -0.355555 -0.332474 -0.316187 -0.314368 -0.314588 -0.314025 -0.322884 
1.1 -4.94914 4 -0.322885 -0.314026 -0.314572 -0.314234 -0.319594 -0.337567 -0.357168 -0.389048 -0.357169 -0.337568 -0.319595 -0.314234 -0.314572 -0.314026 -0.322885 
1.2 -4.97665 5 -0.322887 -0.314025 -0.314531 -0.314359 -0.32476 -0.340717 -0.358718 -0.396657 -0.358718 -0.340718 -0.324761 -0.314359 -0.314531 -0.314025 -0.322886 
1.3 -5.00438 5 -0.322888 -0.31402 -0.314438 -0.315414 -0.330858 -0.342357 -0.360361 -0.403704 -0.360362 -0.342358 -0.330859 -0.315414 -0.314438 -0.31402 -0.322886 
1.4 -5.03257 6 -0.322888 -0.314007 -0.314296 -0.318152 -0.336368 -0.343366 -0.362164 -0.410088 -0.362164 -0.343367 -0.336369 -0.318152 -0.314296 -0.314007 -0.322886 
1.5 -5.06033 7 -0.322886 -0.313973 -0.314278 -0.32275 -0.339954 -0.344292 -0.364167 -0.415725 -0.364167 -0.344293 -0.339955 -0.322751 -0.314278 -0.313973 -0.322884 
1.6 -5.08792 8 -0.322881 -0.313898 -0.314928 -0.328629 -0.34162 -0.345334 -0.366392 -0.420555 -0.366393 -0.345335 -0.341621 -0.32863 -0.314928 -0.313898 -0.32288 
1.7 -5.11607 8 -0.32287 -0.313765 -0.317047 -0.334466 -0.342219 -0.346556 -0.368842 -0.42454 -0.368842 -0.346557 -0.34222 -0.334467 -0.317047 -0.313765 -0.322869 
1.8 -5.14406 8 -0.322846 -0.313668 -0.321055 -0.338695 -0.342442 -0.347989 -0.371498 -0.427671 -0.371498 -0.34799 -0.342443 -0.338696 -0.321056 -0.313668 -0.322846 
1.9 -5.17162 8 -0.322792 -0.31401 -0.326618 -0.340833 -0.34259 -0.349653 -0.374332 -0.429961 -0.374332 -0.349654 -0.342591 -0.340834 -0.326619 -0.314011 -0.322792 
2 -5.19964 8 -0.322687 -0.315557 -0.332653 -0.341578 -0.342768 -0.351553 -0.3773 -0.431448 -0.3773 -0.351553 -0.342769 -0.341579 -0.332654 -0.315558 -0.322687 
2.1 -5.22788 8 -0.322577 -0.318928 -0.33754 -0.341734 -0.34303 -0.353682 -0.380351 -0.43219 -0.380352 -0.353682 -0.343032 -0.341735 -0.337541 -0.318929 -0.322577 
2.2 -5.25567 9 -0.322763 -0.324037 -0.340316 -0.341709 -0.343422 -0.356026 -0.38343 -0.432262 -0.38343 -0.356026 -0.343424 -0.34171 -0.340317 -0.324038 -0.322762 
2.3 -5.28384 10 -0.323948 -0.330046 -0.341388 -0.341643 -0.343979 -0.358565 -0.386475 -0.431753 -0.386476 -0.358564 -0.34398 -0.341644 -0.341389 -0.330047 -0.323946 
2.4 -5.31268 10 -0.326902 -0.33542 -0.341624 -0.34159 -0.344723 -0.36127 -0.389428 -0.43076 -0.389429 -0.361269 -0.344725 -0.341591 -0.341624 -0.335422 -0.3269 
2.5 -5.34087 11 -0.331771 -0.338801 -0.341562 -0.341589 -0.345673 -0.364111 -0.392235 -0.429384 -0.392236 -0.364109 -0.345675 -0.34159 -0.341562 -0.338802 -0.33177 
2.6 -5.36747 12 -0.337907 -0.340157 -0.341399 -0.341671 -0.346837 -0.367052 -0.394846 -0.427728 -0.394848 -0.36705 -0.346839 -0.341673 -0.341399 -0.340158 -0.337907 
2.7 -5.39108 13 -0.343747 -0.340299 -0.341195 -0.341857 -0.34822 -0.370055 -0.397221 -0.425888 -0.397224 -0.370053 -0.348222 -0.341858 -0.341195 -0.3403 -0.343747 
2.8 -5.40896 13 -0.34725 -0.339875 -0.340981 -0.34216 -0.349819 -0.373083 -0.399331 -0.423954 -0.399334 -0.373081 -0.34982 -0.342162 -0.340981 -0.339877 -0.34725 
2.9 -5.41996 14 -0.347581 -0.339153 -0.340774 -0.34259 -0.351624 -0.376096 -0.401156 -0.422005 -0.401158 -0.376093 -0.351626 -0.342592 -0.340774 -0.339154 -0.347581 
3 -5.42567 15 -0.345468 -0.338215 -0.34058 -0.343151 -0.353624 -0.379057 -0.402686 -0.420106 -0.402689 -0.379054 -0.353625 -0.343154 -0.340579 -0.338217 -0.345469 
3.1 -5.42834 15 -0.342 -0.337114 -0.340396 -0.343847 -0.355799 -0.381929 -0.403926 -0.418311 -0.403929 -0.381926 -0.3558 -0.34385 -0.340394 -0.337116 -0.342001 
3.2 -5.4295 17 -0.337931 -0.335904 -0.340214 -0.344676 -0.358128 -0.384679 -0.404886 -0.416657 -0.40489 -0.384676 -0.358128 -0.34468 -0.340212 -0.335905 -0.337932 
3.3 -5.42998 17 -0.333651 -0.334642 -0.340025 -0.345636 -0.360583 -0.387276 -0.405588 -0.415168 -0.405592 -0.387274 -0.360583 -0.345639 -0.340023 -0.334644 -0.333652 
3.4 -5.43017 18 -0.329335 -0.333386 -0.339821 -0.34672 -0.363137 -0.389697 -0.406059 -0.413857 -0.406063 -0.389694 -0.363136 -0.346724 -0.339819 -0.333387 -0.329336 
3.5 -5.43025 19 -0.325047 -0.332186 -0.339597 -0.347923 -0.365756 -0.391918 -0.406332 -0.412723 -0.406336 -0.391915 -0.365756 -0.347927 -0.339595 -0.332187 -0.325048 
3.6 -5.43028 20 -0.32081 -0.331084 -0.339352 -0.349234 -0.368409 -0.393925 -0.406442 -0.411758 -0.406445 -0.393923 -0.368408 -0.349238 -0.33935 -0.331085 -0.320812 
3.7 -5.43029 21 -0.316631 -0.330114 -0.339089 -0.350644 -0.371059 -0.395706 -0.406425 -0.410947 -0.406428 -0.395705 -0.371058 -0.350647 -0.339088 -0.330114 -0.316633 
3.8 -5.43029 22 -0.312511 -0.329295 -0.338818 -0.352137 -0.373673 -0.397259 -0.406317 -0.410268 -0.406319 -0.397258 -0.373672 -0.35214 -0.338817 -0.329295 -0.312514 
3.9 -5.43029 23 -0.308458 -0.328635 -0.338555 -0.353698 -0.376215 -0.398583 -0.40615 -0.4097 -0.406152 -0.398583 -0.376214 -0.3537 -0.338555 -0.328634 -0.30846 
4 -5.43029 25 -0.304481 -0.328132 -0.338322 -0.355309 -0.378652 -0.399685 -0.405954 -0.40922 -0.405956 -0.399685 -0.378651 -0.355311 -0.338323 -0.32813 -0.304483 
4.1 -5.43029 26 -0.300594 -0.327772 -0.338143 -0.35695 -0.380954 -0.400575 -0.405753 -0.408806 -0.405754 -0.400576 -0.380952 -0.356951 -0.338145 -0.32777 -0.300597 
4.2 -5.43029 28 -0.296819 -0.327533 -0.338048 -0.358599 -0.383092 -0.401269 -0.405566 -0.408439 -0.405566 -0.401271 -0.38309 -0.358598 -0.338052 -0.32753 -0.296822 
