time energy maxBondDim localEnergy 
0 -6.91174 37 -0.654357 -0.293102 -0.568737 -0.334223 -0.544405 -0.348861 -0.535766 -0.352834 -0.535766 -0.348861 -0.544405 -0.334223 -0.568737 -0.293102 -0.654357 
0 -5.69024 8 -0.417644 -0.365823 -0.375783 -0.374214 -0.374526 -0.374335 -0.374939 -0.375712 -0.374939 -0.374335 -0.374526 -0.374214 -0.375783 -0.365823 -0.417644 
0.01 -5.69024 8 -0.417644 -0.365823 -0.375783 -0.374214 -0.374526 -0.374335 -0.37494 -0.375712 -0.37494 -0.374335 -0.374526 -0.374214 -0.375783 -0.365823 -0.417644 
0.02 -5.69024 8 -0.417644 -0.365823 -0.375783 -0.374214 -0.374526 -0.374335 -0.37494 -0.375712 -0.37494 -0.374335 -0.374526 -0.374214 -0.375783 -0.365823 -0.417644 
0.03 -5.69024 8 -0.417644 -0.365823 -0.375783 -0.374214 -0.374526 -0.374335 -0.37494 -0.375713 -0.37494 -0.374335 -0.374526 -0.374214 -0.375783 -0.365823 -0.417644 
0.04 -5.69025 8 -0.417644 -0.365823 -0.375783 -0.374214 -0.374526 -0.374335 -0.37494 -0.375714 -0.37494 -0.374335 -0.374526 -0.374214 -0.375783 -0.365823 -0.417644 
0.05 -5.69025 8 -0.417644 -0.365823 -0.375783 -0.374214 -0.374526 -0.374335 -0.374941 -0.375716 -0.374941 -0.374335 -0.374526 -0.374214 -0.375783 -0.365823 -0.417644 
0.06 -5.69025 8 -0.417644 -0.365823 -0.375783 -0.374214 -0.374526 -0.374334 -0.374942 -0.375718 -0.374942 -0.374334 -0.374526 -0.374214 -0.375783 -0.365823 -0.417644 
0.07 -5.69026 8 -0.417644 -0.365823 -0.375783 -0.374214 -0.374526 -0.374334 -0.374944 -0.375722 -0.374944 -0.374334 -0.374526 -0.374214 -0.375783 -0.365823 -0.417644 
0.08 -5.69027 8 -0.417644 -0.365823 -0.375783 -0.374214 -0.374526 -0.374333 -0.374946 -0.375728 -0.374946 -0.374333 -0.374526 -0.374214 -0.375783 -0.365823 -0.417644 
0.09 -5.69028 8 -0.417644 -0.365823 -0.375783 -0.374214 -0.374526 -0.374333 -0.374949 -0.375735 -0.374949 -0.374333 -0.374526 -0.374214 -0.375783 -0.365823 -0.417644 
0.1 -5.69029 8 -0.417644 -0.365823 -0.375783 -0.374214 -0.374526 -0.374332 -0.374952 -0.375744 -0.374952 -0.374332 -0.374526 -0.374214 -0.375783 -0.365823 -0.417644 
0.11 -5.69031 8 -0.417643 -0.365823 -0.375783 -0.374214 -0.374526 -0.37433 -0.374957 -0.375755 -0.374957 -0.37433 -0.374526 -0.374214 -0.375783 -0.365823 -0.417644 
0.12 -5.69033 8 -0.417643 -0.365823 -0.375783 -0.374214 -0.374526 -0.374329 -0.374962 -0.375769 -0.374962 -0.374329 -0.374526 -0.374214 -0.375783 -0.365823 -0.417644 
0.13 -5.69036 8 -0.417643 -0.365823 -0.375783 -0.374214 -0.374526 -0.374327 -0.374969 -0.375786 -0.374969 -0.374327 -0.374526 -0.374214 -0.375783 -0.365823 -0.417644 
0.14 -5.69039 8 -0.417643 -0.365823 -0.375783 -0.374214 -0.374526 -0.374325 -0.374977 -0.375805 -0.374977 -0.374325 -0.374526 -0.374214 -0.375783 -0.365823 -0.417644 
0.15 -5.69043 8 -0.417643 -0.365823 -0.375783 -0.374214 -0.374526 -0.374322 -0.374986 -0.375829 -0.374986 -0.374322 -0.374526 -0.374214 -0.375783 -0.365823 -0.417644 
0.16 -5.69047 8 -0.417643 -0.365823 -0.375783 -0.374214 -0.374526 -0.374319 -0.374998 -0.375857 -0.374998 -0.374319 -0.374526 -0.374214 -0.375783 -0.365823 -0.417644 
0.17 -5.69052 8 -0.417643 -0.365823 -0.375783 -0.374214 -0.374526 -0.374316 -0.375011 -0.375889 -0.375011 -0.374316 -0.374526 -0.374214 -0.375783 -0.365823 -0.417644 
0.18 -5.69058 8 -0.417643 -0.365823 -0.375783 -0.374214 -0.374526 -0.374312 -0.375026 -0.375926 -0.375026 -0.374312 -0.374526 -0.374214 -0.375783 -0.365823 -0.417644 
0.19 -5.69065 8 -0.417643 -0.365823 -0.375783 -0.374214 -0.374526 -0.374307 -0.375043 -0.375969 -0.375043 -0.374307 -0.374526 -0.374214 -0.375783 -0.365823 -0.417644 
0.2 -5.69072 8 -0.417643 -0.365823 -0.375783 -0.374214 -0.374526 -0.374301 -0.375063 -0.376017 -0.375063 -0.374301 -0.374526 -0.374214 -0.375783 -0.365823 -0.417644 
0.21 -5.69081 8 -0.417643 -0.365823 -0.375783 -0.374214 -0.374526 -0.374295 -0.375085 -0.376072 -0.375085 -0.374295 -0.374526 -0.374214 -0.375783 -0.365823 -0.417644 
0.22 -5.69091 8 -0.417643 -0.365823 -0.375783 -0.374214 -0.374526 -0.374288 -0.375111 -0.376134 -0.37511 -0.374288 -0.374526 -0.374214 -0.375783 -0.365823 -0.417644 
0.23 -5.69102 8 -0.417643 -0.365823 -0.375783 -0.374214 -0.374526 -0.374279 -0.375139 -0.376204 -0.375139 -0.374279 -0.374526 -0.374214 -0.375783 -0.365823 -0.417644 
0.24 -5.69114 8 -0.417643 -0.365823 -0.375783 -0.374214 -0.374525 -0.37427 -0.375171 -0.376282 -0.375171 -0.37427 -0.374525 -0.374214 -0.375783 -0.365822 -0.417644 
0.25 -5.69128 8 -0.417643 -0.365823 -0.375783 -0.374214 -0.374525 -0.37426 -0.375207 -0.376368 -0.375207 -0.37426 -0.374525 -0.374214 -0.375783 -0.365822 -0.417644 
0.26 -5.69143 8 -0.417643 -0.365823 -0.375783 -0.374214 -0.374525 -0.374248 -0.375247 -0.376464 -0.375247 -0.374248 -0.374525 -0.374214 -0.375783 -0.365822 -0.417644 
0.27 -5.6916 8 -0.417643 -0.365823 -0.375783 -0.374214 -0.374525 -0.374235 -0.375291 -0.376569 -0.375291 -0.374235 -0.374525 -0.374214 -0.375783 -0.365822 -0.417644 
0.28 -5.69178 8 -0.417643 -0.365823 -0.375783 -0.374214 -0.374525 -0.374221 -0.37534 -0.376685 -0.37534 -0.374221 -0.374525 -0.374214 -0.375783 -0.365822 -0.417644 
0.29 -5.69198 8 -0.417642 -0.365823 -0.375783 -0.374214 -0.374525 -0.374205 -0.375393 -0.376811 -0.375393 -0.374205 -0.374525 -0.374214 -0.375783 -0.365822 -0.417644 
0.3 -5.6922 8 -0.417642 -0.365823 -0.375783 -0.374214 -0.374525 -0.374187 -0.375452 -0.376948 -0.375452 -0.374187 -0.374525 -0.374214 -0.375783 -0.365822 -0.417644 
0.31 -5.69244 8 -0.417642 -0.365823 -0.375783 -0.374214 -0.374525 -0.374167 -0.375516 -0.377097 -0.375516 -0.374167 -0.374525 -0.374214 -0.375783 -0.365822 -0.417644 
0.32 -5.69269 8 -0.417642 -0.365823 -0.375783 -0.374214 -0.374525 -0.374145 -0.375586 -0.377258 -0.375586 -0.374146 -0.374525 -0.374214 -0.375783 -0.365822 -0.417644 
0.33 -5.69297 8 -0.417642 -0.365822 -0.375783 -0.374214 -0.374525 -0.374122 -0.375662 -0.377431 -0.375662 -0.374122 -0.374525 -0.374214 -0.375783 -0.365822 -0.417644 
0.34 -5.69327 8 -0.417642 -0.365822 -0.375783 -0.374213 -0.374524 -0.374095 -0.375744 -0.377617 -0.375744 -0.374096 -0.374524 -0.374213 -0.375783 -0.365822 -0.417644 
0.35 -5.69358 8 -0.417642 -0.365822 -0.375783 -0.374213 -0.374524 -0.374067 -0.375832 -0.377815 -0.375832 -0.374067 -0.374524 -0.374213 -0.375783 -0.365822 -0.417644 
0.36 -5.69392 8 -0.417642 -0.365822 -0.375783 -0.374213 -0.374524 -0.374036 -0.375927 -0.378026 -0.375927 -0.374036 -0.374524 -0.374213 -0.375783 -0.365822 -0.417644 
0.37 -5.69428 8 -0.417642 -0.365822 -0.375783 -0.374213 -0.374524 -0.374002 -0.376029 -0.378249 -0.376028 -0.374002 -0.374524 -0.374213 -0.375783 -0.365822 -0.417644 
0.38 -5.69466 8 -0.417642 -0.365822 -0.375783 -0.374213 -0.374524 -0.373965 -0.376137 -0.378485 -0.376137 -0.373965 -0.374524 -0.374213 -0.375783 -0.365822 -0.417644 
0.39 -5.69506 8 -0.417642 -0.365822 -0.375783 -0.374213 -0.374524 -0.373925 -0.376253 -0.378734 -0.376253 -0.373925 -0.374524 -0.374213 -0.375783 -0.365822 -0.417644 
0.4 -5.69548 8 -0.417641 -0.365822 -0.375782 -0.374213 -0.374523 -0.373882 -0.376376 -0.378994 -0.376376 -0.373882 -0.374523 -0.374213 -0.375782 -0.365822 -0.417644 
0.41 -5.69592 8 -0.417641 -0.365822 -0.375782 -0.374213 -0.374523 -0.373835 -0.376507 -0.379267 -0.376507 -0.373835 -0.374523 -0.374213 -0.375782 -0.365822 -0.417644 
0.42 -5.69638 8 -0.417641 -0.365822 -0.375782 -0.374213 -0.374523 -0.373785 -0.376645 -0.379551 -0.376644 -0.373785 -0.374523 -0.374213 -0.375782 -0.365822 -0.417644 
0.43 -5.69685 8 -0.417641 -0.365822 -0.375782 -0.374213 -0.374523 -0.373732 -0.37679 -0.379847 -0.37679 -0.373732 -0.374523 -0.374213 -0.375782 -0.365822 -0.417644 
0.44 -5.69735 8 -0.417641 -0.365822 -0.375782 -0.374212 -0.374523 -0.373675 -0.376943 -0.380154 -0.376943 -0.373675 -0.374523 -0.374212 -0.375782 -0.365822 -0.417644 
0.45 -5.69787 8 -0.417641 -0.365822 -0.375782 -0.374212 -0.374522 -0.373613 -0.377103 -0.380471 -0.377103 -0.373613 -0.374522 -0.374212 -0.375782 -0.365821 -0.417644 
0.46 -5.6984 8 -0.417641 -0.365822 -0.375782 -0.374212 -0.374522 -0.373548 -0.377271 -0.380798 -0.377271 -0.373548 -0.374522 -0.374212 -0.375782 -0.365821 -0.417644 
0.47 -5.69895 8 -0.417641 -0.365822 -0.375782 -0.374212 -0.374522 -0.373479 -0.377447 -0.381134 -0.377447 -0.373479 -0.374522 -0.374212 -0.375782 -0.365821 -0.417644 
0.48 -5.69951 8 -0.417641 -0.365822 -0.375782 -0.374212 -0.374521 -0.373405 -0.37763 -0.38148 -0.37763 -0.373405 -0.374521 -0.374212 -0.375782 -0.365821 -0.417644 
0.49 -5.70009 8 -0.417641 -0.365822 -0.375782 -0.374212 -0.374521 -0.373328 -0.377821 -0.381835 -0.37782 -0.373328 -0.374521 -0.374212 -0.375782 -0.365821 -0.417644 
0.5 -5.70068 8 -0.41764 -0.365822 -0.375782 -0.374211 -0.37452 -0.373246 -0.378019 -0.382198 -0.378018 -0.373246 -0.37452 -0.374211 -0.375782 -0.365821 -0.417644 
0.51 -5.70129 8 -0.41764 -0.365822 -0.375782 -0.374211 -0.37452 -0.373159 -0.378224 -0.382569 -0.378224 -0.373159 -0.37452 -0.374211 -0.375782 -0.365821 -0.417644 
0.52 -5.70191 8 -0.41764 -0.365822 -0.375782 -0.374211 -0.374519 -0.373068 -0.378437 -0.382948 -0.378436 -0.373068 -0.374519 -0.374211 -0.375782 -0.365821 -0.417644 
0.53 -5.70254 8 -0.41764 -0.365822 -0.375782 -0.37421 -0.374519 -0.372973 -0.378656 -0.383334 -0.378656 -0.372973 -0.374519 -0.37421 -0.375782 -0.365821 -0.417644 
0.54 -5.70319 8 -0.41764 -0.365822 -0.375782 -0.37421 -0.374518 -0.372874 -0.378883 -0.383728 -0.378883 -0.372874 -0.374518 -0.37421 -0.375782 -0.365821 -0.417644 
0.55 -5.70385 8 -0.41764 -0.365822 -0.375782 -0.37421 -0.374517 -0.37277 -0.379117 -0.384129 -0.379117 -0.37277 -0.374517 -0.37421 -0.375782 -0.365821 -0.417644 
0.56 -5.70452 8 -0.41764 -0.365822 -0.375782 -0.374209 -0.374517 -0.372661 -0.379358 -0.384537 -0.379357 -0.372661 -0.374517 -0.374209 -0.375782 -0.365821 -0.417644 
0.57 -5.7052 8 -0.41764 -0.365822 -0.375782 -0.374209 -0.374516 -0.372549 -0.379605 -0.384952 -0.379605 -0.372549 -0.374516 -0.374209 -0.375782 -0.365821 -0.417644 
0.58 -5.70589 8 -0.41764 -0.365822 -0.375782 -0.374209 -0.374515 -0.372432 -0.379859 -0.385374 -0.379858 -0.372432 -0.374515 -0.374209 -0.375782 -0.365821 -0.417644 
0.59 -5.7066 8 -0.417639 -0.365822 -0.375782 -0.374208 -0.374513 -0.372311 -0.380119 -0.385803 -0.380119 -0.372311 -0.374513 -0.374208 -0.375782 -0.365821 -0.417644 
0.6 -5.70731 8 -0.417639 -0.365822 -0.375782 -0.374208 -0.374512 -0.372186 -0.380386 -0.38624 -0.380385 -0.372186 -0.374512 -0.374208 -0.375782 -0.365821 -0.417644 
0.61 -5.70804 8 -0.417639 -0.365822 -0.375782 -0.374207 -0.37451 -0.372057 -0.380658 -0.386683 -0.380657 -0.372057 -0.37451 -0.374207 -0.375782 -0.365821 -0.417644 
0.62 -5.70877 8 -0.417639 -0.365822 -0.375782 -0.374206 -0.374509 -0.371925 -0.380936 -0.387135 -0.380936 -0.371925 -0.374509 -0.374206 -0.375782 -0.365821 -0.417644 
0.63 -5.70952 8 -0.417639 -0.365822 -0.375782 -0.374206 -0.374507 -0.371789 -0.38122 -0.387593 -0.381219 -0.371789 -0.374507 -0.374206 -0.375782 -0.365821 -0.417644 
0.64 -5.71028 8 -0.417639 -0.365822 -0.375782 -0.374205 -0.374504 -0.371649 -0.381509 -0.38806 -0.381508 -0.371649 -0.374504 -0.374205 -0.375782 -0.365821 -0.417644 
0.65 -5.71105 8 -0.417639 -0.365822 -0.375782 -0.374204 -0.374502 -0.371506 -0.381802 -0.388534 -0.381802 -0.371507 -0.374502 -0.374204 -0.375782 -0.36582 -0.417644 
0.66 -5.71183 8 -0.417639 -0.365822 -0.375781 -0.374204 -0.374499 -0.371361 -0.382101 -0.389017 -0.3821 -0.371361 -0.374499 -0.374204 -0.375782 -0.36582 -0.417644 
0.67 -5.71262 8 -0.417639 -0.365822 -0.375781 -0.374203 -0.374495 -0.371213 -0.382403 -0.389508 -0.382403 -0.371213 -0.374495 -0.374203 -0.375782 -0.36582 -0.417644 
0.68 -5.71343 8 -0.417638 -0.365822 -0.375781 -0.374202 -0.374492 -0.371062 -0.38271 -0.390008 -0.382709 -0.371062 -0.374492 -0.374202 -0.375782 -0.36582 -0.417644 
0.69 -5.71424 8 -0.417638 -0.365822 -0.375781 -0.374201 -0.374487 -0.37091 -0.38302 -0.390516 -0.383019 -0.37091 -0.374487 -0.374201 -0.375781 -0.36582 -0.417644 
0.7 -5.71506 8 -0.417638 -0.365822 -0.375781 -0.3742 -0.374483 -0.370755 -0.383333 -0.391033 -0.383332 -0.370755 -0.374483 -0.3742 -0.375781 -0.36582 -0.417644 
0.71 -5.71589 8 -0.417638 -0.365822 -0.375781 -0.374199 -0.374477 -0.370599 -0.383648 -0.391559 -0.383647 -0.3706 -0.374477 -0.374199 -0.375781 -0.36582 -0.417644 
0.72 -5.71673 8 -0.417638 -0.365822 -0.375781 -0.374198 -0.374471 -0.370443 -0.383966 -0.392094 -0.383965 -0.370443 -0.374471 -0.374198 -0.375781 -0.36582 -0.417644 
0.73 -5.71759 8 -0.417638 -0.365822 -0.375781 -0.374197 -0.374464 -0.370285 -0.384285 -0.392639 -0.384284 -0.370285 -0.374464 -0.374197 -0.375781 -0.36582 -0.417644 
0.74 -5.71845 8 -0.417638 -0.365822 -0.375781 -0.374195 -0.374457 -0.370127 -0.384605 -0.393193 -0.384604 -0.370127 -0.374457 -0.374195 -0.375781 -0.36582 -0.417644 
0.75 -5.71932 8 -0.417638 -0.365822 -0.375781 -0.374194 -0.374448 -0.36997 -0.384926 -0.393756 -0.384925 -0.36997 -0.374448 -0.374194 -0.375781 -0.36582 -0.417644 
0.76 -5.72019 8 -0.417638 -0.365822 -0.375781 -0.374192 -0.374439 -0.369813 -0.385246 -0.394328 -0.385245 -0.369813 -0.374439 -0.374192 -0.375781 -0.36582 -0.417644 
0.77 -5.72108 8 -0.417638 -0.365822 -0.375781 -0.374191 -0.374428 -0.369657 -0.385566 -0.39491 -0.385564 -0.369657 -0.374428 -0.374191 -0.375781 -0.36582 -0.417644 
0.78 -5.72197 8 -0.417637 -0.365822 -0.375781 -0.374189 -0.374417 -0.369502 -0.385884 -0.395502 -0.385883 -0.369502 -0.374417 -0.374189 -0.375781 -0.36582 -0.417644 
0.79 -5.72287 8 -0.417637 -0.365822 -0.375781 -0.374188 -0.374404 -0.369349 -0.3862 -0.396102 -0.386199 -0.369349 -0.374404 -0.374188 -0.375781 -0.36582 -0.417644 
0.8 -5.72377 8 -0.417637 -0.365822 -0.375781 -0.374186 -0.374389 -0.369199 -0.386514 -0.396712 -0.386512 -0.369199 -0.374389 -0.374186 -0.375781 -0.36582 -0.417644 
0.81 -5.72468 8 -0.417637 -0.365822 -0.375781 -0.374184 -0.374373 -0.369051 -0.386824 -0.397331 -0.386822 -0.369052 -0.374373 -0.374184 -0.375781 -0.36582 -0.417644 
0.82 -5.72559 8 -0.417637 -0.365822 -0.375781 -0.374182 -0.374356 -0.368907 -0.38713 -0.397958 -0.387128 -0.368907 -0.374356 -0.374182 -0.375781 -0.36582 -0.417644 
0.83 -5.72651 8 -0.417637 -0.365822 -0.375781 -0.37418 -0.374336 -0.368767 -0.387431 -0.398595 -0.38743 -0.368767 -0.374336 -0.37418 -0.375781 -0.36582 -0.417644 
0.84 -5.72742 8 -0.417637 -0.365822 -0.375781 -0.374178 -0.374315 -0.36863 -0.387728 -0.399239 -0.387726 -0.36863 -0.374315 -0.374178 -0.375781 -0.36582 -0.417644 
0.85 -5.72834 8 -0.417637 -0.365822 -0.375781 -0.374175 -0.374292 -0.368498 -0.388018 -0.399892 -0.388017 -0.368499 -0.374292 -0.374175 -0.375781 -0.36582 -0.417644 
0.86 -5.72926 8 -0.417637 -0.365822 -0.375781 -0.374173 -0.374266 -0.368372 -0.388302 -0.400553 -0.388301 -0.368372 -0.374266 -0.374173 -0.375781 -0.36582 -0.417644 
0.87 -5.73018 8 -0.417637 -0.365822 -0.375781 -0.37417 -0.374238 -0.36825 -0.388579 -0.401221 -0.388578 -0.368251 -0.374238 -0.37417 -0.375781 -0.36582 -0.417644 
0.88 -5.7311 8 -0.417637 -0.365822 -0.375781 -0.374168 -0.374208 -0.368135 -0.388849 -0.401896 -0.388847 -0.368135 -0.374208 -0.374168 -0.375781 -0.36582 -0.417644 
0.89 -5.73201 8 -0.417637 -0.365822 -0.375781 -0.374165 -0.374175 -0.368025 -0.389111 -0.402578 -0.389109 -0.368026 -0.374175 -0.374165 -0.375781 -0.36582 -0.417644 
0.9 -5.73293 8 -0.417636 -0.365822 -0.375781 -0.374162 -0.37414 -0.367923 -0.389365 -0.403267 -0.389363 -0.367923 -0.37414 -0.374162 -0.375781 -0.36582 -0.417644 
0.91 -5.73384 8 -0.417636 -0.365822 -0.375781 -0.374159 -0.374101 -0.367827 -0.38961 -0.403961 -0.389609 -0.367827 -0.374101 -0.374159 -0.375781 -0.36582 -0.417644 
0.92 -5.73474 8 -0.417636 -0.365822 -0.375781 -0.374156 -0.37406 -0.367738 -0.389847 -0.404661 -0.389845 -0.367738 -0.37406 -0.374156 -0.375781 -0.36582 -0.417644 
0.93 -5.73564 8 -0.417636 -0.365822 -0.375781 -0.374152 -0.374016 -0.367656 -0.390075 -0.405366 -0.390073 -0.367656 -0.374015 -0.374152 -0.375781 -0.36582 -0.417644 
0.94 -5.73654 8 -0.417636 -0.365822 -0.37578 -0.374149 -0.373968 -0.367582 -0.390294 -0.406075 -0.390292 -0.367582 -0.373968 -0.374149 -0.375781 -0.36582 -0.417644 
0.95 -5.73743 8 -0.417636 -0.365822 -0.37578 -0.374145 -0.373917 -0.367516 -0.390504 -0.406789 -0.390503 -0.367516 -0.373917 -0.374145 -0.375781 -0.36582 -0.417644 
0.96 -5.73832 8 -0.417636 -0.365822 -0.37578 -0.374141 -0.373862 -0.367458 -0.390706 -0.407507 -0.390704 -0.367458 -0.373862 -0.374141 -0.375781 -0.36582 -0.417644 
0.97 -5.7392 8 -0.417636 -0.365822 -0.37578 -0.374138 -0.373804 -0.367408 -0.390899 -0.408227 -0.390897 -0.367408 -0.373804 -0.374138 -0.37578 -0.36582 -0.417644 
0.98 -5.74008 8 -0.417636 -0.365822 -0.37578 -0.374133 -0.373742 -0.367366 -0.391083 -0.408951 -0.391081 -0.367366 -0.373742 -0.374133 -0.37578 -0.36582 -0.417644 
0.99 -5.74095 8 -0.417636 -0.365822 -0.37578 -0.374129 -0.373677 -0.367333 -0.391259 -0.409677 -0.391257 -0.367333 -0.373677 -0.374129 -0.37578 -0.36582 -0.417644 
1 -5.74182 8 -0.417636 -0.365822 -0.37578 -0.374125 -0.373608 -0.367309 -0.391427 -0.410405 -0.391425 -0.367309 -0.373608 -0.374125 -0.37578 -0.36582 -0.417644 
1.01 -5.74268 8 -0.417636 -0.365822 -0.37578 -0.37412 -0.373535 -0.367293 -0.391588 -0.411134 -0.391586 -0.367293 -0.373535 -0.37412 -0.37578 -0.36582 -0.417644 
1.02 -5.74355 8 -0.417636 -0.365822 -0.37578 -0.374115 -0.373458 -0.367287 -0.391741 -0.411864 -0.391739 -0.367287 -0.373458 -0.374115 -0.37578 -0.36582 -0.417644 
1.03 -5.7444 8 -0.417636 -0.365822 -0.375779 -0.37411 -0.373378 -0.367289 -0.391888 -0.412595 -0.391886 -0.367289 -0.373378 -0.37411 -0.37578 -0.365819 -0.417644 
1.04 -5.74526 8 -0.417636 -0.365822 -0.375779 -0.374105 -0.373294 -0.3673 -0.392029 -0.413326 -0.392027 -0.3673 -0.373294 -0.374105 -0.375779 -0.365819 -0.417644 
1.05 -5.74611 8 -0.417636 -0.365822 -0.375779 -0.374099 -0.373205 -0.36732 -0.392164 -0.414057 -0.392162 -0.36732 -0.373205 -0.374099 -0.375779 -0.365819 -0.417644 
1.06 -5.74696 8 -0.417636 -0.365822 -0.375779 -0.374093 -0.373114 -0.367349 -0.392294 -0.414788 -0.392292 -0.367349 -0.373114 -0.374093 -0.375779 -0.365819 -0.417644 
1.07 -5.74782 8 -0.417636 -0.365822 -0.375778 -0.374087 -0.373018 -0.367387 -0.39242 -0.415518 -0.392418 -0.367387 -0.373018 -0.374087 -0.375779 -0.365819 -0.417644 
1.08 -5.74867 8 -0.417636 -0.365822 -0.375778 -0.374081 -0.372919 -0.367434 -0.392541 -0.416246 -0.392539 -0.367434 -0.372919 -0.374081 -0.375779 -0.365819 -0.417644 
1.09 -5.74953 8 -0.417636 -0.365822 -0.375778 -0.374074 -0.372816 -0.36749 -0.392659 -0.416973 -0.392657 -0.36749 -0.372816 -0.374074 -0.375778 -0.365819 -0.417644 
1.1 -5.75038 8 -0.417636 -0.365822 -0.375778 -0.374067 -0.372709 -0.367555 -0.392775 -0.417698 -0.392773 -0.367555 -0.372709 -0.374067 -0.375778 -0.365819 -0.417644 
1.11 -5.75125 8 -0.417636 -0.365822 -0.375777 -0.37406 -0.3726 -0.367629 -0.392887 -0.418421 -0.392885 -0.367629 -0.3726 -0.37406 -0.375778 -0.365819 -0.417644 
1.12 -5.75211 8 -0.417635 -0.365822 -0.375777 -0.374052 -0.372487 -0.367711 -0.392998 -0.419141 -0.392996 -0.367711 -0.372487 -0.374052 -0.375777 -0.365819 -0.417644 
1.13 -5.75298 8 -0.417635 -0.365822 -0.375776 -0.374044 -0.372371 -0.367802 -0.393108 -0.419859 -0.393106 -0.367802 -0.372371 -0.374044 -0.375777 -0.365819 -0.417644 
1.14 -5.75385 8 -0.417635 -0.365822 -0.375776 -0.374035 -0.372252 -0.367901 -0.393217 -0.420574 -0.393215 -0.367901 -0.372252 -0.374035 -0.375776 -0.365819 -0.417644 
1.15 -5.75474 8 -0.417635 -0.365822 -0.375776 -0.374026 -0.372131 -0.368008 -0.393325 -0.421286 -0.393323 -0.368008 -0.372131 -0.374026 -0.375776 -0.365819 -0.417644 
1.16 -5.75562 8 -0.417635 -0.365822 -0.375775 -0.374017 -0.372007 -0.368123 -0.393434 -0.421994 -0.393432 -0.368123 -0.372007 -0.374017 -0.375775 -0.365819 -0.417644 
1.17 -5.75652 8 -0.417635 -0.365822 -0.375774 -0.374007 -0.371881 -0.368246 -0.393543 -0.422699 -0.393541 -0.368245 -0.371881 -0.374007 -0.375775 -0.365819 -0.417644 
1.18 -5.75742 8 -0.417635 -0.365822 -0.375774 -0.373996 -0.371752 -0.368375 -0.393653 -0.423399 -0.393651 -0.368375 -0.371753 -0.373996 -0.375774 -0.365819 -0.417644 
1.19 -5.75833 8 -0.417635 -0.365822 -0.375773 -0.373985 -0.371623 -0.368512 -0.393764 -0.424096 -0.393762 -0.368512 -0.371623 -0.373985 -0.375774 -0.365819 -0.417644 
1.2 -5.75924 8 -0.417635 -0.365822 -0.375772 -0.373973 -0.371491 -0.368656 -0.393877 -0.424789 -0.393875 -0.368655 -0.371491 -0.373973 -0.375773 -0.365819 -0.417644 
1.21 -5.76017 8 -0.417635 -0.365822 -0.375772 -0.37396 -0.371359 -0.368805 -0.393991 -0.425477 -0.393989 -0.368805 -0.371359 -0.37396 -0.375772 -0.365819 -0.417644 
1.22 -5.7611 8 -0.417635 -0.365822 -0.375771 -0.373946 -0.371226 -0.368961 -0.394108 -0.42616 -0.394106 -0.36896 -0.371226 -0.373946 -0.375771 -0.365819 -0.417644 
1.23 -5.76204 8 -0.417636 -0.365822 -0.37577 -0.373932 -0.371092 -0.369121 -0.394227 -0.426839 -0.394225 -0.369121 -0.371092 -0.373932 -0.37577 -0.365819 -0.417644 
1.24 -5.76299 8 -0.417636 -0.365822 -0.375769 -0.373916 -0.370959 -0.369286 -0.394349 -0.427513 -0.394347 -0.369286 -0.370959 -0.373916 -0.37577 -0.365819 -0.417644 
1.25 -5.76395 8 -0.417636 -0.365821 -0.375768 -0.3739 -0.370825 -0.369456 -0.394474 -0.428182 -0.394472 -0.369455 -0.370825 -0.373899 -0.375769 -0.365819 -0.417644 
1.26 -5.76491 8 -0.417636 -0.365821 -0.375767 -0.373882 -0.370692 -0.369629 -0.394602 -0.428846 -0.3946 -0.369629 -0.370692 -0.373882 -0.375768 -0.365819 -0.417644 
1.27 -5.76588 8 -0.417636 -0.365821 -0.375766 -0.373863 -0.370561 -0.369806 -0.394734 -0.429505 -0.394732 -0.369805 -0.370561 -0.373863 -0.375766 -0.365819 -0.417644 
1.28 -5.76686 8 -0.417636 -0.365821 -0.375765 -0.373842 -0.37043 -0.369984 -0.394868 -0.430158 -0.394866 -0.369984 -0.37043 -0.373842 -0.375765 -0.365819 -0.417644 
1.29 -5.76784 8 -0.417636 -0.365821 -0.375764 -0.373821 -0.370302 -0.370165 -0.395007 -0.430806 -0.395005 -0.370164 -0.370302 -0.373821 -0.375764 -0.365819 -0.417644 
1.3 -5.76882 8 -0.417636 -0.365821 -0.375762 -0.373797 -0.370176 -0.370347 -0.395148 -0.431448 -0.395146 -0.370346 -0.370176 -0.373797 -0.375763 -0.365819 -0.417644 
1.31 -5.76982 8 -0.417636 -0.365821 -0.375761 -0.373772 -0.370052 -0.370529 -0.395293 -0.432084 -0.395291 -0.370528 -0.370052 -0.373772 -0.375761 -0.365819 -0.417644 
1.32 -5.77081 8 -0.417636 -0.365821 -0.375759 -0.373745 -0.369932 -0.370711 -0.395442 -0.432715 -0.39544 -0.37071 -0.369932 -0.373745 -0.37576 -0.365819 -0.417644 
1.33 -5.77181 8 -0.417636 -0.365821 -0.375758 -0.373717 -0.369815 -0.370892 -0.395595 -0.43334 -0.395593 -0.370891 -0.369815 -0.373716 -0.375758 -0.365819 -0.417644 
1.34 -5.77281 8 -0.417636 -0.365821 -0.375756 -0.373686 -0.369701 -0.371072 -0.395751 -0.433958 -0.395749 -0.371071 -0.369702 -0.373686 -0.375757 -0.365818 -0.417644 
1.35 -5.77381 8 -0.417636 -0.365821 -0.375754 -0.373653 -0.369593 -0.37125 -0.395911 -0.434571 -0.395909 -0.371249 -0.369593 -0.373653 -0.375755 -0.365818 -0.417644 
1.36 -5.77481 8 -0.417636 -0.365821 -0.375753 -0.373617 -0.369488 -0.371426 -0.396075 -0.435178 -0.396073 -0.371425 -0.369488 -0.373617 -0.375753 -0.365818 -0.417644 
1.37 -5.77581 8 -0.417636 -0.365821 -0.375751 -0.373579 -0.369389 -0.371598 -0.396242 -0.435778 -0.39624 -0.371597 -0.369389 -0.373579 -0.375751 -0.365818 -0.417644 
1.38 -5.77681 8 -0.417636 -0.36582 -0.375749 -0.373539 -0.369295 -0.371766 -0.396412 -0.436372 -0.39641 -0.371765 -0.369295 -0.373539 -0.375749 -0.365818 -0.417644 
1.39 -5.7778 8 -0.417636 -0.36582 -0.375747 -0.373496 -0.369206 -0.37193 -0.396586 -0.436959 -0.396584 -0.371929 -0.369206 -0.373496 -0.375747 -0.365818 -0.417644 
1.4 -5.7788 8 -0.417636 -0.36582 -0.375744 -0.37345 -0.369123 -0.37209 -0.396763 -0.43754 -0.396761 -0.372089 -0.369123 -0.373449 -0.375745 -0.365818 -0.417644 
1.41 -5.77978 8 -0.417636 -0.36582 -0.375742 -0.3734 -0.369047 -0.372245 -0.396944 -0.438115 -0.396942 -0.372244 -0.369047 -0.3734 -0.375743 -0.365818 -0.417644 
1.42 -5.78077 8 -0.417636 -0.36582 -0.37574 -0.373348 -0.368977 -0.372394 -0.397127 -0.438683 -0.397125 -0.372393 -0.368977 -0.373348 -0.37574 -0.365817 -0.417644 
1.43 -5.78175 8 -0.417636 -0.36582 -0.375737 -0.373293 -0.368913 -0.372538 -0.397314 -0.439244 -0.397312 -0.372537 -0.368913 -0.373293 -0.375737 -0.365817 -0.417644 
1.44 -5.78272 8 -0.417636 -0.365819 -0.375734 -0.373234 -0.368856 -0.372677 -0.397503 -0.439798 -0.397501 -0.372676 -0.368856 -0.373234 -0.375735 -0.365817 -0.417644 
1.45 -5.78369 8 -0.417636 -0.365819 -0.375731 -0.373171 -0.368807 -0.37281 -0.397695 -0.440346 -0.397693 -0.372808 -0.368806 -0.373171 -0.375732 -0.365817 -0.417644 
1.46 -5.78465 8 -0.417636 -0.365819 -0.375729 -0.373105 -0.368764 -0.372937 -0.39789 -0.440886 -0.397888 -0.372936 -0.368764 -0.373105 -0.375729 -0.365817 -0.417644 
1.47 -5.7856 8 -0.417637 -0.365819 -0.375725 -0.373036 -0.368729 -0.373059 -0.398087 -0.44142 -0.398085 -0.373057 -0.368729 -0.373036 -0.375726 -0.365817 -0.417644 
1.48 -5.78655 8 -0.417637 -0.365818 -0.375722 -0.372962 -0.368701 -0.373175 -0.398287 -0.441947 -0.398285 -0.373174 -0.368701 -0.372962 -0.375723 -0.365816 -0.417643 
1.49 -5.7875 8 -0.417637 -0.365818 -0.375719 -0.372885 -0.368681 -0.373286 -0.398489 -0.442466 -0.398487 -0.373285 -0.368681 -0.372885 -0.375719 -0.365816 -0.417643 
1.5 -5.78844 8 -0.417637 -0.365818 -0.375715 -0.372804 -0.368668 -0.373392 -0.398693 -0.442979 -0.398691 -0.373391 -0.368668 -0.372804 -0.375716 -0.365816 -0.417643 
1.51 -5.78937 8 -0.417637 -0.365818 -0.375712 -0.372719 -0.368664 -0.373494 -0.398899 -0.443484 -0.398897 -0.373493 -0.368664 -0.372719 -0.375712 -0.365815 -0.417643 
1.52 -5.7903 8 -0.417637 -0.365817 -0.375708 -0.37263 -0.368667 -0.373591 -0.399107 -0.443982 -0.399105 -0.37359 -0.368667 -0.37263 -0.375708 -0.365815 -0.417643 
1.53 -5.79122 8 -0.417637 -0.365817 -0.375704 -0.372537 -0.368678 -0.373685 -0.399317 -0.444473 -0.399315 -0.373683 -0.368678 -0.372537 -0.375704 -0.365815 -0.417643 
1.54 -5.79214 8 -0.417637 -0.365816 -0.375699 -0.37244 -0.368697 -0.373775 -0.399529 -0.444956 -0.399527 -0.373774 -0.368696 -0.37244 -0.3757 -0.365814 -0.417643 
1.55 -5.79306 8 -0.417637 -0.365816 -0.375695 -0.372339 -0.368723 -0.373862 -0.399742 -0.445432 -0.39974 -0.373861 -0.368723 -0.372339 -0.375695 -0.365814 -0.417643 
1.56 -5.79398 8 -0.417637 -0.365816 -0.37569 -0.372234 -0.368758 -0.373947 -0.399957 -0.4459 -0.399955 -0.373945 -0.368758 -0.372234 -0.375691 -0.365814 -0.417643 
1.57 -5.7949 8 -0.417637 -0.365815 -0.375685 -0.372126 -0.3688 -0.37403 -0.400173 -0.446361 -0.400172 -0.374028 -0.3688 -0.372126 -0.375686 -0.365813 -0.417643 
1.58 -5.79581 8 -0.417637 -0.365815 -0.37568 -0.372013 -0.368851 -0.374111 -0.400391 -0.446815 -0.400389 -0.37411 -0.36885 -0.372013 -0.375681 -0.365813 -0.417643 
1.59 -5.79673 8 -0.417637 -0.365814 -0.375675 -0.371897 -0.368909 -0.374191 -0.40061 -0.44726 -0.400608 -0.37419 -0.368909 -0.371897 -0.375675 -0.365812 -0.417643 
1.6 -5.79765 8 -0.417637 -0.365813 -0.375669 -0.371778 -0.368975 -0.374271 -0.400831 -0.447698 -0.400829 -0.37427 -0.368974 -0.371778 -0.375669 -0.365812 -0.417643 
1.61 -5.79857 8 -0.417638 -0.365813 -0.375663 -0.371655 -0.369048 -0.374352 -0.401052 -0.448129 -0.40105 -0.37435 -0.369047 -0.371655 -0.375663 -0.365811 -0.417643 
1.62 -5.79949 8 -0.417638 -0.365812 -0.375656 -0.371528 -0.369128 -0.374432 -0.401275 -0.448551 -0.401273 -0.374431 -0.369128 -0.371528 -0.375657 -0.36581 -0.417643 
1.63 -5.80042 8 -0.417638 -0.365811 -0.375649 -0.371399 -0.369216 -0.374514 -0.401498 -0.448966 -0.401497 -0.374513 -0.369216 -0.371399 -0.37565 -0.36581 -0.417643 
1.64 -5.80135 8 -0.417638 -0.365811 -0.375642 -0.371266 -0.369311 -0.374598 -0.401723 -0.449373 -0.401721 -0.374596 -0.369311 -0.371266 -0.375643 -0.365809 -0.417643 
1.65 -5.80229 8 -0.417638 -0.36581 -0.375635 -0.371131 -0.369413 -0.374683 -0.401949 -0.449772 -0.401947 -0.374682 -0.369412 -0.371131 -0.375635 -0.365808 -0.417643 
1.66 -5.80323 8 -0.417638 -0.365809 -0.375626 -0.370993 -0.369521 -0.374771 -0.402175 -0.450163 -0.402174 -0.37477 -0.36952 -0.370993 -0.375627 -0.365807 -0.417643 
1.67 -5.80418 8 -0.417638 -0.365808 -0.375618 -0.370853 -0.369635 -0.374862 -0.402403 -0.450546 -0.402401 -0.37486 -0.369634 -0.370853 -0.375618 -0.365806 -0.417643 
1.68 -5.80513 8 -0.417638 -0.365807 -0.375609 -0.370711 -0.369755 -0.374956 -0.402631 -0.450921 -0.402629 -0.374954 -0.369754 -0.370711 -0.375609 -0.365806 -0.417643 
1.69 -5.80609 8 -0.417638 -0.365806 -0.375599 -0.370567 -0.36988 -0.375053 -0.40286 -0.451288 -0.402858 -0.375052 -0.36988 -0.370567 -0.375599 -0.365805 -0.417643 
1.7 -5.80706 8 -0.417638 -0.365805 -0.375588 -0.370421 -0.370011 -0.375154 -0.40309 -0.451647 -0.403088 -0.375153 -0.37001 -0.370421 -0.375589 -0.365804 -0.417643 
1.71 -5.80804 8 -0.417638 -0.365804 -0.375577 -0.370275 -0.370146 -0.37526 -0.403321 -0.451998 -0.403319 -0.375258 -0.370145 -0.370275 -0.375577 -0.365802 -0.417643 
1.72 -5.80902 8 -0.417638 -0.365803 -0.375565 -0.370127 -0.370285 -0.37537 -0.403552 -0.452341 -0.403551 -0.375368 -0.370284 -0.370127 -0.375565 -0.365801 -0.417643 
1.73 -5.81001 8 -0.417638 -0.365802 -0.375552 -0.369979 -0.370428 -0.375485 -0.403784 -0.452676 -0.403783 -0.375483 -0.370427 -0.369979 -0.375552 -0.3658 -0.417643 
1.74 -5.81101 8 -0.417638 -0.3658 -0.375538 -0.369831 -0.370573 -0.375604 -0.404017 -0.453003 -0.404016 -0.375603 -0.370573 -0.369831 -0.375538 -0.365799 -0.417642 
1.75 -5.81201 8 -0.417638 -0.365799 -0.375523 -0.369683 -0.370722 -0.375729 -0.404251 -0.453321 -0.404249 -0.375728 -0.370721 -0.369683 -0.375523 -0.365797 -0.417642 
1.76 -5.81302 8 -0.417638 -0.365798 -0.375507 -0.369536 -0.370872 -0.375859 -0.404485 -0.453632 -0.404483 -0.375858 -0.370871 -0.369536 -0.375507 -0.365796 -0.417642 
1.77 -5.81403 8 -0.417638 -0.365796 -0.375489 -0.36939 -0.371023 -0.375995 -0.404719 -0.453934 -0.404718 -0.375993 -0.371022 -0.36939 -0.37549 -0.365795 -0.417642 
1.78 -5.81505 8 -0.417638 -0.365794 -0.37547 -0.369245 -0.371175 -0.376136 -0.404955 -0.454228 -0.404953 -0.376134 -0.371174 -0.369245 -0.375471 -0.365793 -0.417642 
1.79 -5.81608 8 -0.417638 -0.365793 -0.37545 -0.369102 -0.371326 -0.376282 -0.405191 -0.454514 -0.405189 -0.376281 -0.371325 -0.369102 -0.375451 -0.365791 -0.417642 
1.8 -5.81711 8 -0.417638 -0.365791 -0.375429 -0.368961 -0.371477 -0.376435 -0.405427 -0.454792 -0.405426 -0.376434 -0.371476 -0.368961 -0.375429 -0.36579 -0.417642 
1.81 -5.81814 8 -0.417639 -0.365789 -0.375405 -0.368823 -0.371627 -0.376593 -0.405664 -0.455061 -0.405663 -0.376592 -0.371625 -0.368823 -0.375406 -0.365788 -0.417642 
1.82 -5.81917 8 -0.417639 -0.365787 -0.37538 -0.368688 -0.371774 -0.376758 -0.405902 -0.455322 -0.405901 -0.376756 -0.371772 -0.368688 -0.375381 -0.365786 -0.417642 
1.83 -5.82021 8 -0.417639 -0.365785 -0.375353 -0.368556 -0.371918 -0.376928 -0.40614 -0.455575 -0.406139 -0.376926 -0.371916 -0.368556 -0.375354 -0.365784 -0.417642 
1.84 -5.82125 8 -0.417639 -0.365783 -0.375324 -0.368428 -0.372058 -0.377104 -0.406379 -0.45582 -0.406377 -0.377102 -0.372057 -0.368428 -0.375324 -0.365782 -0.417642 
1.85 -5.82228 8 -0.417639 -0.365781 -0.375293 -0.368305 -0.372194 -0.377285 -0.406618 -0.456057 -0.406617 -0.377284 -0.372193 -0.368305 -0.375293 -0.36578 -0.417641 
1.86 -5.82332 8 -0.417638 -0.365778 -0.375259 -0.368186 -0.372325 -0.377473 -0.406858 -0.456285 -0.406856 -0.377471 -0.372324 -0.368186 -0.375259 -0.365777 -0.417641 
1.87 -5.82435 8 -0.417638 -0.365776 -0.375223 -0.368071 -0.372451 -0.377666 -0.407098 -0.456506 -0.407096 -0.377665 -0.37245 -0.368071 -0.375223 -0.365775 -0.417641 
1.88 -5.82538 8 -0.417638 -0.365774 -0.375184 -0.367963 -0.372571 -0.377865 -0.407338 -0.456718 -0.407337 -0.377864 -0.372569 -0.367963 -0.375185 -0.365773 -0.417641 
1.89 -5.82641 8 -0.417638 -0.365771 -0.375143 -0.367859 -0.372684 -0.37807 -0.407579 -0.456922 -0.407578 -0.378068 -0.372682 -0.367859 -0.375143 -0.36577 -0.417641 
1.9 -5.82743 8 -0.417638 -0.365768 -0.375098 -0.367762 -0.37279 -0.37828 -0.407821 -0.457118 -0.407819 -0.378278 -0.372788 -0.367762 -0.375099 -0.365767 -0.417641 
1.91 -5.82845 8 -0.417638 -0.365765 -0.375051 -0.367671 -0.372888 -0.378495 -0.408062 -0.457305 -0.408061 -0.378494 -0.372887 -0.367671 -0.375051 -0.365764 -0.417641 
1.92 -5.82946 8 -0.417638 -0.365762 -0.375 -0.367586 -0.37298 -0.378716 -0.408304 -0.457485 -0.408303 -0.378715 -0.372978 -0.367586 -0.375001 -0.365762 -0.41764 
1.93 -5.83046 8 -0.417638 -0.365759 -0.374947 -0.367508 -0.373063 -0.378942 -0.408547 -0.457657 -0.408546 -0.37894 -0.373061 -0.367508 -0.374947 -0.365758 -0.41764 
1.94 -5.83146 8 -0.417638 -0.365756 -0.374889 -0.367436 -0.373138 -0.379173 -0.40879 -0.45782 -0.408788 -0.379171 -0.373136 -0.367436 -0.37489 -0.365755 -0.41764 
1.95 -5.83245 8 -0.417638 -0.365753 -0.374829 -0.367372 -0.373205 -0.379409 -0.409033 -0.457976 -0.409031 -0.379407 -0.373203 -0.367372 -0.374829 -0.365752 -0.41764 
1.96 -5.83343 8 -0.417638 -0.365749 -0.374765 -0.367315 -0.373264 -0.379649 -0.409276 -0.458123 -0.409275 -0.379648 -0.373262 -0.367315 -0.374765 -0.365748 -0.41764 
1.97 -5.83441 8 -0.417638 -0.365746 -0.374697 -0.367265 -0.373315 -0.379895 -0.409519 -0.458263 -0.409518 -0.379893 -0.373313 -0.367265 -0.374697 -0.365745 -0.417639 
1.98 -5.83538 8 -0.417637 -0.365742 -0.374625 -0.367222 -0.373358 -0.380145 -0.409763 -0.458394 -0.409762 -0.380143 -0.373357 -0.367222 -0.374625 -0.365741 -0.417639 
1.99 -5.83634 8 -0.417637 -0.365738 -0.374549 -0.367188 -0.373393 -0.380399 -0.410007 -0.458518 -0.410006 -0.380398 -0.373392 -0.367187 -0.37455 -0.365737 -0.417639 
2 -5.83729 8 -0.417637 -0.365734 -0.37447 -0.36716 -0.373422 -0.380658 -0.410251 -0.458634 -0.41025 -0.380656 -0.37342 -0.36716 -0.37447 -0.365733 -0.417638 
2.01 -5.83825 8 -0.417637 -0.365729 -0.374386 -0.367141 -0.373443 -0.380921 -0.410496 -0.458742 -0.410494 -0.380919 -0.373441 -0.367141 -0.374387 -0.365729 -0.417638 
2.02 -5.83919 8 -0.417636 -0.365725 -0.374299 -0.36713 -0.373457 -0.381188 -0.41074 -0.458842 -0.410739 -0.381186 -0.373456 -0.36713 -0.374299 -0.365725 -0.417638 
2.03 -5.84013 8 -0.417636 -0.36572 -0.374208 -0.367126 -0.373466 -0.381459 -0.410984 -0.458935 -0.410983 -0.381457 -0.373464 -0.367126 -0.374208 -0.36572 -0.417637 
2.04 -5.84107 8 -0.417636 -0.365716 -0.374112 -0.36713 -0.373468 -0.381733 -0.411229 -0.45902 -0.411228 -0.381732 -0.373467 -0.36713 -0.374113 -0.365715 -0.417637 
2.05 -5.842 8 -0.417635 -0.365711 -0.374013 -0.367143 -0.373466 -0.382012 -0.411473 -0.459097 -0.411472 -0.38201 -0.373464 -0.367142 -0.374013 -0.36571 -0.417637 
2.06 -5.84293 8 -0.417635 -0.365705 -0.37391 -0.367163 -0.373458 -0.382294 -0.411718 -0.459167 -0.411717 -0.382292 -0.373457 -0.367163 -0.37391 -0.365705 -0.417636 
2.07 -5.84386 8 -0.417635 -0.3657 -0.373803 -0.367191 -0.373447 -0.382579 -0.411962 -0.459229 -0.411961 -0.382578 -0.373445 -0.367191 -0.373803 -0.3657 -0.417636 
2.08 -5.84479 8 -0.417634 -0.365694 -0.373692 -0.367227 -0.373431 -0.382868 -0.412207 -0.459284 -0.412206 -0.382867 -0.37343 -0.367227 -0.373692 -0.365694 -0.417635 
2.09 -5.84572 8 -0.417634 -0.365688 -0.373577 -0.367271 -0.373413 -0.383161 -0.412451 -0.459331 -0.41245 -0.383159 -0.373411 -0.36727 -0.373577 -0.365688 -0.417635 
2.1 -5.84665 8 -0.417633 -0.365682 -0.373459 -0.367322 -0.373392 -0.383456 -0.412695 -0.459371 -0.412694 -0.383455 -0.37339 -0.367322 -0.373459 -0.365682 -0.417634 
2.11 -5.84758 8 -0.417633 -0.365675 -0.373337 -0.367381 -0.373369 -0.383755 -0.412939 -0.459403 -0.412938 -0.383754 -0.373367 -0.367381 -0.373337 -0.365675 -0.417633 
2.12 -5.84851 8 -0.417632 -0.365668 -0.373212 -0.367447 -0.373345 -0.384057 -0.413182 -0.459428 -0.413181 -0.384056 -0.373343 -0.367447 -0.373212 -0.365668 -0.417633 
2.13 -5.84945 8 -0.417631 -0.365661 -0.373084 -0.367521 -0.373319 -0.384362 -0.413426 -0.459446 -0.413425 -0.384361 -0.373317 -0.367521 -0.373084 -0.365661 -0.417632 
2.14 -5.85039 8 -0.417631 -0.365653 -0.372952 -0.367602 -0.373293 -0.38467 -0.413669 -0.459457 -0.413668 -0.384669 -0.373291 -0.367601 -0.372952 -0.365653 -0.417631 
2.15 -5.85134 8 -0.41763 -0.365645 -0.372818 -0.367689 -0.373267 -0.384981 -0.413911 -0.459461 -0.41391 -0.384979 -0.373265 -0.367689 -0.372818 -0.365645 -0.41763 
2.16 -5.85229 8 -0.417629 -0.365636 -0.372681 -0.367784 -0.373241 -0.385294 -0.414154 -0.459458 -0.414153 -0.385293 -0.373239 -0.367783 -0.372681 -0.365636 -0.41763 
2.17 -5.85325 8 -0.417628 -0.365627 -0.372542 -0.367884 -0.373216 -0.38561 -0.414396 -0.459447 -0.414395 -0.385609 -0.373214 -0.367883 -0.372542 -0.365627 -0.417629 
2.18 -5.85421 8 -0.417627 -0.365618 -0.372401 -0.36799 -0.373192 -0.385929 -0.414637 -0.45943 -0.414636 -0.385928 -0.373191 -0.36799 -0.372401 -0.365618 -0.417628 
2.19 -5.85519 8 -0.417626 -0.365607 -0.372257 -0.368102 -0.37317 -0.386251 -0.414878 -0.459407 -0.414877 -0.38625 -0.373168 -0.368101 -0.372258 -0.365607 -0.417627 
2.2 -5.85616 8 -0.417625 -0.365596 -0.372113 -0.368219 -0.37315 -0.386575 -0.415118 -0.459376 -0.415117 -0.386574 -0.373148 -0.368218 -0.372113 -0.365596 -0.417626 
2.21 -5.85715 8 -0.417624 -0.365585 -0.371967 -0.36834 -0.373132 -0.386902 -0.415358 -0.459339 -0.415357 -0.386901 -0.37313 -0.36834 -0.371967 -0.365585 -0.417624 
2.22 -5.85814 8 -0.417623 -0.365572 -0.37182 -0.368466 -0.373116 -0.387231 -0.415597 -0.459295 -0.415596 -0.38723 -0.373115 -0.368466 -0.37182 -0.365572 -0.417623 
2.23 -5.85914 8 -0.417622 -0.365559 -0.371672 -0.368596 -0.373104 -0.387563 -0.415836 -0.459244 -0.415835 -0.387562 -0.373102 -0.368595 -0.371672 -0.365559 -0.417622 
2.24 -5.86015 8 -0.41762 -0.365545 -0.371524 -0.368728 -0.373094 -0.387897 -0.416074 -0.459187 -0.416073 -0.387896 -0.373093 -0.368728 -0.371524 -0.365545 -0.417621 
2.25 -5.86116 8 -0.417619 -0.36553 -0.371376 -0.368863 -0.373088 -0.388234 -0.416311 -0.459124 -0.41631 -0.388232 -0.373087 -0.368863 -0.371377 -0.36553 -0.417619 
2.26 -5.86218 8 -0.417618 -0.365513 -0.371229 -0.369 -0.373086 -0.388573 -0.416547 -0.459054 -0.416546 -0.388571 -0.373084 -0.369 -0.371229 -0.365513 -0.417618 
2.27 -5.86321 8 -0.417616 -0.365496 -0.371083 -0.369139 -0.373087 -0.388914 -0.416783 -0.458978 -0.416782 -0.388912 -0.373085 -0.369138 -0.371083 -0.365496 -0.417616 
2.28 -5.86424 8 -0.417614 -0.365477 -0.370938 -0.369278 -0.373091 -0.389257 -0.417017 -0.458897 -0.417017 -0.389256 -0.37309 -0.369277 -0.370938 -0.365477 -0.417614 
2.29 -5.86527 8 -0.417613 -0.365457 -0.370794 -0.369417 -0.3731 -0.389602 -0.417251 -0.458808 -0.417251 -0.389601 -0.373099 -0.369416 -0.370794 -0.365457 -0.417613 
2.3 -5.86631 8 -0.417611 -0.365435 -0.370653 -0.369555 -0.373113 -0.38995 -0.417484 -0.458714 -0.417483 -0.389949 -0.373112 -0.369554 -0.370653 -0.365435 -0.417611 
2.31 -5.86736 8 -0.417609 -0.365412 -0.370514 -0.369692 -0.37313 -0.3903 -0.417716 -0.458614 -0.417715 -0.390299 -0.373129 -0.369691 -0.370514 -0.365412 -0.417609 
2.32 -5.8684 8 -0.417607 -0.365387 -0.370378 -0.369826 -0.373151 -0.390652 -0.417947 -0.458509 -0.417946 -0.390651 -0.37315 -0.369825 -0.370378 -0.365387 -0.417607 
2.33 -5.86945 8 -0.417605 -0.36536 -0.370246 -0.369958 -0.373177 -0.391006 -0.418177 -0.458397 -0.418176 -0.391005 -0.373175 -0.369957 -0.370246 -0.36536 -0.417605 
2.34 -5.8705 8 -0.417602 -0.365331 -0.370117 -0.370086 -0.373206 -0.391362 -0.418406 -0.45828 -0.418405 -0.391361 -0.373205 -0.370085 -0.370117 -0.365331 -0.417603 
2.35 -5.87154 8 -0.4176 -0.3653 -0.369992 -0.37021 -0.37324 -0.39172 -0.418633 -0.458157 -0.418633 -0.391718 -0.373239 -0.370209 -0.369991 -0.3653 -0.4176 
2.36 -5.87259 8 -0.417598 -0.365267 -0.369871 -0.370329 -0.373279 -0.39208 -0.41886 -0.458029 -0.418859 -0.392078 -0.373277 -0.370328 -0.369871 -0.365267 -0.417598 
2.37 -5.87363 8 -0.417595 -0.365231 -0.369755 -0.370442 -0.373321 -0.392441 -0.419085 -0.457895 -0.419085 -0.39244 -0.373319 -0.370441 -0.369755 -0.365231 -0.417595 
2.38 -5.87467 8 -0.417592 -0.365193 -0.369644 -0.37055 -0.373368 -0.392805 -0.41931 -0.457756 -0.419309 -0.392804 -0.373366 -0.370549 -0.369644 -0.365193 -0.417593 
2.39 -5.87571 8 -0.41759 -0.365152 -0.369539 -0.370651 -0.373418 -0.39317 -0.419532 -0.457612 -0.419532 -0.393169 -0.373417 -0.370649 -0.369539 -0.365152 -0.41759 
2.4 -5.87674 8 -0.417587 -0.365109 -0.369439 -0.370744 -0.373473 -0.393537 -0.419754 -0.457463 -0.419753 -0.393536 -0.373472 -0.370743 -0.369439 -0.365109 -0.417587 
2.41 -5.87777 8 -0.417584 -0.365062 -0.369345 -0.370831 -0.373532 -0.393906 -0.419974 -0.457308 -0.419974 -0.393905 -0.37353 -0.37083 -0.369345 -0.365062 -0.417584 
2.42 -5.87879 8 -0.41758 -0.365013 -0.369257 -0.37091 -0.373595 -0.394277 -0.420193 -0.457149 -0.420193 -0.394276 -0.373593 -0.370909 -0.369257 -0.365013 -0.417581 
2.43 -5.87981 8 -0.417577 -0.36496 -0.369175 -0.370981 -0.373662 -0.394649 -0.420411 -0.456985 -0.42041 -0.394648 -0.37366 -0.370979 -0.369175 -0.36496 -0.417577 
2.44 -5.88082 8 -0.417574 -0.364904 -0.369101 -0.371043 -0.373732 -0.395023 -0.420627 -0.456816 -0.420626 -0.395021 -0.37373 -0.371042 -0.3691 -0.364904 -0.417574 
2.45 -5.88182 8 -0.41757 -0.364845 -0.369032 -0.371098 -0.373806 -0.395398 -0.420841 -0.456642 -0.420841 -0.395397 -0.373805 -0.371097 -0.369032 -0.364845 -0.41757 
2.46 -5.88281 8 -0.417566 -0.364782 -0.368971 -0.371145 -0.373884 -0.395775 -0.421054 -0.456464 -0.421054 -0.395773 -0.373883 -0.371143 -0.368971 -0.364782 -0.417566 
2.47 -5.8838 8 -0.417562 -0.364716 -0.368917 -0.371183 -0.373965 -0.396153 -0.421266 -0.456281 -0.421266 -0.396152 -0.373964 -0.371182 -0.368917 -0.364716 -0.417563 
2.48 -5.88478 8 -0.417558 -0.364646 -0.36887 -0.371213 -0.37405 -0.396532 -0.421476 -0.456094 -0.421476 -0.396531 -0.374049 -0.371212 -0.36887 -0.364646 -0.417558 
2.49 -5.88576 8 -0.417554 -0.364572 -0.36883 -0.371236 -0.374138 -0.396913 -0.421684 -0.455903 -0.421684 -0.396912 -0.374137 -0.371235 -0.36883 -0.364572 -0.417554 
2.5 -5.88672 8 -0.417549 -0.364495 -0.368798 -0.371251 -0.37423 -0.397296 -0.421891 -0.455707 -0.421891 -0.397294 -0.374228 -0.37125 -0.368798 -0.364495 -0.41755 
2.51 -5.88768 8 -0.417544 -0.364413 -0.368773 -0.371259 -0.374324 -0.397679 -0.422096 -0.455508 -0.422096 -0.397678 -0.374323 -0.371258 -0.368773 -0.364414 -0.417545 
2.52 -5.88864 8 -0.417539 -0.364328 -0.368756 -0.37126 -0.374422 -0.398064 -0.4223 -0.455304 -0.422299 -0.398062 -0.374421 -0.371259 -0.368755 -0.364329 -0.41754 
2.53 -5.88959 8 -0.417534 -0.36424 -0.368746 -0.371255 -0.374523 -0.398449 -0.422501 -0.455096 -0.422501 -0.398448 -0.374521 -0.371254 -0.368745 -0.36424 -0.417535 
2.54 -5.89054 8 -0.417529 -0.364147 -0.368743 -0.371244 -0.374627 -0.398836 -0.422701 -0.454885 -0.422701 -0.398835 -0.374625 -0.371243 -0.368743 -0.364147 -0.41753 
2.55 -5.89148 8 -0.417523 -0.36405 -0.368749 -0.371228 -0.374733 -0.399224 -0.422899 -0.454669 -0.422899 -0.399223 -0.374732 -0.371226 -0.368748 -0.364051 -0.417524 
2.56 -5.89242 8 -0.417517 -0.36395 -0.368762 -0.371206 -0.374843 -0.399613 -0.423096 -0.45445 -0.423095 -0.399612 -0.374841 -0.371205 -0.368761 -0.36395 -0.417518 
2.57 -5.89336 8 -0.417511 -0.363846 -0.368782 -0.371181 -0.374955 -0.400002 -0.42329 -0.454228 -0.42329 -0.400001 -0.374953 -0.371179 -0.368781 -0.363846 -0.417512 
2.58 -5.8943 8 -0.417505 -0.363739 -0.36881 -0.371151 -0.37507 -0.400393 -0.423483 -0.454002 -0.423483 -0.400392 -0.375068 -0.37115 -0.368809 -0.363739 -0.417506 
2.59 -5.89524 8 -0.417498 -0.363627 -0.368845 -0.371118 -0.375188 -0.400784 -0.423674 -0.453773 -0.423673 -0.400783 -0.375186 -0.371117 -0.368845 -0.363628 -0.417499 
2.6 -5.89618 8 -0.417491 -0.363513 -0.368888 -0.371082 -0.375308 -0.401176 -0.423863 -0.45354 -0.423862 -0.401175 -0.375307 -0.371081 -0.368887 -0.363513 -0.417492 
2.61 -5.89712 8 -0.417483 -0.363395 -0.368938 -0.371044 -0.375431 -0.401569 -0.424049 -0.453304 -0.424049 -0.401568 -0.375429 -0.371043 -0.368937 -0.363395 -0.417485 
2.62 -5.89806 8 -0.417476 -0.363274 -0.368994 -0.371004 -0.375556 -0.401962 -0.424234 -0.453066 -0.424234 -0.401961 -0.375555 -0.371003 -0.368994 -0.363274 -0.417477 
2.63 -5.89901 8 -0.417467 -0.363149 -0.369058 -0.370963 -0.375685 -0.402356 -0.424417 -0.452824 -0.424417 -0.402355 -0.375683 -0.370962 -0.369057 -0.36315 -0.417469 
2.64 -5.89996 8 -0.417459 -0.363022 -0.369128 -0.370921 -0.375815 -0.40275 -0.424598 -0.452579 -0.424598 -0.402749 -0.375814 -0.37092 -0.369128 -0.363023 -0.41746 
2.65 -5.90092 8 -0.417449 -0.362893 -0.369205 -0.370879 -0.375948 -0.403145 -0.424777 -0.452332 -0.424777 -0.403144 -0.375947 -0.370878 -0.369204 -0.362893 -0.417451 
2.66 -5.90188 8 -0.417439 -0.36276 -0.369288 -0.370837 -0.376084 -0.40354 -0.424954 -0.452082 -0.424954 -0.403539 -0.376082 -0.370836 -0.369287 -0.362761 -0.417441 
2.67 -5.90285 8 -0.417429 -0.362626 -0.369376 -0.370796 -0.376222 -0.403935 -0.425129 -0.451829 -0.425129 -0.403934 -0.37622 -0.370794 -0.369376 -0.362626 -0.417431 
2.68 -5.90383 8 -0.417418 -0.36249 -0.369471 -0.370755 -0.376362 -0.404331 -0.425301 -0.451574 -0.425301 -0.40433 -0.376361 -0.370754 -0.36947 -0.36249 -0.41742 
2.69 -5.90481 8 -0.417406 -0.362352 -0.36957 -0.370716 -0.376505 -0.404726 -0.425472 -0.451316 -0.425472 -0.404725 -0.376503 -0.370714 -0.369569 -0.362352 -0.417408 
2.7 -5.90579 8 -0.417394 -0.362212 -0.369674 -0.370678 -0.37665 -0.405122 -0.42564 -0.451056 -0.42564 -0.405121 -0.376649 -0.370677 -0.369673 -0.362212 -0.417396 
2.71 -5.90679 8 -0.41738 -0.362072 -0.369782 -0.370643 -0.376798 -0.405518 -0.425807 -0.450794 -0.425807 -0.405517 -0.376796 -0.370641 -0.369781 -0.362072 -0.417383 
2.72 -5.90779 8 -0.417366 -0.36193 -0.369893 -0.37061 -0.376948 -0.405914 -0.425971 -0.45053 -0.425971 -0.405913 -0.376947 -0.370608 -0.369892 -0.36193 -0.417369 
2.73 -5.9088 8 -0.417351 -0.361789 -0.370008 -0.370579 -0.377101 -0.406309 -0.426133 -0.450263 -0.426132 -0.406308 -0.377099 -0.370578 -0.370007 -0.361789 -0.417353 
2.74 -5.90982 8 -0.417335 -0.361647 -0.370126 -0.370551 -0.377256 -0.406705 -0.426292 -0.449995 -0.426292 -0.406704 -0.377254 -0.37055 -0.370124 -0.361647 -0.417337 
2.75 -5.91084 9 -0.417317 -0.361505 -0.370245 -0.370526 -0.377413 -0.4071 -0.42645 -0.449725 -0.42645 -0.407099 -0.377412 -0.370525 -0.370244 -0.361505 -0.41732 
2.76 -5.91186 9 -0.417299 -0.361365 -0.370366 -0.370505 -0.377573 -0.407495 -0.426605 -0.449453 -0.426605 -0.407494 -0.377571 -0.370503 -0.370365 -0.361364 -0.417301 
2.77 -5.9129 9 -0.417279 -0.361225 -0.370488 -0.370487 -0.377735 -0.40789 -0.426758 -0.44918 -0.426758 -0.407889 -0.377734 -0.370485 -0.370486 -0.361225 -0.417282 
2.78 -5.91394 9 -0.417257 -0.361086 -0.370609 -0.370472 -0.3779 -0.408284 -0.426908 -0.448905 -0.426908 -0.408283 -0.377898 -0.370471 -0.370608 -0.361086 -0.41726 
2.79 -5.91498 9 -0.417234 -0.36095 -0.37073 -0.370461 -0.378067 -0.408678 -0.427057 -0.448628 -0.427057 -0.408677 -0.378065 -0.37046 -0.370729 -0.36095 -0.417237 
2.8 -5.91603 9 -0.41721 -0.360816 -0.37085 -0.370454 -0.378236 -0.409071 -0.427203 -0.44835 -0.427203 -0.40907 -0.378235 -0.370453 -0.370849 -0.360816 -0.417213 
2.81 -5.91708 9 -0.417183 -0.360684 -0.370968 -0.370451 -0.378408 -0.409463 -0.427347 -0.448071 -0.427347 -0.409462 -0.378407 -0.370449 -0.370966 -0.360684 -0.417187 
2.82 -5.91813 9 -0.417155 -0.360556 -0.371082 -0.370451 -0.378583 -0.409855 -0.427488 -0.447791 -0.427488 -0.409854 -0.378581 -0.37045 -0.371081 -0.360556 -0.417158 
2.83 -5.91918 9 -0.417124 -0.360431 -0.371194 -0.370456 -0.37876 -0.410246 -0.427627 -0.447509 -0.427627 -0.410245 -0.378758 -0.370455 -0.371192 -0.360431 -0.417128 
2.84 -5.92024 9 -0.417092 -0.36031 -0.371301 -0.370464 -0.378939 -0.410637 -0.427764 -0.447227 -0.427764 -0.410636 -0.378938 -0.370463 -0.371299 -0.360309 -0.417095 
2.85 -5.92129 9 -0.417057 -0.360193 -0.371403 -0.370477 -0.379121 -0.411026 -0.427899 -0.446943 -0.427899 -0.411025 -0.379119 -0.370476 -0.371401 -0.360193 -0.41706 
2.86 -5.92234 9 -0.417019 -0.360081 -0.371499 -0.370493 -0.379305 -0.411414 -0.428031 -0.446659 -0.428031 -0.411413 -0.379304 -0.370492 -0.371498 -0.36008 -0.417023 
2.87 -5.92339 9 -0.416979 -0.359973 -0.37159 -0.370514 -0.379492 -0.411802 -0.42816 -0.446374 -0.42816 -0.411801 -0.37949 -0.370512 -0.371588 -0.359973 -0.416983 
2.88 -5.92444 9 -0.416936 -0.359871 -0.371673 -0.370538 -0.379681 -0.412188 -0.428288 -0.446088 -0.428288 -0.412187 -0.37968 -0.370537 -0.371672 -0.359871 -0.41694 
2.89 -5.92548 9 -0.41689 -0.359775 -0.371749 -0.370566 -0.379873 -0.412574 -0.428413 -0.445801 -0.428413 -0.412573 -0.379871 -0.370565 -0.371748 -0.359774 -0.416894 
2.9 -5.92652 9 -0.416841 -0.359684 -0.371818 -0.370598 -0.380067 -0.412958 -0.428535 -0.445514 -0.428535 -0.412957 -0.380065 -0.370597 -0.371816 -0.359684 -0.416845 
2.91 -5.92755 9 -0.416789 -0.3596 -0.371878 -0.370634 -0.380264 -0.41334 -0.428656 -0.445227 -0.428656 -0.41334 -0.380262 -0.370633 -0.371877 -0.359599 -0.416793 
2.92 -5.92857 9 -0.416733 -0.359522 -0.37193 -0.370674 -0.380463 -0.413722 -0.428773 -0.444939 -0.428774 -0.413721 -0.380461 -0.370672 -0.371928 -0.359521 -0.416738 
2.93 -5.92959 9 -0.416674 -0.359451 -0.371973 -0.370717 -0.380664 -0.414102 -0.428889 -0.444651 -0.428889 -0.414101 -0.380663 -0.370715 -0.371971 -0.35945 -0.416679 
2.94 -5.9306 10 -0.416611 -0.359386 -0.372007 -0.370763 -0.380868 -0.414481 -0.429002 -0.444363 -0.429002 -0.41448 -0.380867 -0.370762 -0.372006 -0.359386 -0.416616 
2.95 -5.9316 10 -0.416545 -0.359329 -0.372033 -0.370813 -0.381075 -0.414858 -0.429113 -0.444075 -0.429113 -0.414857 -0.381073 -0.370812 -0.372031 -0.359328 -0.41655 
2.96 -5.9326 10 -0.416475 -0.359279 -0.372049 -0.370866 -0.381283 -0.415234 -0.429221 -0.443786 -0.429221 -0.415233 -0.381282 -0.370865 -0.372047 -0.359278 -0.416479 
2.97 -5.93359 10 -0.4164 -0.359236 -0.372056 -0.370923 -0.381495 -0.415608 -0.429327 -0.443498 -0.429327 -0.415607 -0.381493 -0.370921 -0.372054 -0.359235 -0.416405 
2.98 -5.93457 10 -0.416322 -0.359201 -0.372055 -0.370982 -0.381709 -0.41598 -0.42943 -0.44321 -0.429431 -0.415979 -0.381707 -0.370981 -0.372053 -0.3592 -0.416327 
2.99 -5.93554 10 -0.41624 -0.359174 -0.372045 -0.371045 -0.381925 -0.416351 -0.429531 -0.442922 -0.429532 -0.41635 -0.381923 -0.371044 -0.372043 -0.359173 -0.416245 
3 -5.93651 10 -0.416153 -0.359154 -0.372026 -0.371111 -0.382143 -0.41672 -0.42963 -0.442634 -0.42963 -0.416719 -0.382142 -0.371109 -0.372025 -0.359153 -0.416158 
3.01 -5.93747 10 -0.416062 -0.359142 -0.372 -0.371179 -0.382364 -0.417087 -0.429727 -0.442347 -0.429727 -0.417086 -0.382363 -0.371178 -0.371998 -0.359141 -0.416068 
3.02 -5.93842 10 -0.415967 -0.359138 -0.371966 -0.371251 -0.382588 -0.417452 -0.429821 -0.44206 -0.429821 -0.417451 -0.382586 -0.371249 -0.371964 -0.359136 -0.415973 
3.03 -5.93937 10 -0.415868 -0.359141 -0.371925 -0.371325 -0.382813 -0.417815 -0.429912 -0.441773 -0.429912 -0.417814 -0.382812 -0.371323 -0.371923 -0.35914 -0.415874 
3.04 -5.94032 10 -0.415764 -0.359153 -0.371877 -0.371402 -0.383041 -0.418176 -0.430001 -0.441487 -0.430002 -0.418175 -0.38304 -0.3714 -0.371875 -0.359152 -0.41577 
3.05 -5.94126 10 -0.415657 -0.359173 -0.371822 -0.371481 -0.383272 -0.418535 -0.430088 -0.441202 -0.430089 -0.418535 -0.38327 -0.37148 -0.371821 -0.359171 -0.415662 
3.06 -5.9422 10 -0.415545 -0.3592 -0.371762 -0.371563 -0.383504 -0.418892 -0.430173 -0.440918 -0.430173 -0.418892 -0.383503 -0.371562 -0.37176 -0.359199 -0.415551 
3.07 -5.94313 10 -0.415429 -0.359236 -0.371697 -0.371648 -0.383739 -0.419247 -0.430255 -0.440634 -0.430255 -0.419246 -0.383738 -0.371646 -0.371695 -0.359234 -0.415435 
3.08 -5.94407 10 -0.415308 -0.359279 -0.371627 -0.371735 -0.383976 -0.4196 -0.430335 -0.440351 -0.430335 -0.419599 -0.383975 -0.371733 -0.371625 -0.359278 -0.415314 
3.09 -5.94501 10 -0.415184 -0.359331 -0.371553 -0.371824 -0.384216 -0.41995 -0.430412 -0.440069 -0.430413 -0.419949 -0.384214 -0.371823 -0.371551 -0.359329 -0.41519 
3.1 -5.94595 10 -0.415056 -0.359389 -0.371475 -0.371916 -0.384457 -0.420298 -0.430487 -0.439788 -0.430488 -0.420297 -0.384456 -0.371914 -0.371473 -0.359388 -0.415062 
3.11 -5.94689 10 -0.414924 -0.359456 -0.371394 -0.37201 -0.384701 -0.420644 -0.43056 -0.439508 -0.430561 -0.420643 -0.3847 -0.372008 -0.371392 -0.359454 -0.41493 
3.12 -5.94783 10 -0.414788 -0.35953 -0.37131 -0.372106 -0.384947 -0.420987 -0.430631 -0.439229 -0.430631 -0.420986 -0.384946 -0.372105 -0.371309 -0.359528 -0.414795 
3.13 -5.94877 10 -0.414649 -0.359611 -0.371225 -0.372205 -0.385196 -0.421327 -0.430699 -0.438951 -0.430699 -0.421327 -0.385194 -0.372203 -0.371223 -0.359609 -0.414656 
3.14 -5.94973 10 -0.414507 -0.359699 -0.371137 -0.372306 -0.385446 -0.421666 -0.430765 -0.438675 -0.430765 -0.421665 -0.385444 -0.372304 -0.371136 -0.359697 -0.414514 
3.15 -5.95068 10 -0.414361 -0.359794 -0.371049 -0.372409 -0.385698 -0.422001 -0.430829 -0.4384 -0.430829 -0.422 -0.385697 -0.372407 -0.371047 -0.359792 -0.414368 
3.16 -5.95164 10 -0.414213 -0.359895 -0.37096 -0.372514 -0.385953 -0.422334 -0.43089 -0.438126 -0.430891 -0.422333 -0.385951 -0.372513 -0.370958 -0.359893 -0.41422 
3.17 -5.95261 11 -0.414062 -0.360003 -0.370871 -0.372622 -0.386209 -0.422664 -0.43095 -0.437853 -0.43095 -0.422664 -0.386208 -0.37262 -0.370869 -0.360001 -0.414069 
3.18 -5.95359 11 -0.413908 -0.360116 -0.370781 -0.372731 -0.386467 -0.422992 -0.431007 -0.437582 -0.431007 -0.422991 -0.386466 -0.37273 -0.37078 -0.360114 -0.413915 
3.19 -5.95457 11 -0.413753 -0.360235 -0.370693 -0.372843 -0.386728 -0.423317 -0.431061 -0.437313 -0.431062 -0.423316 -0.386726 -0.372842 -0.370691 -0.360233 -0.41376 
3.2 -5.95556 11 -0.413595 -0.360359 -0.370605 -0.372957 -0.38699 -0.423639 -0.431114 -0.437045 -0.431114 -0.423638 -0.386989 -0.372956 -0.370603 -0.360357 -0.413602 
3.21 -5.95656 11 -0.413436 -0.360488 -0.370518 -0.373073 -0.387254 -0.423958 -0.431164 -0.436779 -0.431165 -0.423957 -0.387253 -0.373072 -0.370516 -0.360485 -0.413443 
3.22 -5.95757 11 -0.413276 -0.36062 -0.370433 -0.373192 -0.38752 -0.424274 -0.431213 -0.436514 -0.431213 -0.424273 -0.387519 -0.37319 -0.370431 -0.360618 -0.413283 
3.23 -5.95858 11 -0.413114 -0.360756 -0.370349 -0.373312 -0.387788 -0.424587 -0.431259 -0.436251 -0.431259 -0.424587 -0.387787 -0.373311 -0.370348 -0.360754 -0.413121 
3.24 -5.95961 11 -0.412952 -0.360895 -0.370268 -0.373435 -0.388058 -0.424898 -0.431303 -0.43599 -0.431303 -0.424897 -0.388056 -0.373434 -0.370266 -0.360893 -0.41296 
3.25 -5.96064 11 -0.41279 -0.361037 -0.370189 -0.37356 -0.388329 -0.425205 -0.431344 -0.435731 -0.431345 -0.425204 -0.388328 -0.373559 -0.370187 -0.361034 -0.412797 
3.26 -5.96168 11 -0.412628 -0.36118 -0.370112 -0.373687 -0.388602 -0.425509 -0.431384 -0.435474 -0.431384 -0.425508 -0.388601 -0.373686 -0.37011 -0.361178 -0.412635 
3.27 -5.96273 11 -0.412466 -0.361325 -0.370038 -0.373816 -0.388877 -0.42581 -0.431422 -0.435218 -0.431422 -0.42581 -0.388876 -0.373815 -0.370036 -0.361322 -0.412473 
3.28 -5.96378 11 -0.412305 -0.361469 -0.369966 -0.373948 -0.389154 -0.426108 -0.431457 -0.434965 -0.431458 -0.426108 -0.389152 -0.373946 -0.369965 -0.361467 -0.412312 
3.29 -5.96484 11 -0.412145 -0.361614 -0.369898 -0.374082 -0.389432 -0.426403 -0.431491 -0.434713 -0.431491 -0.426402 -0.38943 -0.37408 -0.369896 -0.361612 -0.412152 
3.3 -5.96591 11 -0.411986 -0.361758 -0.369832 -0.374217 -0.389711 -0.426695 -0.431522 -0.434464 -0.431523 -0.426694 -0.38971 -0.374216 -0.369831 -0.361755 -0.411994 
3.31 -5.96698 11 -0.41183 -0.3619 -0.36977 -0.374356 -0.389992 -0.426983 -0.431552 -0.434217 -0.431552 -0.426982 -0.389991 -0.374354 -0.369768 -0.361897 -0.411838 
3.32 -5.96806 11 -0.411675 -0.36204 -0.36971 -0.374496 -0.390275 -0.427268 -0.431579 -0.433972 -0.43158 -0.427268 -0.390274 -0.374495 -0.369709 -0.362037 -0.411683 
3.33 -5.96914 12 -0.411523 -0.362176 -0.369654 -0.374639 -0.390559 -0.42755 -0.431605 -0.433729 -0.431605 -0.427549 -0.390558 -0.374637 -0.369652 -0.362174 -0.411531 
3.34 -5.97023 12 -0.411374 -0.362309 -0.369601 -0.374784 -0.390845 -0.427828 -0.431629 -0.433488 -0.431629 -0.427828 -0.390843 -0.374782 -0.369599 -0.362306 -0.411382 
3.35 -5.97132 12 -0.411228 -0.362438 -0.369551 -0.374931 -0.391132 -0.428103 -0.43165 -0.43325 -0.431651 -0.428103 -0.39113 -0.374929 -0.36955 -0.362435 -0.411236 
3.36 -5.97241 12 -0.411085 -0.362561 -0.369505 -0.37508 -0.39142 -0.428375 -0.43167 -0.433014 -0.431671 -0.428375 -0.391418 -0.375079 -0.369503 -0.362558 -0.411093 
3.37 -5.9735 12 -0.410946 -0.362678 -0.369461 -0.375232 -0.391709 -0.428643 -0.431688 -0.43278 -0.431689 -0.428643 -0.391708 -0.375231 -0.36946 -0.362675 -0.410954 
3.38 -5.97459 12 -0.410811 -0.36279 -0.369421 -0.375386 -0.392 -0.428908 -0.431704 -0.432548 -0.431705 -0.428908 -0.391999 -0.375385 -0.36942 -0.362787 -0.410819 
3.39 -5.97568 12 -0.41068 -0.362894 -0.369384 -0.375542 -0.392292 -0.429169 -0.431719 -0.43232 -0.431719 -0.429169 -0.392291 -0.375541 -0.369382 -0.362891 -0.410688 
3.4 -5.97677 12 -0.410553 -0.362991 -0.36935 -0.375701 -0.392585 -0.429427 -0.431731 -0.432093 -0.431732 -0.429427 -0.392584 -0.3757 -0.369348 -0.362988 -0.410561 
3.41 -5.97786 12 -0.41043 -0.363081 -0.369319 -0.375862 -0.392879 -0.429681 -0.431742 -0.431869 -0.431742 -0.429681 -0.392878 -0.375861 -0.369317 -0.363078 -0.410438 
3.42 -5.97894 12 -0.410312 -0.363162 -0.369291 -0.376025 -0.393175 -0.429932 -0.431751 -0.431647 -0.431751 -0.429931 -0.393173 -0.376024 -0.369289 -0.363159 -0.41032 
3.43 -5.98003 12 -0.410198 -0.363236 -0.369266 -0.376191 -0.393471 -0.430179 -0.431758 -0.431429 -0.431758 -0.430179 -0.39347 -0.37619 -0.369264 -0.363232 -0.410206 
3.44 -5.98111 12 -0.41009 -0.3633 -0.369243 -0.376359 -0.393768 -0.430422 -0.431763 -0.431212 -0.431764 -0.430422 -0.393767 -0.376358 -0.369242 -0.363297 -0.410098 
3.45 -5.98218 12 -0.409986 -0.363357 -0.369224 -0.376529 -0.394067 -0.430662 -0.431767 -0.430998 -0.431768 -0.430662 -0.394066 -0.376528 -0.369222 -0.363354 -0.409994 
3.46 -5.98325 12 -0.409887 -0.363404 -0.369206 -0.376702 -0.394366 -0.430898 -0.431769 -0.430787 -0.43177 -0.430898 -0.394365 -0.3767 -0.369205 -0.363401 -0.409895 
3.47 -5.98432 12 -0.409793 -0.363444 -0.369192 -0.376877 -0.394666 -0.431131 -0.43177 -0.430579 -0.43177 -0.43113 -0.394665 -0.376875 -0.36919 -0.36344 -0.409801 
3.48 -5.98539 13 -0.409704 -0.363474 -0.36918 -0.377054 -0.394967 -0.43136 -0.431769 -0.430373 -0.431769 -0.431359 -0.394966 -0.377053 -0.369178 -0.363471 -0.409712 
3.49 -5.98645 13 -0.40962 -0.363497 -0.36917 -0.377234 -0.395269 -0.431585 -0.431766 -0.43017 -0.431767 -0.431584 -0.395268 -0.377232 -0.369168 -0.363494 -0.409628 
3.5 -5.98751 13 -0.409541 -0.363511 -0.369162 -0.377416 -0.395571 -0.431806 -0.431762 -0.429969 -0.431762 -0.431805 -0.39557 -0.377414 -0.369161 -0.363508 -0.409549 
3.51 -5.98856 13 -0.409467 -0.363518 -0.369157 -0.3776 -0.395874 -0.432023 -0.431756 -0.429772 -0.431757 -0.432023 -0.395873 -0.377599 -0.369156 -0.363515 -0.409475 
3.52 -5.98962 13 -0.409398 -0.363518 -0.369154 -0.377787 -0.396178 -0.432237 -0.431749 -0.429577 -0.431749 -0.432237 -0.396177 -0.377785 -0.369152 -0.363514 -0.409406 
3.53 -5.99067 13 -0.409334 -0.36351 -0.369153 -0.377976 -0.396482 -0.432447 -0.43174 -0.429384 -0.431741 -0.432447 -0.396481 -0.377974 -0.369151 -0.363507 -0.409343 
3.54 -5.99172 13 -0.409276 -0.363496 -0.369154 -0.378167 -0.396787 -0.432653 -0.43173 -0.429195 -0.431731 -0.432653 -0.396786 -0.378165 -0.369153 -0.363492 -0.409284 
3.55 -5.99277 13 -0.409222 -0.363475 -0.369157 -0.37836 -0.397093 -0.432856 -0.431719 -0.429009 -0.431719 -0.432855 -0.397092 -0.378359 -0.369155 -0.363472 -0.409231 
3.56 -5.99383 13 -0.409174 -0.363449 -0.369162 -0.378556 -0.397399 -0.433054 -0.431706 -0.428825 -0.431706 -0.433054 -0.397398 -0.378555 -0.36916 -0.363446 -0.409182 
3.57 -5.99488 13 -0.409131 -0.363418 -0.369169 -0.378754 -0.397705 -0.433249 -0.431691 -0.428644 -0.431692 -0.433249 -0.397704 -0.378753 -0.369167 -0.363415 -0.409139 
3.58 -5.99593 13 -0.409092 -0.363382 -0.369177 -0.378955 -0.398012 -0.43344 -0.431675 -0.428466 -0.431676 -0.43344 -0.398011 -0.378953 -0.369176 -0.363379 -0.4091 
3.59 -5.99699 13 -0.409059 -0.363342 -0.369188 -0.379157 -0.398319 -0.433627 -0.431658 -0.428291 -0.431659 -0.433627 -0.398318 -0.379156 -0.369186 -0.363339 -0.409067 
3.6 -5.99805 13 -0.40903 -0.363299 -0.3692 -0.379362 -0.398626 -0.43381 -0.43164 -0.428119 -0.431641 -0.43381 -0.398625 -0.379361 -0.369198 -0.363295 -0.409038 
3.61 -5.99912 13 -0.409006 -0.363252 -0.369213 -0.379569 -0.398934 -0.433989 -0.43162 -0.42795 -0.431621 -0.433989 -0.398933 -0.379568 -0.369212 -0.363248 -0.409014 
3.62 -6.00019 13 -0.408986 -0.363202 -0.369229 -0.379778 -0.399242 -0.434165 -0.4316 -0.427784 -0.4316 -0.434165 -0.399241 -0.379777 -0.369227 -0.363198 -0.408994 
3.63 -6.00126 13 -0.408971 -0.36315 -0.369246 -0.37999 -0.39955 -0.434336 -0.431578 -0.42762 -0.431578 -0.434336 -0.399549 -0.379988 -0.369244 -0.363146 -0.408979 
3.64 -6.00234 13 -0.40896 -0.363096 -0.369265 -0.380203 -0.399858 -0.434504 -0.431554 -0.42746 -0.431555 -0.434504 -0.399857 -0.380202 -0.369263 -0.363092 -0.408968 
3.65 -6.00342 13 -0.408953 -0.36304 -0.369285 -0.380419 -0.400166 -0.434668 -0.43153 -0.427302 -0.43153 -0.434668 -0.400165 -0.380418 -0.369283 -0.363037 -0.408961 
3.66 -6.00452 13 -0.40895 -0.362984 -0.369307 -0.380637 -0.400474 -0.434828 -0.431504 -0.427148 -0.431505 -0.434827 -0.400473 -0.380635 -0.369305 -0.362981 -0.408957 
3.67 -6.00561 13 -0.408949 -0.362927 -0.36933 -0.380857 -0.400782 -0.434984 -0.431478 -0.426996 -0.431478 -0.434983 -0.400781 -0.380855 -0.369329 -0.362924 -0.408957 
3.68 -6.00671 13 -0.408952 -0.36287 -0.369355 -0.381079 -0.40109 -0.435136 -0.43145 -0.426847 -0.431451 -0.435136 -0.401089 -0.381077 -0.369354 -0.362867 -0.40896 
3.69 -6.00782 13 -0.408957 -0.362813 -0.369382 -0.381303 -0.401398 -0.435284 -0.431421 -0.426702 -0.431422 -0.435284 -0.401397 -0.381302 -0.36938 -0.362809 -0.408965 
3.7 -6.00893 13 -0.408964 -0.362756 -0.36941 -0.381529 -0.401706 -0.435428 -0.431392 -0.426559 -0.431392 -0.435428 -0.401705 -0.381528 -0.369408 -0.362753 -0.408972 
3.71 -6.01005 13 -0.408973 -0.3627 -0.36944 -0.381757 -0.402014 -0.435569 -0.431361 -0.426419 -0.431361 -0.435569 -0.402013 -0.381756 -0.369438 -0.362697 -0.40898 
3.72 -6.01117 14 -0.408982 -0.362645 -0.369471 -0.381988 -0.402321 -0.435705 -0.431329 -0.426283 -0.43133 -0.435705 -0.40232 -0.381986 -0.36947 -0.362641 -0.40899 
3.73 -6.01229 14 -0.408992 -0.362591 -0.369504 -0.38222 -0.402628 -0.435838 -0.431297 -0.426149 -0.431297 -0.435838 -0.402627 -0.382218 -0.369503 -0.362588 -0.409 
3.74 -6.01341 14 -0.409002 -0.362538 -0.369539 -0.382454 -0.402935 -0.435967 -0.431263 -0.426018 -0.431264 -0.435967 -0.402934 -0.382452 -0.369537 -0.362535 -0.409009 
3.75 -6.01454 14 -0.40901 -0.362487 -0.369575 -0.38269 -0.403241 -0.436092 -0.431229 -0.42589 -0.431229 -0.436092 -0.40324 -0.382688 -0.369573 -0.362484 -0.409018 
3.76 -6.01566 14 -0.409017 -0.362438 -0.369613 -0.382928 -0.403547 -0.436213 -0.431193 -0.425766 -0.431194 -0.436213 -0.403546 -0.382926 -0.369611 -0.362435 -0.409024 
3.77 -6.01679 14 -0.409021 -0.362391 -0.369652 -0.383167 -0.403853 -0.43633 -0.431157 -0.425644 -0.431158 -0.43633 -0.403852 -0.383166 -0.369651 -0.362387 -0.409028 
3.78 -6.01791 14 -0.409021 -0.362345 -0.369693 -0.383409 -0.404158 -0.436444 -0.43112 -0.425525 -0.431121 -0.436443 -0.404157 -0.383408 -0.369692 -0.362342 -0.409028 
3.79 -6.01902 14 -0.409017 -0.362302 -0.369736 -0.383652 -0.404462 -0.436553 -0.431083 -0.425409 -0.431083 -0.436553 -0.404461 -0.383651 -0.369734 -0.362298 -0.409024 
3.8 -6.02013 14 -0.409007 -0.36226 -0.36978 -0.383898 -0.404766 -0.436659 -0.431044 -0.425296 -0.431044 -0.436659 -0.404765 -0.383896 -0.369779 -0.362257 -0.409014 
3.81 -6.02122 14 -0.408991 -0.362221 -0.369826 -0.384145 -0.40507 -0.436761 -0.431005 -0.425186 -0.431005 -0.436761 -0.405069 -0.384143 -0.369825 -0.362218 -0.408998 
3.82 -6.02231 14 -0.408968 -0.362185 -0.369874 -0.384393 -0.405372 -0.436859 -0.430965 -0.425079 -0.430965 -0.436859 -0.405371 -0.384392 -0.369872 -0.362181 -0.408975 
3.83 -6.02338 14 -0.408936 -0.36215 -0.369923 -0.384644 -0.405674 -0.436953 -0.430924 -0.424975 -0.430925 -0.436953 -0.405673 -0.384642 -0.369922 -0.362147 -0.408943 
3.84 -6.02444 14 -0.408895 -0.362117 -0.369975 -0.384896 -0.405975 -0.437044 -0.430883 -0.424874 -0.430884 -0.437044 -0.405974 -0.384894 -0.369973 -0.362114 -0.408902 
3.85 -6.02549 14 -0.408844 -0.362087 -0.370027 -0.385149 -0.406276 -0.43713 -0.430841 -0.424776 -0.430842 -0.43713 -0.406275 -0.385148 -0.370026 -0.362084 -0.408851 
3.86 -6.02651 14 -0.408781 -0.362059 -0.370082 -0.385405 -0.406575 -0.437213 -0.430799 -0.424681 -0.430799 -0.437213 -0.406574 -0.385403 -0.37008 -0.362056 -0.408788 
3.87 -6.02751 15 -0.408707 -0.362033 -0.370138 -0.385661 -0.406874 -0.437293 -0.430756 -0.424589 -0.430756 -0.437293 -0.406873 -0.38566 -0.370137 -0.36203 -0.408714 
3.88 -6.02849 15 -0.408619 -0.362009 -0.370196 -0.38592 -0.407171 -0.437368 -0.430712 -0.424499 -0.430713 -0.437368 -0.407171 -0.385918 -0.370195 -0.362006 -0.408626 
3.89 -6.02945 15 -0.408518 -0.361987 -0.370256 -0.38618 -0.407468 -0.43744 -0.430668 -0.424413 -0.430668 -0.43744 -0.407467 -0.386178 -0.370255 -0.361984 -0.408524 
3.9 -6.03038 15 -0.408402 -0.361966 -0.370318 -0.386441 -0.407764 -0.437508 -0.430623 -0.424329 -0.430624 -0.437508 -0.407763 -0.386439 -0.370316 -0.361963 -0.408408 
3.91 -6.03128 15 -0.40827 -0.361948 -0.370382 -0.386704 -0.408059 -0.437573 -0.430578 -0.424249 -0.430579 -0.437573 -0.408058 -0.386702 -0.37038 -0.361945 -0.408277 
3.92 -6.03215 15 -0.408124 -0.361931 -0.370447 -0.386968 -0.408352 -0.437634 -0.430533 -0.424171 -0.430533 -0.437634 -0.408352 -0.386966 -0.370445 -0.361928 -0.40813 
3.93 -6.03299 15 -0.407961 -0.361916 -0.370514 -0.387233 -0.408645 -0.437691 -0.430487 -0.424096 -0.430487 -0.437691 -0.408644 -0.387232 -0.370512 -0.361913 -0.407967 
3.94 -6.0338 15 -0.407781 -0.361902 -0.370583 -0.3875 -0.408936 -0.437745 -0.43044 -0.424024 -0.430441 -0.437745 -0.408936 -0.387499 -0.370581 -0.361899 -0.407788 
3.95 -6.03458 16 -0.407585 -0.361889 -0.370654 -0.387768 -0.409227 -0.437795 -0.430394 -0.423955 -0.430394 -0.437795 -0.409226 -0.387767 -0.370652 -0.361886 -0.407592 
3.96 -6.03532 16 -0.407372 -0.361878 -0.370726 -0.388038 -0.409516 -0.437841 -0.430347 -0.423888 -0.430347 -0.437841 -0.409515 -0.388036 -0.370724 -0.361875 -0.407378 
3.97 -6.03604 16 -0.407142 -0.361868 -0.3708 -0.388309 -0.409803 -0.437884 -0.430299 -0.423825 -0.430299 -0.437884 -0.409802 -0.388307 -0.370799 -0.361865 -0.407148 
3.98 -6.03672 16 -0.406895 -0.361859 -0.370877 -0.388581 -0.41009 -0.437924 -0.430251 -0.423764 -0.430252 -0.437924 -0.410089 -0.388579 -0.370875 -0.361856 -0.406901 
3.99 -6.03736 16 -0.406631 -0.361851 -0.370955 -0.388854 -0.410375 -0.43796 -0.430203 -0.423706 -0.430204 -0.43796 -0.410374 -0.388852 -0.370953 -0.361848 -0.406638 
4 -6.03798 16 -0.406351 -0.361843 -0.371034 -0.389128 -0.410658 -0.437992 -0.430155 -0.42365 -0.430155 -0.437992 -0.410658 -0.389126 -0.371033 -0.361841 -0.406358 
4.01 -6.03856 16 -0.406055 -0.361837 -0.371116 -0.389403 -0.410941 -0.438021 -0.430106 -0.423598 -0.430107 -0.438021 -0.41094 -0.389401 -0.371114 -0.361834 -0.406062 
4.02 -6.03911 16 -0.405743 -0.361831 -0.371199 -0.389679 -0.411222 -0.438047 -0.430057 -0.423548 -0.430058 -0.438047 -0.411221 -0.389678 -0.371198 -0.361828 -0.40575 
4.03 -6.03962 16 -0.405416 -0.361826 -0.371285 -0.389957 -0.411501 -0.438069 -0.430008 -0.423501 -0.430009 -0.438069 -0.4115 -0.389955 -0.371283 -0.361823 -0.405423 
4.04 -6.04011 16 -0.405074 -0.361821 -0.371372 -0.390235 -0.411779 -0.438088 -0.429959 -0.423456 -0.429959 -0.438088 -0.411778 -0.390233 -0.37137 -0.361818 -0.405081 
4.05 -6.04057 16 -0.404718 -0.361816 -0.371461 -0.390514 -0.412055 -0.438104 -0.42991 -0.423415 -0.42991 -0.438104 -0.412054 -0.390513 -0.371459 -0.361814 -0.404725 
4.06 -6.041 16 -0.404349 -0.361812 -0.371551 -0.390794 -0.41233 -0.438116 -0.42986 -0.423375 -0.42986 -0.438116 -0.412329 -0.390793 -0.37155 -0.36181 -0.404355 
4.07 -6.04141 16 -0.403967 -0.361809 -0.371644 -0.391076 -0.412603 -0.438126 -0.42981 -0.423339 -0.429811 -0.438125 -0.412602 -0.391074 -0.371642 -0.361806 -0.403973 
4.08 -6.04178 16 -0.403572 -0.361805 -0.371738 -0.391357 -0.412874 -0.438131 -0.429761 -0.423305 -0.429761 -0.438131 -0.412874 -0.391356 -0.371736 -0.361802 -0.403578 
4.09 -6.04213 17 -0.403166 -0.361802 -0.371834 -0.39164 -0.413144 -0.438134 -0.429711 -0.423274 -0.429711 -0.438134 -0.413144 -0.391638 -0.371832 -0.361799 -0.403172 
4.1 -6.04246 17 -0.402748 -0.361799 -0.371932 -0.391923 -0.413412 -0.438134 -0.429661 -0.423245 -0.429661 -0.438133 -0.413412 -0.391922 -0.37193 -0.361796 -0.402755 
4.11 -6.04277 17 -0.402321 -0.361796 -0.372031 -0.392208 -0.413679 -0.43813 -0.429611 -0.423219 -0.429611 -0.43813 -0.413678 -0.392206 -0.372029 -0.361793 -0.402327 
4.12 -6.04305 17 -0.401884 -0.361793 -0.372132 -0.392492 -0.413943 -0.438123 -0.429561 -0.423195 -0.429561 -0.438123 -0.413942 -0.392491 -0.372131 -0.36179 -0.40189 
4.13 -6.04332 17 -0.401438 -0.36179 -0.372235 -0.392778 -0.414206 -0.438113 -0.429511 -0.423174 -0.429511 -0.438113 -0.414205 -0.392776 -0.372234 -0.361788 -0.401444 
4.14 -6.04356 17 -0.400984 -0.361788 -0.37234 -0.393064 -0.414467 -0.4381 -0.429461 -0.423155 -0.429461 -0.4381 -0.414466 -0.393062 -0.372338 -0.361785 -0.40099 
4.15 -6.04379 17 -0.400522 -0.361785 -0.372446 -0.39335 -0.414726 -0.438084 -0.429411 -0.423139 -0.429411 -0.438084 -0.414725 -0.393349 -0.372445 -0.361783 -0.400528 
4.16 -6.044 17 -0.400053 -0.361783 -0.372554 -0.393637 -0.414983 -0.438066 -0.429361 -0.423125 -0.429361 -0.438066 -0.414982 -0.393636 -0.372553 -0.36178 -0.400059 
4.17 -6.04419 17 -0.399578 -0.36178 -0.372664 -0.393925 -0.415238 -0.438044 -0.429311 -0.423114 -0.429311 -0.438044 -0.415237 -0.393923 -0.372662 -0.361778 -0.399584 
4.18 -6.04437 17 -0.399096 -0.361778 -0.372775 -0.394213 -0.415491 -0.438019 -0.429261 -0.423105 -0.429261 -0.438019 -0.415491 -0.394211 -0.372774 -0.361775 -0.399102 
4.19 -6.04454 18 -0.39861 -0.361776 -0.372888 -0.394501 -0.415743 -0.437992 -0.429211 -0.423098 -0.429211 -0.437992 -0.415742 -0.394499 -0.372887 -0.361773 -0.398616 
4.2 -6.04469 18 -0.398118 -0.361773 -0.373003 -0.39479 -0.415992 -0.437961 -0.429162 -0.423093 -0.429162 -0.437961 -0.415991 -0.394788 -0.373001 -0.361771 -0.398124 
4.21 -6.04483 18 -0.397622 -0.361771 -0.373119 -0.395079 -0.416239 -0.437928 -0.429112 -0.423091 -0.429112 -0.437928 -0.416238 -0.395077 -0.373117 -0.361769 -0.397628 
4.22 -6.04496 18 -0.397122 -0.361769 -0.373237 -0.395368 -0.416484 -0.437892 -0.429063 -0.423092 -0.429063 -0.437892 -0.416484 -0.395366 -0.373235 -0.361767 -0.397128 
4.23 -6.04508 18 -0.396619 -0.361767 -0.373356 -0.395657 -0.416727 -0.437853 -0.429013 -0.423094 -0.429014 -0.437853 -0.416727 -0.395656 -0.373354 -0.361765 -0.396624 
4.24 -6.04519 18 -0.396112 -0.361765 -0.373477 -0.395947 -0.416968 -0.437812 -0.428964 -0.423099 -0.428965 -0.437812 -0.416968 -0.395945 -0.373475 -0.361763 -0.396118 
4.25 -6.04529 18 -0.395603 -0.361764 -0.373599 -0.396237 -0.417207 -0.437768 -0.428915 -0.423106 -0.428916 -0.437768 -0.417207 -0.396235 -0.373598 -0.361761 -0.395608 
4.26 -6.04538 18 -0.395091 -0.361762 -0.373723 -0.396526 -0.417444 -0.437721 -0.428867 -0.423115 -0.428867 -0.437721 -0.417443 -0.396525 -0.373722 -0.36176 -0.395097 
4.27 -6.04547 18 -0.394577 -0.361761 -0.373849 -0.396816 -0.417678 -0.437672 -0.428818 -0.423126 -0.428818 -0.437672 -0.417678 -0.396815 -0.373847 -0.361759 -0.394583 
4.28 -6.04555 18 -0.394061 -0.36176 -0.373976 -0.397106 -0.417911 -0.437621 -0.42877 -0.42314 -0.42877 -0.437621 -0.41791 -0.397105 -0.373974 -0.361758 -0.394067 
4.29 -6.04562 18 -0.393544 -0.361759 -0.374104 -0.397396 -0.418141 -0.437566 -0.428722 -0.423155 -0.428722 -0.437566 -0.41814 -0.397395 -0.374102 -0.361757 -0.39355 
4.3 -6.04569 18 -0.393026 -0.361758 -0.374234 -0.397686 -0.418368 -0.43751 -0.428674 -0.423173 -0.428674 -0.43751 -0.418368 -0.397684 -0.374232 -0.361756 -0.393032 
4.31 -6.04575 18 -0.392507 -0.361758 -0.374365 -0.397976 -0.418594 -0.437451 -0.428626 -0.423193 -0.428627 -0.437451 -0.418594 -0.397974 -0.374363 -0.361756 -0.392513 
4.32 -6.0458 18 -0.391987 -0.361758 -0.374498 -0.398265 -0.418817 -0.437389 -0.428579 -0.423214 -0.428579 -0.437389 -0.418817 -0.398263 -0.374496 -0.361756 -0.391993 
4.33 -6.04585 18 -0.391467 -0.361759 -0.374632 -0.398554 -0.419038 -0.437326 -0.428532 -0.423238 -0.428532 -0.437326 -0.419038 -0.398553 -0.37463 -0.361756 -0.391472 
4.34 -6.0459 18 -0.390946 -0.361759 -0.374767 -0.398843 -0.419257 -0.43726 -0.428486 -0.423264 -0.428486 -0.43726 -0.419256 -0.398842 -0.374765 -0.361757 -0.390952 
4.35 -6.04594 18 -0.390425 -0.36176 -0.374904 -0.399132 -0.419473 -0.437191 -0.428439 -0.423291 -0.428439 -0.437191 -0.419473 -0.39913 -0.374902 -0.361758 -0.390431 
4.36 -6.04598 18 -0.389905 -0.361762 -0.375042 -0.39942 -0.419687 -0.437121 -0.428393 -0.423321 -0.428393 -0.437121 -0.419687 -0.399419 -0.37504 -0.36176 -0.38991 
4.37 -6.04602 19 -0.389384 -0.361764 -0.375181 -0.399708 -0.419899 -0.437048 -0.428347 -0.423352 -0.428347 -0.437048 -0.419898 -0.399707 -0.375179 -0.361762 -0.38939 
4.38 -6.04605 19 -0.388864 -0.361767 -0.375322 -0.399996 -0.420108 -0.436973 -0.428302 -0.423385 -0.428302 -0.436973 -0.420107 -0.399994 -0.37532 -0.361765 -0.388869 
4.39 -6.04608 19 -0.388345 -0.36177 -0.375463 -0.400283 -0.420314 -0.436897 -0.428257 -0.42342 -0.428257 -0.436897 -0.420314 -0.400281 -0.375462 -0.361768 -0.38835 
4.4 -6.0461 19 -0.387826 -0.361773 -0.375607 -0.400569 -0.420519 -0.436818 -0.428212 -0.423457 -0.428212 -0.436818 -0.420518 -0.400568 -0.375605 -0.361771 -0.387831 
4.41 -6.04613 19 -0.387308 -0.361777 -0.375751 -0.400855 -0.42072 -0.436737 -0.428168 -0.423496 -0.428168 -0.436737 -0.42072 -0.400854 -0.375749 -0.361775 -0.387313 
4.42 -6.04615 19 -0.386791 -0.361782 -0.375897 -0.401141 -0.42092 -0.436654 -0.428124 -0.423536 -0.428124 -0.436654 -0.42092 -0.401139 -0.375895 -0.36178 -0.386796 
4.43 -6.04617 19 -0.386274 -0.361788 -0.376043 -0.401426 -0.421117 -0.436569 -0.42808 -0.423578 -0.42808 -0.436569 -0.421116 -0.401424 -0.376042 -0.361786 -0.386279 
4.44 -6.04619 19 -0.385759 -0.361794 -0.376191 -0.40171 -0.421311 -0.436483 -0.428037 -0.423622 -0.428037 -0.436483 -0.421311 -0.401708 -0.37619 -0.361792 -0.385764 
4.45 -6.04621 19 -0.385245 -0.3618 -0.376341 -0.401993 -0.421503 -0.436394 -0.427994 -0.423667 -0.427994 -0.436394 -0.421503 -0.401991 -0.376339 -0.361798 -0.38525 
4.46 -6.04622 19 -0.384733 -0.361808 -0.376491 -0.402275 -0.421692 -0.436304 -0.427952 -0.423714 -0.427952 -0.436304 -0.421692 -0.402274 -0.376489 -0.361806 -0.384738 
4.47 -6.04624 19 -0.384221 -0.361816 -0.376642 -0.402557 -0.421879 -0.436212 -0.42791 -0.423763 -0.42791 -0.436212 -0.421879 -0.402556 -0.376641 -0.361814 -0.384226 
4.48 -6.04625 19 -0.383711 -0.361825 -0.376795 -0.402838 -0.422063 -0.436118 -0.427868 -0.423813 -0.427868 -0.436118 -0.422063 -0.402836 -0.376793 -0.361823 -0.383716 
4.49 -6.04626 20 -0.383203 -0.361835 -0.376948 -0.403118 -0.422245 -0.436023 -0.427827 -0.423865 -0.427827 -0.436023 -0.422245 -0.403116 -0.376947 -0.361833 -0.383208 
4.5 -6.04627 20 -0.382696 -0.361845 -0.377103 -0.403397 -0.422424 -0.435926 -0.427787 -0.423918 -0.427787 -0.435926 -0.422424 -0.403395 -0.377101 -0.361843 -0.382701 
4.51 -6.04628 20 -0.382191 -0.361856 -0.377259 -0.403675 -0.422601 -0.435828 -0.427746 -0.423973 -0.427746 -0.435828 -0.422601 -0.403673 -0.377257 -0.361855 -0.382196 
4.52 -6.04629 20 -0.381687 -0.361869 -0.377416 -0.403952 -0.422775 -0.435728 -0.427707 -0.424029 -0.427707 -0.435728 -0.422775 -0.40395 -0.377414 -0.361867 -0.381692 
4.53 -6.0463 20 -0.381185 -0.361882 -0.377573 -0.404227 -0.422946 -0.435626 -0.427667 -0.424086 -0.427667 -0.435626 -0.422946 -0.404226 -0.377572 -0.36188 -0.38119 
4.54 -6.04631 20 -0.380685 -0.361896 -0.377732 -0.404502 -0.423115 -0.435523 -0.427628 -0.424145 -0.427628 -0.435523 -0.423115 -0.4045 -0.377731 -0.361894 -0.38069 
4.55 -6.04631 20 -0.380187 -0.361911 -0.377892 -0.404775 -0.423281 -0.435419 -0.42759 -0.424205 -0.42759 -0.435419 -0.423281 -0.404774 -0.37789 -0.361909 -0.380191 
4.56 -6.04632 20 -0.37969 -0.361926 -0.378053 -0.405048 -0.423445 -0.435313 -0.427552 -0.424267 -0.427552 -0.435313 -0.423445 -0.405046 -0.378051 -0.361925 -0.379695 
4.57 -6.04633 20 -0.379195 -0.361943 -0.378215 -0.405319 -0.423606 -0.435206 -0.427514 -0.42433 -0.427514 -0.435206 -0.423606 -0.405317 -0.378213 -0.361942 -0.3792 
4.58 -6.04633 21 -0.378703 -0.361961 -0.378377 -0.405588 -0.423764 -0.435098 -0.427477 -0.424394 -0.427477 -0.435098 -0.423764 -0.405587 -0.378376 -0.361959 -0.378707 
4.59 -6.04634 21 -0.378212 -0.36198 -0.378541 -0.405857 -0.42392 -0.434988 -0.427441 -0.424459 -0.427441 -0.434988 -0.42392 -0.405855 -0.378539 -0.361978 -0.378217 
4.6 -6.04634 21 -0.377723 -0.361999 -0.378705 -0.406124 -0.424073 -0.434878 -0.427405 -0.424526 -0.427405 -0.434878 -0.424073 -0.406122 -0.378704 -0.361998 -0.377728 
4.61 -6.04634 21 -0.377237 -0.36202 -0.378871 -0.406389 -0.424223 -0.434766 -0.427369 -0.424594 -0.427369 -0.434766 -0.424223 -0.406388 -0.378869 -0.362019 -0.377241 
4.62 -6.04635 21 -0.376752 -0.362042 -0.379037 -0.406653 -0.424371 -0.434653 -0.427334 -0.424663 -0.427334 -0.434653 -0.424371 -0.406652 -0.379036 -0.36204 -0.376757 
4.63 -6.04635 21 -0.37627 -0.362065 -0.379204 -0.406916 -0.424516 -0.434539 -0.4273 -0.424733 -0.4273 -0.434539 -0.424516 -0.406914 -0.379203 -0.362063 -0.376274 
4.64 -6.04635 21 -0.37579 -0.362089 -0.379372 -0.407177 -0.424658 -0.434424 -0.427266 -0.424804 -0.427266 -0.434424 -0.424658 -0.407175 -0.379371 -0.362087 -0.375794 
4.65 -6.04636 21 -0.375312 -0.362113 -0.379541 -0.407436 -0.424798 -0.434308 -0.427232 -0.424876 -0.427232 -0.434308 -0.424798 -0.407434 -0.37954 -0.362112 -0.375316 
4.66 -6.04636 21 -0.374836 -0.362139 -0.379711 -0.407694 -0.424935 -0.434191 -0.427199 -0.424949 -0.427199 -0.434191 -0.424935 -0.407692 -0.379709 -0.362138 -0.37484 
4.67 -6.04636 21 -0.374362 -0.362166 -0.379881 -0.40795 -0.42507 -0.434074 -0.427166 -0.425023 -0.427166 -0.434073 -0.42507 -0.407948 -0.37988 -0.362165 -0.374366 
4.68 -6.04636 21 -0.373891 -0.362194 -0.380052 -0.408204 -0.425201 -0.433955 -0.427134 -0.425098 -0.427134 -0.433955 -0.425201 -0.408202 -0.380051 -0.362193 -0.373895 
4.69 -6.04636 21 -0.373422 -0.362224 -0.380225 -0.408456 -0.42533 -0.433835 -0.427103 -0.425174 -0.427103 -0.433835 -0.42533 -0.408455 -0.380223 -0.362222 -0.373426 
4.7 -6.04637 21 -0.372955 -0.362254 -0.380397 -0.408707 -0.425457 -0.433715 -0.427072 -0.425251 -0.427072 -0.433715 -0.425457 -0.408706 -0.380396 -0.362253 -0.372959 
4.71 -6.04637 21 -0.372491 -0.362285 -0.380571 -0.408956 -0.425581 -0.433594 -0.427041 -0.425329 -0.427041 -0.433594 -0.425581 -0.408954 -0.38057 -0.362284 -0.372495 
4.72 -6.04637 21 -0.372029 -0.362318 -0.380745 -0.409203 -0.425702 -0.433473 -0.427011 -0.425408 -0.427011 -0.433473 -0.425702 -0.409201 -0.380744 -0.362316 -0.372033 
4.73 -6.04637 21 -0.37157 -0.362351 -0.38092 -0.409448 -0.42582 -0.43335 -0.426982 -0.425488 -0.426982 -0.43335 -0.42582 -0.409446 -0.380919 -0.36235 -0.371574 
4.74 -6.04637 21 -0.371113 -0.362386 -0.381096 -0.409691 -0.425936 -0.433228 -0.426953 -0.425568 -0.426953 -0.433228 -0.425936 -0.409689 -0.381095 -0.362385 -0.371117 
4.75 -6.04637 21 -0.370658 -0.362422 -0.381272 -0.409932 -0.426049 -0.433104 -0.426924 -0.425649 -0.426924 -0.433104 -0.426049 -0.40993 -0.381271 -0.36242 -0.370662 
4.76 -6.04637 22 -0.370206 -0.362458 -0.38145 -0.410171 -0.426159 -0.43298 -0.426896 -0.425731 -0.426896 -0.43298 -0.426159 -0.410169 -0.381448 -0.362457 -0.37021 
4.77 -6.04637 22 -0.369757 -0.362496 -0.381627 -0.410408 -0.426267 -0.432856 -0.426869 -0.425813 -0.426869 -0.432856 -0.426267 -0.410406 -0.381626 -0.362495 -0.369761 
4.78 -6.04637 22 -0.36931 -0.362535 -0.381806 -0.410643 -0.426372 -0.432731 -0.426842 -0.425896 -0.426842 -0.432731 -0.426372 -0.410641 -0.381805 -0.362534 -0.369314 
4.79 -6.04638 22 -0.368866 -0.362575 -0.381985 -0.410875 -0.426475 -0.432606 -0.426816 -0.42598 -0.426815 -0.432606 -0.426475 -0.410874 -0.381984 -0.362574 -0.368869 
4.8 -6.04638 22 -0.368424 -0.362617 -0.382165 -0.411106 -0.426575 -0.43248 -0.42679 -0.426065 -0.42679 -0.43248 -0.426575 -0.411104 -0.382164 -0.362616 -0.368428 
4.81 -6.04638 22 -0.367985 -0.362659 -0.382345 -0.411334 -0.426672 -0.432354 -0.426764 -0.42615 -0.426764 -0.432354 -0.426672 -0.411332 -0.382344 -0.362658 -0.367989 
4.82 -6.04638 22 -0.367549 -0.362702 -0.382526 -0.41156 -0.426766 -0.432228 -0.426739 -0.426235 -0.426739 -0.432228 -0.426767 -0.411558 -0.382525 -0.362701 -0.367552 
4.83 -6.04638 22 -0.367115 -0.362746 -0.382708 -0.411784 -0.426858 -0.432101 -0.426715 -0.426321 -0.426715 -0.432101 -0.426859 -0.411782 -0.382707 -0.362745 -0.367119 
4.84 -6.04638 22 -0.366684 -0.362792 -0.38289 -0.412005 -0.426948 -0.431975 -0.426691 -0.426408 -0.426691 -0.431974 -0.426948 -0.412003 -0.382889 -0.362791 -0.366688 
4.85 -6.04638 23 -0.366256 -0.362838 -0.383073 -0.412224 -0.427035 -0.431848 -0.426668 -0.426495 -0.426668 -0.431847 -0.427035 -0.412222 -0.383072 -0.362837 -0.36626 
4.86 -6.04638 23 -0.365831 -0.362886 -0.383257 -0.41244 -0.427119 -0.43172 -0.426645 -0.426582 -0.426645 -0.43172 -0.427119 -0.412439 -0.383256 -0.362885 -0.365835 
4.87 -6.04638 23 -0.365409 -0.362934 -0.383441 -0.412654 -0.4272 -0.431593 -0.426623 -0.42667 -0.426623 -0.431593 -0.4272 -0.412653 -0.38344 -0.362933 -0.365412 
4.88 -6.04638 23 -0.364989 -0.362983 -0.383626 -0.412866 -0.427279 -0.431466 -0.426601 -0.426759 -0.426601 -0.431466 -0.427279 -0.412864 -0.383624 -0.362983 -0.364993 
4.89 -6.04638 23 -0.364573 -0.363034 -0.383811 -0.413075 -0.427356 -0.431339 -0.42658 -0.426847 -0.42658 -0.431339 -0.427356 -0.413073 -0.38381 -0.363033 -0.364576 
4.9 -6.04638 23 -0.364159 -0.363085 -0.383996 -0.413281 -0.427429 -0.431211 -0.426559 -0.426936 -0.426559 -0.431211 -0.42743 -0.41328 -0.383995 -0.363084 -0.364163 
4.91 -6.04638 23 -0.363749 -0.363137 -0.384183 -0.413485 -0.427501 -0.431084 -0.426539 -0.427026 -0.426538 -0.431084 -0.427501 -0.413483 -0.384182 -0.363137 -0.363752 
4.92 -6.04638 23 -0.363341 -0.363191 -0.38437 -0.413686 -0.427569 -0.430957 -0.426519 -0.427115 -0.426519 -0.430957 -0.427569 -0.413685 -0.384369 -0.36319 -0.363344 
4.93 -6.04638 23 -0.362936 -0.363245 -0.384557 -0.413885 -0.427635 -0.43083 -0.426499 -0.427205 -0.426499 -0.43083 -0.427636 -0.413883 -0.384556 -0.363244 -0.36294 
4.94 -6.04638 24 -0.362535 -0.3633 -0.384745 -0.414081 -0.427699 -0.430703 -0.426481 -0.427295 -0.42648 -0.430703 -0.427699 -0.414079 -0.384744 -0.363299 -0.362538 
4.95 -6.04638 24 -0.362136 -0.363355 -0.384933 -0.414274 -0.42776 -0.430576 -0.426462 -0.427385 -0.426462 -0.430576 -0.42776 -0.414273 -0.384932 -0.363355 -0.36214 
4.96 -6.04638 24 -0.361741 -0.363412 -0.385122 -0.414465 -0.427819 -0.430449 -0.426445 -0.427476 -0.426444 -0.430449 -0.427819 -0.414463 -0.385121 -0.363411 -0.361744 
4.97 -6.04638 24 -0.361349 -0.363469 -0.385311 -0.414652 -0.427875 -0.430323 -0.426427 -0.427566 -0.426427 -0.430323 -0.427875 -0.414651 -0.385311 -0.363469 -0.361352 
4.98 -6.04638 24 -0.36096 -0.363528 -0.385501 -0.414837 -0.427929 -0.430197 -0.42641 -0.427657 -0.42641 -0.430197 -0.427929 -0.414836 -0.3855 -0.363527 -0.360963 
4.99 -6.04638 24 -0.360574 -0.363587 -0.385692 -0.415019 -0.42798 -0.430071 -0.426394 -0.427748 -0.426394 -0.430071 -0.42798 -0.415018 -0.385691 -0.363586 -0.360578 
5 -6.04638 24 -0.360192 -0.363646 -0.385882 -0.415199 -0.428028 -0.429945 -0.426378 -0.427839 -0.426378 -0.429945 -0.428029 -0.415197 -0.385882 -0.363646 -0.360195 
5.01 -6.04638 24 -0.359813 -0.363707 -0.386074 -0.415375 -0.428075 -0.42982 -0.426363 -0.42793 -0.426362 -0.42982 -0.428075 -0.415373 -0.386073 -0.363706 -0.359816 
5.02 -6.04638 25 -0.359437 -0.363768 -0.386265 -0.415548 -0.428118 -0.429695 -0.426348 -0.42802 -0.426348 -0.429695 -0.428119 -0.415547 -0.386265 -0.363767 -0.35944 
5.03 -6.04638 25 -0.359065 -0.36383 -0.386458 -0.415719 -0.42816 -0.429571 -0.426333 -0.428111 -0.426333 -0.429571 -0.42816 -0.415717 -0.386457 -0.363829 -0.359068 
5.04 -6.04638 25 -0.358696 -0.363892 -0.38665 -0.415886 -0.428199 -0.429447 -0.426319 -0.428202 -0.426319 -0.429447 -0.428199 -0.415885 -0.38665 -0.363891 -0.358699 
5.05 -6.04638 25 -0.358331 -0.363955 -0.386843 -0.416051 -0.428236 -0.429323 -0.426306 -0.428293 -0.426305 -0.429323 -0.428236 -0.416049 -0.386843 -0.363954 -0.358333 
5.06 -6.04638 25 -0.357969 -0.364018 -0.387037 -0.416213 -0.42827 -0.4292 -0.426293 -0.428384 -0.426292 -0.4292 -0.42827 -0.416211 -0.387036 -0.364018 -0.357971 
5.07 -6.04638 25 -0.35761 -0.364082 -0.387231 -0.416371 -0.428302 -0.429078 -0.42628 -0.428474 -0.42628 -0.429077 -0.428302 -0.41637 -0.38723 -0.364082 -0.357613 
5.08 -6.04638 25 -0.357255 -0.364147 -0.387425 -0.416527 -0.428331 -0.428956 -0.426268 -0.428565 -0.426268 -0.428955 -0.428331 -0.416525 -0.387425 -0.364146 -0.357258 
5.09 -6.04638 25 -0.356904 -0.364212 -0.38762 -0.416679 -0.428358 -0.428834 -0.426256 -0.428655 -0.426256 -0.428834 -0.428359 -0.416677 -0.38762 -0.364211 -0.356907 
5.1 -6.04638 26 -0.356556 -0.364277 -0.387815 -0.416828 -0.428383 -0.428713 -0.426245 -0.428745 -0.426245 -0.428713 -0.428384 -0.416827 -0.387815 -0.364277 -0.356559 
5.11 -6.04638 26 -0.356212 -0.364343 -0.388011 -0.416974 -0.428406 -0.428593 -0.426234 -0.428835 -0.426234 -0.428593 -0.428406 -0.416973 -0.38801 -0.364342 -0.356215 
5.12 -6.04638 26 -0.355872 -0.364409 -0.388207 -0.417117 -0.428426 -0.428473 -0.426224 -0.428924 -0.426223 -0.428473 -0.428426 -0.417116 -0.388206 -0.364408 -0.355875 
5.13 -6.04638 26 -0.355536 -0.364475 -0.388403 -0.417257 -0.428444 -0.428355 -0.426214 -0.429014 -0.426213 -0.428355 -0.428444 -0.417256 -0.388403 -0.364475 -0.355538 
5.14 -6.04638 26 -0.355203 -0.364542 -0.3886 -0.417394 -0.42846 -0.428236 -0.426204 -0.429103 -0.426204 -0.428236 -0.42846 -0.417392 -0.3886 -0.364541 -0.355205 
5.15 -6.04638 26 -0.354874 -0.364609 -0.388797 -0.417527 -0.428474 -0.428119 -0.426195 -0.429192 -0.426195 -0.428119 -0.428474 -0.417526 -0.388797 -0.364608 -0.354876 
5.16 -6.04638 26 -0.354549 -0.364676 -0.388995 -0.417658 -0.428485 -0.428002 -0.426186 -0.42928 -0.426186 -0.428002 -0.428485 -0.417656 -0.388994 -0.364675 -0.354551 
5.17 -6.04638 26 -0.354228 -0.364743 -0.389193 -0.417785 -0.428494 -0.427886 -0.426178 -0.429368 -0.426178 -0.427886 -0.428494 -0.417783 -0.389192 -0.364743 -0.35423 
5.18 -6.04638 27 -0.353911 -0.36481 -0.389391 -0.417908 -0.428501 -0.427771 -0.42617 -0.429456 -0.42617 -0.427771 -0.428501 -0.417907 -0.389391 -0.36481 -0.353913 
5.19 -6.04638 27 -0.353598 -0.364878 -0.38959 -0.418029 -0.428506 -0.427656 -0.426163 -0.429543 -0.426163 -0.427656 -0.428506 -0.418028 -0.389589 -0.364877 -0.3536 
5.2 -6.04638 27 -0.353288 -0.364945 -0.389789 -0.418146 -0.428509 -0.427543 -0.426156 -0.42963 -0.426156 -0.427543 -0.428509 -0.418145 -0.389788 -0.364945 -0.353291 
5.21 -6.04638 27 -0.352983 -0.365012 -0.389988 -0.41826 -0.428509 -0.42743 -0.426149 -0.429717 -0.426149 -0.42743 -0.428509 -0.418259 -0.389988 -0.365012 -0.352986 
5.22 -6.04638 27 -0.352682 -0.36508 -0.390188 -0.418371 -0.428508 -0.427318 -0.426143 -0.429803 -0.426143 -0.427318 -0.428508 -0.418369 -0.390188 -0.365079 -0.352685 
5.23 -6.04638 27 -0.352386 -0.365147 -0.390388 -0.418478 -0.428504 -0.427207 -0.426137 -0.429888 -0.426137 -0.427207 -0.428504 -0.418477 -0.390388 -0.365147 -0.352388 
5.24 -6.04638 27 -0.352093 -0.365214 -0.390588 -0.418582 -0.428498 -0.427097 -0.426132 -0.429973 -0.426131 -0.427097 -0.428498 -0.418581 -0.390588 -0.365214 -0.352095 
5.25 -6.04638 27 -0.351805 -0.365281 -0.390789 -0.418683 -0.428491 -0.426988 -0.426127 -0.430058 -0.426126 -0.426988 -0.428491 -0.418681 -0.390789 -0.36528 -0.351807 
5.26 -6.04638 27 -0.35152 -0.365347 -0.39099 -0.41878 -0.428481 -0.426879 -0.426122 -0.430142 -0.426122 -0.426879 -0.428481 -0.418779 -0.39099 -0.365347 -0.351522 
5.27 -6.04638 27 -0.351241 -0.365413 -0.391192 -0.418874 -0.428469 -0.426772 -0.426118 -0.430225 -0.426117 -0.426772 -0.428469 -0.418873 -0.391191 -0.365413 -0.351243 
5.28 -6.04638 27 -0.350965 -0.365479 -0.391393 -0.418964 -0.428455 -0.426666 -0.426114 -0.430308 -0.426114 -0.426666 -0.428455 -0.418963 -0.391393 -0.365479 -0.350967 
5.29 -6.04638 27 -0.350694 -0.365545 -0.391595 -0.419052 -0.428439 -0.42656 -0.42611 -0.43039 -0.42611 -0.42656 -0.428439 -0.41905 -0.391595 -0.365545 -0.350696 
5.3 -6.04638 28 -0.350427 -0.36561 -0.391798 -0.419135 -0.428422 -0.426456 -0.426107 -0.430471 -0.426107 -0.426456 -0.428421 -0.419134 -0.391797 -0.36561 -0.350429 
5.31 -6.04638 28 -0.350165 -0.365675 -0.392 -0.419216 -0.428402 -0.426352 -0.426105 -0.430552 -0.426104 -0.426353 -0.428402 -0.419215 -0.392 -0.365675 -0.350167 
