time energy maxBondDim localEnergy 
0 -6.91174 37 -0.654357 -0.293102 -0.568737 -0.334223 -0.544405 -0.348861 -0.535766 -0.352834 -0.535766 -0.348861 -0.544405 -0.334223 -0.568737 -0.293102 -0.654357 
0 -5.06753 5 -0.352039 -0.334061 -0.335845 -0.335729 -0.335743 -0.335667 -0.336234 -0.336894 -0.336234 -0.335667 -0.335743 -0.335729 -0.335845 -0.334061 -0.352039 
0.01 -5.06753 5 -0.352039 -0.334061 -0.335845 -0.335729 -0.335743 -0.335667 -0.336234 -0.336894 -0.336234 -0.335667 -0.335743 -0.335729 -0.335845 -0.334061 -0.352039 
0.02 -5.06753 5 -0.352039 -0.334061 -0.335845 -0.335728 -0.335743 -0.335667 -0.336235 -0.336895 -0.336235 -0.335667 -0.335743 -0.335728 -0.335845 -0.334061 -0.352039 
0.03 -5.06754 5 -0.352039 -0.334061 -0.335845 -0.335728 -0.335743 -0.335666 -0.336237 -0.336899 -0.336237 -0.335666 -0.335743 -0.335728 -0.335845 -0.334061 -0.352039 
0.04 -5.06755 5 -0.352039 -0.334061 -0.335845 -0.335728 -0.335743 -0.335666 -0.336239 -0.336905 -0.336239 -0.335666 -0.335743 -0.335728 -0.335845 -0.334061 -0.352039 
0.05 -5.06756 5 -0.352039 -0.334061 -0.335845 -0.335728 -0.335743 -0.335665 -0.336244 -0.336915 -0.336244 -0.335665 -0.335743 -0.335728 -0.335845 -0.334061 -0.352039 
0.06 -5.06759 5 -0.352039 -0.334061 -0.335845 -0.335728 -0.335743 -0.335664 -0.336251 -0.336931 -0.336251 -0.335664 -0.335743 -0.335728 -0.335845 -0.334061 -0.352039 
0.07 -5.06763 5 -0.352039 -0.334061 -0.335845 -0.335728 -0.335743 -0.335663 -0.336261 -0.336954 -0.336261 -0.335663 -0.335743 -0.335728 -0.335845 -0.334061 -0.352039 
0.08 -5.06769 5 -0.352039 -0.334061 -0.335844 -0.335728 -0.335743 -0.335661 -0.336276 -0.336986 -0.336276 -0.335661 -0.335743 -0.335728 -0.335844 -0.33406 -0.352039 
0.09 -5.06776 5 -0.352038 -0.33406 -0.335844 -0.335728 -0.335743 -0.335658 -0.336295 -0.337029 -0.336295 -0.335658 -0.335743 -0.335728 -0.335844 -0.33406 -0.352039 
0.1 -5.06786 5 -0.352038 -0.33406 -0.335844 -0.335728 -0.335742 -0.335654 -0.336321 -0.337086 -0.336321 -0.335654 -0.335742 -0.335728 -0.335844 -0.33406 -0.352039 
0.11 -5.06799 5 -0.352038 -0.33406 -0.335844 -0.335728 -0.335742 -0.335649 -0.336354 -0.337157 -0.336354 -0.335649 -0.335742 -0.335728 -0.335844 -0.33406 -0.352039 
0.12 -5.06815 5 -0.352038 -0.33406 -0.335844 -0.335728 -0.335742 -0.335643 -0.336396 -0.337247 -0.336396 -0.335643 -0.335742 -0.335728 -0.335844 -0.33406 -0.352039 
0.13 -5.06835 5 -0.352038 -0.33406 -0.335844 -0.335728 -0.335742 -0.335635 -0.336449 -0.337357 -0.336449 -0.335635 -0.335742 -0.335728 -0.335844 -0.33406 -0.352039 
0.14 -5.06859 5 -0.352038 -0.33406 -0.335844 -0.335728 -0.335742 -0.335626 -0.336513 -0.337489 -0.336513 -0.335626 -0.335742 -0.335728 -0.335844 -0.33406 -0.352039 
0.15 -5.06887 5 -0.352037 -0.33406 -0.335844 -0.335727 -0.335742 -0.335614 -0.33659 -0.337646 -0.33659 -0.335614 -0.335742 -0.335727 -0.335844 -0.33406 -0.352038 
0.16 -5.06921 5 -0.352037 -0.33406 -0.335844 -0.335727 -0.335742 -0.335599 -0.336682 -0.337829 -0.336682 -0.335599 -0.335742 -0.335727 -0.335844 -0.334059 -0.352038 
0.17 -5.0696 5 -0.352037 -0.334059 -0.335843 -0.335727 -0.335741 -0.335582 -0.336791 -0.338039 -0.336791 -0.335582 -0.335741 -0.335727 -0.335843 -0.334059 -0.352038 
0.18 -5.07005 5 -0.352037 -0.334059 -0.335843 -0.335727 -0.335741 -0.33556 -0.336917 -0.338275 -0.336917 -0.33556 -0.335741 -0.335727 -0.335843 -0.334059 -0.352038 
0.19 -5.07055 5 -0.352036 -0.334059 -0.335843 -0.335727 -0.335741 -0.335536 -0.337062 -0.338536 -0.337062 -0.335536 -0.335741 -0.335727 -0.335843 -0.334059 -0.352038 
0.2 -5.0711 5 -0.352036 -0.334059 -0.335843 -0.335727 -0.335741 -0.335506 -0.337227 -0.338822 -0.337227 -0.335506 -0.335741 -0.335727 -0.335843 -0.334059 -0.352038 
0.21 -5.07171 5 -0.352036 -0.334059 -0.335843 -0.335726 -0.335741 -0.335472 -0.337413 -0.33913 -0.337412 -0.335472 -0.335741 -0.335726 -0.335843 -0.334059 -0.352038 
0.22 -5.07237 5 -0.352036 -0.334059 -0.335843 -0.335726 -0.33574 -0.335433 -0.337619 -0.339456 -0.337619 -0.335433 -0.33574 -0.335726 -0.335843 -0.334058 -0.352038 
0.23 -5.07308 5 -0.352035 -0.334058 -0.335842 -0.335726 -0.33574 -0.335388 -0.337848 -0.339798 -0.337847 -0.335388 -0.33574 -0.335726 -0.335842 -0.334058 -0.352038 
0.24 -5.07383 5 -0.352035 -0.334058 -0.335842 -0.335726 -0.33574 -0.335338 -0.338098 -0.340152 -0.338097 -0.335338 -0.33574 -0.335726 -0.335842 -0.334058 -0.352038 
0.25 -5.07462 5 -0.352035 -0.334058 -0.335842 -0.335726 -0.33574 -0.335281 -0.338371 -0.340515 -0.33837 -0.335281 -0.33574 -0.335726 -0.335842 -0.334058 -0.352037 
0.26 -5.07545 5 -0.352034 -0.334058 -0.335842 -0.335725 -0.335739 -0.335217 -0.338666 -0.340885 -0.338665 -0.335217 -0.335739 -0.335725 -0.335842 -0.334058 -0.352037 
0.27 -5.07632 5 -0.352034 -0.334058 -0.335842 -0.335725 -0.335739 -0.335147 -0.338983 -0.34126 -0.338982 -0.335147 -0.335739 -0.335725 -0.335842 -0.334057 -0.352037 
0.28 -5.07722 5 -0.352034 -0.334058 -0.335841 -0.335725 -0.335739 -0.33507 -0.339323 -0.341638 -0.339323 -0.33507 -0.335739 -0.335725 -0.335841 -0.334057 -0.352037 
0.29 -5.07816 5 -0.352033 -0.334057 -0.335841 -0.335725 -0.335738 -0.334986 -0.339686 -0.342019 -0.339685 -0.334987 -0.335738 -0.335725 -0.335841 -0.334057 -0.352037 
0.3 -5.07913 5 -0.352033 -0.334057 -0.335841 -0.335724 -0.335738 -0.334896 -0.340072 -0.342403 -0.340071 -0.334896 -0.335738 -0.335724 -0.335841 -0.334057 -0.352037 
0.31 -5.08013 5 -0.352033 -0.334057 -0.335841 -0.335724 -0.335738 -0.334798 -0.340481 -0.342788 -0.340479 -0.334799 -0.335738 -0.335724 -0.335841 -0.334056 -0.352037 
0.32 -5.08117 5 -0.352032 -0.334057 -0.335841 -0.335724 -0.335737 -0.334694 -0.340911 -0.343178 -0.34091 -0.334695 -0.335737 -0.335724 -0.335841 -0.334056 -0.352037 
0.33 -5.08225 5 -0.352032 -0.334057 -0.33584 -0.335724 -0.335736 -0.334584 -0.341365 -0.343571 -0.341363 -0.334584 -0.335736 -0.335724 -0.33584 -0.334056 -0.352037 
0.34 -5.08336 5 -0.352032 -0.334056 -0.33584 -0.335723 -0.335735 -0.334468 -0.34184 -0.34397 -0.341838 -0.334468 -0.335735 -0.335723 -0.33584 -0.334056 -0.352036 
0.35 -5.08451 5 -0.352031 -0.334056 -0.33584 -0.335723 -0.335734 -0.334346 -0.342335 -0.344376 -0.342334 -0.334346 -0.335734 -0.335723 -0.33584 -0.334056 -0.352036 
0.36 -5.0857 5 -0.352031 -0.334056 -0.33584 -0.335723 -0.335733 -0.33422 -0.342851 -0.34479 -0.34285 -0.33422 -0.335733 -0.335723 -0.33584 -0.334055 -0.352036 
0.37 -5.08693 5 -0.352031 -0.334056 -0.33584 -0.335722 -0.335731 -0.334089 -0.343386 -0.345214 -0.343385 -0.334089 -0.335731 -0.335722 -0.33584 -0.334055 -0.352036 
0.38 -5.08819 5 -0.35203 -0.334056 -0.335839 -0.335722 -0.335729 -0.333954 -0.343939 -0.345648 -0.343937 -0.333955 -0.335729 -0.335722 -0.335839 -0.334055 -0.352036 
0.39 -5.08949 5 -0.35203 -0.334056 -0.335839 -0.335722 -0.335727 -0.333818 -0.344506 -0.346095 -0.344504 -0.333818 -0.335727 -0.335722 -0.335839 -0.334055 -0.352036 
0.4 -5.09083 5 -0.35203 -0.334055 -0.335839 -0.335721 -0.335724 -0.33368 -0.345088 -0.346554 -0.345086 -0.33368 -0.335724 -0.335721 -0.335839 -0.334055 -0.352036 
0.41 -5.0922 5 -0.35203 -0.334055 -0.335839 -0.335721 -0.33572 -0.333542 -0.34568 -0.347027 -0.345677 -0.333542 -0.33572 -0.335721 -0.335839 -0.334054 -0.352036 
0.42 -5.0936 5 -0.352029 -0.334055 -0.335839 -0.335721 -0.335715 -0.333405 -0.346279 -0.347514 -0.346277 -0.333405 -0.335715 -0.335721 -0.335839 -0.334054 -0.352035 
0.43 -5.09503 5 -0.352029 -0.334055 -0.335838 -0.33572 -0.335708 -0.333271 -0.346884 -0.348017 -0.346881 -0.333271 -0.335708 -0.33572 -0.335839 -0.334054 -0.352035 
0.44 -5.09648 5 -0.352029 -0.334055 -0.335838 -0.33572 -0.335701 -0.333141 -0.347489 -0.348534 -0.347486 -0.333142 -0.335701 -0.33572 -0.335838 -0.334054 -0.352035 
0.45 -5.09795 5 -0.352028 -0.334055 -0.335838 -0.335719 -0.335692 -0.333018 -0.34809 -0.349067 -0.348087 -0.333019 -0.335692 -0.335719 -0.335838 -0.334054 -0.352035 
0.46 -5.09943 5 -0.352028 -0.334055 -0.335838 -0.335719 -0.335681 -0.332903 -0.348683 -0.349616 -0.348681 -0.332904 -0.335681 -0.335719 -0.335838 -0.334054 -0.352035 
0.47 -5.10092 5 -0.352028 -0.334054 -0.335838 -0.335718 -0.335667 -0.332798 -0.349264 -0.35018 -0.349261 -0.332799 -0.335667 -0.335718 -0.335838 -0.334054 -0.352035 
0.48 -5.10241 5 -0.352027 -0.334054 -0.335838 -0.335718 -0.335651 -0.332705 -0.349828 -0.350758 -0.349825 -0.332706 -0.335651 -0.335718 -0.335838 -0.334053 -0.352035 
0.49 -5.10388 5 -0.352027 -0.334054 -0.335838 -0.335717 -0.335632 -0.332626 -0.35037 -0.351351 -0.350367 -0.332626 -0.335632 -0.335717 -0.335838 -0.334053 -0.352035 
0.5 -5.10534 5 -0.352027 -0.334054 -0.335838 -0.335717 -0.335609 -0.332562 -0.350886 -0.351957 -0.350883 -0.332562 -0.335609 -0.335717 -0.335838 -0.334053 -0.352035 
0.51 -5.10679 5 -0.352027 -0.334054 -0.335837 -0.335716 -0.335582 -0.332514 -0.351372 -0.352576 -0.351369 -0.332514 -0.335582 -0.335716 -0.335837 -0.334053 -0.352035 
0.52 -5.1082 5 -0.352026 -0.334054 -0.335837 -0.335715 -0.335551 -0.332484 -0.351827 -0.353206 -0.351823 -0.332485 -0.335551 -0.335715 -0.335837 -0.334053 -0.352034 
0.53 -5.10959 5 -0.352026 -0.334054 -0.335837 -0.335715 -0.335516 -0.332473 -0.352247 -0.353847 -0.352243 -0.332474 -0.335516 -0.335715 -0.335837 -0.334053 -0.352034 
0.54 -5.11094 5 -0.352026 -0.334054 -0.335837 -0.335714 -0.335475 -0.332482 -0.352631 -0.354497 -0.352628 -0.332483 -0.335475 -0.335714 -0.335837 -0.334053 -0.352034 
0.55 -5.11226 5 -0.352026 -0.334054 -0.335837 -0.335713 -0.335429 -0.332512 -0.352981 -0.355155 -0.352977 -0.332512 -0.335429 -0.335713 -0.335837 -0.334053 -0.352034 
0.56 -5.11355 5 -0.352026 -0.334054 -0.335837 -0.335713 -0.335376 -0.332563 -0.353295 -0.355821 -0.353291 -0.332563 -0.335377 -0.335713 -0.335837 -0.334053 -0.352034 
0.57 -5.11481 5 -0.352025 -0.334054 -0.335837 -0.335712 -0.335318 -0.332635 -0.353577 -0.356494 -0.353573 -0.332635 -0.335318 -0.335712 -0.335837 -0.334053 -0.352034 
0.58 -5.11605 5 -0.352025 -0.334054 -0.335837 -0.335711 -0.335254 -0.33273 -0.353827 -0.357172 -0.353824 -0.33273 -0.335254 -0.335711 -0.335837 -0.334053 -0.352034 
0.59 -5.11727 5 -0.352025 -0.334054 -0.335837 -0.33571 -0.335184 -0.332848 -0.35405 -0.357854 -0.354046 -0.332848 -0.335184 -0.33571 -0.335837 -0.334053 -0.352034 
0.6 -5.11848 5 -0.352025 -0.334054 -0.335837 -0.335709 -0.335107 -0.332988 -0.354247 -0.35854 -0.354243 -0.332988 -0.335107 -0.335709 -0.335837 -0.334053 -0.352034 
0.61 -5.11968 5 -0.352025 -0.334054 -0.335837 -0.335708 -0.335023 -0.333152 -0.354423 -0.359229 -0.354419 -0.333152 -0.335023 -0.335708 -0.335837 -0.334053 -0.352034 
0.62 -5.12087 5 -0.352025 -0.334054 -0.335837 -0.335707 -0.334934 -0.333339 -0.354579 -0.359921 -0.354575 -0.333339 -0.334934 -0.335707 -0.335837 -0.334053 -0.352034 
0.63 -5.12207 5 -0.352025 -0.334054 -0.335837 -0.335705 -0.334838 -0.33355 -0.354719 -0.360614 -0.354716 -0.33355 -0.334838 -0.335705 -0.335837 -0.334053 -0.352034 
0.64 -5.12329 5 -0.352025 -0.334054 -0.335837 -0.335704 -0.334736 -0.333784 -0.354847 -0.361309 -0.354843 -0.333784 -0.334736 -0.335704 -0.335837 -0.334053 -0.352034 
0.65 -5.12451 5 -0.352025 -0.334054 -0.335837 -0.335702 -0.334629 -0.334042 -0.354965 -0.362004 -0.354961 -0.334041 -0.334629 -0.335702 -0.335837 -0.334053 -0.352034 
0.66 -5.12576 5 -0.352025 -0.334054 -0.335837 -0.3357 -0.334517 -0.334321 -0.355074 -0.362701 -0.35507 -0.334321 -0.334517 -0.3357 -0.335837 -0.334053 -0.352034 
0.67 -5.12703 5 -0.352025 -0.334054 -0.335837 -0.335698 -0.3344 -0.334623 -0.355179 -0.363397 -0.355175 -0.334623 -0.3344 -0.335698 -0.335837 -0.334053 -0.352034 
0.68 -5.12833 5 -0.352025 -0.334054 -0.335837 -0.335696 -0.334279 -0.334946 -0.35528 -0.364093 -0.355276 -0.334945 -0.334279 -0.335696 -0.335837 -0.334053 -0.352034 
0.69 -5.12965 5 -0.352025 -0.334055 -0.335837 -0.335693 -0.334155 -0.335288 -0.355379 -0.364789 -0.355375 -0.335287 -0.334155 -0.335693 -0.335837 -0.334053 -0.352034 
0.7 -5.13101 5 -0.352025 -0.334055 -0.335837 -0.335689 -0.334028 -0.335647 -0.355479 -0.365484 -0.355475 -0.335646 -0.334028 -0.335689 -0.335837 -0.334053 -0.352034 
0.71 -5.13239 5 -0.352025 -0.334055 -0.335836 -0.335685 -0.333901 -0.336023 -0.355579 -0.366179 -0.355575 -0.336022 -0.333901 -0.335685 -0.335837 -0.334053 -0.352034 
0.72 -5.1338 5 -0.352025 -0.334055 -0.335836 -0.33568 -0.333773 -0.336412 -0.355682 -0.366872 -0.355678 -0.336411 -0.333773 -0.33568 -0.335837 -0.334054 -0.352034 
0.73 -5.13524 5 -0.352025 -0.334055 -0.335836 -0.335674 -0.333647 -0.336811 -0.355788 -0.367565 -0.355784 -0.33681 -0.333647 -0.335674 -0.335836 -0.334054 -0.352034 
0.74 -5.1367 5 -0.352025 -0.334055 -0.335836 -0.335667 -0.333523 -0.337218 -0.355898 -0.368256 -0.355894 -0.337216 -0.333523 -0.335667 -0.335836 -0.334054 -0.352034 
0.75 -5.13819 5 -0.352025 -0.334055 -0.335836 -0.335658 -0.333404 -0.337628 -0.356013 -0.368946 -0.356009 -0.337627 -0.333404 -0.335658 -0.335836 -0.334054 -0.352034 
0.76 -5.13969 5 -0.352025 -0.334055 -0.335836 -0.335648 -0.333291 -0.338038 -0.356132 -0.369634 -0.356128 -0.338037 -0.333291 -0.335648 -0.335836 -0.334054 -0.352034 
0.77 -5.1412 5 -0.352025 -0.334056 -0.335836 -0.335636 -0.333186 -0.338443 -0.356257 -0.370321 -0.356253 -0.338442 -0.333186 -0.335636 -0.335836 -0.334054 -0.352034 
0.78 -5.14272 5 -0.352025 -0.334056 -0.335836 -0.335622 -0.33309 -0.33884 -0.356387 -0.371006 -0.356383 -0.338838 -0.333091 -0.335622 -0.335836 -0.334054 -0.352034 
0.79 -5.14424 5 -0.352025 -0.334056 -0.335836 -0.335605 -0.333006 -0.339222 -0.356522 -0.371689 -0.356518 -0.33922 -0.333007 -0.335605 -0.335836 -0.334055 -0.352034 
0.8 -5.14574 5 -0.352026 -0.334056 -0.335835 -0.335585 -0.332936 -0.339586 -0.356663 -0.372371 -0.356659 -0.339584 -0.332936 -0.335585 -0.335835 -0.334055 -0.352034 
0.81 -5.14724 5 -0.352026 -0.334056 -0.335835 -0.335561 -0.33288 -0.339927 -0.356809 -0.37305 -0.356804 -0.339925 -0.33288 -0.335561 -0.335835 -0.334055 -0.352034 
0.82 -5.14871 5 -0.352026 -0.334057 -0.335835 -0.335534 -0.33284 -0.340242 -0.356959 -0.373728 -0.356955 -0.34024 -0.33284 -0.335534 -0.335835 -0.334055 -0.352034 
0.83 -5.15016 5 -0.352026 -0.334057 -0.335835 -0.335502 -0.332817 -0.340528 -0.357114 -0.374403 -0.35711 -0.340526 -0.332817 -0.335502 -0.335835 -0.334055 -0.352034 
0.84 -5.15158 5 -0.352026 -0.334057 -0.335834 -0.335465 -0.332813 -0.340782 -0.357273 -0.375077 -0.357269 -0.34078 -0.332813 -0.335465 -0.335834 -0.334056 -0.352034 
0.85 -5.15297 5 -0.352027 -0.334057 -0.335834 -0.335424 -0.332829 -0.341003 -0.357436 -0.375748 -0.357432 -0.341001 -0.332829 -0.335424 -0.335834 -0.334056 -0.352034 
0.86 -5.15432 5 -0.352027 -0.334057 -0.335833 -0.335377 -0.332864 -0.341191 -0.357602 -0.376417 -0.357598 -0.341189 -0.332865 -0.335377 -0.335834 -0.334056 -0.352035 
0.87 -5.15564 5 -0.352027 -0.334057 -0.335833 -0.335324 -0.332921 -0.341346 -0.357771 -0.377083 -0.357767 -0.341344 -0.332921 -0.335324 -0.335833 -0.334056 -0.352035 
0.88 -5.15694 5 -0.352027 -0.334058 -0.335833 -0.335265 -0.332999 -0.34147 -0.357942 -0.377747 -0.357938 -0.341468 -0.332999 -0.335265 -0.335833 -0.334056 -0.352035 
0.89 -5.1582 5 -0.352028 -0.334058 -0.335832 -0.3352 -0.333099 -0.341564 -0.358116 -0.378409 -0.358112 -0.341562 -0.333099 -0.3352 -0.335832 -0.334057 -0.352035 
0.9 -5.15945 5 -0.352028 -0.334058 -0.335831 -0.335129 -0.333221 -0.341632 -0.358292 -0.379067 -0.358288 -0.34163 -0.333221 -0.335129 -0.335831 -0.334057 -0.352035 
0.91 -5.16068 5 -0.352028 -0.334058 -0.335831 -0.335051 -0.333366 -0.341676 -0.358469 -0.379723 -0.358465 -0.341674 -0.333366 -0.335051 -0.335831 -0.334057 -0.352035 
0.92 -5.1619 5 -0.352029 -0.334058 -0.33583 -0.334967 -0.333534 -0.341699 -0.358648 -0.380377 -0.358644 -0.341697 -0.333534 -0.334967 -0.33583 -0.334057 -0.352035 
0.93 -5.16312 5 -0.352029 -0.334058 -0.335829 -0.334876 -0.333726 -0.341704 -0.358828 -0.381027 -0.358824 -0.341702 -0.333725 -0.334876 -0.335829 -0.334057 -0.352035 
0.94 -5.16435 5 -0.352029 -0.334058 -0.335828 -0.334779 -0.33394 -0.341695 -0.359009 -0.381674 -0.359005 -0.341692 -0.33394 -0.334779 -0.335828 -0.334057 -0.352035 
0.95 -5.16558 5 -0.35203 -0.334059 -0.335827 -0.334675 -0.334178 -0.341673 -0.359191 -0.382319 -0.359187 -0.341671 -0.334178 -0.334675 -0.335827 -0.334058 -0.352035 
0.96 -5.16683 5 -0.35203 -0.334059 -0.335825 -0.334566 -0.334439 -0.341643 -0.359373 -0.38296 -0.359369 -0.341641 -0.334438 -0.334566 -0.335826 -0.334058 -0.352036 
0.97 -5.16809 5 -0.35203 -0.334059 -0.335824 -0.334452 -0.334722 -0.341606 -0.359557 -0.383597 -0.359553 -0.341604 -0.334722 -0.334452 -0.335824 -0.334058 -0.352036 
0.98 -5.16938 5 -0.35203 -0.334059 -0.335822 -0.334333 -0.335027 -0.341565 -0.359741 -0.384232 -0.359736 -0.341563 -0.335027 -0.334333 -0.335822 -0.334058 -0.352036 
0.99 -5.1707 5 -0.352031 -0.334059 -0.33582 -0.334209 -0.335353 -0.341522 -0.359925 -0.384863 -0.359921 -0.341519 -0.335353 -0.334209 -0.33582 -0.334058 -0.352036 
1 -5.17204 5 -0.352031 -0.334059 -0.335817 -0.334082 -0.335699 -0.341478 -0.36011 -0.38549 -0.360106 -0.341475 -0.335698 -0.334083 -0.335817 -0.334058 -0.352036 
1.01 -5.17341 5 -0.352031 -0.334059 -0.335814 -0.333953 -0.336062 -0.341435 -0.360295 -0.386114 -0.360291 -0.341433 -0.336061 -0.333953 -0.335814 -0.334058 -0.352036 
1.02 -5.17481 5 -0.352032 -0.334059 -0.33581 -0.333822 -0.336442 -0.341395 -0.360481 -0.386734 -0.360477 -0.341393 -0.336441 -0.333822 -0.33581 -0.334058 -0.352036 
1.03 -5.17624 5 -0.352032 -0.334059 -0.335806 -0.33369 -0.336835 -0.341358 -0.360668 -0.387351 -0.360663 -0.341356 -0.336834 -0.33369 -0.335806 -0.334058 -0.352036 
1.04 -5.1777 5 -0.352032 -0.334059 -0.3358 -0.333559 -0.337239 -0.341326 -0.360854 -0.387963 -0.36085 -0.341324 -0.337237 -0.333559 -0.3358 -0.334058 -0.352037 
1.05 -5.17918 5 -0.352033 -0.334059 -0.335794 -0.333431 -0.33765 -0.341299 -0.361042 -0.388572 -0.361038 -0.341297 -0.337649 -0.333431 -0.335794 -0.334058 -0.352037 
1.06 -5.18068 5 -0.352033 -0.334058 -0.335786 -0.333306 -0.338066 -0.341278 -0.36123 -0.389176 -0.361226 -0.341276 -0.338064 -0.333306 -0.335786 -0.334058 -0.352037 
1.07 -5.18221 5 -0.352033 -0.334058 -0.335776 -0.333187 -0.338481 -0.341263 -0.361418 -0.389777 -0.361414 -0.341261 -0.33848 -0.333187 -0.335776 -0.334058 -0.352037 
1.08 -5.18374 5 -0.352034 -0.334058 -0.335765 -0.333075 -0.338893 -0.341255 -0.361607 -0.390373 -0.361603 -0.341252 -0.338891 -0.333075 -0.335765 -0.334057 -0.352037 
1.09 -5.18528 5 -0.352034 -0.334058 -0.335751 -0.332972 -0.339295 -0.341253 -0.361797 -0.390964 -0.361793 -0.341251 -0.339293 -0.332972 -0.335751 -0.334057 -0.352037 
1.1 -5.18682 5 -0.352034 -0.334058 -0.335735 -0.33288 -0.339683 -0.341258 -0.361988 -0.391552 -0.361984 -0.341256 -0.339681 -0.33288 -0.335735 -0.334057 -0.352037 
1.11 -5.18835 5 -0.352035 -0.334057 -0.335715 -0.332801 -0.340053 -0.34127 -0.362179 -0.392135 -0.362175 -0.341267 -0.340051 -0.332801 -0.335716 -0.334057 -0.352037 
1.12 -5.18987 5 -0.352035 -0.334057 -0.335693 -0.332736 -0.3404 -0.341288 -0.362371 -0.392713 -0.362367 -0.341286 -0.340398 -0.332736 -0.335693 -0.334056 -0.352037 
1.13 -5.19136 5 -0.352035 -0.334056 -0.335667 -0.332686 -0.340721 -0.341313 -0.362563 -0.393287 -0.362559 -0.34131 -0.340719 -0.332687 -0.335667 -0.334056 -0.352038 
1.14 -5.19283 5 -0.352036 -0.334056 -0.335636 -0.332654 -0.341011 -0.341343 -0.362757 -0.393856 -0.362753 -0.341341 -0.341009 -0.332654 -0.335636 -0.334056 -0.352038 
1.15 -5.19428 5 -0.352036 -0.334055 -0.335601 -0.33264 -0.341269 -0.341379 -0.362951 -0.39442 -0.362947 -0.341377 -0.341266 -0.33264 -0.335601 -0.334055 -0.352038 
1.16 -5.19568 5 -0.352036 -0.334055 -0.335561 -0.332645 -0.341492 -0.341421 -0.363147 -0.394979 -0.363143 -0.341418 -0.34149 -0.332645 -0.335561 -0.334055 -0.352038 
1.17 -5.19706 5 -0.352036 -0.334054 -0.335515 -0.332669 -0.341681 -0.341467 -0.363343 -0.395534 -0.363339 -0.341465 -0.341678 -0.332669 -0.335516 -0.334054 -0.352038 
1.18 -5.1984 5 -0.352037 -0.334054 -0.335464 -0.332714 -0.341835 -0.341518 -0.36354 -0.396084 -0.363536 -0.341515 -0.341832 -0.332715 -0.335464 -0.334053 -0.352038 
1.19 -5.19971 5 -0.352037 -0.334053 -0.335407 -0.332781 -0.341955 -0.341573 -0.363738 -0.396628 -0.363734 -0.34157 -0.341953 -0.332781 -0.335407 -0.334053 -0.352038 
1.2 -5.20099 5 -0.352037 -0.334052 -0.335344 -0.332869 -0.342044 -0.341632 -0.363937 -0.397168 -0.363933 -0.341629 -0.342041 -0.332869 -0.335344 -0.334052 -0.352038 
1.21 -5.20225 5 -0.352037 -0.334051 -0.335274 -0.332979 -0.342104 -0.341694 -0.364137 -0.397702 -0.364133 -0.341691 -0.342101 -0.332979 -0.335274 -0.334051 -0.352038 
1.22 -5.20349 5 -0.352037 -0.33405 -0.335198 -0.333111 -0.342137 -0.341759 -0.364338 -0.398231 -0.364335 -0.341757 -0.342135 -0.333111 -0.335198 -0.33405 -0.352038 
1.23 -5.20472 5 -0.352037 -0.334049 -0.335115 -0.333267 -0.342148 -0.341828 -0.364541 -0.398755 -0.364537 -0.341825 -0.342145 -0.333266 -0.335115 -0.334049 -0.352038 
1.24 -5.20594 5 -0.352038 -0.334048 -0.335026 -0.333445 -0.342138 -0.341899 -0.364744 -0.399273 -0.36474 -0.341896 -0.342135 -0.333445 -0.335026 -0.334048 -0.352038 
1.25 -5.20716 5 -0.352038 -0.334047 -0.33493 -0.333646 -0.342111 -0.341973 -0.364948 -0.399786 -0.364945 -0.34197 -0.342108 -0.333646 -0.33493 -0.334047 -0.352038 
1.26 -5.2084 5 -0.352038 -0.334045 -0.334829 -0.333871 -0.34207 -0.342049 -0.365154 -0.400294 -0.36515 -0.342046 -0.342067 -0.333871 -0.334829 -0.334045 -0.352038 
1.27 -5.20964 5 -0.352038 -0.334044 -0.334721 -0.334118 -0.342018 -0.342127 -0.36536 -0.400796 -0.365357 -0.342125 -0.342015 -0.334118 -0.334721 -0.334044 -0.352038 
1.28 -5.2109 5 -0.352038 -0.334042 -0.334608 -0.334388 -0.341957 -0.342208 -0.365568 -0.401292 -0.365564 -0.342205 -0.341954 -0.334388 -0.334608 -0.334042 -0.352038 
1.29 -5.21218 5 -0.352038 -0.33404 -0.33449 -0.33468 -0.34189 -0.34229 -0.365777 -0.401783 -0.365773 -0.342288 -0.341887 -0.334679 -0.33449 -0.33404 -0.352038 
1.3 -5.21349 5 -0.352038 -0.334037 -0.334368 -0.334992 -0.341819 -0.342375 -0.365987 -0.402268 -0.365983 -0.342372 -0.341816 -0.334992 -0.334368 -0.334037 -0.352038 
1.31 -5.21482 5 -0.352038 -0.334034 -0.334242 -0.335325 -0.341745 -0.342461 -0.366198 -0.402748 -0.366194 -0.342459 -0.341742 -0.335324 -0.334242 -0.334034 -0.352038 
1.32 -5.21619 5 -0.352038 -0.334031 -0.334113 -0.335675 -0.341671 -0.34255 -0.36641 -0.403221 -0.366407 -0.342547 -0.341668 -0.335674 -0.334113 -0.334031 -0.352038 
1.33 -5.21758 6 -0.352038 -0.334027 -0.333982 -0.336042 -0.341597 -0.34264 -0.366624 -0.403689 -0.36662 -0.342638 -0.341594 -0.336041 -0.333982 -0.334027 -0.352038 
1.34 -5.219 6 -0.352038 -0.334022 -0.333851 -0.336422 -0.341525 -0.342733 -0.366838 -0.404151 -0.366835 -0.34273 -0.341522 -0.336421 -0.333851 -0.334022 -0.352038 
1.35 -5.22045 6 -0.352037 -0.334017 -0.33372 -0.336814 -0.341456 -0.342827 -0.367054 -0.404608 -0.36705 -0.342824 -0.341454 -0.336813 -0.33372 -0.334017 -0.352037 
1.36 -5.22192 6 -0.352037 -0.33401 -0.33359 -0.337215 -0.341391 -0.342923 -0.367271 -0.405058 -0.367267 -0.34292 -0.341388 -0.337213 -0.333591 -0.33401 -0.352037 
1.37 -5.22342 6 -0.352037 -0.334002 -0.333465 -0.33762 -0.34133 -0.343021 -0.367489 -0.405502 -0.367485 -0.343018 -0.341327 -0.337618 -0.333465 -0.334002 -0.352037 
1.38 -5.22493 6 -0.352037 -0.333993 -0.333344 -0.338026 -0.341274 -0.343121 -0.367708 -0.405941 -0.367704 -0.343118 -0.341271 -0.338024 -0.333345 -0.333993 -0.352037 
1.39 -5.22646 6 -0.352036 -0.333981 -0.333231 -0.338428 -0.341223 -0.343223 -0.367928 -0.406373 -0.367925 -0.34322 -0.34122 -0.338427 -0.333231 -0.333982 -0.352036 
1.4 -5.228 6 -0.352036 -0.333968 -0.333126 -0.338823 -0.341177 -0.343326 -0.36815 -0.406799 -0.368146 -0.343324 -0.341174 -0.338821 -0.333126 -0.333968 -0.352036 
1.41 -5.22954 6 -0.352035 -0.333952 -0.333031 -0.339204 -0.341136 -0.343432 -0.368372 -0.407219 -0.368369 -0.34343 -0.341134 -0.339203 -0.333031 -0.333952 -0.352036 
1.42 -5.23107 6 -0.352035 -0.333934 -0.332949 -0.339569 -0.341101 -0.34354 -0.368596 -0.407633 -0.368592 -0.343538 -0.341098 -0.339567 -0.332949 -0.333934 -0.352035 
1.43 -5.23259 6 -0.352034 -0.333912 -0.33288 -0.339911 -0.341071 -0.34365 -0.368821 -0.408041 -0.368817 -0.343647 -0.341068 -0.339909 -0.33288 -0.333912 -0.352035 
1.44 -5.23409 6 -0.352034 -0.333886 -0.332827 -0.340227 -0.341046 -0.343762 -0.369047 -0.408443 -0.369043 -0.343759 -0.341043 -0.340225 -0.332827 -0.333886 -0.352034 
1.45 -5.23557 6 -0.352033 -0.333857 -0.33279 -0.340514 -0.341026 -0.343876 -0.369274 -0.408838 -0.36927 -0.343873 -0.341023 -0.340512 -0.332791 -0.333857 -0.352034 
1.46 -5.23701 6 -0.352033 -0.333823 -0.332772 -0.340768 -0.34101 -0.343992 -0.369502 -0.409227 -0.369498 -0.343989 -0.341007 -0.340766 -0.332772 -0.333823 -0.352033 
1.47 -5.23843 6 -0.352032 -0.333784 -0.332772 -0.340989 -0.340997 -0.34411 -0.369731 -0.40961 -0.369728 -0.344107 -0.340995 -0.340986 -0.332772 -0.333784 -0.352032 
1.48 -5.23981 6 -0.352031 -0.333739 -0.332792 -0.341174 -0.340989 -0.34423 -0.369961 -0.409987 -0.369958 -0.344227 -0.340986 -0.341172 -0.332792 -0.33374 -0.352032 
1.49 -5.24116 6 -0.35203 -0.33369 -0.332832 -0.341324 -0.340984 -0.344352 -0.370193 -0.410357 -0.370189 -0.34435 -0.340981 -0.341322 -0.332832 -0.33369 -0.352031 
1.5 -5.24247 7 -0.352029 -0.333634 -0.332893 -0.341441 -0.340981 -0.344477 -0.370425 -0.410722 -0.370422 -0.344474 -0.340979 -0.341438 -0.332893 -0.333634 -0.35203 
1.51 -5.24376 7 -0.352028 -0.333572 -0.332976 -0.341525 -0.340982 -0.344604 -0.370659 -0.411079 -0.370655 -0.344601 -0.340979 -0.341522 -0.332976 -0.333572 -0.352029 
1.52 -5.24502 7 -0.352027 -0.333504 -0.333081 -0.341579 -0.340984 -0.344732 -0.370893 -0.411431 -0.37089 -0.34473 -0.340981 -0.341577 -0.333081 -0.333504 -0.352028 
1.53 -5.24627 7 -0.352026 -0.33343 -0.333208 -0.341606 -0.340988 -0.344863 -0.371129 -0.411776 -0.371125 -0.344861 -0.340986 -0.341603 -0.333208 -0.33343 -0.352027 
1.54 -5.2475 7 -0.352025 -0.333349 -0.333358 -0.341608 -0.340994 -0.344997 -0.371365 -0.412115 -0.371362 -0.344994 -0.340992 -0.341606 -0.333357 -0.333349 -0.352026 
1.55 -5.24872 7 -0.352023 -0.333262 -0.33353 -0.34159 -0.341002 -0.345132 -0.371603 -0.412447 -0.371599 -0.34513 -0.340999 -0.341587 -0.33353 -0.333262 -0.352025 
1.56 -5.24995 7 -0.352022 -0.333168 -0.333726 -0.341553 -0.341011 -0.34527 -0.371841 -0.412773 -0.371838 -0.345267 -0.341008 -0.341551 -0.333726 -0.333168 -0.352024 
1.57 -5.25118 7 -0.35202 -0.333068 -0.333945 -0.341502 -0.34102 -0.34541 -0.372081 -0.413093 -0.372077 -0.345407 -0.341018 -0.341499 -0.333945 -0.333068 -0.352022 
1.58 -5.25242 7 -0.352019 -0.332962 -0.334187 -0.341438 -0.341031 -0.345552 -0.372321 -0.413407 -0.372318 -0.345549 -0.341029 -0.341435 -0.334187 -0.332963 -0.352021 
1.59 -5.25367 7 -0.352016 -0.332851 -0.334452 -0.341364 -0.341043 -0.345696 -0.372562 -0.413714 -0.372559 -0.345693 -0.34104 -0.341362 -0.334451 -0.332851 -0.352019 
1.6 -5.25495 7 -0.352014 -0.332735 -0.334738 -0.341284 -0.341055 -0.345842 -0.372804 -0.414014 -0.372801 -0.34584 -0.341053 -0.341281 -0.334737 -0.332735 -0.352017 
1.61 -5.25625 7 -0.352011 -0.332614 -0.335045 -0.341198 -0.341069 -0.345991 -0.373047 -0.414309 -0.373044 -0.345989 -0.341066 -0.341196 -0.335045 -0.332614 -0.352014 
1.62 -5.25758 7 -0.352008 -0.33249 -0.335373 -0.34111 -0.341083 -0.346142 -0.373291 -0.414597 -0.373288 -0.346139 -0.34108 -0.341107 -0.335372 -0.33249 -0.352012 
1.63 -5.25894 7 -0.352005 -0.332362 -0.335719 -0.34102 -0.341097 -0.346295 -0.373536 -0.414878 -0.373532 -0.346292 -0.341095 -0.341017 -0.335718 -0.332362 -0.352008 
1.64 -5.26032 7 -0.352001 -0.332232 -0.336082 -0.34093 -0.341113 -0.34645 -0.373781 -0.415154 -0.373778 -0.346448 -0.34111 -0.340928 -0.336081 -0.332232 -0.352004 
1.65 -5.26174 8 -0.351996 -0.332102 -0.336459 -0.340842 -0.341129 -0.346607 -0.374027 -0.415423 -0.374024 -0.346605 -0.341126 -0.340839 -0.336458 -0.332102 -0.352 
1.66 -5.26318 8 -0.35199 -0.331971 -0.336849 -0.340756 -0.341145 -0.346767 -0.374274 -0.415685 -0.374271 -0.346764 -0.341143 -0.340753 -0.336848 -0.331971 -0.351994 
1.67 -5.26465 8 -0.351984 -0.331842 -0.337248 -0.340672 -0.341163 -0.346929 -0.374522 -0.415942 -0.374519 -0.346926 -0.34116 -0.34067 -0.337246 -0.331842 -0.351988 
1.68 -5.26615 8 -0.351976 -0.331717 -0.337652 -0.340593 -0.341181 -0.347092 -0.374771 -0.416192 -0.374767 -0.34709 -0.341178 -0.340591 -0.33765 -0.331717 -0.35198 
1.69 -5.26766 8 -0.351966 -0.331595 -0.338058 -0.340518 -0.3412 -0.347258 -0.37502 -0.416436 -0.375017 -0.347256 -0.341197 -0.340516 -0.338056 -0.331595 -0.35197 
1.7 -5.26919 8 -0.351955 -0.331481 -0.338461 -0.340448 -0.341219 -0.347426 -0.375269 -0.416673 -0.375266 -0.347424 -0.341217 -0.340446 -0.33846 -0.331481 -0.351959 
1.71 -5.27072 8 -0.351941 -0.331374 -0.338858 -0.340383 -0.34124 -0.347597 -0.37552 -0.416905 -0.375517 -0.347594 -0.341237 -0.34038 -0.338856 -0.331374 -0.351946 
1.72 -5.27226 8 -0.351925 -0.331278 -0.339243 -0.340322 -0.341261 -0.347769 -0.375771 -0.41713 -0.375768 -0.347766 -0.341258 -0.34032 -0.339241 -0.331278 -0.351931 
1.73 -5.2738 8 -0.351907 -0.331194 -0.339612 -0.340267 -0.341283 -0.347943 -0.376022 -0.417349 -0.376019 -0.347941 -0.341281 -0.340264 -0.33961 -0.331193 -0.351912 
1.74 -5.27532 8 -0.351885 -0.331122 -0.33996 -0.340216 -0.341306 -0.34812 -0.376274 -0.417562 -0.376271 -0.348117 -0.341304 -0.340214 -0.339958 -0.331122 -0.351891 
1.75 -5.27683 8 -0.351859 -0.331066 -0.340282 -0.34017 -0.34133 -0.348299 -0.376527 -0.417768 -0.376524 -0.348296 -0.341328 -0.340168 -0.34028 -0.331066 -0.351865 
1.76 -5.27831 8 -0.35183 -0.331027 -0.340576 -0.340129 -0.341355 -0.348479 -0.37678 -0.417969 -0.376777 -0.348477 -0.341353 -0.340126 -0.340574 -0.331026 -0.351836 
1.77 -5.27977 8 -0.351796 -0.331005 -0.340838 -0.340091 -0.341381 -0.348662 -0.377033 -0.418164 -0.37703 -0.348659 -0.341379 -0.340089 -0.340836 -0.331004 -0.351802 
1.78 -5.28119 8 -0.351757 -0.331001 -0.341066 -0.340058 -0.341409 -0.348847 -0.377287 -0.418352 -0.377284 -0.348844 -0.341406 -0.340055 -0.341064 -0.331001 -0.351763 
1.79 -5.28258 8 -0.351713 -0.331018 -0.341259 -0.340027 -0.341437 -0.349034 -0.377541 -0.418535 -0.377538 -0.349031 -0.341434 -0.340025 -0.341256 -0.331017 -0.351719 
1.8 -5.28394 8 -0.351663 -0.331054 -0.341417 -0.34 -0.341466 -0.349222 -0.377796 -0.418711 -0.377793 -0.34922 -0.341464 -0.339997 -0.341414 -0.331054 -0.351669 
1.81 -5.28526 8 -0.351607 -0.331112 -0.34154 -0.339975 -0.341497 -0.349413 -0.37805 -0.418882 -0.378048 -0.349411 -0.341494 -0.339973 -0.341538 -0.331111 -0.351614 
1.82 -5.28656 8 -0.351544 -0.33119 -0.34163 -0.339952 -0.341529 -0.349606 -0.378305 -0.419047 -0.378303 -0.349603 -0.341526 -0.33995 -0.341628 -0.33119 -0.351552 
1.83 -5.28782 8 -0.351476 -0.331291 -0.34169 -0.339932 -0.341562 -0.349801 -0.378561 -0.419205 -0.378558 -0.349798 -0.341559 -0.339929 -0.341688 -0.33129 -0.351483 
1.84 -5.28907 8 -0.351401 -0.331414 -0.341722 -0.339912 -0.341596 -0.349997 -0.378816 -0.419358 -0.378814 -0.349995 -0.341593 -0.33991 -0.341719 -0.331413 -0.351408 
1.85 -5.2903 8 -0.351319 -0.33156 -0.341728 -0.339895 -0.341632 -0.350196 -0.379072 -0.419506 -0.379069 -0.350193 -0.341629 -0.339892 -0.341725 -0.331559 -0.351327 
1.86 -5.29153 8 -0.35123 -0.331729 -0.341712 -0.339878 -0.341669 -0.350396 -0.379328 -0.419647 -0.379325 -0.350394 -0.341666 -0.339875 -0.341709 -0.331728 -0.351238 
1.87 -5.29275 8 -0.351135 -0.331921 -0.341677 -0.339862 -0.341707 -0.350599 -0.379584 -0.419783 -0.379581 -0.350596 -0.341704 -0.33986 -0.341675 -0.33192 -0.351143 
1.88 -5.29397 8 -0.351034 -0.332136 -0.341627 -0.339847 -0.341746 -0.350803 -0.37984 -0.419913 -0.379837 -0.350801 -0.341744 -0.339845 -0.341624 -0.332135 -0.351042 
1.89 -5.29521 8 -0.350927 -0.332375 -0.341563 -0.339833 -0.341787 -0.351009 -0.380096 -0.420037 -0.380093 -0.351007 -0.341785 -0.33983 -0.34156 -0.332373 -0.350935 
1.9 -5.29646 8 -0.350813 -0.332636 -0.341489 -0.339819 -0.34183 -0.351217 -0.380352 -0.420156 -0.380349 -0.351215 -0.341827 -0.339816 -0.341486 -0.332634 -0.350822 
1.91 -5.29773 8 -0.350695 -0.332919 -0.341407 -0.339805 -0.341874 -0.351427 -0.380608 -0.42027 -0.380605 -0.351425 -0.341871 -0.339803 -0.341404 -0.332917 -0.350703 
1.92 -5.29903 8 -0.350571 -0.333224 -0.341319 -0.339792 -0.341919 -0.351639 -0.380864 -0.420378 -0.380861 -0.351636 -0.341916 -0.339789 -0.341316 -0.333222 -0.35058 
1.93 -5.30035 8 -0.350444 -0.333549 -0.341228 -0.339779 -0.341966 -0.351852 -0.381119 -0.42048 -0.381117 -0.35185 -0.341963 -0.339776 -0.341225 -0.333547 -0.350453 
1.94 -5.3017 8 -0.350313 -0.333893 -0.341135 -0.339766 -0.342014 -0.352067 -0.381375 -0.420578 -0.381373 -0.352065 -0.342011 -0.339764 -0.341132 -0.333891 -0.350322 
1.95 -5.30308 8 -0.350179 -0.334254 -0.341041 -0.339753 -0.342064 -0.352284 -0.38163 -0.42067 -0.381628 -0.352282 -0.342061 -0.339751 -0.341038 -0.334252 -0.350188 
1.96 -5.30449 8 -0.350044 -0.33463 -0.340948 -0.339741 -0.342115 -0.352503 -0.381886 -0.420756 -0.381883 -0.3525 -0.342113 -0.339739 -0.340946 -0.334628 -0.350054 
1.97 -5.30593 8 -0.349909 -0.33502 -0.340858 -0.339729 -0.342168 -0.352723 -0.382141 -0.420838 -0.382138 -0.352721 -0.342165 -0.339727 -0.340855 -0.335017 -0.349918 
1.98 -5.30739 8 -0.349775 -0.335419 -0.340769 -0.339717 -0.342222 -0.352945 -0.382395 -0.420914 -0.382393 -0.352943 -0.34222 -0.339715 -0.340767 -0.335416 -0.349785 
1.99 -5.30889 8 -0.349644 -0.335824 -0.340685 -0.339706 -0.342278 -0.353169 -0.382649 -0.420985 -0.382647 -0.353166 -0.342276 -0.339703 -0.340682 -0.335822 -0.349653 
2 -5.31041 8 -0.349516 -0.336233 -0.340604 -0.339694 -0.342336 -0.353394 -0.382903 -0.421051 -0.382901 -0.353392 -0.342333 -0.339692 -0.340602 -0.33623 -0.349526 
2.01 -5.31194 8 -0.349395 -0.33664 -0.340528 -0.339683 -0.342395 -0.353621 -0.383157 -0.421112 -0.383154 -0.353619 -0.342392 -0.339681 -0.340526 -0.336637 -0.349404 
2.02 -5.31349 8 -0.34928 -0.337041 -0.340457 -0.339672 -0.342456 -0.35385 -0.38341 -0.421169 -0.383407 -0.353847 -0.342453 -0.33967 -0.340454 -0.337038 -0.34929 
2.03 -5.31505 8 -0.349175 -0.337432 -0.340391 -0.339662 -0.342518 -0.35408 -0.383662 -0.42122 -0.38366 -0.354077 -0.342515 -0.33966 -0.340388 -0.337429 -0.349185 
2.04 -5.31661 8 -0.349081 -0.337808 -0.340329 -0.339652 -0.342582 -0.354311 -0.383914 -0.421267 -0.383912 -0.354309 -0.342579 -0.33965 -0.340326 -0.337805 -0.34909 
2.05 -5.31817 8 -0.348998 -0.338164 -0.340272 -0.339642 -0.342648 -0.354544 -0.384165 -0.421308 -0.384163 -0.354542 -0.342645 -0.33964 -0.340269 -0.338161 -0.349008 
2.06 -5.31972 8 -0.34893 -0.338496 -0.340219 -0.339633 -0.342715 -0.354779 -0.384416 -0.421346 -0.384414 -0.354776 -0.342712 -0.339631 -0.340217 -0.338493 -0.348939 
2.07 -5.32125 8 -0.348876 -0.3388 -0.340171 -0.339624 -0.342784 -0.355015 -0.384666 -0.421378 -0.384664 -0.355013 -0.342781 -0.339622 -0.340169 -0.338797 -0.348885 
2.08 -5.32275 8 -0.348838 -0.339073 -0.340127 -0.339616 -0.342854 -0.355253 -0.384916 -0.421406 -0.384914 -0.35525 -0.342852 -0.339614 -0.340124 -0.339069 -0.348847 
2.09 -5.32424 8 -0.348817 -0.339312 -0.340086 -0.339609 -0.342927 -0.355491 -0.385164 -0.42143 -0.385162 -0.355489 -0.342924 -0.339606 -0.340084 -0.339309 -0.348826 
2.1 -5.32569 8 -0.348812 -0.339516 -0.340049 -0.339602 -0.343 -0.355732 -0.385412 -0.421449 -0.38541 -0.355729 -0.342998 -0.339599 -0.340047 -0.339513 -0.348822 
2.11 -5.32712 8 -0.348826 -0.339685 -0.340015 -0.339595 -0.343076 -0.355973 -0.385659 -0.421463 -0.385657 -0.355971 -0.343073 -0.339593 -0.340012 -0.339682 -0.348835 
2.12 -5.32852 8 -0.348857 -0.33982 -0.339983 -0.33959 -0.343154 -0.356216 -0.385906 -0.421474 -0.385904 -0.356214 -0.343151 -0.339587 -0.33998 -0.339816 -0.348866 
2.13 -5.32989 8 -0.348907 -0.33992 -0.339953 -0.339584 -0.343233 -0.356461 -0.386151 -0.42148 -0.386149 -0.356458 -0.34323 -0.339582 -0.33995 -0.339917 -0.348916 
2.14 -5.33125 8 -0.348976 -0.33999 -0.339925 -0.33958 -0.343314 -0.356706 -0.386395 -0.421482 -0.386394 -0.356704 -0.343311 -0.339578 -0.339922 -0.339986 -0.348985 
2.15 -5.33259 8 -0.349064 -0.340029 -0.339898 -0.339576 -0.343396 -0.356953 -0.386639 -0.42148 -0.386637 -0.35695 -0.343393 -0.339574 -0.339896 -0.340026 -0.349073 
2.16 -5.33392 8 -0.349172 -0.340043 -0.339873 -0.339573 -0.34348 -0.357201 -0.386882 -0.421474 -0.38688 -0.357198 -0.343478 -0.339571 -0.33987 -0.340039 -0.349181 
2.17 -5.33524 9 -0.349299 -0.340034 -0.339848 -0.339571 -0.343567 -0.35745 -0.387123 -0.421464 -0.387121 -0.357447 -0.343564 -0.339569 -0.339846 -0.34003 -0.349308 
2.18 -5.33657 9 -0.349446 -0.340004 -0.339825 -0.33957 -0.343654 -0.3577 -0.387364 -0.42145 -0.387362 -0.357698 -0.343652 -0.339568 -0.339822 -0.34 -0.349455 
2.19 -5.33791 9 -0.349614 -0.339957 -0.339802 -0.339569 -0.343744 -0.357952 -0.387603 -0.421433 -0.387601 -0.357949 -0.343741 -0.339567 -0.339799 -0.339953 -0.349622 
2.2 -5.33926 9 -0.349801 -0.339896 -0.339779 -0.33957 -0.343836 -0.358205 -0.387841 -0.421411 -0.38784 -0.358202 -0.343833 -0.339567 -0.339776 -0.339892 -0.349809 
2.21 -5.34063 9 -0.350008 -0.339823 -0.339756 -0.339571 -0.343929 -0.358458 -0.388078 -0.421386 -0.388077 -0.358456 -0.343926 -0.339568 -0.339754 -0.339819 -0.350017 
2.22 -5.34202 9 -0.350235 -0.339741 -0.339734 -0.339573 -0.344024 -0.358713 -0.388314 -0.421358 -0.388313 -0.35871 -0.344021 -0.33957 -0.339732 -0.339737 -0.350243 
2.23 -5.34344 9 -0.350481 -0.339652 -0.339712 -0.339575 -0.344121 -0.358969 -0.388549 -0.421325 -0.388547 -0.358966 -0.344118 -0.339573 -0.339709 -0.339649 -0.350489 
2.24 -5.34488 9 -0.350745 -0.339559 -0.33969 -0.339579 -0.344219 -0.359225 -0.388783 -0.42129 -0.388781 -0.359223 -0.344216 -0.339577 -0.339687 -0.339555 -0.350753 
2.25 -5.34636 9 -0.351026 -0.339462 -0.339667 -0.339584 -0.34432 -0.359483 -0.389015 -0.421251 -0.389013 -0.35948 -0.344317 -0.339581 -0.339665 -0.339458 -0.351033 
2.26 -5.34786 9 -0.351321 -0.339364 -0.339645 -0.339589 -0.344422 -0.359742 -0.389246 -0.421208 -0.389244 -0.359739 -0.344419 -0.339587 -0.339643 -0.33936 -0.351329 
2.27 -5.34939 9 -0.35163 -0.339265 -0.339623 -0.339596 -0.344526 -0.360001 -0.389475 -0.421163 -0.389473 -0.359999 -0.344523 -0.339593 -0.33962 -0.339261 -0.351638 
2.28 -5.35094 9 -0.35195 -0.339167 -0.3396 -0.339603 -0.344631 -0.360262 -0.389703 -0.421114 -0.389702 -0.360259 -0.344629 -0.339601 -0.339598 -0.339164 -0.351957 
2.29 -5.35251 9 -0.352277 -0.339071 -0.339578 -0.339611 -0.344739 -0.360523 -0.38993 -0.421062 -0.389928 -0.36052 -0.344736 -0.339609 -0.339575 -0.339067 -0.352284 
2.3 -5.3541 9 -0.352607 -0.338977 -0.339555 -0.339621 -0.344848 -0.360785 -0.390155 -0.421007 -0.390153 -0.360782 -0.344846 -0.339618 -0.339553 -0.338974 -0.352614 
2.31 -5.35569 9 -0.352938 -0.338886 -0.339532 -0.339631 -0.34496 -0.361048 -0.390379 -0.420949 -0.390377 -0.361045 -0.344957 -0.339628 -0.33953 -0.338883 -0.352945 
2.32 -5.35728 9 -0.353264 -0.338798 -0.33951 -0.339642 -0.345073 -0.361311 -0.390601 -0.420888 -0.3906 -0.361309 -0.34507 -0.33964 -0.339507 -0.338795 -0.353271 
2.33 -5.35886 10 -0.35358 -0.338714 -0.339487 -0.339654 -0.345188 -0.361576 -0.390822 -0.420825 -0.39082 -0.361573 -0.345185 -0.339652 -0.339484 -0.338711 -0.353587 
2.34 -5.36041 10 -0.353881 -0.338633 -0.339464 -0.339668 -0.345304 -0.361841 -0.391041 -0.420758 -0.391039 -0.361838 -0.345302 -0.339665 -0.339461 -0.33863 -0.353887 
2.35 -5.36193 10 -0.354161 -0.338556 -0.339441 -0.339682 -0.345423 -0.362106 -0.391258 -0.420689 -0.391257 -0.362104 -0.34542 -0.339679 -0.339438 -0.338553 -0.354167 
2.36 -5.36341 10 -0.354414 -0.338483 -0.339418 -0.339697 -0.345543 -0.362373 -0.391474 -0.420617 -0.391473 -0.36237 -0.34554 -0.339695 -0.339416 -0.338479 -0.35442 
2.37 -5.36483 10 -0.354635 -0.338412 -0.339395 -0.339713 -0.345665 -0.362639 -0.391688 -0.420543 -0.391687 -0.362637 -0.345662 -0.339711 -0.339393 -0.338408 -0.354641 
2.38 -5.36618 10 -0.354819 -0.338344 -0.339372 -0.339731 -0.345789 -0.362907 -0.391901 -0.420466 -0.3919 -0.362904 -0.345786 -0.339728 -0.33937 -0.338341 -0.354825 
2.39 -5.36746 10 -0.354961 -0.338279 -0.33935 -0.339749 -0.345915 -0.363175 -0.392112 -0.420387 -0.392111 -0.363172 -0.345912 -0.339747 -0.339347 -0.338276 -0.354967 
2.4 -5.36865 10 -0.355059 -0.338216 -0.339327 -0.339769 -0.346042 -0.363443 -0.392321 -0.420306 -0.39232 -0.363441 -0.346039 -0.339766 -0.339324 -0.338213 -0.355065 
2.41 -5.36976 10 -0.355111 -0.338155 -0.339304 -0.339789 -0.346171 -0.363712 -0.392528 -0.420222 -0.392527 -0.36371 -0.346169 -0.339787 -0.339302 -0.338152 -0.355116 
2.42 -5.37077 10 -0.355114 -0.338095 -0.339282 -0.339811 -0.346302 -0.363982 -0.392734 -0.420136 -0.392733 -0.363979 -0.3463 -0.339808 -0.339279 -0.338092 -0.355119 
2.43 -5.37169 10 -0.355069 -0.338036 -0.339259 -0.339834 -0.346435 -0.364252 -0.392938 -0.420048 -0.392937 -0.364249 -0.346433 -0.339831 -0.339257 -0.338033 -0.355075 
2.44 -5.37251 10 -0.354978 -0.337978 -0.339237 -0.339857 -0.34657 -0.364522 -0.39314 -0.419958 -0.393139 -0.364519 -0.346567 -0.339855 -0.339235 -0.337974 -0.354983 
2.45 -5.37325 10 -0.354842 -0.337919 -0.339215 -0.339882 -0.346706 -0.364792 -0.39334 -0.419866 -0.393339 -0.36479 -0.346704 -0.33988 -0.339213 -0.337916 -0.354847 
2.46 -5.3739 10 -0.354663 -0.33786 -0.339193 -0.339908 -0.346844 -0.365063 -0.393538 -0.419772 -0.393537 -0.365061 -0.346842 -0.339906 -0.339191 -0.337857 -0.354668 
2.47 -5.37448 10 -0.354445 -0.337801 -0.339171 -0.339935 -0.346984 -0.365335 -0.393735 -0.419676 -0.393733 -0.365332 -0.346982 -0.339933 -0.339169 -0.337798 -0.35445 
2.48 -5.37498 10 -0.354192 -0.337741 -0.33915 -0.339964 -0.347126 -0.365606 -0.393929 -0.419579 -0.393928 -0.365604 -0.347123 -0.339961 -0.339147 -0.337738 -0.354197 
2.49 -5.37542 10 -0.353906 -0.33768 -0.339128 -0.339993 -0.347269 -0.365878 -0.394122 -0.419479 -0.39412 -0.365875 -0.347267 -0.33999 -0.339126 -0.337676 -0.353911 
2.5 -5.3758 10 -0.353592 -0.337617 -0.339107 -0.340023 -0.347415 -0.36615 -0.394312 -0.419378 -0.394311 -0.366147 -0.347412 -0.340021 -0.339104 -0.337614 -0.353597 
2.51 -5.37613 11 -0.353253 -0.337553 -0.339086 -0.340055 -0.347562 -0.366422 -0.394501 -0.419276 -0.3945 -0.366419 -0.347559 -0.340052 -0.339083 -0.33755 -0.353258 
2.52 -5.37641 11 -0.352891 -0.337488 -0.339065 -0.340088 -0.34771 -0.366694 -0.394688 -0.419172 -0.394686 -0.366691 -0.347708 -0.340085 -0.339062 -0.337484 -0.352896 
2.53 -5.37665 11 -0.352511 -0.33742 -0.339044 -0.340122 -0.347861 -0.366966 -0.394872 -0.419066 -0.394871 -0.366964 -0.347858 -0.340119 -0.339041 -0.337417 -0.352516 
2.54 -5.37685 11 -0.352114 -0.337351 -0.339023 -0.340157 -0.348013 -0.367238 -0.395055 -0.418959 -0.395054 -0.367236 -0.34801 -0.340154 -0.339021 -0.337348 -0.352119 
2.55 -5.37703 11 -0.351704 -0.337281 -0.339003 -0.340193 -0.348166 -0.367511 -0.395235 -0.418851 -0.395234 -0.367508 -0.348164 -0.340191 -0.339 -0.337278 -0.351709 
2.56 -5.37717 11 -0.351282 -0.337208 -0.338982 -0.340231 -0.348322 -0.367783 -0.395414 -0.418741 -0.395413 -0.367781 -0.348319 -0.340228 -0.33898 -0.337205 -0.351286 
2.57 -5.3773 11 -0.35085 -0.337134 -0.338962 -0.340269 -0.348479 -0.368056 -0.39559 -0.41863 -0.395589 -0.368053 -0.348476 -0.340267 -0.338959 -0.337131 -0.350855 
2.58 -5.37741 11 -0.35041 -0.337057 -0.338942 -0.340309 -0.348638 -0.368328 -0.395765 -0.418518 -0.395764 -0.368326 -0.348635 -0.340306 -0.338939 -0.337054 -0.350415 
2.59 -5.37749 11 -0.349963 -0.336979 -0.338922 -0.34035 -0.348798 -0.3686 -0.395937 -0.418405 -0.395936 -0.368598 -0.348795 -0.340347 -0.338919 -0.336976 -0.349968 
2.6 -5.37757 11 -0.349511 -0.336899 -0.338902 -0.340392 -0.34896 -0.368873 -0.396107 -0.418291 -0.396106 -0.36887 -0.348958 -0.340389 -0.338899 -0.336896 -0.349516 
2.61 -5.37763 11 -0.349055 -0.336817 -0.338882 -0.340435 -0.349124 -0.369145 -0.396276 -0.418176 -0.396274 -0.369142 -0.349121 -0.340433 -0.338879 -0.336814 -0.34906 
2.62 -5.37769 11 -0.348595 -0.336734 -0.338862 -0.34048 -0.349289 -0.369417 -0.396442 -0.41806 -0.39644 -0.369414 -0.349287 -0.340477 -0.338859 -0.336731 -0.3486 
2.63 -5.37773 11 -0.348133 -0.336648 -0.338842 -0.340525 -0.349456 -0.369688 -0.396605 -0.417943 -0.396604 -0.369686 -0.349453 -0.340523 -0.33884 -0.336645 -0.348138 
2.64 -5.37777 12 -0.347669 -0.336561 -0.338823 -0.340572 -0.349624 -0.36996 -0.396767 -0.417826 -0.396766 -0.369958 -0.349622 -0.340569 -0.33882 -0.336558 -0.347673 
2.65 -5.3778 12 -0.347203 -0.336472 -0.338803 -0.34062 -0.349794 -0.370231 -0.396927 -0.417707 -0.396926 -0.370229 -0.349792 -0.340617 -0.3388 -0.33647 -0.347208 
2.66 -5.37783 12 -0.346736 -0.336382 -0.338783 -0.340669 -0.349966 -0.370502 -0.397084 -0.417588 -0.397083 -0.3705 -0.349964 -0.340667 -0.338781 -0.336379 -0.346741 
2.67 -5.37785 12 -0.346269 -0.33629 -0.338764 -0.34072 -0.350139 -0.370773 -0.397239 -0.417469 -0.397238 -0.370771 -0.350137 -0.340717 -0.338761 -0.336287 -0.346274 
2.68 -5.37787 12 -0.345802 -0.336196 -0.338745 -0.340771 -0.350314 -0.371043 -0.397393 -0.417348 -0.397391 -0.371041 -0.350312 -0.340769 -0.338742 -0.336193 -0.345806 
2.69 -5.37788 12 -0.345335 -0.336101 -0.338725 -0.340824 -0.35049 -0.371313 -0.397543 -0.417228 -0.397542 -0.371311 -0.350488 -0.340821 -0.338723 -0.336098 -0.345339 
2.7 -5.37789 12 -0.344868 -0.336004 -0.338706 -0.340878 -0.350668 -0.371583 -0.397692 -0.417106 -0.397691 -0.371581 -0.350666 -0.340875 -0.338703 -0.336002 -0.344872 
2.71 -5.37791 12 -0.344401 -0.335906 -0.338686 -0.340933 -0.350847 -0.371852 -0.397839 -0.416985 -0.397838 -0.37185 -0.350845 -0.34093 -0.338684 -0.335904 -0.344406 
2.72 -5.37791 12 -0.343935 -0.335807 -0.338667 -0.340989 -0.351028 -0.372121 -0.397983 -0.416863 -0.397982 -0.372119 -0.351025 -0.340987 -0.338664 -0.335804 -0.34394 
2.73 -5.37792 12 -0.34347 -0.335707 -0.338647 -0.341047 -0.35121 -0.372389 -0.398125 -0.41674 -0.398124 -0.372387 -0.351208 -0.341044 -0.338645 -0.335704 -0.343474 
2.74 -5.37793 12 -0.343006 -0.335605 -0.338628 -0.341106 -0.351394 -0.372657 -0.398265 -0.416618 -0.398264 -0.372655 -0.351391 -0.341103 -0.338625 -0.335602 -0.34301 
2.75 -5.37793 12 -0.342542 -0.335502 -0.338608 -0.341166 -0.351579 -0.372924 -0.398403 -0.416495 -0.398402 -0.372922 -0.351576 -0.341163 -0.338606 -0.335499 -0.342547 
2.76 -5.37794 12 -0.34208 -0.335398 -0.338589 -0.341227 -0.351765 -0.373191 -0.398538 -0.416372 -0.398537 -0.373189 -0.351763 -0.341224 -0.338586 -0.335395 -0.342084 
2.77 -5.37794 13 -0.341618 -0.335292 -0.338569 -0.341289 -0.351953 -0.373457 -0.398672 -0.416248 -0.398671 -0.373455 -0.351951 -0.341286 -0.338567 -0.33529 -0.341623 
2.78 -5.37794 13 -0.341158 -0.335186 -0.338549 -0.341352 -0.352142 -0.373723 -0.398803 -0.416125 -0.398802 -0.373721 -0.35214 -0.34135 -0.338547 -0.335184 -0.341162 
2.79 -5.37795 13 -0.340699 -0.335079 -0.33853 -0.341417 -0.352333 -0.373988 -0.398932 -0.416002 -0.398931 -0.373986 -0.35233 -0.341414 -0.338527 -0.335077 -0.340703 
2.8 -5.37795 13 -0.340241 -0.334971 -0.33851 -0.341483 -0.352525 -0.374252 -0.399059 -0.415878 -0.399058 -0.37425 -0.352522 -0.34148 -0.338507 -0.334969 -0.340245 
2.81 -5.37795 13 -0.339784 -0.334863 -0.33849 -0.34155 -0.352718 -0.374515 -0.399183 -0.415755 -0.399182 -0.374514 -0.352716 -0.341547 -0.338487 -0.33486 -0.339788 
2.82 -5.37795 13 -0.339328 -0.334753 -0.33847 -0.341618 -0.352912 -0.374778 -0.399306 -0.415632 -0.399304 -0.374776 -0.35291 -0.341615 -0.338467 -0.334751 -0.339332 
2.83 -5.37795 13 -0.338873 -0.334643 -0.338449 -0.341687 -0.353108 -0.37504 -0.399426 -0.415509 -0.399425 -0.375039 -0.353106 -0.341684 -0.338447 -0.334641 -0.338877 
2.84 -5.37795 13 -0.338419 -0.334532 -0.338429 -0.341757 -0.353305 -0.375302 -0.399544 -0.415386 -0.399543 -0.3753 -0.353303 -0.341755 -0.338426 -0.33453 -0.338423 
2.85 -5.37795 13 -0.337966 -0.334421 -0.338409 -0.341829 -0.353504 -0.375562 -0.39966 -0.415263 -0.399658 -0.375561 -0.353501 -0.341826 -0.338406 -0.334419 -0.33797 
2.86 -5.37796 13 -0.337515 -0.334309 -0.338388 -0.341902 -0.353703 -0.375822 -0.399773 -0.41514 -0.399772 -0.37582 -0.353701 -0.341899 -0.338385 -0.334307 -0.337519 
2.87 -5.37796 13 -0.337064 -0.334197 -0.338367 -0.341976 -0.353904 -0.376081 -0.399885 -0.415018 -0.399884 -0.376079 -0.353902 -0.341973 -0.338364 -0.334194 -0.337068 
2.88 -5.37796 13 -0.336615 -0.334084 -0.338346 -0.342051 -0.354106 -0.376339 -0.399994 -0.414896 -0.399993 -0.376337 -0.354104 -0.342048 -0.338343 -0.334082 -0.336619 
2.89 -5.37796 13 -0.336167 -0.333971 -0.338325 -0.342127 -0.354309 -0.376596 -0.400101 -0.414775 -0.4001 -0.376594 -0.354307 -0.342124 -0.338322 -0.333969 -0.33617 
2.9 -5.37796 13 -0.335719 -0.333858 -0.338303 -0.342204 -0.354513 -0.376852 -0.400206 -0.414653 -0.400205 -0.376851 -0.354511 -0.342201 -0.338301 -0.333855 -0.335723 
2.91 -5.37796 13 -0.335273 -0.333744 -0.338282 -0.342283 -0.354719 -0.377107 -0.400309 -0.414532 -0.400308 -0.377106 -0.354716 -0.34228 -0.338279 -0.333742 -0.335277 
2.92 -5.37796 13 -0.334827 -0.33363 -0.33826 -0.342362 -0.354925 -0.377362 -0.40041 -0.414412 -0.400409 -0.37736 -0.354923 -0.342359 -0.338257 -0.333628 -0.334831 
2.93 -5.37796 13 -0.334383 -0.333517 -0.338238 -0.342443 -0.355133 -0.377615 -0.400509 -0.414292 -0.400507 -0.377614 -0.355131 -0.34244 -0.338235 -0.333515 -0.334387 
2.94 -5.37796 13 -0.33394 -0.333403 -0.338216 -0.342525 -0.355342 -0.377867 -0.400605 -0.414173 -0.400604 -0.377866 -0.355339 -0.342522 -0.338213 -0.333401 -0.333943 
2.95 -5.37796 13 -0.333497 -0.333289 -0.338193 -0.342607 -0.355551 -0.378119 -0.4007 -0.414054 -0.400698 -0.378117 -0.355549 -0.342605 -0.33819 -0.333287 -0.333501 
2.96 -5.37796 13 -0.333055 -0.333175 -0.33817 -0.342691 -0.355762 -0.378369 -0.400792 -0.413935 -0.400791 -0.378368 -0.35576 -0.342688 -0.338168 -0.333173 -0.333059 
2.97 -5.37796 14 -0.332615 -0.333062 -0.338147 -0.342776 -0.355974 -0.378618 -0.400883 -0.413818 -0.400881 -0.378617 -0.355972 -0.342774 -0.338145 -0.33306 -0.332618 
2.98 -5.37796 14 -0.332175 -0.332948 -0.338124 -0.342863 -0.356187 -0.378866 -0.400971 -0.4137 -0.400969 -0.378865 -0.356184 -0.34286 -0.338121 -0.332946 -0.332178 
2.99 -5.37796 14 -0.331736 -0.332835 -0.3381 -0.34295 -0.3564 -0.379113 -0.401057 -0.413584 -0.401056 -0.379112 -0.356398 -0.342947 -0.338098 -0.332833 -0.331739 
3 -5.37796 14 -0.331298 -0.332722 -0.338077 -0.343038 -0.356615 -0.379359 -0.401141 -0.413468 -0.40114 -0.379358 -0.356613 -0.343035 -0.338074 -0.33272 -0.331301 
3.01 -5.37796 14 -0.33086 -0.332609 -0.338052 -0.343127 -0.356831 -0.379604 -0.401223 -0.413353 -0.401222 -0.379603 -0.356828 -0.343125 -0.33805 -0.332607 -0.330864 
3.02 -5.37796 14 -0.330424 -0.332497 -0.338028 -0.343218 -0.357047 -0.379847 -0.401304 -0.413238 -0.401302 -0.379846 -0.357045 -0.343215 -0.338025 -0.332495 -0.330427 
3.03 -5.37796 14 -0.329988 -0.332385 -0.338003 -0.343309 -0.357264 -0.380089 -0.401382 -0.413124 -0.40138 -0.380088 -0.357262 -0.343307 -0.338001 -0.332383 -0.329991 
3.04 -5.37796 14 -0.329553 -0.332273 -0.337978 -0.343402 -0.357483 -0.38033 -0.401458 -0.413011 -0.401456 -0.38033 -0.35748 -0.343399 -0.337976 -0.332272 -0.329556 
3.05 -5.37796 14 -0.329119 -0.332163 -0.337953 -0.343495 -0.357702 -0.38057 -0.401532 -0.412899 -0.401531 -0.380569 -0.357699 -0.343493 -0.33795 -0.332161 -0.329122 
3.06 -5.37796 14 -0.328685 -0.332052 -0.337927 -0.34359 -0.357922 -0.380809 -0.401605 -0.412788 -0.401603 -0.380808 -0.357919 -0.343587 -0.337925 -0.33205 -0.328689 
3.07 -5.37796 14 -0.328253 -0.331942 -0.337901 -0.343686 -0.358142 -0.381046 -0.401675 -0.412677 -0.401673 -0.381045 -0.35814 -0.343683 -0.337899 -0.331941 -0.328256 
3.08 -5.37796 14 -0.32782 -0.331833 -0.337875 -0.343782 -0.358363 -0.381282 -0.401744 -0.412567 -0.401742 -0.381281 -0.358361 -0.343779 -0.337872 -0.331832 -0.327824 
3.09 -5.37796 14 -0.327389 -0.331725 -0.337849 -0.34388 -0.358586 -0.381516 -0.40181 -0.412458 -0.401808 -0.381516 -0.358583 -0.343877 -0.337846 -0.331723 -0.327392 
3.1 -5.37796 15 -0.326958 -0.331617 -0.337822 -0.343979 -0.358808 -0.38175 -0.401875 -0.41235 -0.401873 -0.381749 -0.358806 -0.343976 -0.337819 -0.331616 -0.326961 
3.11 -5.37796 15 -0.326528 -0.331511 -0.337794 -0.344078 -0.359032 -0.381982 -0.401938 -0.412242 -0.401936 -0.381981 -0.359029 -0.344075 -0.337792 -0.331509 -0.326531 
3.12 -5.37796 15 -0.326098 -0.331405 -0.337767 -0.344179 -0.359256 -0.382212 -0.401999 -0.412136 -0.401997 -0.382212 -0.359254 -0.344176 -0.337764 -0.331403 -0.326101 
3.13 -5.37796 15 -0.32567 -0.331299 -0.337739 -0.34428 -0.359481 -0.382441 -0.402058 -0.41203 -0.402056 -0.382441 -0.359478 -0.344278 -0.337736 -0.331298 -0.325673 
3.14 -5.37796 15 -0.325241 -0.331195 -0.337711 -0.344383 -0.359706 -0.382669 -0.402116 -0.411926 -0.402114 -0.382669 -0.359704 -0.34438 -0.337708 -0.331194 -0.325244 
3.15 -5.37796 15 -0.324814 -0.331092 -0.337682 -0.344486 -0.359932 -0.382895 -0.402171 -0.411822 -0.402169 -0.382895 -0.35993 -0.344484 -0.337679 -0.33109 -0.324817 
3.16 -5.37796 15 -0.324387 -0.33099 -0.337653 -0.344591 -0.360159 -0.38312 -0.402225 -0.411719 -0.402223 -0.38312 -0.360156 -0.344588 -0.33765 -0.330988 -0.324389 
3.17 -5.37796 16 -0.32396 -0.330888 -0.337624 -0.344696 -0.360386 -0.383343 -0.402277 -0.411617 -0.402275 -0.383343 -0.360383 -0.344693 -0.337621 -0.330887 -0.323963 
3.18 -5.37796 16 -0.323534 -0.330788 -0.337594 -0.344803 -0.360613 -0.383565 -0.402328 -0.411516 -0.402326 -0.383565 -0.360611 -0.3448 -0.337591 -0.330787 -0.323537 
3.19 -5.37796 16 -0.323109 -0.330689 -0.337564 -0.34491 -0.360841 -0.383786 -0.402377 -0.411416 -0.402375 -0.383786 -0.360839 -0.344907 -0.337561 -0.330688 -0.323111 
3.2 -5.37796 16 -0.322684 -0.330591 -0.337534 -0.345018 -0.36107 -0.384005 -0.402424 -0.411317 -0.402422 -0.384005 -0.361067 -0.345015 -0.337531 -0.33059 -0.322686 
3.21 -5.37796 16 -0.322259 -0.330494 -0.337503 -0.345127 -0.361299 -0.384222 -0.402469 -0.411219 -0.402467 -0.384222 -0.361296 -0.345124 -0.3375 -0.330493 -0.322262 
3.22 -5.37796 16 -0.321836 -0.330398 -0.337472 -0.345237 -0.361528 -0.384438 -0.402513 -0.411122 -0.402511 -0.384438 -0.361526 -0.345234 -0.337469 -0.330397 -0.321838 
3.23 -5.37796 16 -0.321412 -0.330304 -0.337441 -0.345348 -0.361758 -0.384652 -0.402556 -0.411026 -0.402553 -0.384652 -0.361756 -0.345345 -0.337438 -0.330303 -0.321415 
3.24 -5.37796 16 -0.32099 -0.330211 -0.337409 -0.345459 -0.361988 -0.384865 -0.402596 -0.410931 -0.402594 -0.384865 -0.361986 -0.345457 -0.337406 -0.330209 -0.320992 
3.25 -5.37796 16 -0.320567 -0.330119 -0.337377 -0.345572 -0.362219 -0.385076 -0.402635 -0.410837 -0.402633 -0.385076 -0.362216 -0.345569 -0.337374 -0.330117 -0.32057 
3.26 -5.37796 16 -0.320146 -0.330028 -0.337345 -0.345685 -0.362449 -0.385285 -0.402673 -0.410744 -0.402671 -0.385286 -0.362447 -0.345683 -0.337342 -0.330027 -0.320148 
3.27 -5.37796 17 -0.319724 -0.329939 -0.337312 -0.3458 -0.36268 -0.385493 -0.402709 -0.410652 -0.402707 -0.385494 -0.362678 -0.345797 -0.33731 -0.329937 -0.319727 
3.28 -5.37796 17 -0.319304 -0.329851 -0.33728 -0.345915 -0.362912 -0.3857 -0.402744 -0.41056 -0.402741 -0.3857 -0.362909 -0.345912 -0.337277 -0.329849 -0.319306 
3.29 -5.37796 17 -0.318883 -0.329764 -0.337246 -0.34603 -0.363143 -0.385904 -0.402777 -0.41047 -0.402774 -0.385905 -0.363141 -0.346028 -0.337244 -0.329763 -0.318886 
3.3 -5.37796 17 -0.318463 -0.329679 -0.337213 -0.346147 -0.363375 -0.386107 -0.402809 -0.410381 -0.402806 -0.386108 -0.363372 -0.346144 -0.33721 -0.329677 -0.318466 
3.31 -5.37796 17 -0.318044 -0.329595 -0.337179 -0.346265 -0.363607 -0.386309 -0.402839 -0.410293 -0.402836 -0.386309 -0.363604 -0.346262 -0.337176 -0.329594 -0.318046 
3.32 -5.37796 17 -0.317625 -0.329512 -0.337145 -0.346383 -0.363839 -0.386508 -0.402868 -0.410206 -0.402865 -0.386509 -0.363836 -0.34638 -0.337142 -0.329511 -0.317628 
3.33 -5.37796 17 -0.317207 -0.329431 -0.337111 -0.346502 -0.364071 -0.386706 -0.402896 -0.410119 -0.402893 -0.386707 -0.364069 -0.346499 -0.337108 -0.32943 -0.317209 
3.34 -5.37796 17 -0.316789 -0.329352 -0.337077 -0.346621 -0.364303 -0.386903 -0.402922 -0.410034 -0.402919 -0.386904 -0.364301 -0.346619 -0.337074 -0.329351 -0.316791 
3.35 -5.37796 17 -0.316372 -0.329273 -0.337042 -0.346742 -0.364536 -0.387097 -0.402947 -0.40995 -0.402944 -0.387098 -0.364533 -0.346739 -0.337039 -0.329273 -0.316374 
3.36 -5.37796 17 -0.315955 -0.329197 -0.337007 -0.346863 -0.364768 -0.38729 -0.40297 -0.409867 -0.402968 -0.387291 -0.364766 -0.34686 -0.337004 -0.329196 -0.315957 
3.37 -5.37796 17 -0.315538 -0.329122 -0.336972 -0.346985 -0.365001 -0.387481 -0.402993 -0.409784 -0.40299 -0.387483 -0.364998 -0.346982 -0.336969 -0.329121 -0.31554 
3.38 -5.37796 18 -0.315122 -0.329048 -0.336936 -0.347108 -0.365233 -0.387671 -0.403014 -0.409703 -0.403011 -0.387672 -0.36523 -0.347105 -0.336933 -0.329047 -0.315124 
3.39 -5.37796 18 -0.314707 -0.328976 -0.336901 -0.347231 -0.365465 -0.387859 -0.403034 -0.409623 -0.403031 -0.38786 -0.365463 -0.347228 -0.336898 -0.328975 -0.314709 
3.4 -5.37796 18 -0.314292 -0.328905 -0.336865 -0.347355 -0.365698 -0.388045 -0.403053 -0.409543 -0.40305 -0.388046 -0.365695 -0.347352 -0.336862 -0.328904 -0.314294 
3.41 -5.37796 18 -0.313877 -0.328836 -0.336829 -0.34748 -0.36593 -0.388229 -0.40307 -0.409465 -0.403067 -0.38823 -0.365927 -0.347477 -0.336826 -0.328835 -0.313879 
3.42 -5.37796 18 -0.313463 -0.328769 -0.336793 -0.347605 -0.366162 -0.388411 -0.403087 -0.409387 -0.403083 -0.388413 -0.366159 -0.347603 -0.33679 -0.328768 -0.313465 
3.43 -5.37796 18 -0.31305 -0.328703 -0.336757 -0.347731 -0.366394 -0.388592 -0.403102 -0.409311 -0.403099 -0.388593 -0.366391 -0.347729 -0.336754 -0.328702 -0.313051 
3.44 -5.37796 18 -0.312637 -0.328638 -0.336721 -0.347858 -0.366626 -0.388771 -0.403116 -0.409235 -0.403113 -0.388772 -0.366623 -0.347855 -0.336718 -0.328637 -0.312638 
3.45 -5.37796 18 -0.312224 -0.328575 -0.336684 -0.347985 -0.366857 -0.388948 -0.403129 -0.409161 -0.403126 -0.38895 -0.366855 -0.347982 -0.336681 -0.328574 -0.312226 
3.46 -5.37796 18 -0.311812 -0.328514 -0.336648 -0.348113 -0.367089 -0.389123 -0.403141 -0.409087 -0.403138 -0.389125 -0.367086 -0.34811 -0.336645 -0.328513 -0.311814 
3.47 -5.37796 18 -0.311401 -0.328454 -0.336611 -0.348241 -0.36732 -0.389297 -0.403152 -0.409014 -0.403149 -0.389299 -0.367317 -0.348239 -0.336608 -0.328453 -0.311402 
3.48 -5.37796 18 -0.31099 -0.328396 -0.336575 -0.34837 -0.367551 -0.389468 -0.403163 -0.408942 -0.403159 -0.38947 -0.367548 -0.348368 -0.336572 -0.328395 -0.310991 
3.49 -5.37796 18 -0.310579 -0.328339 -0.336538 -0.3485 -0.367781 -0.389638 -0.403172 -0.408871 -0.403168 -0.38964 -0.367779 -0.348497 -0.336535 -0.328338 -0.310581 
3.5 -5.37796 18 -0.310169 -0.328284 -0.336502 -0.34863 -0.368012 -0.389807 -0.40318 -0.408801 -0.403176 -0.389809 -0.368009 -0.348627 -0.336499 -0.328283 -0.310171 
3.51 -5.37796 18 -0.30976 -0.32823 -0.336465 -0.348761 -0.368242 -0.389973 -0.403187 -0.408732 -0.403184 -0.389975 -0.368239 -0.348758 -0.336462 -0.328229 -0.309762 
3.52 -5.37796 18 -0.309351 -0.328178 -0.336429 -0.348892 -0.368471 -0.390137 -0.403194 -0.408664 -0.40319 -0.390139 -0.368469 -0.348889 -0.336426 -0.328177 -0.309353 
3.53 -5.37796 18 -0.308943 -0.328127 -0.336392 -0.349023 -0.3687 -0.3903 -0.403199 -0.408596 -0.403195 -0.390302 -0.368698 -0.349021 -0.336389 -0.328127 -0.308945 
3.54 -5.37796 18 -0.308536 -0.328078 -0.336356 -0.349155 -0.368929 -0.390461 -0.403204 -0.40853 -0.4032 -0.390463 -0.368926 -0.349153 -0.336353 -0.328078 -0.308537 
3.55 -5.37796 19 -0.308129 -0.32803 -0.33632 -0.349288 -0.369157 -0.39062 -0.403208 -0.408464 -0.403204 -0.390622 -0.369155 -0.349285 -0.336317 -0.32803 -0.30813 
3.56 -5.37796 19 -0.307723 -0.327984 -0.336284 -0.349421 -0.369385 -0.390777 -0.403211 -0.408399 -0.403207 -0.390779 -0.369382 -0.349418 -0.336281 -0.327984 -0.307724 
3.57 -5.37796 19 -0.307317 -0.32794 -0.336248 -0.349554 -0.369612 -0.390933 -0.403213 -0.408335 -0.403209 -0.390935 -0.369609 -0.349552 -0.336245 -0.327939 -0.307318 
3.58 -5.37796 19 -0.306912 -0.327896 -0.336212 -0.349688 -0.369839 -0.391086 -0.403215 -0.408271 -0.403211 -0.391089 -0.369836 -0.349686 -0.336209 -0.327896 -0.306913 
3.59 -5.37796 19 -0.306507 -0.327855 -0.336176 -0.349823 -0.370065 -0.391238 -0.403215 -0.408209 -0.403211 -0.39124 -0.370062 -0.34982 -0.336173 -0.327854 -0.306509 
