time energy SvN maxBondDim localEnergy 
0 -6.91174 0.592307 37 -0.654357 -0.293102 -0.568737 -0.334223 -0.544405 -0.348861 -0.535766 -0.352834 -0.535766 -0.348861 -0.544405 -0.334223 -0.568737 -0.293102 -0.654357 
0 -5.93747 0.0849479 12 -0.492277 -0.376619 -0.416678 -0.395649 -0.427038 -0.336576 -0.555498 0.0632035 -0.555498 -0.336576 -0.427038 -0.395649 -0.416678 -0.376619 -0.492277 
0.01 -5.93747 0.0849479 12 -0.492277 -0.376619 -0.416678 -0.395649 -0.427038 -0.336576 -0.555498 0.0632035 -0.555498 -0.336576 -0.427038 -0.395649 -0.416678 -0.376619 -0.492277 
0.02 -5.93747 0.0849479 12 -0.492277 -0.37662 -0.416678 -0.395649 -0.427038 -0.336576 -0.555498 0.0632035 -0.555498 -0.336576 -0.427038 -0.395649 -0.416678 -0.376619 -0.492277 
0.03 -5.93747 0.0849479 12 -0.492277 -0.37662 -0.416678 -0.395649 -0.427038 -0.336576 -0.555498 0.0632034 -0.555498 -0.336576 -0.427038 -0.395649 -0.416678 -0.376619 -0.492277 
0.04 -5.93747 0.0849479 12 -0.492277 -0.37662 -0.416678 -0.395649 -0.427038 -0.336576 -0.555498 0.0632033 -0.555498 -0.336576 -0.427038 -0.395649 -0.416678 -0.376619 -0.492277 
0.05 -5.93747 0.0849479 12 -0.492277 -0.37662 -0.416678 -0.395649 -0.427038 -0.336576 -0.555498 0.0632031 -0.555498 -0.336576 -0.427038 -0.395649 -0.416678 -0.376619 -0.492277 
0.06 -5.93747 0.0849479 12 -0.492277 -0.37662 -0.416678 -0.395649 -0.427038 -0.336576 -0.555499 0.0632028 -0.555499 -0.336576 -0.427038 -0.395649 -0.416678 -0.376619 -0.492277 
0.07 -5.93747 0.0849479 12 -0.492277 -0.37662 -0.416678 -0.395649 -0.427038 -0.336576 -0.555499 0.0632023 -0.555499 -0.336576 -0.427038 -0.395649 -0.416678 -0.376619 -0.492277 
0.08 -5.93747 0.0849479 12 -0.492277 -0.37662 -0.416678 -0.395649 -0.427038 -0.336576 -0.5555 0.0632017 -0.5555 -0.336576 -0.427038 -0.395649 -0.416678 -0.376619 -0.492277 
0.09 -5.93747 0.0849479 12 -0.492277 -0.37662 -0.416678 -0.395649 -0.427037 -0.336575 -0.5555 0.063201 -0.5555 -0.336575 -0.427037 -0.395649 -0.416678 -0.376619 -0.492277 
0.1 -5.93747 0.0849479 12 -0.492277 -0.37662 -0.416678 -0.395649 -0.427037 -0.336575 -0.555501 0.0632 -0.555501 -0.336575 -0.427037 -0.395649 -0.416678 -0.376619 -0.492277 
0.11 -5.93748 0.0849479 12 -0.492277 -0.37662 -0.416678 -0.395649 -0.427037 -0.336574 -0.555503 0.0631989 -0.555503 -0.336574 -0.427037 -0.395649 -0.416678 -0.376619 -0.492277 
0.12 -5.93748 0.0849479 12 -0.492277 -0.37662 -0.416678 -0.395649 -0.427037 -0.336574 -0.555504 0.0631975 -0.555504 -0.336574 -0.427037 -0.395649 -0.416678 -0.376619 -0.492277 
0.13 -5.93748 0.0849479 12 -0.492277 -0.37662 -0.416678 -0.395649 -0.427037 -0.336573 -0.555506 0.0631958 -0.555506 -0.336573 -0.427037 -0.395649 -0.416678 -0.376619 -0.492277 
0.14 -5.93749 0.084948 12 -0.492277 -0.37662 -0.416678 -0.395649 -0.427037 -0.336573 -0.555508 0.0631938 -0.555508 -0.336573 -0.427037 -0.395649 -0.416678 -0.376619 -0.492277 
0.15 -5.93749 0.084948 12 -0.492277 -0.37662 -0.416678 -0.395649 -0.427037 -0.336572 -0.55551 0.0631915 -0.55551 -0.336572 -0.427037 -0.395649 -0.416678 -0.376619 -0.492277 
0.16 -5.9375 0.084948 12 -0.492277 -0.37662 -0.416678 -0.395649 -0.427037 -0.336571 -0.555513 0.0631888 -0.555513 -0.336571 -0.427037 -0.395649 -0.416678 -0.376619 -0.492277 
0.17 -5.93751 0.0849481 12 -0.492277 -0.37662 -0.416678 -0.395649 -0.427037 -0.336569 -0.555516 0.0631857 -0.555516 -0.33657 -0.427037 -0.395649 -0.416678 -0.376619 -0.492277 
0.18 -5.93751 0.0849481 12 -0.492277 -0.37662 -0.416678 -0.395648 -0.427037 -0.336568 -0.555519 0.0631822 -0.555519 -0.336568 -0.427037 -0.395648 -0.416678 -0.376619 -0.492277 
0.19 -5.93752 0.0849482 12 -0.492277 -0.37662 -0.416678 -0.395648 -0.427037 -0.336567 -0.555523 0.0631782 -0.555523 -0.336567 -0.427037 -0.395648 -0.416678 -0.376619 -0.492277 
0.2 -5.93753 0.0849483 12 -0.492277 -0.37662 -0.416678 -0.395648 -0.427037 -0.336565 -0.555528 0.0631736 -0.555528 -0.336565 -0.427037 -0.395648 -0.416678 -0.376619 -0.492277 
0.21 -5.93754 0.0849484 12 -0.492277 -0.37662 -0.416678 -0.395648 -0.427037 -0.336563 -0.555533 0.0631686 -0.555533 -0.336563 -0.427037 -0.395648 -0.416678 -0.376619 -0.492277 
0.22 -5.93756 0.0849485 12 -0.492277 -0.37662 -0.416678 -0.395648 -0.427037 -0.336561 -0.555539 0.0631629 -0.555538 -0.336561 -0.427037 -0.395648 -0.416678 -0.376619 -0.492277 
0.23 -5.93757 0.0849486 12 -0.492277 -0.37662 -0.416678 -0.395648 -0.427037 -0.336559 -0.555545 0.0631566 -0.555545 -0.336559 -0.427037 -0.395648 -0.416678 -0.376619 -0.492277 
0.24 -5.93759 0.0849488 12 -0.492277 -0.37662 -0.416678 -0.395648 -0.427037 -0.336556 -0.555552 0.0631496 -0.555552 -0.336556 -0.427037 -0.395648 -0.416678 -0.376619 -0.492277 
0.25 -5.9376 0.084949 12 -0.492277 -0.37662 -0.416678 -0.395648 -0.427037 -0.336553 -0.555559 0.0631418 -0.555559 -0.336553 -0.427037 -0.395648 -0.416678 -0.376619 -0.492277 
0.26 -5.93762 0.0849493 12 -0.492277 -0.37662 -0.416678 -0.395648 -0.427037 -0.33655 -0.555568 0.0631333 -0.555568 -0.33655 -0.427037 -0.395648 -0.416678 -0.376619 -0.492277 
0.27 -5.93764 0.0849495 12 -0.492277 -0.37662 -0.416678 -0.395648 -0.427037 -0.336546 -0.555577 0.0631239 -0.555577 -0.336546 -0.427037 -0.395648 -0.416678 -0.376619 -0.492277 
0.28 -5.93766 0.0849499 12 -0.492277 -0.37662 -0.416678 -0.395648 -0.427037 -0.336542 -0.555587 0.0631136 -0.555587 -0.336543 -0.427036 -0.395648 -0.416678 -0.376619 -0.492277 
0.29 -5.93769 0.0849502 12 -0.492277 -0.37662 -0.416678 -0.395648 -0.427036 -0.336538 -0.555598 0.0631023 -0.555598 -0.336538 -0.427036 -0.395648 -0.416678 -0.376619 -0.492277 
0.3 -5.93771 0.0849507 12 -0.492277 -0.37662 -0.416678 -0.395648 -0.427036 -0.336534 -0.55561 0.0630901 -0.55561 -0.336534 -0.427036 -0.395648 -0.416678 -0.376619 -0.492277 
0.31 -5.93774 0.0849512 12 -0.492277 -0.37662 -0.416678 -0.395648 -0.427036 -0.336529 -0.555623 0.0630767 -0.555622 -0.336529 -0.427036 -0.395648 -0.416678 -0.376619 -0.492277 
0.32 -5.93777 0.0849517 12 -0.492277 -0.37662 -0.416678 -0.395648 -0.427036 -0.336523 -0.555637 0.0630622 -0.555636 -0.336523 -0.427036 -0.395648 -0.416678 -0.376619 -0.492277 
0.33 -5.93781 0.0849524 12 -0.492277 -0.37662 -0.416678 -0.395648 -0.427036 -0.336517 -0.555652 0.0630464 -0.555651 -0.336518 -0.427036 -0.395648 -0.416678 -0.376619 -0.492277 
0.34 -5.93784 0.0849531 12 -0.492277 -0.37662 -0.416678 -0.395648 -0.427036 -0.336511 -0.555668 0.0630294 -0.555668 -0.336511 -0.427036 -0.395648 -0.416678 -0.376619 -0.492277 
0.35 -5.93788 0.0849539 12 -0.492277 -0.37662 -0.416678 -0.395648 -0.427036 -0.336504 -0.555686 0.063011 -0.555685 -0.336504 -0.427036 -0.395648 -0.416678 -0.376619 -0.492277 
0.36 -5.93793 0.0849549 12 -0.492277 -0.37662 -0.416678 -0.395647 -0.427035 -0.336497 -0.555705 0.0629911 -0.555704 -0.336497 -0.427035 -0.395648 -0.416678 -0.376619 -0.492277 
0.37 -5.93797 0.0849559 12 -0.492277 -0.37662 -0.416678 -0.395647 -0.427035 -0.336489 -0.555725 0.0629697 -0.555724 -0.336489 -0.427035 -0.395647 -0.416678 -0.376619 -0.492277 
0.38 -5.93802 0.0849571 12 -0.492277 -0.37662 -0.416678 -0.395647 -0.427035 -0.33648 -0.555746 0.0629467 -0.555746 -0.336481 -0.427035 -0.395647 -0.416678 -0.376619 -0.492277 
0.39 -5.93807 0.0849584 12 -0.492276 -0.37662 -0.416678 -0.395647 -0.427035 -0.336471 -0.555769 0.062922 -0.555769 -0.336471 -0.427035 -0.395647 -0.416678 -0.376619 -0.492277 
0.4 -5.93813 0.0849599 12 -0.492276 -0.37662 -0.416678 -0.395647 -0.427035 -0.336461 -0.555794 0.0628955 -0.555793 -0.336462 -0.427035 -0.395647 -0.416678 -0.376619 -0.492277 
0.41 -5.93819 0.0849616 12 -0.492276 -0.37662 -0.416678 -0.395647 -0.427034 -0.336451 -0.55582 0.062867 -0.55582 -0.336451 -0.427034 -0.395647 -0.416678 -0.376619 -0.492277 
0.42 -5.93825 0.0849634 12 -0.492276 -0.37662 -0.416678 -0.395647 -0.427034 -0.336439 -0.555848 0.0628366 -0.555848 -0.33644 -0.427034 -0.395647 -0.416678 -0.376619 -0.492277 
0.43 -5.93832 0.0849654 12 -0.492276 -0.37662 -0.416678 -0.395646 -0.427034 -0.336427 -0.555878 0.062804 -0.555877 -0.336428 -0.427034 -0.395646 -0.416678 -0.376619 -0.492277 
0.44 -5.93839 0.0849677 12 -0.492276 -0.37662 -0.416678 -0.395646 -0.427034 -0.336414 -0.55591 0.0627693 -0.555909 -0.336415 -0.427034 -0.395646 -0.416678 -0.376619 -0.492277 
0.45 -5.93846 0.0849702 12 -0.492276 -0.37662 -0.416678 -0.395646 -0.427034 -0.336401 -0.555943 0.0627322 -0.555943 -0.336401 -0.427034 -0.395646 -0.416678 -0.376619 -0.492277 
0.46 -5.93854 0.0849729 12 -0.492276 -0.37662 -0.416678 -0.395646 -0.427033 -0.336386 -0.555979 0.0626927 -0.555978 -0.336386 -0.427033 -0.395646 -0.416678 -0.376619 -0.492277 
0.47 -5.93863 0.0849759 12 -0.492276 -0.37662 -0.416678 -0.395646 -0.427033 -0.33637 -0.556017 0.0626506 -0.556016 -0.336371 -0.427033 -0.395646 -0.416678 -0.376619 -0.492277 
0.48 -5.93872 0.0849792 12 -0.492276 -0.37662 -0.416678 -0.395645 -0.427033 -0.336354 -0.556057 0.0626058 -0.556056 -0.336354 -0.427033 -0.395645 -0.416678 -0.376619 -0.492277 
0.49 -5.93881 0.0849829 12 -0.492276 -0.37662 -0.416678 -0.395645 -0.427033 -0.336336 -0.556099 0.0625582 -0.556098 -0.336337 -0.427033 -0.395645 -0.416678 -0.376619 -0.492277 
0.5 -5.93891 0.0849868 12 -0.492276 -0.37662 -0.416678 -0.395645 -0.427032 -0.336318 -0.556143 0.0625076 -0.556142 -0.336318 -0.427032 -0.395645 -0.416678 -0.376619 -0.492277 
0.51 -5.93902 0.0849912 12 -0.492276 -0.37662 -0.416678 -0.395644 -0.427032 -0.336298 -0.55619 0.0624539 -0.556189 -0.336298 -0.427032 -0.395644 -0.416678 -0.376619 -0.492277 
0.52 -5.93913 0.0849959 12 -0.492276 -0.37662 -0.416678 -0.395644 -0.427032 -0.336277 -0.556239 0.062397 -0.556238 -0.336278 -0.427032 -0.395644 -0.416678 -0.376619 -0.492277 
0.53 -5.93925 0.0850011 12 -0.492276 -0.37662 -0.416677 -0.395644 -0.427032 -0.336255 -0.556291 0.0623367 -0.55629 -0.336255 -0.427031 -0.395644 -0.416678 -0.376619 -0.492277 
0.54 -5.93938 0.0850068 12 -0.492276 -0.37662 -0.416677 -0.395643 -0.427031 -0.336231 -0.556345 0.0622729 -0.556344 -0.336232 -0.427031 -0.395643 -0.416677 -0.376619 -0.492277 
0.55 -5.93951 0.0850129 12 -0.492276 -0.37662 -0.416677 -0.395643 -0.427031 -0.336207 -0.556403 0.0622053 -0.556401 -0.336207 -0.427031 -0.395643 -0.416677 -0.376619 -0.492278 
0.56 -5.93964 0.0850196 12 -0.492276 -0.37662 -0.416677 -0.395642 -0.427031 -0.33618 -0.556462 0.0621339 -0.556461 -0.336181 -0.427031 -0.395642 -0.416677 -0.376619 -0.492278 
0.57 -5.93979 0.0850268 12 -0.492276 -0.37662 -0.416677 -0.395642 -0.42703 -0.336153 -0.556525 0.0620584 -0.556524 -0.336154 -0.42703 -0.395642 -0.416677 -0.376619 -0.492278 
0.58 -5.93994 0.0850346 12 -0.492276 -0.37662 -0.416677 -0.395641 -0.42703 -0.336124 -0.556591 0.0619787 -0.55659 -0.336124 -0.42703 -0.395641 -0.416677 -0.376619 -0.492278 
0.59 -5.9401 0.0850431 12 -0.492276 -0.37662 -0.416677 -0.395641 -0.42703 -0.336093 -0.55666 0.0618947 -0.556658 -0.336094 -0.42703 -0.395641 -0.416677 -0.376619 -0.492278 
0.6 -5.94026 0.0850522 12 -0.492276 -0.37662 -0.416677 -0.39564 -0.42703 -0.336061 -0.556732 0.061806 -0.55673 -0.336062 -0.42703 -0.39564 -0.416677 -0.376619 -0.492278 
0.61 -5.94044 0.0850621 12 -0.492276 -0.37662 -0.416677 -0.39564 -0.42703 -0.336027 -0.556807 0.0617126 -0.556805 -0.336028 -0.427029 -0.39564 -0.416677 -0.376619 -0.492278 
0.62 -5.94062 0.0850728 12 -0.492276 -0.37662 -0.416677 -0.395639 -0.427029 -0.335991 -0.556885 0.0616142 -0.556884 -0.335992 -0.427029 -0.395639 -0.416677 -0.376619 -0.492278 
0.63 -5.94081 0.0850842 12 -0.492276 -0.37662 -0.416677 -0.395638 -0.427029 -0.335954 -0.556967 0.0615107 -0.556965 -0.335955 -0.427029 -0.395638 -0.416677 -0.376619 -0.492278 
0.64 -5.94101 0.0850966 12 -0.492276 -0.37662 -0.416677 -0.395638 -0.427029 -0.335914 -0.557051 0.0614017 -0.55705 -0.335915 -0.427029 -0.395638 -0.416677 -0.376619 -0.492278 
0.65 -5.94121 0.0851099 12 -0.492275 -0.37662 -0.416677 -0.395637 -0.427029 -0.335873 -0.55714 0.0612873 -0.557138 -0.335874 -0.427029 -0.395637 -0.416677 -0.376619 -0.492278 
0.66 -5.94143 0.0851242 12 -0.492275 -0.37662 -0.416677 -0.395636 -0.427029 -0.33583 -0.557232 0.061167 -0.55723 -0.335831 -0.427029 -0.395636 -0.416677 -0.376619 -0.492278 
0.67 -5.94165 0.0851395 12 -0.492275 -0.37662 -0.416677 -0.395635 -0.427028 -0.335784 -0.557327 0.0610407 -0.557325 -0.335785 -0.427028 -0.395635 -0.416677 -0.376619 -0.492278 
0.68 -5.94189 0.0851559 12 -0.492275 -0.37662 -0.416677 -0.395634 -0.427028 -0.335737 -0.557426 0.0609082 -0.557424 -0.335738 -0.427028 -0.395634 -0.416677 -0.376619 -0.492278 
0.69 -5.94213 0.0851735 12 -0.492275 -0.37662 -0.416677 -0.395633 -0.427028 -0.335687 -0.557528 0.0607693 -0.557526 -0.335688 -0.427028 -0.395633 -0.416677 -0.376619 -0.492278 
0.7 -5.94238 0.0851924 12 -0.492275 -0.37662 -0.416676 -0.395632 -0.427028 -0.335635 -0.557634 0.0606236 -0.557632 -0.335636 -0.427028 -0.395632 -0.416677 -0.376619 -0.492278 
0.71 -5.94264 0.0852126 12 -0.492275 -0.37662 -0.416676 -0.395631 -0.427028 -0.335581 -0.557744 0.0604711 -0.557742 -0.335582 -0.427028 -0.395631 -0.416676 -0.376619 -0.492278 
0.72 -5.94291 0.0852341 12 -0.492275 -0.37662 -0.416676 -0.39563 -0.427028 -0.335524 -0.557857 0.0603113 -0.557855 -0.335525 -0.427028 -0.39563 -0.416676 -0.376618 -0.492278 
0.73 -5.94319 0.0852572 12 -0.492275 -0.37662 -0.416676 -0.395628 -0.427028 -0.335465 -0.557974 0.0601442 -0.557972 -0.335466 -0.427028 -0.395628 -0.416676 -0.376618 -0.492278 
0.74 -5.94348 0.0852817 12 -0.492275 -0.37662 -0.416676 -0.395627 -0.427029 -0.335403 -0.558095 0.0599694 -0.558093 -0.335405 -0.427028 -0.395627 -0.416676 -0.376618 -0.492278 
0.75 -5.94378 0.085308 12 -0.492275 -0.37662 -0.416676 -0.395625 -0.427029 -0.335339 -0.55822 0.0597866 -0.558218 -0.33534 -0.427029 -0.395625 -0.416676 -0.376618 -0.492278 
0.76 -5.94409 0.0853359 12 -0.492275 -0.37662 -0.416676 -0.395624 -0.427029 -0.335272 -0.558348 0.0595957 -0.558346 -0.335273 -0.427029 -0.395624 -0.416676 -0.376618 -0.492278 
0.77 -5.94441 0.0853657 12 -0.492275 -0.37662 -0.416676 -0.395622 -0.427029 -0.335202 -0.55848 0.0593964 -0.558478 -0.335204 -0.427029 -0.395622 -0.416676 -0.376618 -0.492278 
0.78 -5.94474 0.0853974 12 -0.492275 -0.37662 -0.416676 -0.395621 -0.42703 -0.33513 -0.558616 0.0591884 -0.558613 -0.335131 -0.427029 -0.395621 -0.416676 -0.376618 -0.492278 
0.79 -5.94509 0.0854311 12 -0.492275 -0.37662 -0.416675 -0.395619 -0.42703 -0.335054 -0.558755 0.0589715 -0.558753 -0.335056 -0.42703 -0.395619 -0.416676 -0.376618 -0.492278 
0.8 -5.94544 0.0854669 12 -0.492275 -0.37662 -0.416675 -0.395617 -0.42703 -0.334976 -0.558898 0.0587453 -0.558895 -0.334978 -0.42703 -0.395617 -0.416675 -0.376618 -0.492278 
0.81 -5.9458 0.085505 12 -0.492275 -0.37662 -0.416675 -0.395615 -0.427031 -0.334895 -0.559044 0.0585096 -0.559042 -0.334896 -0.427031 -0.395615 -0.416675 -0.376618 -0.492278 
0.82 -5.94617 0.0855454 12 -0.492275 -0.376619 -0.416675 -0.395613 -0.427032 -0.33481 -0.559194 0.0582642 -0.559192 -0.334812 -0.427032 -0.395613 -0.416675 -0.376618 -0.492278 
0.83 -5.94656 0.0855882 12 -0.492275 -0.376619 -0.416675 -0.39561 -0.427032 -0.334723 -0.559348 0.0580087 -0.559345 -0.334724 -0.427032 -0.39561 -0.416675 -0.376618 -0.492278 
0.84 -5.94695 0.0856337 12 -0.492275 -0.376619 -0.416675 -0.395608 -0.427033 -0.334632 -0.559505 0.0577429 -0.559502 -0.334634 -0.427033 -0.395608 -0.416675 -0.376618 -0.492278 
0.85 -5.94736 0.0856819 12 -0.492275 -0.376619 -0.416674 -0.395605 -0.427034 -0.334538 -0.559665 0.0574665 -0.559663 -0.33454 -0.427034 -0.395606 -0.416675 -0.376618 -0.492278 
0.86 -5.94777 0.0857329 12 -0.492274 -0.376619 -0.416674 -0.395603 -0.427035 -0.334441 -0.559829 0.0571793 -0.559826 -0.334443 -0.427035 -0.395603 -0.416674 -0.376618 -0.492278 
0.87 -5.9482 0.0857869 12 -0.492274 -0.376619 -0.416674 -0.3956 -0.427037 -0.33434 -0.559995 0.0568808 -0.559993 -0.334342 -0.427036 -0.3956 -0.416674 -0.376618 -0.492278 
0.88 -5.94864 0.085844 12 -0.492274 -0.376619 -0.416674 -0.395597 -0.427038 -0.334236 -0.560165 0.056571 -0.560162 -0.334238 -0.427038 -0.395597 -0.416674 -0.376618 -0.492278 
0.89 -5.94909 0.0859044 12 -0.492274 -0.376619 -0.416674 -0.395594 -0.427039 -0.334129 -0.560338 0.0562494 -0.560335 -0.334131 -0.427039 -0.395594 -0.416674 -0.376618 -0.492278 
0.9 -5.94954 0.0859683 12 -0.492274 -0.376619 -0.416673 -0.395591 -0.427041 -0.334018 -0.560513 0.0559158 -0.560511 -0.33402 -0.427041 -0.395591 -0.416674 -0.376618 -0.492278 
0.91 -5.95001 0.0860357 12 -0.492274 -0.376619 -0.416673 -0.395587 -0.427043 -0.333903 -0.560691 0.05557 -0.560689 -0.333905 -0.427043 -0.395587 -0.416673 -0.376618 -0.492278 
0.92 -5.95049 0.0861069 12 -0.492274 -0.376619 -0.416673 -0.395584 -0.427045 -0.333785 -0.560872 0.0552115 -0.56087 -0.333787 -0.427045 -0.395584 -0.416673 -0.376617 -0.492278 
0.93 -5.95098 0.086182 12 -0.492274 -0.376619 -0.416673 -0.39558 -0.427047 -0.333663 -0.561055 0.0548403 -0.561053 -0.333665 -0.427047 -0.39558 -0.416673 -0.376617 -0.492278 
0.94 -5.95148 0.0862612 12 -0.492274 -0.376619 -0.416672 -0.395576 -0.427049 -0.333537 -0.561241 0.0544558 -0.561238 -0.333539 -0.427049 -0.395576 -0.416673 -0.376617 -0.492278 
0.95 -5.95199 0.0863447 12 -0.492274 -0.376619 -0.416672 -0.395571 -0.427052 -0.333408 -0.561429 0.054058 -0.561426 -0.33341 -0.427052 -0.395571 -0.416672 -0.376617 -0.492278 
0.96 -5.95251 0.0864326 12 -0.492274 -0.376619 -0.416672 -0.395567 -0.427055 -0.333275 -0.561618 0.0536465 -0.561615 -0.333277 -0.427055 -0.395567 -0.416672 -0.376617 -0.492278 
0.97 -5.95304 0.0865252 12 -0.492274 -0.376619 -0.416671 -0.395562 -0.427058 -0.333138 -0.561809 0.053221 -0.561807 -0.33314 -0.427058 -0.395562 -0.416672 -0.376617 -0.492278 
0.98 -5.95358 0.0866226 12 -0.492274 -0.376619 -0.416671 -0.395557 -0.427061 -0.332997 -0.562002 0.0527812 -0.561999 -0.332999 -0.427061 -0.395557 -0.416671 -0.376617 -0.492278 
0.99 -5.95413 0.0867251 12 -0.492274 -0.376619 -0.416671 -0.395552 -0.427065 -0.332852 -0.562196 0.0523269 -0.562194 -0.332855 -0.427065 -0.395552 -0.416671 -0.376617 -0.492278 
1 -5.95469 0.0868329 12 -0.492274 -0.376619 -0.41667 -0.395547 -0.427069 -0.332704 -0.562392 0.0518578 -0.562389 -0.332706 -0.427069 -0.395547 -0.416671 -0.376617 -0.492278 
1.01 -5.95526 0.0869462 12 -0.492274 -0.376619 -0.41667 -0.395541 -0.427073 -0.332551 -0.562588 0.0513737 -0.562585 -0.332553 -0.427073 -0.395541 -0.41667 -0.376617 -0.492278 
1.02 -5.95584 0.0870652 12 -0.492274 -0.376619 -0.41667 -0.395535 -0.427078 -0.332394 -0.562785 0.0508741 -0.562782 -0.332397 -0.427077 -0.395535 -0.41667 -0.376617 -0.492278 
1.03 -5.95642 0.0871901 12 -0.492274 -0.376618 -0.416669 -0.395529 -0.427083 -0.332234 -0.562983 0.050359 -0.56298 -0.332236 -0.427082 -0.395529 -0.416669 -0.376616 -0.492278 
1.04 -5.95701 0.0873212 12 -0.492273 -0.376618 -0.416669 -0.395522 -0.427088 -0.332069 -0.563181 0.049828 -0.563178 -0.332071 -0.427088 -0.395522 -0.416669 -0.376616 -0.492278 
1.05 -5.95762 0.0874588 12 -0.492273 -0.376618 -0.416668 -0.395515 -0.427094 -0.3319 -0.563379 0.0492808 -0.563376 -0.331903 -0.427093 -0.395515 -0.416669 -0.376616 -0.492278 
1.06 -5.95823 0.087603 12 -0.492273 -0.376618 -0.416668 -0.395508 -0.4271 -0.331727 -0.563576 0.0487173 -0.563573 -0.33173 -0.4271 -0.395508 -0.416668 -0.376616 -0.492278 
1.07 -5.95884 0.0877541 12 -0.492273 -0.376618 -0.416667 -0.3955 -0.427107 -0.33155 -0.563774 0.048137 -0.563771 -0.331553 -0.427106 -0.395501 -0.416668 -0.376616 -0.492278 
1.08 -5.95947 0.0879125 12 -0.492273 -0.376618 -0.416667 -0.395493 -0.427114 -0.331369 -0.56397 0.0475399 -0.563967 -0.331371 -0.427113 -0.395493 -0.416667 -0.376616 -0.492278 
1.09 -5.9601 0.0880783 12 -0.492273 -0.376618 -0.416666 -0.395484 -0.427121 -0.331183 -0.564166 0.0469256 -0.564163 -0.331186 -0.427121 -0.395484 -0.416667 -0.376616 -0.492278 
1.1 -5.96074 0.0882519 12 -0.492273 -0.376618 -0.416666 -0.395475 -0.42713 -0.330994 -0.56436 0.0462939 -0.564357 -0.330996 -0.427129 -0.395476 -0.416666 -0.376615 -0.492278 
1.11 -5.96139 0.0884334 12 -0.492273 -0.376617 -0.416665 -0.395466 -0.427139 -0.3308 -0.564553 0.0456446 -0.56455 -0.330803 -0.427138 -0.395466 -0.416665 -0.376615 -0.492278 
1.12 -5.96204 0.0886233 12 -0.492273 -0.376617 -0.416665 -0.395457 -0.427148 -0.330602 -0.564745 0.0449774 -0.564742 -0.330604 -0.427148 -0.395457 -0.416665 -0.376615 -0.492278 
1.13 -5.96269 0.0888218 12 -0.492273 -0.376617 -0.416664 -0.395447 -0.427158 -0.330399 -0.564934 0.0442921 -0.564931 -0.330402 -0.427158 -0.395447 -0.416664 -0.376615 -0.492278 
1.14 -5.96336 0.0890292 12 -0.492273 -0.376617 -0.416663 -0.395436 -0.427169 -0.330193 -0.565121 0.0435885 -0.565118 -0.330195 -0.427169 -0.395437 -0.416663 -0.376615 -0.492278 
1.15 -5.96403 0.0892459 12 -0.492273 -0.376617 -0.416662 -0.395426 -0.427181 -0.329982 -0.565306 0.0428664 -0.565302 -0.329984 -0.42718 -0.395426 -0.416663 -0.376614 -0.492278 
1.16 -5.9647 0.0894721 12 -0.492273 -0.376617 -0.416662 -0.395414 -0.427193 -0.329766 -0.565487 0.0421255 -0.565484 -0.329769 -0.427193 -0.395414 -0.416662 -0.376614 -0.492278 
1.17 -5.96538 0.0897081 12 -0.492273 -0.376616 -0.416661 -0.395402 -0.427206 -0.329547 -0.565666 0.0413656 -0.565663 -0.32955 -0.427206 -0.395402 -0.416661 -0.376614 -0.492278 
1.18 -5.96606 0.0899543 12 -0.492273 -0.376616 -0.41666 -0.39539 -0.427221 -0.329323 -0.565842 0.0405866 -0.565839 -0.329326 -0.42722 -0.39539 -0.41666 -0.376614 -0.492278 
1.19 -5.96675 0.0902111 12 -0.492273 -0.376616 -0.416659 -0.395377 -0.427236 -0.329094 -0.566014 0.0397882 -0.566011 -0.329097 -0.427235 -0.395377 -0.41666 -0.376613 -0.492278 
1.2 -5.96744 0.0904788 12 -0.492272 -0.376616 -0.416658 -0.395363 -0.427252 -0.328861 -0.566182 0.0389703 -0.566179 -0.328864 -0.427251 -0.395363 -0.416659 -0.376613 -0.492278 
1.21 -5.96814 0.0907576 12 -0.492272 -0.376615 -0.416657 -0.395349 -0.427269 -0.328624 -0.566346 0.0381327 -0.566343 -0.328627 -0.427268 -0.395349 -0.416658 -0.376613 -0.492278 
1.22 -5.96883 0.0910481 12 -0.492272 -0.376615 -0.416656 -0.395334 -0.427287 -0.328382 -0.566506 0.0372752 -0.566503 -0.328385 -0.427287 -0.395334 -0.416657 -0.376613 -0.492278 
1.23 -5.96954 0.0913504 12 -0.492272 -0.376615 -0.416655 -0.395319 -0.427307 -0.328136 -0.566661 0.0363977 -0.566658 -0.328139 -0.427306 -0.395319 -0.416656 -0.376612 -0.492278 
1.24 -5.97024 0.0916651 12 -0.492272 -0.376615 -0.416654 -0.395303 -0.427327 -0.327885 -0.566812 0.0354999 -0.566809 -0.327888 -0.427327 -0.395303 -0.416655 -0.376612 -0.492278 
1.25 -5.97095 0.0919925 12 -0.492272 -0.376614 -0.416653 -0.395286 -0.427349 -0.32763 -0.566958 0.0345818 -0.566954 -0.327633 -0.427349 -0.395286 -0.416654 -0.376612 -0.492278 
1.26 -5.97166 0.0923329 12 -0.492272 -0.376614 -0.416652 -0.395269 -0.427373 -0.32737 -0.567098 0.0336432 -0.567095 -0.327373 -0.427372 -0.395269 -0.416652 -0.376611 -0.492278 
1.27 -5.97237 0.0926867 12 -0.492272 -0.376614 -0.416651 -0.395251 -0.427398 -0.327106 -0.567233 0.032684 -0.56723 -0.327109 -0.427397 -0.395251 -0.416651 -0.376611 -0.492278 
1.28 -5.97308 0.0930544 12 -0.492272 -0.376613 -0.41665 -0.395232 -0.427424 -0.326837 -0.567363 0.031704 -0.567359 -0.32684 -0.427423 -0.395232 -0.41665 -0.37661 -0.492278 
1.29 -5.97379 0.0934362 12 -0.492272 -0.376613 -0.416648 -0.395212 -0.427452 -0.326563 -0.567486 0.0307031 -0.567483 -0.326567 -0.427451 -0.395212 -0.416649 -0.37661 -0.492277 
1.3 -5.97451 0.0938327 12 -0.492272 -0.376612 -0.416647 -0.395192 -0.427481 -0.326285 -0.567604 0.0296813 -0.567601 -0.326288 -0.427481 -0.395192 -0.416647 -0.37661 -0.492277 
1.31 -5.97522 0.0942443 12 -0.492272 -0.376612 -0.416645 -0.395171 -0.427513 -0.326002 -0.567715 0.0286385 -0.567712 -0.326006 -0.427512 -0.395171 -0.416646 -0.376609 -0.492277 
1.32 -5.97594 0.0946712 12 -0.492271 -0.376611 -0.416644 -0.395149 -0.427546 -0.325715 -0.567821 0.0275744 -0.567817 -0.325718 -0.427545 -0.395149 -0.416644 -0.376609 -0.492277 
1.33 -5.97666 0.095114 12 -0.492271 -0.376611 -0.416642 -0.395126 -0.427581 -0.325423 -0.567919 0.0264892 -0.567916 -0.325426 -0.42758 -0.395126 -0.416643 -0.376608 -0.492277 
1.34 -5.97738 0.095573 12 -0.492271 -0.37661 -0.416641 -0.395102 -0.427618 -0.325126 -0.568012 0.0253826 -0.568008 -0.325129 -0.427617 -0.395102 -0.416641 -0.376608 -0.492277 
1.35 -5.9781 0.0960487 12 -0.492271 -0.37661 -0.416639 -0.395077 -0.427657 -0.324824 -0.568097 0.0242547 -0.568094 -0.324827 -0.427656 -0.395077 -0.416639 -0.376607 -0.492277 
1.36 -5.97882 0.0965416 12 -0.492271 -0.376609 -0.416637 -0.395052 -0.427698 -0.324518 -0.568175 0.0231054 -0.568172 -0.324521 -0.427697 -0.395052 -0.416638 -0.376606 -0.492277 
1.37 -5.97954 0.0970519 12 -0.492271 -0.376609 -0.416635 -0.395025 -0.427741 -0.324206 -0.568247 0.0219346 -0.568244 -0.32421 -0.42774 -0.395025 -0.416636 -0.376606 -0.492277 
1.38 -5.98026 0.0975802 12 -0.492271 -0.376608 -0.416633 -0.394997 -0.427787 -0.32389 -0.568311 0.0207424 -0.568308 -0.323894 -0.427786 -0.394998 -0.416634 -0.376605 -0.492277 
1.39 -5.98098 0.0981269 12 -0.492271 -0.376607 -0.416631 -0.394969 -0.427834 -0.32357 -0.568369 0.0195287 -0.568365 -0.323573 -0.427834 -0.394969 -0.416632 -0.376604 -0.492277 
1.4 -5.9817 0.0986924 12 -0.49227 -0.376607 -0.416629 -0.394939 -0.427885 -0.323244 -0.568418 0.0182934 -0.568415 -0.323248 -0.427884 -0.394939 -0.41663 -0.376604 -0.492277 
1.41 -5.98242 0.0992772 12 -0.49227 -0.376606 -0.416627 -0.394909 -0.427938 -0.322914 -0.568461 0.0170366 -0.568458 -0.322917 -0.427937 -0.394909 -0.416627 -0.376603 -0.492277 
1.42 -5.98313 0.0998816 12 -0.49227 -0.376605 -0.416625 -0.394877 -0.427993 -0.322578 -0.568496 0.0157583 -0.568493 -0.322582 -0.427992 -0.394877 -0.416625 -0.376602 -0.492277 
1.43 -5.98385 0.100506 12 -0.49227 -0.376604 -0.416622 -0.394844 -0.428052 -0.322238 -0.568524 0.0144586 -0.568521 -0.322242 -0.428051 -0.394844 -0.416623 -0.376601 -0.492276 
1.44 -5.98457 0.101151 12 -0.49227 -0.376604 -0.41662 -0.39481 -0.428112 -0.321893 -0.568544 0.0131373 -0.568541 -0.321897 -0.428111 -0.39481 -0.41662 -0.3766 -0.492276 
1.45 -5.98529 0.101818 12 -0.49227 -0.376603 -0.416617 -0.394775 -0.428176 -0.321543 -0.568556 0.0117947 -0.568553 -0.321547 -0.428175 -0.394775 -0.416618 -0.3766 -0.492276 
1.46 -5.98601 0.102505 12 -0.49227 -0.376602 -0.416614 -0.394739 -0.428243 -0.321188 -0.568561 0.0104306 -0.568558 -0.321192 -0.428242 -0.394739 -0.416615 -0.376599 -0.492276 
1.47 -5.98672 0.103215 12 -0.492269 -0.376601 -0.416611 -0.394701 -0.428313 -0.320828 -0.568559 0.00904526 -0.568556 -0.320832 -0.428312 -0.394701 -0.416612 -0.376598 -0.492276 
1.48 -5.98744 0.103947 12 -0.492269 -0.3766 -0.416608 -0.394662 -0.428386 -0.320463 -0.568548 0.00763862 -0.568545 -0.320467 -0.428385 -0.394663 -0.416609 -0.376597 -0.492276 
1.49 -5.98815 0.104701 12 -0.492269 -0.376599 -0.416605 -0.394623 -0.428462 -0.320094 -0.56853 0.00621078 -0.568527 -0.320097 -0.42846 -0.394623 -0.416606 -0.376595 -0.492276 
1.5 -5.98887 0.105479 12 -0.492269 -0.376597 -0.416602 -0.394581 -0.428541 -0.319719 -0.568505 0.00476183 -0.568502 -0.319723 -0.42854 -0.394582 -0.416603 -0.376594 -0.492275 
1.51 -5.98958 0.106281 12 -0.492269 -0.376596 -0.416599 -0.394539 -0.428623 -0.319339 -0.568471 0.00329186 -0.568468 -0.319343 -0.428622 -0.394539 -0.416599 -0.376593 -0.492275 
1.52 -5.9903 0.107106 12 -0.492269 -0.376595 -0.416595 -0.394495 -0.428709 -0.318955 -0.56843 0.00180095 -0.568427 -0.318959 -0.428708 -0.394496 -0.416596 -0.376592 -0.492275 
1.53 -5.99101 0.107956 12 -0.492268 -0.376594 -0.416591 -0.39445 -0.428798 -0.318566 -0.568382 0.000289231 -0.568379 -0.318569 -0.428797 -0.394451 -0.416592 -0.37659 -0.492275 
1.54 -5.99173 0.108831 12 -0.492268 -0.376592 -0.416588 -0.394404 -0.42889 -0.318171 -0.568326 -0.0012432 -0.568323 -0.318175 -0.428889 -0.394404 -0.416588 -0.376589 -0.492275 
1.55 -5.99244 0.109732 12 -0.492268 -0.376591 -0.416584 -0.394356 -0.428986 -0.317772 -0.568262 -0.00279621 -0.568259 -0.317776 -0.428985 -0.394357 -0.416584 -0.376588 -0.492274 
1.56 -5.99315 0.110658 12 -0.492268 -0.376589 -0.41658 -0.394308 -0.429086 -0.317368 -0.568191 -0.00436967 -0.568188 -0.317372 -0.429085 -0.394308 -0.41658 -0.376586 -0.492274 
1.57 -5.99386 0.11161 12 -0.492267 -0.376588 -0.416575 -0.394257 -0.429189 -0.316959 -0.568112 -0.00596344 -0.568109 -0.316963 -0.429188 -0.394258 -0.416576 -0.376584 -0.492274 
1.58 -5.99458 0.112589 12 -0.492267 -0.376586 -0.416571 -0.394206 -0.429296 -0.316545 -0.568026 -0.00757738 -0.568023 -0.316549 -0.429295 -0.394206 -0.416572 -0.376583 -0.492274 
1.59 -5.99529 0.113595 12 -0.492267 -0.376584 -0.416566 -0.394153 -0.429406 -0.316127 -0.567932 -0.00921134 -0.567929 -0.316131 -0.429405 -0.394153 -0.416567 -0.376581 -0.492274 
1.6 -5.996 0.114629 12 -0.492267 -0.376582 -0.416561 -0.394098 -0.42952 -0.315704 -0.567831 -0.0108651 -0.567829 -0.315708 -0.429519 -0.394099 -0.416562 -0.376579 -0.492273 
1.61 -5.99671 0.11569 12 -0.492266 -0.37658 -0.416556 -0.394043 -0.429638 -0.315275 -0.567723 -0.0125386 -0.56772 -0.31528 -0.429637 -0.394043 -0.416557 -0.376577 -0.492273 
1.62 -5.99742 0.11678 12 -0.492266 -0.376578 -0.416551 -0.393986 -0.42976 -0.314843 -0.567608 -0.0142316 -0.567605 -0.314847 -0.429758 -0.393986 -0.416552 -0.376575 -0.492273 
1.63 -5.99813 0.117898 12 -0.492266 -0.376576 -0.416546 -0.393928 -0.429885 -0.314405 -0.567486 -0.015944 -0.567483 -0.31441 -0.429883 -0.393928 -0.416547 -0.376573 -0.492272 
1.64 -5.99884 0.119045 12 -0.492265 -0.376574 -0.41654 -0.393868 -0.430014 -0.313963 -0.567356 -0.0176754 -0.567353 -0.313968 -0.430012 -0.393868 -0.416541 -0.376571 -0.492272 
1.65 -5.99955 0.120221 12 -0.492265 -0.376572 -0.416534 -0.393807 -0.430146 -0.313517 -0.567219 -0.0194258 -0.567217 -0.313521 -0.430145 -0.393807 -0.416535 -0.376569 -0.492272 
1.66 -6.00026 0.121428 12 -0.492265 -0.376569 -0.416528 -0.393745 -0.430283 -0.313066 -0.567076 -0.021195 -0.567073 -0.31307 -0.430281 -0.393745 -0.416529 -0.376566 -0.492271 
1.67 -6.00097 0.122664 12 -0.492264 -0.376567 -0.416522 -0.393681 -0.430423 -0.312611 -0.566925 -0.0229827 -0.566923 -0.312615 -0.430421 -0.393681 -0.416523 -0.376564 -0.492271 
1.68 -6.00168 0.123931 12 -0.492264 -0.376564 -0.416516 -0.393616 -0.430566 -0.312151 -0.566768 -0.0247887 -0.566766 -0.312155 -0.430565 -0.393616 -0.416517 -0.376561 -0.492271 
1.69 -6.0024 0.125228 12 -0.492263 -0.376562 -0.416509 -0.39355 -0.430714 -0.311687 -0.566604 -0.0266129 -0.566602 -0.311691 -0.430712 -0.39355 -0.41651 -0.376558 -0.49227 
1.7 -6.00311 0.126557 12 -0.492263 -0.376559 -0.416502 -0.393482 -0.430865 -0.311219 -0.566434 -0.0284549 -0.566431 -0.311223 -0.430863 -0.393483 -0.416503 -0.376555 -0.49227 
1.71 -6.00382 0.127917 12 -0.492262 -0.376556 -0.416495 -0.393413 -0.431019 -0.310746 -0.566257 -0.0303145 -0.566254 -0.310751 -0.431018 -0.393414 -0.416496 -0.376552 -0.492269 
1.72 -6.00453 0.129308 12 -0.492262 -0.376553 -0.416488 -0.393343 -0.431178 -0.31027 -0.566074 -0.0321916 -0.566071 -0.310274 -0.431176 -0.393344 -0.416489 -0.376549 -0.492269 
1.73 -6.00524 0.130732 12 -0.492261 -0.376549 -0.41648 -0.393272 -0.431339 -0.30979 -0.565884 -0.0340859 -0.565881 -0.309794 -0.431338 -0.393273 -0.416481 -0.376546 -0.492268 
1.74 -6.00595 0.132188 12 -0.492261 -0.376546 -0.416472 -0.3932 -0.431504 -0.309305 -0.565688 -0.0359971 -0.565685 -0.30931 -0.431503 -0.3932 -0.416473 -0.376542 -0.492268 
1.75 -6.00667 0.133677 12 -0.49226 -0.376542 -0.416464 -0.393126 -0.431673 -0.308817 -0.565485 -0.037925 -0.565483 -0.308822 -0.431671 -0.393127 -0.416465 -0.376539 -0.492267 
1.76 -6.00738 0.135198 12 -0.49226 -0.376538 -0.416456 -0.393051 -0.431845 -0.308326 -0.565277 -0.0398694 -0.565274 -0.30833 -0.431843 -0.393052 -0.416457 -0.376535 -0.492267 
1.77 -6.00809 0.136753 12 -0.492259 -0.376535 -0.416447 -0.392976 -0.43202 -0.30783 -0.565063 -0.0418299 -0.56506 -0.307835 -0.432018 -0.392976 -0.416448 -0.376531 -0.492266 
1.78 -6.00881 0.138341 12 -0.492258 -0.37653 -0.416439 -0.392899 -0.432198 -0.307332 -0.564842 -0.0438064 -0.56484 -0.307336 -0.432197 -0.392899 -0.416439 -0.376527 -0.492265 
1.79 -6.00952 0.139963 12 -0.492258 -0.376526 -0.416429 -0.392821 -0.43238 -0.30683 -0.564616 -0.0457985 -0.564613 -0.306834 -0.432378 -0.392821 -0.41643 -0.376523 -0.492265 
1.8 -6.01024 0.141618 12 -0.492257 -0.376522 -0.41642 -0.392742 -0.432565 -0.306325 -0.564384 -0.047806 -0.564382 -0.306329 -0.432563 -0.392742 -0.416421 -0.376518 -0.492264 
1.81 -6.01095 0.143308 12 -0.492256 -0.376517 -0.416411 -0.392661 -0.432752 -0.305816 -0.564147 -0.0498286 -0.564144 -0.305821 -0.43275 -0.392662 -0.416412 -0.376514 -0.492263 
1.82 -6.01167 0.145032 12 -0.492255 -0.376512 -0.416401 -0.39258 -0.432942 -0.305305 -0.563903 -0.0518661 -0.563901 -0.305309 -0.432941 -0.392581 -0.416402 -0.376509 -0.492262 
1.83 -6.01239 0.14679 12 -0.492255 -0.376507 -0.416391 -0.392498 -0.433136 -0.304791 -0.563655 -0.0539181 -0.563652 -0.304795 -0.433134 -0.392499 -0.416392 -0.376504 -0.492261 
1.84 -6.0131 0.148583 12 -0.492254 -0.376502 -0.416381 -0.392415 -0.433331 -0.304274 -0.563401 -0.0559844 -0.563398 -0.304278 -0.43333 -0.392416 -0.416381 -0.376499 -0.492261 
1.85 -6.01382 0.15041 12 -0.492253 -0.376497 -0.41637 -0.392331 -0.43353 -0.303754 -0.563142 -0.0580647 -0.563139 -0.303759 -0.433528 -0.392332 -0.416371 -0.376493 -0.49226 
1.86 -6.01454 0.152273 12 -0.492252 -0.376491 -0.416359 -0.392247 -0.43373 -0.303232 -0.562877 -0.0601587 -0.562875 -0.303237 -0.433729 -0.392247 -0.41636 -0.376487 -0.492259 
1.87 -6.01526 0.154171 12 -0.492251 -0.376485 -0.416349 -0.392161 -0.433933 -0.302707 -0.562608 -0.0622661 -0.562605 -0.302712 -0.433932 -0.392161 -0.416349 -0.376482 -0.492258 
1.88 -6.01598 0.156104 12 -0.49225 -0.376479 -0.416337 -0.392074 -0.434139 -0.302181 -0.562333 -0.0643867 -0.562331 -0.302185 -0.434137 -0.392075 -0.416338 -0.376475 -0.492257 
1.89 -6.0167 0.158072 12 -0.492249 -0.376472 -0.416326 -0.391987 -0.434346 -0.301652 -0.562054 -0.0665201 -0.562052 -0.301657 -0.434344 -0.391988 -0.416327 -0.376469 -0.492256 
1.9 -6.01742 0.160075 12 -0.492248 -0.376466 -0.416315 -0.391899 -0.434555 -0.301121 -0.56177 -0.068666 -0.561767 -0.301126 -0.434554 -0.3919 -0.416316 -0.376462 -0.492254 
1.91 -6.01814 0.162114 12 -0.492246 -0.376459 -0.416303 -0.39181 -0.434767 -0.300589 -0.561481 -0.0708242 -0.561478 -0.300593 -0.434765 -0.391811 -0.416304 -0.376455 -0.492253 
1.92 -6.01886 0.164189 12 -0.492245 -0.376451 -0.416292 -0.391721 -0.43498 -0.300054 -0.561187 -0.0729943 -0.561185 -0.300059 -0.434978 -0.391721 -0.416293 -0.376448 -0.492252 
1.93 -6.01958 0.166299 12 -0.492244 -0.376444 -0.41628 -0.39163 -0.435194 -0.299519 -0.560889 -0.0751761 -0.560887 -0.299524 -0.435192 -0.391631 -0.416281 -0.37644 -0.492251 
1.94 -6.0203 0.168445 12 -0.492243 -0.376436 -0.416268 -0.391539 -0.43541 -0.298982 -0.560586 -0.0773691 -0.560584 -0.298987 -0.435408 -0.39154 -0.416269 -0.376433 -0.492249 
1.95 -6.02102 0.170627 12 -0.492241 -0.376428 -0.416256 -0.391448 -0.435627 -0.298443 -0.560279 -0.0795732 -0.560277 -0.298448 -0.435625 -0.391448 -0.416257 -0.376424 -0.492248 
1.96 -6.02175 0.172844 12 -0.49224 -0.376419 -0.416244 -0.391355 -0.435846 -0.297904 -0.559968 -0.081788 -0.559966 -0.297909 -0.435844 -0.391356 -0.416245 -0.376416 -0.492246 
1.97 -6.02247 0.175097 12 -0.492238 -0.37641 -0.416232 -0.391262 -0.436066 -0.297364 -0.559653 -0.0840132 -0.559651 -0.297369 -0.436064 -0.391263 -0.416233 -0.376407 -0.492245 
1.98 -6.02319 0.177386 12 -0.492236 -0.376401 -0.41622 -0.391168 -0.436286 -0.296823 -0.559333 -0.0862485 -0.559331 -0.296828 -0.436284 -0.391169 -0.416221 -0.376398 -0.492243 
1.99 -6.02391 0.17971 12 -0.492235 -0.376392 -0.416208 -0.391074 -0.436508 -0.296281 -0.55901 -0.0884936 -0.559008 -0.296286 -0.436506 -0.391074 -0.416209 -0.376388 -0.492241 
2 -6.02463 0.18207 12 -0.492233 -0.376382 -0.416196 -0.390979 -0.43673 -0.295739 -0.558682 -0.0907481 -0.55868 -0.295744 -0.436728 -0.390979 -0.416197 -0.376378 -0.492239 
2.01 -6.02536 0.184465 12 -0.492231 -0.376372 -0.416184 -0.390883 -0.436952 -0.295196 -0.558351 -0.0930118 -0.558349 -0.295201 -0.43695 -0.390883 -0.416185 -0.376368 -0.492237 
2.02 -6.02608 0.186896 12 -0.492229 -0.376361 -0.416173 -0.390786 -0.437176 -0.294654 -0.558016 -0.0952843 -0.558014 -0.294659 -0.437174 -0.390787 -0.416174 -0.376358 -0.492235 
2.03 -6.0268 0.189363 12 -0.492227 -0.37635 -0.416161 -0.390689 -0.437399 -0.294111 -0.557677 -0.0975654 -0.557675 -0.294116 -0.437397 -0.390689 -0.416163 -0.376347 -0.492233 
2.04 -6.02752 0.191864 12 -0.492225 -0.376338 -0.41615 -0.390591 -0.437623 -0.293569 -0.557335 -0.0998546 -0.557333 -0.293574 -0.437621 -0.390591 -0.416151 -0.376335 -0.492231 
2.05 -6.02824 0.194401 12 -0.492222 -0.376326 -0.41614 -0.390492 -0.437847 -0.293027 -0.556989 -0.102152 -0.556987 -0.293032 -0.437845 -0.390493 -0.416141 -0.376323 -0.492229 
2.06 -6.02897 0.196973 12 -0.49222 -0.376314 -0.416129 -0.390393 -0.438071 -0.292485 -0.55664 -0.104456 -0.556638 -0.29249 -0.438069 -0.390393 -0.41613 -0.376311 -0.492226 
2.07 -6.02969 0.19958 12 -0.492218 -0.376301 -0.416119 -0.390293 -0.438295 -0.291944 -0.556287 -0.106768 -0.556285 -0.291949 -0.438293 -0.390293 -0.41612 -0.376298 -0.492224 
2.08 -6.03041 0.202221 12 -0.492215 -0.376288 -0.416109 -0.390191 -0.438518 -0.291404 -0.555932 -0.109087 -0.55593 -0.291409 -0.438516 -0.390192 -0.41611 -0.376285 -0.492221 
2.09 -6.03113 0.204897 12 -0.492212 -0.376275 -0.4161 -0.39009 -0.438742 -0.290864 -0.555573 -0.111413 -0.555571 -0.290869 -0.43874 -0.39009 -0.416101 -0.376271 -0.492218 
2.1 -6.03185 0.207608 12 -0.492209 -0.37626 -0.416091 -0.389987 -0.438965 -0.290326 -0.55521 -0.113745 -0.555208 -0.290331 -0.438962 -0.389988 -0.416093 -0.376257 -0.492216 
2.11 -6.03257 0.210352 12 -0.492206 -0.376246 -0.416083 -0.389883 -0.439187 -0.289789 -0.554845 -0.116082 -0.554843 -0.289794 -0.439185 -0.389884 -0.416084 -0.376242 -0.492213 
2.12 -6.03329 0.213131 12 -0.492203 -0.376231 -0.416076 -0.389779 -0.439409 -0.289254 -0.554477 -0.118426 -0.554475 -0.289259 -0.439407 -0.389779 -0.416077 -0.376227 -0.492209 
2.13 -6.03401 0.215944 12 -0.4922 -0.376215 -0.416069 -0.389673 -0.43963 -0.28872 -0.554106 -0.120775 -0.554104 -0.288725 -0.439628 -0.389674 -0.41607 -0.376212 -0.492206 
2.14 -6.03473 0.21879 12 -0.492197 -0.376199 -0.416063 -0.389567 -0.439851 -0.288187 -0.553732 -0.123129 -0.553731 -0.288193 -0.439849 -0.389567 -0.416065 -0.376196 -0.492203 
2.15 -6.03545 0.221669 12 -0.492193 -0.376182 -0.416058 -0.389459 -0.44007 -0.287657 -0.553356 -0.125487 -0.553354 -0.287662 -0.440068 -0.38946 -0.416059 -0.376179 -0.492199 
2.16 -6.03616 0.224581 12 -0.492189 -0.376165 -0.416054 -0.389351 -0.440289 -0.287129 -0.552977 -0.12785 -0.552975 -0.287134 -0.440287 -0.389351 -0.416055 -0.376162 -0.492195 
2.17 -6.03688 0.227526 12 -0.492185 -0.376147 -0.416051 -0.389241 -0.440507 -0.286603 -0.552595 -0.130217 -0.552593 -0.286608 -0.440505 -0.389241 -0.416052 -0.376144 -0.492191 
2.18 -6.0376 0.230504 12 -0.492181 -0.376129 -0.416049 -0.38913 -0.440724 -0.286079 -0.552211 -0.132588 -0.552209 -0.286084 -0.440722 -0.38913 -0.41605 -0.376126 -0.492187 
2.19 -6.03832 0.233514 12 -0.492177 -0.37611 -0.416048 -0.389017 -0.440939 -0.285558 -0.551824 -0.134962 -0.551822 -0.285563 -0.440937 -0.389018 -0.416049 -0.376107 -0.492183 
2.2 -6.03903 0.236555 12 -0.492173 -0.37609 -0.416048 -0.388904 -0.441154 -0.28504 -0.551435 -0.137339 -0.551433 -0.285045 -0.441152 -0.388904 -0.416049 -0.376087 -0.492179 
2.21 -6.03975 0.239628 12 -0.492168 -0.37607 -0.416049 -0.388789 -0.441367 -0.284524 -0.551044 -0.139719 -0.551042 -0.284529 -0.441365 -0.388789 -0.41605 -0.376067 -0.492174 
2.22 -6.04046 0.242732 12 -0.492163 -0.37605 -0.416051 -0.388672 -0.441579 -0.284012 -0.55065 -0.142102 -0.550649 -0.284017 -0.441577 -0.388673 -0.416053 -0.376047 -0.492169 
2.23 -6.04118 0.245867 12 -0.492158 -0.376029 -0.416055 -0.388554 -0.44179 -0.283502 -0.550255 -0.144487 -0.550253 -0.283507 -0.441788 -0.388555 -0.416056 -0.376026 -0.492164 
2.24 -6.04189 0.249033 12 -0.492153 -0.376007 -0.416061 -0.388435 -0.441999 -0.282996 -0.549857 -0.146874 -0.549855 -0.283001 -0.441997 -0.388436 -0.416062 -0.376004 -0.492159 
2.25 -6.04261 0.252228 12 -0.492147 -0.375985 -0.416067 -0.388314 -0.442207 -0.282494 -0.549457 -0.149262 -0.549455 -0.282499 -0.442205 -0.388314 -0.416068 -0.375982 -0.492153 
2.26 -6.04332 0.255453 12 -0.492142 -0.375962 -0.416075 -0.388191 -0.442414 -0.281995 -0.549055 -0.151652 -0.549053 -0.282 -0.442411 -0.388192 -0.416076 -0.375959 -0.492147 
2.27 -6.04404 0.258708 12 -0.492136 -0.375938 -0.416085 -0.388066 -0.442619 -0.2815 -0.548651 -0.154042 -0.54865 -0.281505 -0.442616 -0.388067 -0.416086 -0.375935 -0.492141 
2.28 -6.04475 0.261991 12 -0.492129 -0.375914 -0.416096 -0.38794 -0.442822 -0.281008 -0.548246 -0.156433 -0.548244 -0.281014 -0.44282 -0.387941 -0.416098 -0.375911 -0.492135 
2.29 -6.04546 0.265303 12 -0.492123 -0.37589 -0.416109 -0.387811 -0.443024 -0.280521 -0.547838 -0.158825 -0.547837 -0.280527 -0.443021 -0.387812 -0.416111 -0.375887 -0.492128 
2.3 -6.04618 0.268643 12 -0.492116 -0.375864 -0.416124 -0.387681 -0.443224 -0.280039 -0.547429 -0.161216 -0.547428 -0.280044 -0.443222 -0.387682 -0.416125 -0.375861 -0.492122 
2.31 -6.04689 0.27201 12 -0.492109 -0.375839 -0.416141 -0.387549 -0.443422 -0.27956 -0.547018 -0.163608 -0.547017 -0.279565 -0.44342 -0.38755 -0.416142 -0.375836 -0.492115 
2.32 -6.0476 0.275405 12 -0.492102 -0.375812 -0.416159 -0.387414 -0.443619 -0.279086 -0.546606 -0.165998 -0.546604 -0.279092 -0.443617 -0.387415 -0.41616 -0.375809 -0.492107 
2.33 -6.04831 0.278826 12 -0.492094 -0.375785 -0.416179 -0.387278 -0.443814 -0.278617 -0.546192 -0.168388 -0.54619 -0.278623 -0.443812 -0.387279 -0.41618 -0.375783 -0.492099 
2.34 -6.04903 0.282273 12 -0.492086 -0.375758 -0.416201 -0.387139 -0.444007 -0.278153 -0.545776 -0.170777 -0.545775 -0.278158 -0.444005 -0.38714 -0.416202 -0.375755 -0.492091 
2.35 -6.04974 0.285746 12 -0.492078 -0.37573 -0.416225 -0.386998 -0.444199 -0.277694 -0.54536 -0.173164 -0.545358 -0.277699 -0.444197 -0.386999 -0.416226 -0.375727 -0.492083 
2.36 -6.05045 0.289245 12 -0.492069 -0.375702 -0.416251 -0.386855 -0.444388 -0.27724 -0.544941 -0.17555 -0.54494 -0.277245 -0.444386 -0.386856 -0.416252 -0.375699 -0.492074 
2.37 -6.05116 0.292768 12 -0.49206 -0.375673 -0.416279 -0.386709 -0.444576 -0.276791 -0.544522 -0.177933 -0.54452 -0.276796 -0.444574 -0.38671 -0.41628 -0.37567 -0.492065 
2.38 -6.05187 0.296315 12 -0.492051 -0.375644 -0.416308 -0.386561 -0.444762 -0.276348 -0.544101 -0.180314 -0.544099 -0.276353 -0.44476 -0.386562 -0.416309 -0.375641 -0.492056 
2.39 -6.05258 0.299886 12 -0.492041 -0.375614 -0.41634 -0.386411 -0.444946 -0.27591 -0.543679 -0.182692 -0.543677 -0.275916 -0.444944 -0.386411 -0.416341 -0.375611 -0.492046 
2.4 -6.05329 0.303481 12 -0.492031 -0.375584 -0.416374 -0.386257 -0.445128 -0.275479 -0.543255 -0.185068 -0.543254 -0.275484 -0.445126 -0.386258 -0.416375 -0.375581 -0.492036 
2.41 -6.054 0.307098 12 -0.492021 -0.375553 -0.41641 -0.386102 -0.445308 -0.275053 -0.542831 -0.18744 -0.54283 -0.275058 -0.445306 -0.386103 -0.416411 -0.375551 -0.492025 
2.42 -6.05471 0.310737 12 -0.49201 -0.375522 -0.416448 -0.385944 -0.445486 -0.274633 -0.542406 -0.189809 -0.542404 -0.274638 -0.445484 -0.385944 -0.416449 -0.37552 -0.492014 
2.43 -6.05542 0.314397 12 -0.491998 -0.375491 -0.416488 -0.385783 -0.445662 -0.274219 -0.541979 -0.192174 -0.541978 -0.274224 -0.44566 -0.385784 -0.416489 -0.375488 -0.492003 
2.44 -6.05613 0.318079 12 -0.491987 -0.37546 -0.41653 -0.385619 -0.445837 -0.273811 -0.541552 -0.194535 -0.54155 -0.273817 -0.445834 -0.38562 -0.416531 -0.375457 -0.491991 
2.45 -6.05684 0.321781 12 -0.491974 -0.375428 -0.416574 -0.385453 -0.446009 -0.273411 -0.541123 -0.196892 -0.541122 -0.273416 -0.446006 -0.385454 -0.416575 -0.375425 -0.491979 
2.46 -6.05755 0.325503 12 -0.491962 -0.375396 -0.41662 -0.385284 -0.446179 -0.273016 -0.540694 -0.199244 -0.540693 -0.273021 -0.446176 -0.385285 -0.416621 -0.375393 -0.491966 
2.47 -6.05826 0.329244 12 -0.491949 -0.375364 -0.416668 -0.385112 -0.446346 -0.272628 -0.540264 -0.201591 -0.540263 -0.272634 -0.446344 -0.385113 -0.416669 -0.375361 -0.491953 
2.48 -6.05897 0.333004 12 -0.491935 -0.375331 -0.416719 -0.384937 -0.446512 -0.272248 -0.539833 -0.203934 -0.539832 -0.272253 -0.44651 -0.384938 -0.41672 -0.375329 -0.491939 
2.49 -6.05968 0.336783 12 -0.491921 -0.375299 -0.416771 -0.38476 -0.446676 -0.271874 -0.539402 -0.20627 -0.539401 -0.271879 -0.446674 -0.384761 -0.416772 -0.375296 -0.491925 
2.5 -6.06039 0.340578 12 -0.491906 -0.375266 -0.416825 -0.384579 -0.446837 -0.271507 -0.538969 -0.208601 -0.538968 -0.271512 -0.446835 -0.38458 -0.416826 -0.375264 -0.491911 
2.51 -6.0611 0.344391 12 -0.491891 -0.375234 -0.416881 -0.384396 -0.446996 -0.271148 -0.538537 -0.210926 -0.538536 -0.271153 -0.446994 -0.384397 -0.416882 -0.375231 -0.491895 
2.52 -6.06181 0.34822 12 -0.491875 -0.375201 -0.416939 -0.38421 -0.447153 -0.270796 -0.538103 -0.213245 -0.538102 -0.270801 -0.447151 -0.384211 -0.41694 -0.375199 -0.49188 
2.53 -6.06252 0.352065 12 -0.491859 -0.375169 -0.416999 -0.384021 -0.447308 -0.270451 -0.537669 -0.215558 -0.537668 -0.270456 -0.447306 -0.384022 -0.417 -0.375166 -0.491864 
2.54 -6.06323 0.355925 12 -0.491843 -0.375136 -0.41706 -0.38383 -0.447461 -0.270114 -0.537235 -0.217863 -0.537234 -0.270119 -0.447459 -0.383831 -0.417061 -0.375134 -0.491847 
2.55 -6.06393 0.3598 12 -0.491825 -0.375104 -0.417124 -0.383635 -0.447611 -0.269785 -0.5368 -0.220162 -0.536799 -0.26979 -0.447609 -0.383636 -0.417124 -0.375102 -0.491829 
2.56 -6.06464 0.363688 12 -0.491807 -0.375072 -0.417189 -0.383438 -0.447759 -0.269463 -0.536364 -0.222453 -0.536363 -0.269468 -0.447757 -0.383439 -0.41719 -0.37507 -0.491811 
2.57 -6.06535 0.36759 12 -0.491789 -0.37504 -0.417255 -0.383237 -0.447905 -0.26915 -0.535928 -0.224737 -0.535927 -0.269155 -0.447903 -0.383238 -0.417256 -0.375038 -0.491793 
2.58 -6.06606 0.371505 12 -0.49177 -0.375009 -0.417324 -0.383034 -0.448048 -0.268845 -0.535492 -0.227014 -0.535491 -0.26885 -0.448046 -0.383035 -0.417325 -0.375007 -0.491774 
2.59 -6.06677 0.375431 12 -0.49175 -0.374978 -0.417394 -0.382828 -0.448189 -0.268548 -0.535056 -0.229282 -0.535055 -0.268553 -0.448187 -0.382829 -0.417394 -0.374976 -0.491754 
2.6 -6.06748 0.379369 12 -0.49173 -0.374947 -0.417465 -0.382619 -0.448328 -0.268259 -0.534619 -0.231542 -0.534618 -0.268264 -0.448326 -0.382621 -0.417466 -0.374945 -0.491734 
2.61 -6.06819 0.383318 12 -0.491709 -0.374917 -0.417538 -0.382408 -0.448464 -0.267979 -0.534182 -0.233794 -0.534181 -0.267984 -0.448462 -0.382409 -0.417538 -0.374915 -0.491713 
2.62 -6.0689 0.387277 12 -0.491688 -0.374887 -0.417612 -0.382193 -0.448598 -0.267707 -0.533745 -0.236037 -0.533744 -0.267712 -0.448596 -0.382195 -0.417612 -0.374885 -0.491692 
2.63 -6.06961 0.391245 12 -0.491666 -0.374858 -0.417687 -0.381976 -0.44873 -0.267444 -0.533308 -0.238271 -0.533307 -0.267449 -0.448728 -0.381978 -0.417688 -0.374856 -0.49167 
2.64 -6.07032 0.395223 12 -0.491643 -0.374829 -0.417763 -0.381756 -0.448859 -0.267189 -0.532871 -0.240496 -0.53287 -0.267194 -0.448857 -0.381758 -0.417764 -0.374827 -0.491647 
2.65 -6.07103 0.399208 12 -0.49162 -0.374801 -0.417841 -0.381534 -0.448986 -0.266943 -0.532433 -0.242712 -0.532433 -0.266948 -0.448983 -0.381535 -0.417842 -0.374799 -0.491624 
2.66 -6.07175 0.403201 12 -0.491596 -0.374774 -0.41792 -0.381308 -0.44911 -0.266707 -0.531996 -0.244918 -0.531995 -0.266712 -0.449108 -0.38131 -0.41792 -0.374772 -0.4916 
2.67 -6.07246 0.407202 12 -0.491572 -0.374747 -0.417999 -0.38108 -0.449231 -0.266479 -0.531559 -0.247114 -0.531558 -0.266484 -0.449229 -0.381082 -0.418 -0.374746 -0.491576 
2.68 -6.07317 0.411208 12 -0.491547 -0.374722 -0.41808 -0.38085 -0.449351 -0.266261 -0.531121 -0.2493 -0.53112 -0.266266 -0.449348 -0.380851 -0.41808 -0.37472 -0.49155 
2.69 -6.07388 0.41522 12 -0.491521 -0.374697 -0.418161 -0.380617 -0.449467 -0.266051 -0.530684 -0.251476 -0.530683 -0.266056 -0.449465 -0.380618 -0.418162 -0.374695 -0.491525 
2.7 -6.07459 0.419238 12 -0.491495 -0.374672 -0.418243 -0.380381 -0.449581 -0.265852 -0.530247 -0.253641 -0.530246 -0.265856 -0.449579 -0.380382 -0.418244 -0.37467 -0.491499 
2.71 -6.0753 0.423259 12 -0.491468 -0.374649 -0.418326 -0.380142 -0.449693 -0.265661 -0.52981 -0.255796 -0.529809 -0.265666 -0.449691 -0.380144 -0.418326 -0.374647 -0.491472 
2.72 -6.07601 0.427285 12 -0.491441 -0.374626 -0.418409 -0.379902 -0.449802 -0.26548 -0.529373 -0.25794 -0.529372 -0.265485 -0.4498 -0.379903 -0.418409 -0.374625 -0.491444 
2.73 -6.07672 0.431314 12 -0.491413 -0.374605 -0.418492 -0.379658 -0.449909 -0.265308 -0.528937 -0.260073 -0.528936 -0.265313 -0.449906 -0.37966 -0.418493 -0.374603 -0.491416 
2.74 -6.07743 0.435345 12 -0.491385 -0.374584 -0.418576 -0.379412 -0.450012 -0.265147 -0.5285 -0.262194 -0.5285 -0.265151 -0.45001 -0.379414 -0.418577 -0.374582 -0.491388 
2.75 -6.07815 0.439378 12 -0.491356 -0.374565 -0.418661 -0.379164 -0.450114 -0.264994 -0.528064 -0.264304 -0.528064 -0.264999 -0.450112 -0.379166 -0.418661 -0.374563 -0.491359 
2.76 -6.07886 0.443412 12 -0.491326 -0.374546 -0.418745 -0.378914 -0.450212 -0.264852 -0.527629 -0.266402 -0.527628 -0.264857 -0.45021 -0.378915 -0.418746 -0.374544 -0.491329 
2.77 -6.07957 0.447447 12 -0.491296 -0.374528 -0.41883 -0.378661 -0.450308 -0.26472 -0.527193 -0.268489 -0.527193 -0.264724 -0.450306 -0.378662 -0.418831 -0.374526 -0.491299 
2.78 -6.08028 0.451482 12 -0.491266 -0.374511 -0.418915 -0.378406 -0.450402 -0.264597 -0.526759 -0.270563 -0.526758 -0.264602 -0.4504 -0.378407 -0.418915 -0.37451 -0.491269 
2.79 -6.08099 0.455516 12 -0.491235 -0.374496 -0.419 -0.378148 -0.450493 -0.264485 -0.526324 -0.272625 -0.526323 -0.264489 -0.450491 -0.37815 -0.419 -0.374494 -0.491238 
2.8 -6.0817 0.459549 12 -0.491204 -0.374481 -0.419084 -0.377889 -0.450581 -0.264382 -0.52589 -0.274675 -0.52589 -0.264387 -0.450579 -0.37789 -0.419085 -0.374479 -0.491207 
2.81 -6.08241 0.46358 12 -0.491172 -0.374467 -0.419169 -0.377627 -0.450666 -0.26429 -0.525457 -0.276712 -0.525456 -0.264295 -0.450664 -0.377629 -0.41917 -0.374465 -0.491175 
2.82 -6.08313 0.467608 12 -0.49114 -0.374454 -0.419253 -0.377363 -0.450749 -0.264208 -0.525024 -0.278737 -0.525023 -0.264212 -0.450747 -0.377365 -0.419254 -0.374453 -0.491143 
2.83 -6.08384 0.471634 12 -0.491108 -0.374443 -0.419338 -0.377097 -0.450829 -0.264136 -0.524591 -0.280748 -0.524591 -0.264141 -0.450827 -0.377099 -0.419338 -0.374441 -0.491111 
2.84 -6.08455 0.475656 12 -0.491075 -0.374432 -0.419422 -0.37683 -0.450906 -0.264074 -0.524159 -0.282746 -0.524159 -0.264079 -0.450904 -0.376831 -0.419422 -0.37443 -0.491078 
2.85 -6.08526 0.479673 12 -0.491042 -0.374422 -0.419505 -0.37656 -0.450981 -0.264023 -0.523728 -0.284731 -0.523728 -0.264028 -0.450979 -0.376561 -0.419506 -0.37442 -0.491045 
2.86 -6.08597 0.483685 12 -0.491009 -0.374413 -0.419588 -0.376288 -0.451053 -0.263982 -0.523298 -0.286703 -0.523297 -0.263987 -0.451051 -0.376289 -0.419589 -0.374412 -0.491012 
2.87 -6.08668 0.487692 12 -0.490976 -0.374405 -0.419671 -0.376014 -0.451122 -0.263952 -0.522868 -0.288661 -0.522867 -0.263957 -0.45112 -0.376016 -0.419672 -0.374404 -0.490978 
2.88 -6.08739 0.491693 12 -0.490942 -0.374398 -0.419753 -0.375739 -0.451189 -0.263932 -0.522439 -0.290605 -0.522438 -0.263937 -0.451187 -0.37574 -0.419754 -0.374397 -0.490945 
2.89 -6.0881 0.495687 12 -0.490908 -0.374392 -0.419835 -0.375461 -0.451253 -0.263923 -0.52201 -0.292535 -0.52201 -0.263928 -0.451251 -0.375463 -0.419835 -0.37439 -0.490911 
2.9 -6.08882 0.499674 12 -0.490875 -0.374386 -0.419916 -0.375182 -0.451314 -0.263924 -0.521582 -0.294451 -0.521582 -0.263929 -0.451312 -0.375184 -0.419916 -0.374385 -0.490877 
2.91 -6.08953 0.503653 12 -0.490841 -0.374382 -0.419996 -0.374901 -0.451372 -0.263936 -0.521156 -0.296353 -0.521155 -0.263941 -0.45137 -0.374903 -0.419997 -0.374381 -0.490843 
2.92 -6.09024 0.507624 12 -0.490807 -0.374378 -0.420076 -0.374619 -0.451428 -0.263959 -0.52073 -0.298241 -0.520729 -0.263963 -0.451426 -0.374621 -0.420077 -0.374377 -0.490809 
2.93 -6.09095 0.511586 12 -0.490773 -0.374375 -0.420155 -0.374335 -0.45148 -0.263992 -0.520304 -0.300114 -0.520304 -0.263997 -0.451478 -0.374337 -0.420156 -0.374374 -0.490775 
2.94 -6.09166 0.515538 12 -0.490739 -0.374373 -0.420233 -0.374049 -0.45153 -0.264036 -0.51988 -0.301972 -0.51988 -0.264041 -0.451528 -0.374051 -0.420234 -0.374371 -0.490741 
2.95 -6.09237 0.51948 12 -0.490705 -0.374371 -0.420311 -0.373762 -0.451578 -0.264091 -0.519457 -0.303816 -0.519456 -0.264095 -0.451576 -0.373764 -0.420311 -0.374369 -0.490708 
2.96 -6.09308 0.523411 12 -0.490672 -0.374369 -0.420388 -0.373474 -0.451622 -0.264156 -0.519034 -0.305645 -0.519034 -0.264161 -0.45162 -0.373475 -0.420388 -0.374368 -0.490674 
2.97 -6.09379 0.527331 12 -0.490638 -0.374369 -0.420464 -0.373184 -0.451664 -0.264233 -0.518613 -0.307459 -0.518613 -0.264237 -0.451662 -0.373185 -0.420464 -0.374367 -0.490641 
2.98 -6.0945 0.53124 12 -0.490605 -0.374368 -0.420539 -0.372892 -0.451703 -0.26432 -0.518192 -0.309257 -0.518192 -0.264324 -0.451701 -0.372894 -0.420539 -0.374367 -0.490607 
2.99 -6.09521 0.535136 12 -0.490572 -0.374368 -0.420613 -0.3726 -0.451739 -0.264418 -0.517773 -0.311041 -0.517773 -0.264422 -0.451737 -0.372602 -0.420614 -0.374367 -0.490574 
3 -6.09592 0.539019 12 -0.49054 -0.374368 -0.420687 -0.372306 -0.451773 -0.264527 -0.517354 -0.312809 -0.517354 -0.264531 -0.451771 -0.372308 -0.420687 -0.374367 -0.490542 
3.01 -6.09663 0.542889 12 -0.490507 -0.374369 -0.420759 -0.372011 -0.451803 -0.264646 -0.516937 -0.314561 -0.516937 -0.264651 -0.451801 -0.372013 -0.42076 -0.374368 -0.490509 
3.02 -6.09734 0.546746 12 -0.490475 -0.37437 -0.420831 -0.371715 -0.451831 -0.264777 -0.516521 -0.316298 -0.516521 -0.264781 -0.451829 -0.371717 -0.420832 -0.374369 -0.490477 
3.03 -6.09805 0.550588 12 -0.490443 -0.374371 -0.420902 -0.371417 -0.451856 -0.264918 -0.516106 -0.318019 -0.516106 -0.264922 -0.451854 -0.371419 -0.420902 -0.374369 -0.490445 
3.04 -6.09876 0.554415 12 -0.490412 -0.374371 -0.420972 -0.371119 -0.451879 -0.26507 -0.515692 -0.319725 -0.515692 -0.265075 -0.451877 -0.371121 -0.420972 -0.37437 -0.490414 
3.05 -6.09947 0.558228 12 -0.490381 -0.374372 -0.421041 -0.37082 -0.451898 -0.265233 -0.515279 -0.321414 -0.515279 -0.265238 -0.451897 -0.370822 -0.421041 -0.374371 -0.490383 
3.06 -6.10018 0.562024 12 -0.49035 -0.374373 -0.421109 -0.37052 -0.451915 -0.265407 -0.514867 -0.323088 -0.514867 -0.265412 -0.451913 -0.370522 -0.42111 -0.374372 -0.490352 
3.07 -6.10088 0.565804 12 -0.49032 -0.374373 -0.421177 -0.370219 -0.451929 -0.265592 -0.514457 -0.324745 -0.514457 -0.265596 -0.451928 -0.370221 -0.421177 -0.374372 -0.490322 
3.08 -6.10159 0.569568 12 -0.49029 -0.374374 -0.421243 -0.369917 -0.451941 -0.265788 -0.514048 -0.326386 -0.514048 -0.265792 -0.451939 -0.369919 -0.421243 -0.374373 -0.490292 
3.09 -6.1023 0.573315 12 -0.490261 -0.374374 -0.421308 -0.369614 -0.451949 -0.265994 -0.51364 -0.328011 -0.51364 -0.265998 -0.451948 -0.369616 -0.421309 -0.374373 -0.490263 
3.1 -6.103 0.577044 12 -0.490232 -0.374373 -0.421373 -0.369311 -0.451955 -0.266211 -0.513233 -0.32962 -0.513233 -0.266216 -0.451954 -0.369313 -0.421373 -0.374372 -0.490234 
3.11 -6.10371 0.580755 12 -0.490203 -0.374372 -0.421436 -0.369007 -0.451958 -0.266439 -0.512828 -0.331212 -0.512828 -0.266444 -0.451957 -0.369009 -0.421437 -0.374371 -0.490205 
3.12 -6.10441 0.584448 12 -0.490175 -0.374371 -0.421499 -0.368703 -0.451959 -0.266678 -0.512424 -0.332788 -0.512424 -0.266682 -0.451957 -0.368705 -0.421499 -0.37437 -0.490177 
3.13 -6.10511 0.588122 12 -0.490148 -0.374369 -0.421561 -0.368398 -0.451957 -0.266928 -0.512022 -0.334347 -0.512022 -0.266932 -0.451955 -0.3684 -0.421561 -0.374368 -0.490149 
3.14 -6.10582 0.591777 12 -0.490121 -0.374366 -0.421621 -0.368092 -0.451952 -0.267188 -0.511621 -0.335889 -0.51162 -0.267192 -0.45195 -0.368094 -0.421622 -0.374365 -0.490122 
3.15 -6.10652 0.595413 12 -0.490094 -0.374362 -0.421681 -0.367786 -0.451944 -0.267459 -0.511221 -0.337415 -0.511221 -0.267463 -0.451943 -0.367788 -0.421681 -0.374362 -0.490095 
3.16 -6.10722 0.599028 12 -0.490067 -0.374358 -0.42174 -0.36748 -0.451934 -0.267741 -0.510822 -0.338924 -0.510822 -0.267745 -0.451932 -0.367482 -0.42174 -0.374357 -0.490069 
3.17 -6.10791 0.602623 12 -0.490041 -0.374353 -0.421798 -0.367174 -0.451921 -0.268033 -0.510426 -0.340416 -0.510425 -0.268038 -0.451919 -0.367176 -0.421798 -0.374352 -0.490043 
3.18 -6.10861 0.606198 12 -0.490015 -0.374347 -0.421855 -0.366867 -0.451905 -0.268336 -0.51003 -0.341892 -0.51003 -0.268341 -0.451904 -0.366869 -0.421855 -0.374346 -0.490017 
3.19 -6.1093 0.609751 12 -0.48999 -0.37434 -0.421911 -0.36656 -0.451887 -0.26865 -0.509636 -0.34335 -0.509636 -0.268654 -0.451886 -0.366562 -0.421911 -0.374339 -0.489991 
3.2 -6.11 0.613284 12 -0.489965 -0.374332 -0.421966 -0.366253 -0.451866 -0.268974 -0.509244 -0.344791 -0.509244 -0.268978 -0.451865 -0.366255 -0.421966 -0.374331 -0.489966 
3.21 -6.11069 0.616794 12 -0.48994 -0.374322 -0.42202 -0.365946 -0.451843 -0.269309 -0.508853 -0.346216 -0.508853 -0.269313 -0.451841 -0.365948 -0.42202 -0.374321 -0.489941 
3.22 -6.11137 0.620282 12 -0.489915 -0.374312 -0.422073 -0.365638 -0.451817 -0.269654 -0.508463 -0.347623 -0.508463 -0.269658 -0.451815 -0.365641 -0.422074 -0.374311 -0.489916 
3.23 -6.11206 0.623749 12 -0.48989 -0.3743 -0.422126 -0.365331 -0.451788 -0.27001 -0.508075 -0.349014 -0.508075 -0.270013 -0.451787 -0.365334 -0.422126 -0.374299 -0.489891 
3.24 -6.11274 0.627192 12 -0.489865 -0.374287 -0.422177 -0.365024 -0.451757 -0.270375 -0.507689 -0.350387 -0.507689 -0.270379 -0.451756 -0.365027 -0.422177 -0.374287 -0.489866 
3.25 -6.11342 0.630613 12 -0.48984 -0.374273 -0.422227 -0.364718 -0.451724 -0.270752 -0.507304 -0.351743 -0.507304 -0.270755 -0.451722 -0.36472 -0.422227 -0.374272 -0.489841 
3.26 -6.1141 0.63401 12 -0.489815 -0.374258 -0.422276 -0.364411 -0.451687 -0.271138 -0.506921 -0.353082 -0.506921 -0.271142 -0.451686 -0.364413 -0.422276 -0.374257 -0.489817 
3.27 -6.11478 0.637384 12 -0.48979 -0.374241 -0.422324 -0.364105 -0.451649 -0.271535 -0.50654 -0.354403 -0.50654 -0.271539 -0.451647 -0.364107 -0.422325 -0.37424 -0.489791 
3.28 -6.11545 0.640734 12 -0.489765 -0.374223 -0.422372 -0.363799 -0.451608 -0.271942 -0.50616 -0.355708 -0.50616 -0.271945 -0.451606 -0.363801 -0.422372 -0.374222 -0.489766 
3.29 -6.11612 0.64406 12 -0.489739 -0.374203 -0.422418 -0.363493 -0.451564 -0.272358 -0.505782 -0.356995 -0.505782 -0.272362 -0.451563 -0.363496 -0.422418 -0.374202 -0.48974 
3.3 -6.11678 0.647362 12 -0.489713 -0.374182 -0.422463 -0.363188 -0.451518 -0.272785 -0.505405 -0.358265 -0.505406 -0.272789 -0.451517 -0.363191 -0.422463 -0.374181 -0.489714 
3.31 -6.11744 0.650639 12 -0.489686 -0.374159 -0.422507 -0.362884 -0.45147 -0.273222 -0.505031 -0.359518 -0.505031 -0.273226 -0.451468 -0.362886 -0.422507 -0.374158 -0.489688 
3.32 -6.1181 0.653892 12 -0.489659 -0.374135 -0.42255 -0.36258 -0.451419 -0.273669 -0.504658 -0.360753 -0.504658 -0.273673 -0.451417 -0.362583 -0.42255 -0.374134 -0.48966 
3.33 -6.11875 0.65712 12 -0.489631 -0.374109 -0.422592 -0.362277 -0.451366 -0.274126 -0.504286 -0.361971 -0.504286 -0.274129 -0.451364 -0.362279 -0.422592 -0.374108 -0.489633 
3.34 -6.1194 0.660322 12 -0.489603 -0.374082 -0.422633 -0.361974 -0.45131 -0.274592 -0.503917 -0.363172 -0.503917 -0.274596 -0.451309 -0.361977 -0.422633 -0.374081 -0.489604 
3.35 -6.12004 0.6635 12 -0.489573 -0.374053 -0.422673 -0.361673 -0.451252 -0.275068 -0.503549 -0.364356 -0.503549 -0.275072 -0.451251 -0.361675 -0.422673 -0.374052 -0.489574 
3.36 -6.12068 0.666652 12 -0.489543 -0.374023 -0.422712 -0.361372 -0.451192 -0.275554 -0.503183 -0.365523 -0.503183 -0.275557 -0.451191 -0.361374 -0.422712 -0.374022 -0.489544 
3.37 -6.12132 0.669778 12 -0.489511 -0.373991 -0.42275 -0.361072 -0.45113 -0.276049 -0.502818 -0.366672 -0.502818 -0.276052 -0.451128 -0.361074 -0.42275 -0.37399 -0.489512 
3.38 -6.12195 0.672878 12 -0.489478 -0.373957 -0.422786 -0.360773 -0.451065 -0.276553 -0.502456 -0.367804 -0.502456 -0.276557 -0.451064 -0.360775 -0.422786 -0.373956 -0.489479 
3.39 -6.12257 0.675953 12 -0.489444 -0.373922 -0.422822 -0.360475 -0.450999 -0.277067 -0.502095 -0.368919 -0.502095 -0.277071 -0.450997 -0.360477 -0.422822 -0.373921 -0.489445 
3.4 -6.12319 0.679001 12 -0.489408 -0.373885 -0.422856 -0.360178 -0.45093 -0.277591 -0.501736 -0.370016 -0.501736 -0.277594 -0.450928 -0.36018 -0.422856 -0.373884 -0.489409 
3.41 -6.1238 0.682024 12 -0.489371 -0.373846 -0.422889 -0.359882 -0.450859 -0.278123 -0.501379 -0.371097 -0.501379 -0.278127 -0.450857 -0.359884 -0.422889 -0.373846 -0.489372 
3.42 -6.12441 0.685019 12 -0.489332 -0.373806 -0.422921 -0.359587 -0.450785 -0.278665 -0.501023 -0.37216 -0.501023 -0.278668 -0.450784 -0.35959 -0.422921 -0.373806 -0.489333 
3.43 -6.12501 0.687989 13 -0.489292 -0.373765 -0.422952 -0.359294 -0.45071 -0.279215 -0.50067 -0.373206 -0.50067 -0.279219 -0.450709 -0.359296 -0.422952 -0.373764 -0.489293 
3.44 -6.1256 0.690932 13 -0.489249 -0.373721 -0.422981 -0.359001 -0.450633 -0.279775 -0.500318 -0.374235 -0.500318 -0.279778 -0.450632 -0.359004 -0.422982 -0.373721 -0.48925 
3.45 -6.12619 0.693848 13 -0.489205 -0.373676 -0.42301 -0.358711 -0.450554 -0.280343 -0.499968 -0.375247 -0.499968 -0.280346 -0.450553 -0.358713 -0.42301 -0.373676 -0.489206 
3.46 -6.12677 0.696738 13 -0.489158 -0.37363 -0.423037 -0.358421 -0.450473 -0.28092 -0.49962 -0.376242 -0.49962 -0.280923 -0.450471 -0.358424 -0.423037 -0.373629 -0.489159 
3.47 -6.12734 0.699601 13 -0.48911 -0.373582 -0.423063 -0.358133 -0.450389 -0.281506 -0.499274 -0.37722 -0.499274 -0.281509 -0.450388 -0.358136 -0.423063 -0.373581 -0.48911 
3.48 -6.1279 0.702437 13 -0.489058 -0.373532 -0.423087 -0.357847 -0.450304 -0.2821 -0.49893 -0.378182 -0.49893 -0.282103 -0.450303 -0.35785 -0.423087 -0.373532 -0.489059 
3.49 -6.12846 0.705247 13 -0.489005 -0.373481 -0.42311 -0.357562 -0.450218 -0.282703 -0.498587 -0.379126 -0.498588 -0.282706 -0.450216 -0.357565 -0.42311 -0.37348 -0.489006 
3.5 -6.12901 0.708029 13 -0.488948 -0.373428 -0.423132 -0.357279 -0.450129 -0.283314 -0.498247 -0.380053 -0.498247 -0.283317 -0.450128 -0.357282 -0.423132 -0.373427 -0.488949 
3.51 -6.12956 0.710785 13 -0.48889 -0.373374 -0.423153 -0.356998 -0.450038 -0.283933 -0.497908 -0.380964 -0.497909 -0.283936 -0.450037 -0.357 -0.423153 -0.373373 -0.48889 
3.52 -6.13009 0.713513 13 -0.488828 -0.373318 -0.423172 -0.356718 -0.449946 -0.28456 -0.497572 -0.381858 -0.497572 -0.284564 -0.449945 -0.356721 -0.423172 -0.373317 -0.488829 
3.53 -6.13062 0.716215 13 -0.488763 -0.37326 -0.42319 -0.35644 -0.449852 -0.285196 -0.497237 -0.382736 -0.497237 -0.285199 -0.449851 -0.356443 -0.42319 -0.37326 -0.488764 
3.54 -6.13114 0.71889 13 -0.488696 -0.373201 -0.423206 -0.356164 -0.449757 -0.285839 -0.496904 -0.383597 -0.496904 -0.285842 -0.449756 -0.356167 -0.423206 -0.373201 -0.488697 
3.55 -6.13165 0.721538 13 -0.488625 -0.373141 -0.423221 -0.35589 -0.449659 -0.28649 -0.496573 -0.384441 -0.496573 -0.286493 -0.449658 -0.355893 -0.423221 -0.37314 -0.488626 
3.56 -6.13215 0.724159 14 -0.488552 -0.373079 -0.423234 -0.355618 -0.449561 -0.287149 -0.496244 -0.385269 -0.496244 -0.287152 -0.44956 -0.355621 -0.423234 -0.373078 -0.488553 
3.57 -6.13264 0.726754 14 -0.488475 -0.373015 -0.423246 -0.355348 -0.44946 -0.287815 -0.495917 -0.38608 -0.495917 -0.287818 -0.449459 -0.355351 -0.423246 -0.373015 -0.488476 
3.58 -6.13312 0.729321 14 -0.488395 -0.37295 -0.423257 -0.35508 -0.449358 -0.288489 -0.495592 -0.386875 -0.495592 -0.288492 -0.449357 -0.355083 -0.423257 -0.37295 -0.488395 
3.59 -6.1336 0.731862 14 -0.488311 -0.372884 -0.423266 -0.354815 -0.449255 -0.28917 -0.495268 -0.387654 -0.495269 -0.289173 -0.449254 -0.354817 -0.423266 -0.372884 -0.488312 
3.6 -6.13406 0.734376 14 -0.488224 -0.372816 -0.423273 -0.354551 -0.44915 -0.289859 -0.494947 -0.388417 -0.494947 -0.289862 -0.449149 -0.354554 -0.423273 -0.372816 -0.488225 
3.61 -6.13452 0.736864 14 -0.488133 -0.372747 -0.423279 -0.35429 -0.449044 -0.290554 -0.494627 -0.389164 -0.494628 -0.290557 -0.449043 -0.354292 -0.423279 -0.372747 -0.488134 
3.62 -6.13497 0.739325 14 -0.488039 -0.372677 -0.423283 -0.354031 -0.448937 -0.291257 -0.49431 -0.389894 -0.49431 -0.29126 -0.448936 -0.354033 -0.423283 -0.372676 -0.48804 
3.63 -6.1354 0.74176 14 -0.487942 -0.372605 -0.423285 -0.353774 -0.448828 -0.291967 -0.493994 -0.390609 -0.493994 -0.291969 -0.448827 -0.353777 -0.423285 -0.372605 -0.487943 
3.64 -6.13583 0.744169 15 -0.48784 -0.372532 -0.423286 -0.35352 -0.448718 -0.292683 -0.49368 -0.391308 -0.493681 -0.292686 -0.448717 -0.353523 -0.423286 -0.372532 -0.487841 
3.65 -6.13625 0.746551 15 -0.487735 -0.372458 -0.423285 -0.353268 -0.448607 -0.293406 -0.493369 -0.391992 -0.493369 -0.293408 -0.448606 -0.353271 -0.423285 -0.372457 -0.487736 
3.66 -6.13666 0.748907 15 -0.487627 -0.372382 -0.423283 -0.353019 -0.448495 -0.294135 -0.493059 -0.392659 -0.493059 -0.294138 -0.448494 -0.353022 -0.423283 -0.372382 -0.487628 
3.67 -6.13706 0.751238 15 -0.487514 -0.372305 -0.423278 -0.352772 -0.448381 -0.294871 -0.492751 -0.393311 -0.492751 -0.294873 -0.44838 -0.352775 -0.423279 -0.372305 -0.487515 
3.68 -6.13745 0.753543 15 -0.487398 -0.372227 -0.423272 -0.352528 -0.448267 -0.295613 -0.492445 -0.393948 -0.492445 -0.295615 -0.448266 -0.352531 -0.423272 -0.372227 -0.487399 
3.69 -6.13783 0.755822 15 -0.487278 -0.372148 -0.423265 -0.352287 -0.448151 -0.296361 -0.49214 -0.394569 -0.492141 -0.296364 -0.44815 -0.352289 -0.423265 -0.372147 -0.487279 
3.7 -6.13821 0.758075 15 -0.487155 -0.372067 -0.423255 -0.352048 -0.448035 -0.297115 -0.491838 -0.395176 -0.491838 -0.297118 -0.448034 -0.352051 -0.423255 -0.372067 -0.487155 
3.71 -6.13857 0.760303 15 -0.487027 -0.371986 -0.423243 -0.351812 -0.447917 -0.297875 -0.491538 -0.395767 -0.491538 -0.297878 -0.447916 -0.351815 -0.423243 -0.371985 -0.487028 
3.72 -6.13892 0.762506 15 -0.486896 -0.371903 -0.42323 -0.351579 -0.447799 -0.298641 -0.491239 -0.396343 -0.49124 -0.298644 -0.447798 -0.351582 -0.42323 -0.371903 -0.486897 
3.73 -6.13927 0.764684 15 -0.486761 -0.371819 -0.423214 -0.351349 -0.44768 -0.299412 -0.490943 -0.396904 -0.490943 -0.299415 -0.447679 -0.351351 -0.423214 -0.371819 -0.486762 
3.74 -6.1396 0.766838 15 -0.486622 -0.371735 -0.423197 -0.351121 -0.44756 -0.300189 -0.490648 -0.39745 -0.490648 -0.300192 -0.447559 -0.351124 -0.423197 -0.371734 -0.486623 
3.75 -6.13993 0.768967 15 -0.48648 -0.371649 -0.423178 -0.350897 -0.447439 -0.300972 -0.490355 -0.397982 -0.490355 -0.300974 -0.447439 -0.3509 -0.423178 -0.371649 -0.486481 
3.76 -6.14024 0.771071 15 -0.486334 -0.371562 -0.423157 -0.350676 -0.447318 -0.301759 -0.490064 -0.398499 -0.490064 -0.301762 -0.447318 -0.350678 -0.423157 -0.371562 -0.486334 
3.77 -6.14055 0.773151 15 -0.486184 -0.371475 -0.423133 -0.350457 -0.447196 -0.302552 -0.489775 -0.399001 -0.489775 -0.302554 -0.447196 -0.35046 -0.423133 -0.371475 -0.486185 
3.78 -6.14085 0.775207 16 -0.48603 -0.371386 -0.423108 -0.350242 -0.447074 -0.303349 -0.489487 -0.39949 -0.489488 -0.303352 -0.447073 -0.350245 -0.423108 -0.371386 -0.486031 
3.79 -6.14114 0.77724 16 -0.485873 -0.371297 -0.423081 -0.35003 -0.446951 -0.304152 -0.489202 -0.399964 -0.489202 -0.304154 -0.44695 -0.350033 -0.423081 -0.371297 -0.485874 
3.8 -6.14142 0.779249 16 -0.485712 -0.371207 -0.423051 -0.349821 -0.446827 -0.304959 -0.488918 -0.400424 -0.488919 -0.304961 -0.446827 -0.349824 -0.423051 -0.371207 -0.485713 
3.81 -6.14169 0.781235 16 -0.485548 -0.371116 -0.423019 -0.349615 -0.446703 -0.30577 -0.488637 -0.40087 -0.488637 -0.305773 -0.446703 -0.349618 -0.423019 -0.371116 -0.485549 
3.82 -6.14196 0.783197 16 -0.48538 -0.371025 -0.422986 -0.349413 -0.446579 -0.306586 -0.488357 -0.401302 -0.488357 -0.306589 -0.446578 -0.349416 -0.422986 -0.371024 -0.485381 
3.83 -6.14222 0.785137 16 -0.485209 -0.370933 -0.42295 -0.349214 -0.446454 -0.307407 -0.488078 -0.401721 -0.488079 -0.307409 -0.446454 -0.349217 -0.42295 -0.370932 -0.48521 
3.84 -6.14246 0.787055 16 -0.485035 -0.37084 -0.422911 -0.349018 -0.446329 -0.308231 -0.487802 -0.402126 -0.487802 -0.308234 -0.446329 -0.349021 -0.422911 -0.370839 -0.485036 
3.85 -6.1427 0.78895 16 -0.484857 -0.370746 -0.422871 -0.348826 -0.446204 -0.30906 -0.487527 -0.402517 -0.487528 -0.309062 -0.446204 -0.348828 -0.422871 -0.370746 -0.484858 
3.86 -6.14294 0.790823 16 -0.484676 -0.370652 -0.422828 -0.348637 -0.446079 -0.309892 -0.487254 -0.402895 -0.487255 -0.309895 -0.446078 -0.348639 -0.422828 -0.370652 -0.484677 
3.87 -6.14316 0.792675 16 -0.484491 -0.370557 -0.422783 -0.348451 -0.445953 -0.310729 -0.486983 -0.40326 -0.486984 -0.310731 -0.445953 -0.348454 -0.422783 -0.370557 -0.484492 
3.88 -6.14338 0.794505 16 -0.484304 -0.370462 -0.422736 -0.348269 -0.445827 -0.311568 -0.486714 -0.403613 -0.486715 -0.31157 -0.445827 -0.348272 -0.422736 -0.370462 -0.484305 
3.89 -6.14359 0.796314 16 -0.484113 -0.370367 -0.422686 -0.348091 -0.445702 -0.312412 -0.486446 -0.403952 -0.486447 -0.312414 -0.445701 -0.348094 -0.422686 -0.370367 -0.484114 
3.9 -6.14379 0.798102 16 -0.483919 -0.370271 -0.422634 -0.347916 -0.445576 -0.313258 -0.486181 -0.404278 -0.486181 -0.31326 -0.445576 -0.347919 -0.422634 -0.370271 -0.48392 
3.91 -6.14399 0.799869 16 -0.483722 -0.370175 -0.42258 -0.347745 -0.44545 -0.314108 -0.485916 -0.404592 -0.485917 -0.31411 -0.44545 -0.347748 -0.42258 -0.370174 -0.483723 
3.92 -6.14418 0.801616 16 -0.483522 -0.370078 -0.422523 -0.347577 -0.445325 -0.314961 -0.485654 -0.404893 -0.485654 -0.314963 -0.445324 -0.34758 -0.422523 -0.370078 -0.483523 
3.93 -6.14436 0.803343 16 -0.48332 -0.369981 -0.422463 -0.347414 -0.445199 -0.315817 -0.485393 -0.405182 -0.485394 -0.315819 -0.445199 -0.347416 -0.422463 -0.369981 -0.483321 
3.94 -6.14454 0.805051 16 -0.483114 -0.369884 -0.422401 -0.347253 -0.445074 -0.316675 -0.485134 -0.405459 -0.485135 -0.316677 -0.445074 -0.347256 -0.422402 -0.369884 -0.483115 
3.95 -6.14471 0.806739 16 -0.482906 -0.369787 -0.422337 -0.347097 -0.444949 -0.317536 -0.484876 -0.405724 -0.484877 -0.317538 -0.444949 -0.3471 -0.422337 -0.369787 -0.482907 
3.96 -6.14487 0.808408 16 -0.482695 -0.36969 -0.42227 -0.346945 -0.444824 -0.3184 -0.484621 -0.405977 -0.484621 -0.318402 -0.444824 -0.346948 -0.42227 -0.369689 -0.482696 
3.97 -6.14503 0.810059 16 -0.482481 -0.369592 -0.422201 -0.346796 -0.4447 -0.319266 -0.484366 -0.406219 -0.484367 -0.319268 -0.4447 -0.346799 -0.422201 -0.369592 -0.482482 
3.98 -6.14518 0.81169 16 -0.482265 -0.369495 -0.422129 -0.346651 -0.444576 -0.320135 -0.484114 -0.406448 -0.484114 -0.320136 -0.444576 -0.346654 -0.422129 -0.369495 -0.482266 
3.99 -6.14533 0.813304 16 -0.482046 -0.369397 -0.422054 -0.34651 -0.444452 -0.321005 -0.483863 -0.406667 -0.483863 -0.321007 -0.444452 -0.346513 -0.422054 -0.369397 -0.482047 
4 -6.14547 0.8149 16 -0.481825 -0.3693 -0.421977 -0.346373 -0.444329 -0.321878 -0.483613 -0.406874 -0.483614 -0.321879 -0.444329 -0.346376 -0.421977 -0.3693 -0.481826 
4.01 -6.14561 0.816479 16 -0.481601 -0.369203 -0.421897 -0.34624 -0.444207 -0.322752 -0.483365 -0.40707 -0.483366 -0.322754 -0.444207 -0.346243 -0.421897 -0.369203 -0.481602 
4.02 -6.14574 0.818041 16 -0.481375 -0.369106 -0.421815 -0.346111 -0.444085 -0.323628 -0.483119 -0.407255 -0.483119 -0.323629 -0.444085 -0.346114 -0.421815 -0.369106 -0.481376 
4.03 -6.14586 0.819585 16 -0.481146 -0.369009 -0.42173 -0.345987 -0.443963 -0.324505 -0.482874 -0.407429 -0.482875 -0.324507 -0.443963 -0.345989 -0.42173 -0.369009 -0.481147 
4.04 -6.14598 0.821114 16 -0.480915 -0.368912 -0.421642 -0.345866 -0.443843 -0.325384 -0.482631 -0.407592 -0.482631 -0.325386 -0.443842 -0.345868 -0.421642 -0.368912 -0.480916 
4.05 -6.1461 0.822626 16 -0.480682 -0.368816 -0.421551 -0.345749 -0.443722 -0.326265 -0.482389 -0.407745 -0.482389 -0.326266 -0.443722 -0.345752 -0.421551 -0.368816 -0.480683 
4.06 -6.14621 0.824122 16 -0.480447 -0.36872 -0.421458 -0.345636 -0.443603 -0.327146 -0.482148 -0.407888 -0.482149 -0.327148 -0.443603 -0.345639 -0.421458 -0.36872 -0.480448 
4.07 -6.14632 0.825603 16 -0.48021 -0.368625 -0.421362 -0.345527 -0.443485 -0.328028 -0.481909 -0.40802 -0.48191 -0.32803 -0.443484 -0.34553 -0.421362 -0.368624 -0.480211 
4.08 -6.14642 0.827069 16 -0.47997 -0.36853 -0.421263 -0.345423 -0.443367 -0.328912 -0.481672 -0.408143 -0.481673 -0.328913 -0.443367 -0.345426 -0.421263 -0.368529 -0.479971 
4.09 -6.14652 0.82852 16 -0.479729 -0.368435 -0.421162 -0.345323 -0.44325 -0.329796 -0.481436 -0.408255 -0.481436 -0.329797 -0.44325 -0.345326 -0.421162 -0.368435 -0.47973 
4.1 -6.14662 0.829957 16 -0.479485 -0.368341 -0.421057 -0.345227 -0.443134 -0.330681 -0.481201 -0.408358 -0.481202 -0.330682 -0.443134 -0.34523 -0.421057 -0.368341 -0.479486 
4.11 -6.14671 0.83138 16 -0.47924 -0.368248 -0.42095 -0.345135 -0.443019 -0.331566 -0.480968 -0.408452 -0.480968 -0.331567 -0.443019 -0.345138 -0.42095 -0.368247 -0.479241 
4.12 -6.14679 0.832789 16 -0.478992 -0.368155 -0.42084 -0.345047 -0.442905 -0.332451 -0.480736 -0.408536 -0.480736 -0.332453 -0.442905 -0.34505 -0.42084 -0.368155 -0.478993 
4.13 -6.14688 0.834184 16 -0.478743 -0.368063 -0.420727 -0.344964 -0.442792 -0.333337 -0.480505 -0.408611 -0.480506 -0.333338 -0.442792 -0.344967 -0.420727 -0.368063 -0.478744 
4.14 -6.14696 0.835567 16 -0.478492 -0.367971 -0.420612 -0.344885 -0.44268 -0.334223 -0.480276 -0.408676 -0.480276 -0.334224 -0.44268 -0.344888 -0.420612 -0.367971 -0.478493 
4.15 -6.14704 0.836937 16 -0.478238 -0.367881 -0.420493 -0.34481 -0.442569 -0.335109 -0.480047 -0.408733 -0.480048 -0.33511 -0.442569 -0.344813 -0.420493 -0.367881 -0.47824 
4.16 -6.14711 0.838294 16 -0.477984 -0.367791 -0.420372 -0.34474 -0.44246 -0.335995 -0.479821 -0.408781 -0.479821 -0.335996 -0.44246 -0.344743 -0.420372 -0.367791 -0.477985 
4.17 -6.14718 0.83964 16 -0.477727 -0.367702 -0.420247 -0.344674 -0.442351 -0.33688 -0.479595 -0.408821 -0.479596 -0.336881 -0.442351 -0.344677 -0.420247 -0.367702 -0.477728 
4.18 -6.14725 0.840974 16 -0.477469 -0.367614 -0.42012 -0.344612 -0.442244 -0.337765 -0.479371 -0.408852 -0.479372 -0.337767 -0.442244 -0.344615 -0.42012 -0.367614 -0.47747 
4.19 -6.14731 0.842296 16 -0.477208 -0.367528 -0.41999 -0.344555 -0.442138 -0.33865 -0.479148 -0.408875 -0.479149 -0.338651 -0.442138 -0.344558 -0.41999 -0.367527 -0.47721 
4.2 -6.14738 0.843608 16 -0.476947 -0.367442 -0.419857 -0.344502 -0.442033 -0.339534 -0.478926 -0.40889 -0.478927 -0.339535 -0.442033 -0.344505 -0.419857 -0.367441 -0.476948 
4.21 -6.14744 0.844909 16 -0.476683 -0.367357 -0.419721 -0.344453 -0.44193 -0.340417 -0.478705 -0.408897 -0.478706 -0.340418 -0.44193 -0.344456 -0.419721 -0.367357 -0.476684 
4.22 -6.14749 0.8462 16 -0.476418 -0.367273 -0.419582 -0.344409 -0.441828 -0.341299 -0.478486 -0.408896 -0.478486 -0.3413 -0.441828 -0.344412 -0.419583 -0.367273 -0.476419 
4.23 -6.14755 0.84748 16 -0.476152 -0.367191 -0.419441 -0.34437 -0.441727 -0.34218 -0.478267 -0.408887 -0.478268 -0.342182 -0.441727 -0.344372 -0.419441 -0.36719 -0.476153 
4.24 -6.1476 0.848752 16 -0.475883 -0.367109 -0.419296 -0.344334 -0.441628 -0.343061 -0.47805 -0.408871 -0.478051 -0.343062 -0.441628 -0.344337 -0.419296 -0.367109 -0.475884 
4.25 -6.14765 0.850013 16 -0.475613 -0.367029 -0.419149 -0.344304 -0.44153 -0.343939 -0.477833 -0.408848 -0.477834 -0.34394 -0.44153 -0.344306 -0.419149 -0.367029 -0.475615 
4.26 -6.1477 0.851266 16 -0.475342 -0.366951 -0.418998 -0.344277 -0.441434 -0.344817 -0.477618 -0.408818 -0.477619 -0.344818 -0.441434 -0.34428 -0.418998 -0.36695 -0.475343 
4.27 -6.14774 0.85251 16 -0.475069 -0.366873 -0.418845 -0.344256 -0.441339 -0.345693 -0.477404 -0.408781 -0.477405 -0.345694 -0.441339 -0.344258 -0.418845 -0.366873 -0.47507 
4.28 -6.14779 0.853746 16 -0.474795 -0.366797 -0.418689 -0.344238 -0.441246 -0.346567 -0.477191 -0.408737 -0.477192 -0.346568 -0.441246 -0.344241 -0.418689 -0.366797 -0.474796 
4.29 -6.14783 0.854974 16 -0.474519 -0.366723 -0.418529 -0.344225 -0.441154 -0.34744 -0.476979 -0.408686 -0.47698 -0.347441 -0.441154 -0.344228 -0.41853 -0.366722 -0.47452 
4.3 -6.14787 0.856194 16 -0.474241 -0.366649 -0.418367 -0.344217 -0.441064 -0.348311 -0.476768 -0.408629 -0.476769 -0.348312 -0.441064 -0.34422 -0.418367 -0.366649 -0.474242 
4.31 -6.14791 0.857407 16 -0.473962 -0.366578 -0.418202 -0.344213 -0.440975 -0.34918 -0.476558 -0.408566 -0.476558 -0.34918 -0.440976 -0.344216 -0.418202 -0.366578 -0.473963 
4.32 -6.14794 0.858612 16 -0.473682 -0.366508 -0.418034 -0.344214 -0.440888 -0.350046 -0.476348 -0.408496 -0.476349 -0.350047 -0.440889 -0.344217 -0.418034 -0.366508 -0.473683 
4.33 -6.14798 0.859811 16 -0.4734 -0.36644 -0.417863 -0.344219 -0.440803 -0.350911 -0.47614 -0.408421 -0.476141 -0.350912 -0.440804 -0.344222 -0.417864 -0.366439 -0.473401 
4.34 -6.14801 0.861004 16 -0.473116 -0.366373 -0.41769 -0.344229 -0.44072 -0.351773 -0.475933 -0.40834 -0.475934 -0.351774 -0.44072 -0.344232 -0.41769 -0.366373 -0.473117 
4.35 -6.14804 0.86219 16 -0.472831 -0.366308 -0.417513 -0.344243 -0.440638 -0.352633 -0.475726 -0.408253 -0.475727 -0.352634 -0.440638 -0.344246 -0.417513 -0.366307 -0.472833 
4.36 -6.14808 0.863371 16 -0.472545 -0.366244 -0.417334 -0.344262 -0.440558 -0.353491 -0.475521 -0.408161 -0.475521 -0.353492 -0.440558 -0.344265 -0.417334 -0.366244 -0.472546 
4.37 -6.1481 0.864546 16 -0.472257 -0.366183 -0.417151 -0.344286 -0.44048 -0.354346 -0.475316 -0.408063 -0.475317 -0.354346 -0.44048 -0.344288 -0.417152 -0.366183 -0.472259 
4.38 -6.14813 0.865715 16 -0.471968 -0.366123 -0.416966 -0.344313 -0.440403 -0.355198 -0.475112 -0.40796 -0.475113 -0.355198 -0.440403 -0.344316 -0.416966 -0.366123 -0.471969 
4.39 -6.14816 0.86688 16 -0.471677 -0.366065 -0.416778 -0.344346 -0.440328 -0.356047 -0.474908 -0.407852 -0.474909 -0.356048 -0.440329 -0.344349 -0.416778 -0.366065 -0.471679 
4.4 -6.14818 0.86804 16 -0.471385 -0.366009 -0.416587 -0.344383 -0.440256 -0.356893 -0.474706 -0.407739 -0.474707 -0.356894 -0.440256 -0.344385 -0.416587 -0.366009 -0.471387 
4.41 -6.14821 0.869195 16 -0.471092 -0.365955 -0.416394 -0.344424 -0.440184 -0.357737 -0.474504 -0.407622 -0.474505 -0.357738 -0.440185 -0.344427 -0.416394 -0.365955 -0.471093 
4.42 -6.14823 0.870347 16 -0.470797 -0.365903 -0.416197 -0.34447 -0.440115 -0.358577 -0.474303 -0.4075 -0.474304 -0.358578 -0.440116 -0.344473 -0.416197 -0.365903 -0.470798 
4.43 -6.14825 0.871494 16 -0.4705 -0.365853 -0.415998 -0.344521 -0.440048 -0.359414 -0.474103 -0.407373 -0.474104 -0.359415 -0.440048 -0.344523 -0.415998 -0.365853 -0.470502 
4.44 -6.14827 0.872638 16 -0.470202 -0.365805 -0.415796 -0.344576 -0.439982 -0.360248 -0.473904 -0.407242 -0.473904 -0.360249 -0.439983 -0.344578 -0.415796 -0.365805 -0.470204 
4.45 -6.14829 0.873779 16 -0.469903 -0.365759 -0.415591 -0.344635 -0.439919 -0.361078 -0.473705 -0.407107 -0.473706 -0.361079 -0.439919 -0.344638 -0.415591 -0.365759 -0.469905 
4.46 -6.14831 0.874916 16 -0.469602 -0.365715 -0.415384 -0.3447 -0.439857 -0.361905 -0.473507 -0.406969 -0.473507 -0.361906 -0.439857 -0.344702 -0.415384 -0.365715 -0.469604 
4.47 -6.14833 0.87605 16 -0.4693 -0.365674 -0.415173 -0.344768 -0.439797 -0.362729 -0.473309 -0.406826 -0.47331 -0.362729 -0.439798 -0.344771 -0.415174 -0.365673 -0.469302 
4.48 -6.14835 0.877182 16 -0.468996 -0.365634 -0.414961 -0.344841 -0.439739 -0.363548 -0.473112 -0.40668 -0.473113 -0.363549 -0.43974 -0.344844 -0.414961 -0.365634 -0.468998 
4.49 -6.14837 0.878312 16 -0.468691 -0.365597 -0.414745 -0.344919 -0.439683 -0.364364 -0.472916 -0.40653 -0.472917 -0.364365 -0.439684 -0.344921 -0.414745 -0.365596 -0.468693 
4.5 -6.14838 0.879439 16 -0.468385 -0.365562 -0.414527 -0.345001 -0.439629 -0.365176 -0.47272 -0.406377 -0.472721 -0.365177 -0.43963 -0.345003 -0.414527 -0.365561 -0.468386 
4.51 -6.1484 0.880564 16 -0.468077 -0.365529 -0.414306 -0.345087 -0.439577 -0.365984 -0.472525 -0.406221 -0.472525 -0.365985 -0.439578 -0.34509 -0.414306 -0.365529 -0.468078 
4.52 -6.14841 0.881688 16 -0.467767 -0.365498 -0.414083 -0.345178 -0.439527 -0.366788 -0.47233 -0.406061 -0.472331 -0.366789 -0.439528 -0.345181 -0.414083 -0.365498 -0.467769 
4.53 -6.14843 0.88281 16 -0.467456 -0.36547 -0.413857 -0.345274 -0.439479 -0.367588 -0.472136 -0.405899 -0.472137 -0.367588 -0.43948 -0.345276 -0.413857 -0.36547 -0.467458 
4.54 -6.14844 0.883931 16 -0.467144 -0.365445 -0.413628 -0.345374 -0.439433 -0.368384 -0.471942 -0.405734 -0.471943 -0.368384 -0.439433 -0.345376 -0.413629 -0.365444 -0.467146 
4.55 -6.14845 0.885051 16 -0.46683 -0.365421 -0.413397 -0.345478 -0.439389 -0.369175 -0.471749 -0.405566 -0.47175 -0.369176 -0.439389 -0.34548 -0.413398 -0.365421 -0.466832 
4.56 -6.14846 0.88617 16 -0.466515 -0.3654 -0.413164 -0.345587 -0.439346 -0.369962 -0.471556 -0.405396 -0.471557 -0.369963 -0.439347 -0.345589 -0.413164 -0.3654 -0.466516 
4.57 -6.14847 0.887288 17 -0.466198 -0.365382 -0.412928 -0.3457 -0.439306 -0.370745 -0.471364 -0.405223 -0.471365 -0.370745 -0.439307 -0.345702 -0.412929 -0.365382 -0.466199 
4.58 -6.14848 0.888406 17 -0.465879 -0.365366 -0.41269 -0.345817 -0.439268 -0.371523 -0.471172 -0.405048 -0.471173 -0.371523 -0.439268 -0.345819 -0.41269 -0.365366 -0.465881 
4.59 -6.14849 0.889523 17 -0.465559 -0.365353 -0.412449 -0.345939 -0.439231 -0.372296 -0.470981 -0.404872 -0.470982 -0.372297 -0.439232 -0.345941 -0.41245 -0.365352 -0.465561 
4.6 -6.1485 0.89064 17 -0.465238 -0.365342 -0.412206 -0.346065 -0.439197 -0.373065 -0.47079 -0.404693 -0.470791 -0.373066 -0.439197 -0.346067 -0.412207 -0.365341 -0.46524 
4.61 -6.14851 0.891758 17 -0.464915 -0.365333 -0.411961 -0.346196 -0.439164 -0.373829 -0.470599 -0.404512 -0.4706 -0.37383 -0.439165 -0.346198 -0.411962 -0.365333 -0.464917 
4.62 -6.14852 0.892875 17 -0.46459 -0.365328 -0.411714 -0.34633 -0.439134 -0.374589 -0.470409 -0.40433 -0.47041 -0.374589 -0.439134 -0.346333 -0.411714 -0.365327 -0.464592 
4.63 -6.14853 0.893993 17 -0.464264 -0.365325 -0.411464 -0.346469 -0.439105 -0.375343 -0.470219 -0.404146 -0.47022 -0.375344 -0.439106 -0.346472 -0.411464 -0.365324 -0.464266 
4.64 -6.14854 0.895112 17 -0.463937 -0.365324 -0.411212 -0.346613 -0.439079 -0.376093 -0.470029 -0.40396 -0.47003 -0.376093 -0.439079 -0.346615 -0.411212 -0.365324 -0.463938 
4.65 -6.14855 0.896231 17 -0.463608 -0.365326 -0.410958 -0.34676 -0.439054 -0.376837 -0.46984 -0.403774 -0.469841 -0.376838 -0.439055 -0.346763 -0.410958 -0.365326 -0.463609 
4.66 -6.14855 0.897351 17 -0.463277 -0.365331 -0.410701 -0.346912 -0.439032 -0.377577 -0.469651 -0.403586 -0.469652 -0.377577 -0.439032 -0.346915 -0.410702 -0.365331 -0.463279 
4.67 -6.14856 0.898472 17 -0.462944 -0.365339 -0.410443 -0.347068 -0.439011 -0.378311 -0.469463 -0.403397 -0.469463 -0.378311 -0.439011 -0.347071 -0.410444 -0.365338 -0.462946 
4.68 -6.14857 0.899594 17 -0.462611 -0.365349 -0.410183 -0.347229 -0.438992 -0.37904 -0.469274 -0.403207 -0.469275 -0.37904 -0.438992 -0.347231 -0.410183 -0.365349 -0.462612 
4.69 -6.14857 0.900717 17 -0.462275 -0.365362 -0.40992 -0.347393 -0.438975 -0.379764 -0.469086 -0.403016 -0.469087 -0.379764 -0.438975 -0.347395 -0.409921 -0.365362 -0.462277 
4.7 -6.14858 0.901842 17 -0.461938 -0.365378 -0.409656 -0.347562 -0.43896 -0.380482 -0.468898 -0.402825 -0.468899 -0.380483 -0.43896 -0.347564 -0.409657 -0.365378 -0.46194 
4.71 -6.14859 0.902968 17 -0.461599 -0.365397 -0.40939 -0.347734 -0.438947 -0.381195 -0.468711 -0.402633 -0.468712 -0.381196 -0.438947 -0.347737 -0.409391 -0.365396 -0.461601 
4.72 -6.14859 0.904096 17 -0.461259 -0.365418 -0.409122 -0.347911 -0.438935 -0.381903 -0.468524 -0.402441 -0.468524 -0.381903 -0.438936 -0.347913 -0.409122 -0.365418 -0.461261 
4.73 -6.1486 0.905225 17 -0.460917 -0.365442 -0.408852 -0.348092 -0.438926 -0.382605 -0.468336 -0.402248 -0.468337 -0.382606 -0.438926 -0.348094 -0.408853 -0.365442 -0.460919 
4.74 -6.1486 0.906357 18 -0.460573 -0.365469 -0.40858 -0.348277 -0.438918 -0.383302 -0.46815 -0.402055 -0.46815 -0.383302 -0.438919 -0.348279 -0.408581 -0.365469 -0.460575 
4.75 -6.14861 0.90749 18 -0.460228 -0.365499 -0.408307 -0.348466 -0.438913 -0.383993 -0.467963 -0.401862 -0.467964 -0.383993 -0.438913 -0.348468 -0.408308 -0.365499 -0.46023 
4.76 -6.14861 0.908625 18 -0.459881 -0.365532 -0.408032 -0.348659 -0.438909 -0.384678 -0.467776 -0.401669 -0.467777 -0.384679 -0.438909 -0.348661 -0.408033 -0.365532 -0.459883 
4.77 -6.14861 0.909763 18 -0.459533 -0.365568 -0.407755 -0.348855 -0.438907 -0.385358 -0.46759 -0.401477 -0.467591 -0.385358 -0.438907 -0.348858 -0.407756 -0.365567 -0.459535 
4.78 -6.14862 0.910902 18 -0.459182 -0.365606 -0.407477 -0.349056 -0.438906 -0.386032 -0.467404 -0.401284 -0.467404 -0.386032 -0.438907 -0.349058 -0.407478 -0.365606 -0.459184 
4.79 -6.14862 0.912044 18 -0.458831 -0.365648 -0.407197 -0.349261 -0.438908 -0.3867 -0.467218 -0.401092 -0.467218 -0.386701 -0.438908 -0.349263 -0.407198 -0.365647 -0.458833 
4.8 -6.14863 0.913188 18 -0.458477 -0.365692 -0.406916 -0.349469 -0.438911 -0.387363 -0.467032 -0.4009 -0.467032 -0.387363 -0.438911 -0.349471 -0.406917 -0.365692 -0.458479 
4.81 -6.14863 0.914335 18 -0.458122 -0.36574 -0.406634 -0.349682 -0.438916 -0.388019 -0.466846 -0.400708 -0.466847 -0.38802 -0.438916 -0.349684 -0.406634 -0.365739 -0.458124 
4.82 -6.14863 0.915484 18 -0.457765 -0.36579 -0.40635 -0.349898 -0.438922 -0.38867 -0.46666 -0.400517 -0.466661 -0.38867 -0.438923 -0.3499 -0.40635 -0.365789 -0.457767 
4.83 -6.14863 0.916636 18 -0.457406 -0.365843 -0.406064 -0.350118 -0.43893 -0.389315 -0.466475 -0.400327 -0.466475 -0.389315 -0.438931 -0.35012 -0.406065 -0.365843 -0.457408 
4.84 -6.14864 0.917791 19 -0.457046 -0.365899 -0.405778 -0.350341 -0.43894 -0.389953 -0.466289 -0.400138 -0.46629 -0.389954 -0.438941 -0.350344 -0.405778 -0.365899 -0.457048 
4.85 -6.14864 0.918948 19 -0.456684 -0.365958 -0.40549 -0.350569 -0.438952 -0.390586 -0.466104 -0.39995 -0.466104 -0.390586 -0.438952 -0.350571 -0.405491 -0.365958 -0.456686 
4.86 -6.14864 0.920108 19 -0.45632 -0.366021 -0.405201 -0.3508 -0.438965 -0.391213 -0.465919 -0.399763 -0.465919 -0.391213 -0.438965 -0.350802 -0.405202 -0.36602 -0.456322 
4.87 -6.14865 0.921271 19 -0.455954 -0.366086 -0.404911 -0.351035 -0.43898 -0.391833 -0.465733 -0.399576 -0.465734 -0.391834 -0.43898 -0.351037 -0.404912 -0.366085 -0.455957 
4.88 -6.14865 0.922437 19 -0.455587 -0.366154 -0.40462 -0.351273 -0.438996 -0.392447 -0.465548 -0.399392 -0.465549 -0.392448 -0.438996 -0.351275 -0.40462 -0.366153 -0.455589 
4.89 -6.14865 0.923606 19 -0.455218 -0.366225 -0.404328 -0.351515 -0.439014 -0.393056 -0.465363 -0.399208 -0.465364 -0.393056 -0.439014 -0.351517 -0.404328 -0.366224 -0.45522 
4.9 -6.14865 0.924777 19 -0.454847 -0.366299 -0.404035 -0.35176 -0.439033 -0.393658 -0.465178 -0.399026 -0.465179 -0.393658 -0.439033 -0.351762 -0.404035 -0.366299 -0.45485 
4.91 -6.14865 0.925952 19 -0.454475 -0.366376 -0.403741 -0.352009 -0.439054 -0.394254 -0.464993 -0.398845 -0.464994 -0.394254 -0.439054 -0.352011 -0.403742 -0.366376 -0.454477 
4.92 -6.14866 0.92713 20 -0.454101 -0.366456 -0.403446 -0.352261 -0.439076 -0.394843 -0.464808 -0.398665 -0.464809 -0.394844 -0.439076 -0.352264 -0.403447 -0.366456 -0.454103 
4.93 -6.14866 0.92831 20 -0.453725 -0.36654 -0.403151 -0.352517 -0.4391 -0.395427 -0.464624 -0.398488 -0.464624 -0.395427 -0.4391 -0.352519 -0.403151 -0.366539 -0.453727 
4.94 -6.14866 0.929494 20 -0.453347 -0.366626 -0.402854 -0.352776 -0.439125 -0.396004 -0.464439 -0.398312 -0.464439 -0.396004 -0.439125 -0.352778 -0.402855 -0.366625 -0.45335 
4.95 -6.14866 0.930681 20 -0.452968 -0.366715 -0.402558 -0.353039 -0.439151 -0.396575 -0.464254 -0.398138 -0.464254 -0.396575 -0.439152 -0.353041 -0.402558 -0.366714 -0.45297 
4.96 -6.14866 0.931871 20 -0.452587 -0.366807 -0.40226 -0.353305 -0.439179 -0.397139 -0.464069 -0.397965 -0.46407 -0.39714 -0.439179 -0.353307 -0.402261 -0.366806 -0.452589 
4.97 -6.14866 0.933065 20 -0.452204 -0.366902 -0.401962 -0.353574 -0.439208 -0.397697 -0.463884 -0.397795 -0.463885 -0.397698 -0.439208 -0.353576 -0.401963 -0.366902 -0.452206 
4.98 -6.14867 0.934261 20 -0.451819 -0.367 -0.401664 -0.353846 -0.439238 -0.398249 -0.4637 -0.397626 -0.4637 -0.39825 -0.439239 -0.353848 -0.401665 -0.367 -0.451821 
4.99 -6.14867 0.935461 20 -0.451433 -0.367102 -0.401365 -0.354122 -0.43927 -0.398794 -0.463515 -0.39746 -0.463515 -0.398795 -0.43927 -0.354124 -0.401366 -0.367101 -0.451435 
5 -6.14867 0.936664 20 -0.451044 -0.367206 -0.401066 -0.3544 -0.439303 -0.399333 -0.46333 -0.397296 -0.463331 -0.399334 -0.439303 -0.354402 -0.401067 -0.367205 -0.451047 
5.01 -6.14867 0.93787 20 -0.450654 -0.367313 -0.400767 -0.354682 -0.439337 -0.399866 -0.463146 -0.397134 -0.463146 -0.399867 -0.439337 -0.354684 -0.400768 -0.367313 -0.450657 
5.02 -6.14867 0.93908 20 -0.450263 -0.367423 -0.400467 -0.354967 -0.439372 -0.400392 -0.462961 -0.396974 -0.462961 -0.400393 -0.439372 -0.354969 -0.400468 -0.367423 -0.450265 
5.03 -6.14867 0.940292 21 -0.449869 -0.367537 -0.400168 -0.355255 -0.439408 -0.400912 -0.462776 -0.396817 -0.462777 -0.400913 -0.439408 -0.355257 -0.400168 -0.367536 -0.449872 
5.04 -6.14867 0.941508 21 -0.449474 -0.367653 -0.399868 -0.355546 -0.439446 -0.401425 -0.462592 -0.396662 -0.462592 -0.401426 -0.439446 -0.355548 -0.399869 -0.367652 -0.449476 
5.05 -6.14867 0.942728 21 -0.449077 -0.367772 -0.399568 -0.35584 -0.439484 -0.401932 -0.462407 -0.396509 -0.462407 -0.401933 -0.439484 -0.355841 -0.399569 -0.367772 -0.449079 
5.06 -6.14868 0.94395 21 -0.448678 -0.367894 -0.399268 -0.356136 -0.439523 -0.402432 -0.462223 -0.396359 -0.462223 -0.402433 -0.439523 -0.356138 -0.399269 -0.367894 -0.448681 
5.07 -6.14868 0.945176 21 -0.448277 -0.36802 -0.398968 -0.356436 -0.439564 -0.402926 -0.462038 -0.396212 -0.462038 -0.402927 -0.439564 -0.356438 -0.398969 -0.368019 -0.44828 
5.08 -6.14868 0.946405 21 -0.447875 -0.368148 -0.398669 -0.356738 -0.439605 -0.403414 -0.461853 -0.396067 -0.461854 -0.403415 -0.439605 -0.35674 -0.39867 -0.368147 -0.447878 
5.09 -6.14868 0.947638 21 -0.447471 -0.368279 -0.398369 -0.357043 -0.439647 -0.403895 -0.461669 -0.395925 -0.461669 -0.403896 -0.439647 -0.357045 -0.39837 -0.368278 -0.447474 
5.1 -6.14868 0.948873 21 -0.447065 -0.368413 -0.39807 -0.357351 -0.43969 -0.404369 -0.461484 -0.395786 -0.461484 -0.40437 -0.43969 -0.357353 -0.398071 -0.368412 -0.447068 
5.11 -6.14868 0.950113 21 -0.446658 -0.36855 -0.397772 -0.357661 -0.439734 -0.404837 -0.4613 -0.395649 -0.4613 -0.404838 -0.439734 -0.357663 -0.397773 -0.368549 -0.446661 
5.12 -6.14868 0.951355 21 -0.446249 -0.36869 -0.397473 -0.357975 -0.439779 -0.405299 -0.461115 -0.395516 -0.461115 -0.4053 -0.439779 -0.357976 -0.397474 -0.368689 -0.446251 
5.13 -6.14868 0.9526 21 -0.445838 -0.368833 -0.397175 -0.35829 -0.439824 -0.405754 -0.460931 -0.395385 -0.460931 -0.405755 -0.439824 -0.358292 -0.397176 -0.368832 -0.44584 
5.14 -6.14868 0.953849 22 -0.445425 -0.368979 -0.396878 -0.358608 -0.43987 -0.406203 -0.460746 -0.395257 -0.460746 -0.406203 -0.43987 -0.35861 -0.396879 -0.368978 -0.445428 
5.15 -6.14868 0.955102 22 -0.445011 -0.369128 -0.396581 -0.358929 -0.439917 -0.406645 -0.460561 -0.395132 -0.460561 -0.406646 -0.439917 -0.358931 -0.396582 -0.369127 -0.445013 
5.16 -6.14868 0.956357 22 -0.444594 -0.369279 -0.396285 -0.359252 -0.439965 -0.40708 -0.460377 -0.39501 -0.460377 -0.407081 -0.439964 -0.359254 -0.396286 -0.369278 -0.444597 
5.17 -6.14868 0.957616 22 -0.444177 -0.369434 -0.39599 -0.359578 -0.440013 -0.40751 -0.460192 -0.394891 -0.460192 -0.407511 -0.440012 -0.35958 -0.395991 -0.369433 -0.44418 
5.18 -6.14868 0.958878 22 -0.443757 -0.369591 -0.395695 -0.359906 -0.440061 -0.407932 -0.460008 -0.394775 -0.460008 -0.407933 -0.440061 -0.359908 -0.395696 -0.36959 -0.44376 
5.19 -6.14868 0.960143 22 -0.443336 -0.369751 -0.395402 -0.360236 -0.44011 -0.408349 -0.459823 -0.394663 -0.459823 -0.40835 -0.44011 -0.360238 -0.395403 -0.36975 -0.443339 
5.2 -6.14868 0.961411 22 -0.442913 -0.369914 -0.395109 -0.360569 -0.44016 -0.408759 -0.459639 -0.394553 -0.459639 -0.40876 -0.44016 -0.36057 -0.39511 -0.369913 -0.442916 
5.21 -6.14868 0.962683 22 -0.442489 -0.37008 -0.394817 -0.360903 -0.44021 -0.409162 -0.459455 -0.394447 -0.459455 -0.409163 -0.44021 -0.360905 -0.394818 -0.370079 -0.442492 
5.22 -6.14868 0.963958 22 -0.442062 -0.370249 -0.394526 -0.36124 -0.440261 -0.409559 -0.45927 -0.394344 -0.45927 -0.40956 -0.44026 -0.361242 -0.394527 -0.370248 -0.442065 
5.23 -6.14869 0.965236 22 -0.441635 -0.37042 -0.394236 -0.361579 -0.440312 -0.40995 -0.459086 -0.394244 -0.459086 -0.409951 -0.440311 -0.361581 -0.394237 -0.370419 -0.441638 
5.24 -6.14869 0.966518 22 -0.441205 -0.370594 -0.393948 -0.36192 -0.440363 -0.410334 -0.458902 -0.394148 -0.458902 -0.410335 -0.440362 -0.361922 -0.393949 -0.370594 -0.441208 
5.25 -6.14869 0.967802 22 -0.440774 -0.370771 -0.39366 -0.362263 -0.440414 -0.410712 -0.458718 -0.394054 -0.458717 -0.410713 -0.440414 -0.362265 -0.393661 -0.370771 -0.440777 
5.26 -6.14869 0.96909 22 -0.440341 -0.370951 -0.393374 -0.362608 -0.440466 -0.411084 -0.458533 -0.393965 -0.458533 -0.411085 -0.440466 -0.36261 -0.393375 -0.37095 -0.440344 
5.27 -6.14869 0.970382 23 -0.439907 -0.371134 -0.393089 -0.362955 -0.440518 -0.411449 -0.458349 -0.393878 -0.458349 -0.41145 -0.440518 -0.362957 -0.39309 -0.371133 -0.43991 
5.28 -6.14869 0.971676 23 -0.439471 -0.371319 -0.392806 -0.363304 -0.440571 -0.411808 -0.458165 -0.393795 -0.458165 -0.411809 -0.44057 -0.363306 -0.392807 -0.371318 -0.439474 
5.29 -6.14869 0.972973 23 -0.439033 -0.371507 -0.392524 -0.363654 -0.440623 -0.41216 -0.457981 -0.393715 -0.457981 -0.412162 -0.440622 -0.363656 -0.392525 -0.371506 -0.439037 
5.3 -6.14869 0.974274 23 -0.438594 -0.371697 -0.392243 -0.364007 -0.440675 -0.412507 -0.457797 -0.393639 -0.457797 -0.412508 -0.440675 -0.364009 -0.392245 -0.371696 -0.438598 
