time energy maxBondDim localEnergy 
0 -6.91174 37 -0.654357 -0.293102 -0.568737 -0.334223 -0.544405 -0.348861 -0.535766 -0.352834 -0.535766 -0.348861 -0.544405 -0.334223 -0.568737 -0.293102 -0.654357 
0 -6.21893 10 -0.491956 -0.377377 -0.414351 -0.403245 -0.406942 -0.405639 -0.406459 -0.40699 -0.406459 -0.405639 -0.406942 -0.403245 -0.414351 -0.377377 -0.491956 
0.01 -6.21893 10 -0.491956 -0.377377 -0.414351 -0.403245 -0.406942 -0.405639 -0.406459 -0.40699 -0.406459 -0.405639 -0.406942 -0.403245 -0.414351 -0.377377 -0.491956 
0.02 -6.21893 10 -0.491956 -0.377377 -0.414351 -0.403245 -0.406942 -0.405638 -0.406459 -0.406991 -0.406459 -0.405638 -0.406942 -0.403245 -0.414351 -0.377377 -0.491956 
0.03 -6.21893 10 -0.491956 -0.377377 -0.414351 -0.403245 -0.406942 -0.405638 -0.406459 -0.406992 -0.406459 -0.405638 -0.406942 -0.403245 -0.414351 -0.377377 -0.491956 
0.04 -6.21893 10 -0.491956 -0.377377 -0.414351 -0.403245 -0.406942 -0.405638 -0.40646 -0.406995 -0.40646 -0.405638 -0.406942 -0.403245 -0.414351 -0.377377 -0.491956 
0.05 -6.21894 10 -0.491956 -0.377377 -0.414351 -0.403245 -0.406942 -0.405637 -0.406462 -0.407 -0.406462 -0.405637 -0.406942 -0.403245 -0.414351 -0.377377 -0.491956 
0.06 -6.21895 10 -0.491956 -0.377377 -0.414351 -0.403245 -0.406942 -0.405635 -0.406465 -0.407009 -0.406465 -0.405635 -0.406942 -0.403245 -0.414351 -0.377377 -0.491956 
0.07 -6.21897 10 -0.491956 -0.377377 -0.414351 -0.403245 -0.406942 -0.405632 -0.406469 -0.407022 -0.406469 -0.405632 -0.406942 -0.403245 -0.414351 -0.377377 -0.491956 
0.08 -6.21899 10 -0.491956 -0.377377 -0.414351 -0.403245 -0.406942 -0.405629 -0.406475 -0.40704 -0.406475 -0.405629 -0.406942 -0.403245 -0.414351 -0.377377 -0.491956 
0.09 -6.21902 10 -0.491956 -0.377377 -0.414351 -0.403245 -0.406942 -0.405623 -0.406484 -0.407064 -0.406484 -0.405623 -0.406942 -0.403245 -0.414351 -0.377377 -0.491956 
0.1 -6.21906 10 -0.491956 -0.377377 -0.414351 -0.403245 -0.406942 -0.405615 -0.406495 -0.407095 -0.406495 -0.405615 -0.406942 -0.403245 -0.414351 -0.377377 -0.491956 
0.11 -6.2191 10 -0.491956 -0.377377 -0.414351 -0.403245 -0.406942 -0.405604 -0.406509 -0.407133 -0.406509 -0.405604 -0.406942 -0.403245 -0.414351 -0.377377 -0.491956 
0.12 -6.21915 10 -0.491956 -0.377377 -0.414351 -0.403245 -0.406942 -0.40559 -0.406526 -0.407178 -0.406526 -0.40559 -0.406942 -0.403245 -0.414351 -0.377377 -0.491956 
0.13 -6.21921 10 -0.491956 -0.377377 -0.414351 -0.403245 -0.406942 -0.405572 -0.406547 -0.40723 -0.406547 -0.405572 -0.406942 -0.403245 -0.414351 -0.377377 -0.491956 
0.14 -6.21927 10 -0.491956 -0.377377 -0.414351 -0.403245 -0.406942 -0.40555 -0.406571 -0.407288 -0.406571 -0.40555 -0.406942 -0.403245 -0.414351 -0.377377 -0.491956 
0.15 -6.21934 10 -0.491956 -0.377377 -0.414351 -0.403245 -0.406942 -0.405524 -0.406598 -0.407353 -0.406598 -0.405524 -0.406942 -0.403245 -0.414351 -0.377377 -0.491956 
0.16 -6.21941 10 -0.491956 -0.377377 -0.414351 -0.403245 -0.406942 -0.405493 -0.406629 -0.407425 -0.406629 -0.405493 -0.406942 -0.403245 -0.414351 -0.377377 -0.491956 
0.17 -6.21949 10 -0.491956 -0.377377 -0.414351 -0.403245 -0.406942 -0.405457 -0.406664 -0.407505 -0.406664 -0.405457 -0.406942 -0.403245 -0.414351 -0.377377 -0.491956 
0.18 -6.21958 10 -0.491956 -0.377377 -0.414351 -0.403245 -0.406942 -0.405417 -0.406703 -0.407593 -0.406703 -0.405417 -0.406942 -0.403245 -0.414351 -0.377377 -0.491956 
0.19 -6.21967 10 -0.491956 -0.377377 -0.414351 -0.403245 -0.406942 -0.405371 -0.406746 -0.40769 -0.406746 -0.405371 -0.406942 -0.403245 -0.414351 -0.377377 -0.491956 
0.2 -6.21977 10 -0.491956 -0.377377 -0.414351 -0.403245 -0.406942 -0.405321 -0.406793 -0.407796 -0.406793 -0.405321 -0.406942 -0.403245 -0.414351 -0.377377 -0.491956 
0.21 -6.21988 10 -0.491956 -0.377377 -0.414351 -0.403245 -0.406943 -0.405266 -0.406845 -0.407912 -0.406845 -0.405266 -0.406943 -0.403245 -0.414351 -0.377377 -0.491956 
0.22 -6.21999 10 -0.491956 -0.377377 -0.414351 -0.403245 -0.406943 -0.405205 -0.406901 -0.408037 -0.406901 -0.405205 -0.406943 -0.403245 -0.414351 -0.377377 -0.491956 
0.23 -6.22012 10 -0.491956 -0.377377 -0.414351 -0.403244 -0.406943 -0.40514 -0.406961 -0.408171 -0.406961 -0.40514 -0.406943 -0.403244 -0.414351 -0.377377 -0.491957 
0.24 -6.22025 10 -0.491956 -0.377377 -0.414351 -0.403244 -0.406943 -0.40507 -0.407026 -0.408316 -0.407026 -0.40507 -0.406943 -0.403244 -0.414351 -0.377377 -0.491957 
0.25 -6.22039 10 -0.491956 -0.377377 -0.414351 -0.403244 -0.406943 -0.404995 -0.407095 -0.408471 -0.407095 -0.404995 -0.406943 -0.403244 -0.414351 -0.377377 -0.491957 
0.26 -6.22054 10 -0.491956 -0.377377 -0.414351 -0.403244 -0.406943 -0.404914 -0.407168 -0.408636 -0.407168 -0.404914 -0.406943 -0.403244 -0.414351 -0.377377 -0.491957 
0.27 -6.22071 10 -0.491956 -0.377377 -0.414351 -0.403244 -0.406943 -0.404829 -0.407246 -0.408812 -0.407245 -0.404829 -0.406943 -0.403244 -0.414351 -0.377377 -0.491957 
0.28 -6.22087 10 -0.491956 -0.377377 -0.414351 -0.403244 -0.406944 -0.40474 -0.407327 -0.408997 -0.407327 -0.40474 -0.406944 -0.403244 -0.414351 -0.377377 -0.491957 
0.29 -6.22105 10 -0.491956 -0.377377 -0.414351 -0.403244 -0.406944 -0.404645 -0.407413 -0.409193 -0.407413 -0.404645 -0.406944 -0.403244 -0.414351 -0.377377 -0.491957 
0.3 -6.22124 10 -0.491956 -0.377377 -0.414351 -0.403244 -0.406944 -0.404546 -0.407503 -0.4094 -0.407502 -0.404546 -0.406944 -0.403244 -0.414351 -0.377377 -0.491957 
0.31 -6.22144 10 -0.491956 -0.377377 -0.414351 -0.403243 -0.406945 -0.404441 -0.407596 -0.409617 -0.407596 -0.404441 -0.406945 -0.403243 -0.414351 -0.377377 -0.491957 
0.32 -6.22164 10 -0.491956 -0.377377 -0.414351 -0.403243 -0.406945 -0.404333 -0.407694 -0.409844 -0.407694 -0.404333 -0.406945 -0.403243 -0.414351 -0.377377 -0.491957 
0.33 -6.22186 10 -0.491956 -0.377377 -0.414351 -0.403243 -0.406946 -0.404219 -0.407795 -0.410081 -0.407795 -0.404219 -0.406946 -0.403243 -0.414351 -0.377377 -0.491957 
0.34 -6.22208 10 -0.491956 -0.377378 -0.414351 -0.403242 -0.406946 -0.404101 -0.4079 -0.410329 -0.4079 -0.404101 -0.406946 -0.403242 -0.414351 -0.377377 -0.491957 
0.35 -6.22231 10 -0.491956 -0.377378 -0.414351 -0.403242 -0.406947 -0.403978 -0.408009 -0.410587 -0.408009 -0.403978 -0.406947 -0.403242 -0.414351 -0.377377 -0.491957 
0.36 -6.22255 10 -0.491956 -0.377378 -0.414351 -0.403242 -0.406947 -0.403851 -0.408121 -0.410856 -0.408121 -0.403851 -0.406947 -0.403242 -0.414351 -0.377377 -0.491957 
0.37 -6.2228 10 -0.491956 -0.377378 -0.414351 -0.403241 -0.406948 -0.40372 -0.408237 -0.411135 -0.408237 -0.40372 -0.406948 -0.403241 -0.414351 -0.377377 -0.491957 
0.38 -6.22305 10 -0.491956 -0.377378 -0.414351 -0.403241 -0.406949 -0.403584 -0.408356 -0.411424 -0.408356 -0.403584 -0.406949 -0.403241 -0.414351 -0.377377 -0.491957 
0.39 -6.22332 10 -0.491956 -0.377378 -0.414351 -0.40324 -0.40695 -0.403444 -0.408478 -0.411724 -0.408478 -0.403444 -0.40695 -0.40324 -0.414351 -0.377377 -0.491957 
0.4 -6.22359 10 -0.491956 -0.377378 -0.414351 -0.403239 -0.406951 -0.403299 -0.408604 -0.412034 -0.408604 -0.403299 -0.406951 -0.403239 -0.414351 -0.377377 -0.491957 
0.41 -6.22387 10 -0.491956 -0.377378 -0.414351 -0.403239 -0.406952 -0.403151 -0.408732 -0.412354 -0.408732 -0.403151 -0.406952 -0.403239 -0.414351 -0.377377 -0.491957 
0.42 -6.22416 10 -0.491956 -0.377378 -0.414351 -0.403238 -0.406953 -0.402998 -0.408863 -0.412685 -0.408863 -0.402998 -0.406953 -0.403238 -0.414351 -0.377377 -0.491957 
0.43 -6.22445 10 -0.491956 -0.377378 -0.414351 -0.403237 -0.406955 -0.402841 -0.408996 -0.413026 -0.408996 -0.402841 -0.406955 -0.403237 -0.414351 -0.377377 -0.491957 
0.44 -6.22475 10 -0.491956 -0.377378 -0.414351 -0.403236 -0.406956 -0.402681 -0.409132 -0.413377 -0.409132 -0.402681 -0.406956 -0.403236 -0.414351 -0.377377 -0.491957 
0.45 -6.22506 10 -0.491956 -0.377378 -0.414351 -0.403235 -0.406957 -0.402516 -0.40927 -0.413738 -0.409269 -0.402516 -0.406957 -0.403235 -0.414351 -0.377377 -0.491957 
0.46 -6.22538 10 -0.491956 -0.377378 -0.414351 -0.403234 -0.406959 -0.402348 -0.409409 -0.414109 -0.409408 -0.402348 -0.406959 -0.403234 -0.414351 -0.377377 -0.491957 
0.47 -6.2257 10 -0.491956 -0.377378 -0.414351 -0.403233 -0.40696 -0.402177 -0.409549 -0.414491 -0.409548 -0.402177 -0.40696 -0.403233 -0.414351 -0.377377 -0.491957 
0.48 -6.22602 10 -0.491956 -0.377378 -0.414351 -0.403232 -0.406962 -0.402002 -0.409688 -0.414882 -0.409688 -0.402002 -0.406962 -0.403232 -0.414351 -0.377377 -0.491957 
0.49 -6.22634 10 -0.491955 -0.377378 -0.414351 -0.40323 -0.406963 -0.401825 -0.409827 -0.415282 -0.409827 -0.401825 -0.406963 -0.40323 -0.414351 -0.377377 -0.491957 
0.5 -6.22666 10 -0.491955 -0.377378 -0.414351 -0.403229 -0.406964 -0.401645 -0.409963 -0.415692 -0.409963 -0.401645 -0.406964 -0.403229 -0.414351 -0.377377 -0.491957 
0.51 -6.22698 10 -0.491955 -0.377378 -0.414351 -0.403227 -0.406964 -0.401464 -0.410094 -0.41611 -0.410094 -0.401464 -0.406964 -0.403227 -0.414351 -0.377377 -0.491957 
0.52 -6.22728 10 -0.491955 -0.377378 -0.414351 -0.403226 -0.406964 -0.401281 -0.410219 -0.416537 -0.410218 -0.401281 -0.406964 -0.403226 -0.414351 -0.377377 -0.491957 
0.53 -6.22757 10 -0.491955 -0.377378 -0.414351 -0.403224 -0.406963 -0.401097 -0.410333 -0.416971 -0.410332 -0.401097 -0.406963 -0.403224 -0.414351 -0.377377 -0.491957 
0.54 -6.22784 10 -0.491955 -0.377378 -0.414351 -0.403222 -0.40696 -0.400914 -0.410435 -0.417412 -0.410434 -0.400914 -0.40696 -0.403222 -0.414351 -0.377377 -0.491957 
0.55 -6.22809 10 -0.491955 -0.377378 -0.414351 -0.40322 -0.406955 -0.400733 -0.410522 -0.417858 -0.410522 -0.400733 -0.406955 -0.40322 -0.414351 -0.377377 -0.491957 
0.56 -6.2283 10 -0.491955 -0.377378 -0.414351 -0.403218 -0.406948 -0.400553 -0.410594 -0.418308 -0.410594 -0.400553 -0.406948 -0.403218 -0.414351 -0.377377 -0.491957 
0.57 -6.22849 10 -0.491955 -0.377378 -0.414351 -0.403215 -0.406938 -0.400376 -0.410651 -0.418761 -0.410651 -0.400376 -0.406938 -0.403216 -0.414351 -0.377377 -0.491957 
0.58 -6.22865 10 -0.491955 -0.377378 -0.414351 -0.403213 -0.406925 -0.400202 -0.410695 -0.419216 -0.410695 -0.400202 -0.406925 -0.403213 -0.414351 -0.377377 -0.491957 
0.59 -6.2288 10 -0.491955 -0.377378 -0.414351 -0.40321 -0.406908 -0.400032 -0.410729 -0.419672 -0.410728 -0.400032 -0.406908 -0.403211 -0.414351 -0.377377 -0.491957 
0.6 -6.22893 10 -0.491955 -0.377378 -0.414351 -0.403208 -0.406887 -0.399866 -0.410755 -0.420128 -0.410755 -0.399866 -0.406887 -0.403208 -0.414351 -0.377377 -0.491957 
0.61 -6.22905 10 -0.491955 -0.377378 -0.414351 -0.403205 -0.406861 -0.399706 -0.410776 -0.420584 -0.410776 -0.399706 -0.406861 -0.403205 -0.414351 -0.377377 -0.491957 
0.62 -6.22916 10 -0.491955 -0.377378 -0.414351 -0.403202 -0.406831 -0.39955 -0.410795 -0.421039 -0.410795 -0.39955 -0.406831 -0.403202 -0.414351 -0.377377 -0.491957 
0.63 -6.22928 10 -0.491955 -0.377378 -0.414351 -0.403199 -0.406796 -0.3994 -0.410814 -0.421492 -0.410813 -0.3994 -0.406796 -0.403199 -0.414351 -0.377377 -0.491957 
0.64 -6.22939 10 -0.491955 -0.377378 -0.414351 -0.403195 -0.406757 -0.399256 -0.410833 -0.421944 -0.410833 -0.399256 -0.406757 -0.403195 -0.414351 -0.377377 -0.491957 
0.65 -6.22952 10 -0.491955 -0.377378 -0.414351 -0.403192 -0.406713 -0.399118 -0.410855 -0.422394 -0.410855 -0.399118 -0.406713 -0.403192 -0.414351 -0.377377 -0.491957 
0.66 -6.22964 10 -0.491955 -0.377378 -0.414351 -0.403188 -0.406664 -0.398986 -0.41088 -0.422842 -0.410879 -0.398986 -0.406664 -0.403188 -0.414351 -0.377377 -0.491957 
0.67 -6.22978 10 -0.491955 -0.377378 -0.414351 -0.403184 -0.406611 -0.39886 -0.410907 -0.423287 -0.410907 -0.39886 -0.406611 -0.403184 -0.414351 -0.377377 -0.491957 
0.68 -6.22992 10 -0.491955 -0.377378 -0.414351 -0.40318 -0.406553 -0.398741 -0.410939 -0.423731 -0.410939 -0.398741 -0.406553 -0.40318 -0.414351 -0.377377 -0.491957 
0.69 -6.23008 10 -0.491955 -0.377378 -0.414351 -0.403176 -0.40649 -0.398628 -0.410975 -0.424172 -0.410975 -0.398628 -0.40649 -0.403176 -0.414351 -0.377377 -0.491957 
0.7 -6.23024 10 -0.491955 -0.377378 -0.414351 -0.403172 -0.406422 -0.398521 -0.411015 -0.424611 -0.411015 -0.398521 -0.406422 -0.403172 -0.414351 -0.377376 -0.491957 
0.71 -6.23041 10 -0.491955 -0.377378 -0.414351 -0.403167 -0.40635 -0.398421 -0.41106 -0.425047 -0.411059 -0.398421 -0.40635 -0.403167 -0.414351 -0.377376 -0.491957 
0.72 -6.23059 10 -0.491955 -0.377378 -0.414351 -0.403163 -0.406273 -0.398328 -0.411109 -0.42548 -0.411109 -0.398328 -0.406273 -0.403163 -0.414351 -0.377376 -0.491957 
0.73 -6.23078 10 -0.491955 -0.377378 -0.41435 -0.403158 -0.406191 -0.39824 -0.411163 -0.425911 -0.411162 -0.39824 -0.406191 -0.403158 -0.414351 -0.377376 -0.491957 
0.74 -6.23098 10 -0.491954 -0.377378 -0.41435 -0.403153 -0.406105 -0.39816 -0.411221 -0.426339 -0.411221 -0.39816 -0.406105 -0.403153 -0.41435 -0.377376 -0.491957 
0.75 -6.23119 10 -0.491954 -0.377377 -0.41435 -0.403148 -0.406015 -0.398085 -0.411284 -0.426764 -0.411284 -0.398085 -0.406015 -0.403148 -0.41435 -0.377376 -0.491957 
0.76 -6.23142 10 -0.491954 -0.377377 -0.41435 -0.403142 -0.40592 -0.398017 -0.411352 -0.427187 -0.411352 -0.398017 -0.40592 -0.403142 -0.41435 -0.377376 -0.491957 
0.77 -6.23165 10 -0.491954 -0.377377 -0.41435 -0.403137 -0.405821 -0.397956 -0.411425 -0.427606 -0.411424 -0.397956 -0.405821 -0.403137 -0.41435 -0.377376 -0.491957 
0.78 -6.23189 10 -0.491954 -0.377377 -0.41435 -0.403131 -0.405717 -0.3979 -0.411502 -0.428023 -0.411502 -0.3979 -0.405717 -0.403131 -0.41435 -0.377376 -0.491957 
0.79 -6.23214 10 -0.491954 -0.377377 -0.414349 -0.403125 -0.405609 -0.397851 -0.411584 -0.428436 -0.411584 -0.397851 -0.405609 -0.403125 -0.41435 -0.377376 -0.491957 
0.8 -6.2324 10 -0.491954 -0.377377 -0.414349 -0.403119 -0.405496 -0.397808 -0.411671 -0.428846 -0.411671 -0.397808 -0.405496 -0.403119 -0.414349 -0.377376 -0.491957 
0.81 -6.23267 10 -0.491954 -0.377377 -0.414349 -0.403113 -0.40538 -0.397771 -0.411763 -0.429254 -0.411762 -0.397771 -0.40538 -0.403113 -0.414349 -0.377376 -0.491957 
0.82 -6.23295 10 -0.491954 -0.377377 -0.414349 -0.403107 -0.405259 -0.397741 -0.411859 -0.429658 -0.411859 -0.39774 -0.405259 -0.403107 -0.414349 -0.377376 -0.491957 
0.83 -6.23324 10 -0.491954 -0.377377 -0.414348 -0.4031 -0.405134 -0.397716 -0.41196 -0.430059 -0.41196 -0.397716 -0.405134 -0.4031 -0.414348 -0.377376 -0.491957 
0.84 -6.23354 10 -0.491954 -0.377377 -0.414348 -0.403094 -0.405005 -0.397697 -0.412066 -0.430456 -0.412066 -0.397697 -0.405005 -0.403094 -0.414348 -0.377376 -0.491957 
0.85 -6.23385 10 -0.491954 -0.377377 -0.414347 -0.403087 -0.404872 -0.397683 -0.412177 -0.430851 -0.412176 -0.397683 -0.404872 -0.403087 -0.414347 -0.377376 -0.491957 
0.86 -6.23417 10 -0.491954 -0.377377 -0.414347 -0.40308 -0.404736 -0.397676 -0.412293 -0.431242 -0.412292 -0.397676 -0.404736 -0.40308 -0.414347 -0.377376 -0.491957 
0.87 -6.23449 10 -0.491954 -0.377377 -0.414346 -0.403073 -0.404595 -0.397674 -0.412413 -0.43163 -0.412412 -0.397674 -0.404595 -0.403073 -0.414346 -0.377375 -0.491957 
0.88 -6.23483 10 -0.491954 -0.377377 -0.414345 -0.403066 -0.404451 -0.397677 -0.412538 -0.432014 -0.412537 -0.397677 -0.404451 -0.403066 -0.414346 -0.377375 -0.491957 
0.89 -6.23517 10 -0.491954 -0.377377 -0.414345 -0.403058 -0.404302 -0.397686 -0.412667 -0.432395 -0.412667 -0.397686 -0.404302 -0.403058 -0.414345 -0.377375 -0.491957 
0.9 -6.23553 10 -0.491954 -0.377377 -0.414344 -0.403051 -0.404151 -0.397699 -0.412802 -0.432772 -0.412801 -0.397699 -0.404151 -0.403051 -0.414344 -0.377375 -0.491957 
0.91 -6.23589 10 -0.491954 -0.377377 -0.414343 -0.403043 -0.403996 -0.397717 -0.412941 -0.433146 -0.41294 -0.397717 -0.403996 -0.403043 -0.414343 -0.377375 -0.491957 
0.92 -6.23625 10 -0.491954 -0.377377 -0.414342 -0.403035 -0.403837 -0.397739 -0.413084 -0.433517 -0.413084 -0.397739 -0.403837 -0.403035 -0.414342 -0.377375 -0.491957 
0.93 -6.23662 10 -0.491954 -0.377377 -0.414341 -0.403026 -0.403675 -0.397764 -0.413232 -0.433884 -0.413232 -0.397764 -0.403675 -0.403026 -0.414341 -0.377375 -0.491957 
0.94 -6.237 10 -0.491954 -0.377377 -0.41434 -0.403018 -0.403511 -0.397791 -0.413385 -0.434247 -0.413385 -0.397791 -0.403511 -0.403018 -0.41434 -0.377375 -0.491957 
0.95 -6.23737 10 -0.491954 -0.377376 -0.414339 -0.403008 -0.403344 -0.397819 -0.413542 -0.434607 -0.413542 -0.397819 -0.403344 -0.403008 -0.414339 -0.377375 -0.491957 
0.96 -6.23774 10 -0.491953 -0.377376 -0.414338 -0.402999 -0.403174 -0.397846 -0.413703 -0.434963 -0.413703 -0.397845 -0.403174 -0.402999 -0.414338 -0.377375 -0.491957 
0.97 -6.23811 10 -0.491953 -0.377376 -0.414336 -0.402988 -0.403003 -0.397869 -0.413868 -0.435316 -0.413868 -0.397869 -0.403003 -0.402988 -0.414336 -0.377374 -0.491957 
0.98 -6.23845 10 -0.491953 -0.377376 -0.414335 -0.402976 -0.40283 -0.397886 -0.414037 -0.435665 -0.414037 -0.397885 -0.40283 -0.402976 -0.414335 -0.377374 -0.491957 
0.99 -6.23878 10 -0.491953 -0.377376 -0.414333 -0.402963 -0.402657 -0.397893 -0.414209 -0.43601 -0.414209 -0.397893 -0.402657 -0.402963 -0.414333 -0.377374 -0.491958 
1 -6.23908 10 -0.491953 -0.377376 -0.414332 -0.402948 -0.402484 -0.397889 -0.414384 -0.436352 -0.414384 -0.397889 -0.402484 -0.402948 -0.414332 -0.377374 -0.491958 
1.01 -6.23936 10 -0.491953 -0.377376 -0.41433 -0.40293 -0.402311 -0.397871 -0.414561 -0.436689 -0.414561 -0.397871 -0.402311 -0.40293 -0.41433 -0.377374 -0.491958 
1.02 -6.2396 10 -0.491953 -0.377376 -0.414328 -0.402909 -0.402139 -0.39784 -0.414741 -0.437024 -0.41474 -0.397839 -0.402139 -0.402909 -0.414328 -0.377374 -0.491958 
1.03 -6.23981 10 -0.491953 -0.377376 -0.414326 -0.402885 -0.40197 -0.397795 -0.414921 -0.437354 -0.414921 -0.397795 -0.40197 -0.402885 -0.414326 -0.377373 -0.491958 
1.04 -6.23999 10 -0.491953 -0.377375 -0.414324 -0.402858 -0.401803 -0.397741 -0.415103 -0.43768 -0.415102 -0.397741 -0.401803 -0.402858 -0.414324 -0.377373 -0.491958 
1.05 -6.24016 10 -0.491953 -0.377375 -0.414321 -0.402825 -0.401639 -0.39768 -0.415285 -0.438003 -0.415284 -0.397679 -0.401639 -0.402825 -0.414322 -0.377373 -0.491958 
1.06 -6.24032 10 -0.491953 -0.377375 -0.414319 -0.402789 -0.401479 -0.397614 -0.415467 -0.438322 -0.415467 -0.397613 -0.401479 -0.402789 -0.414319 -0.377373 -0.491958 
1.07 -6.24046 10 -0.491953 -0.377375 -0.414316 -0.402748 -0.401324 -0.397546 -0.41565 -0.438637 -0.415649 -0.397546 -0.401324 -0.402748 -0.414317 -0.377373 -0.491958 
1.08 -6.2406 10 -0.491953 -0.377375 -0.414314 -0.402702 -0.401173 -0.397479 -0.415832 -0.438947 -0.415832 -0.397479 -0.401173 -0.402702 -0.414314 -0.377373 -0.491958 
1.09 -6.24075 10 -0.491953 -0.377375 -0.414311 -0.402651 -0.401028 -0.397415 -0.416015 -0.439254 -0.416014 -0.397414 -0.401028 -0.402651 -0.414311 -0.377372 -0.491958 
1.1 -6.2409 10 -0.491953 -0.377374 -0.414308 -0.402595 -0.400888 -0.397354 -0.416197 -0.439557 -0.416196 -0.397353 -0.400888 -0.402595 -0.414308 -0.377372 -0.491958 
1.11 -6.24105 10 -0.491953 -0.377374 -0.414305 -0.402535 -0.400754 -0.397297 -0.416379 -0.439856 -0.416378 -0.397297 -0.400754 -0.402535 -0.414305 -0.377372 -0.491958 
1.12 -6.24121 10 -0.491953 -0.377374 -0.414301 -0.402469 -0.400625 -0.397246 -0.41656 -0.440151 -0.41656 -0.397246 -0.400625 -0.402469 -0.414302 -0.377372 -0.491958 
1.13 -6.24138 10 -0.491953 -0.377374 -0.414298 -0.402398 -0.400503 -0.397201 -0.416742 -0.440441 -0.416741 -0.3972 -0.400503 -0.402398 -0.414298 -0.377371 -0.491958 
1.14 -6.24156 10 -0.491953 -0.377373 -0.414294 -0.402323 -0.400387 -0.397161 -0.416922 -0.440727 -0.416922 -0.397161 -0.400387 -0.402323 -0.414295 -0.377371 -0.491958 
1.15 -6.24174 10 -0.491952 -0.377373 -0.414291 -0.402242 -0.400276 -0.397128 -0.417103 -0.44101 -0.417102 -0.397128 -0.400276 -0.402242 -0.414291 -0.377371 -0.491958 
1.16 -6.24194 10 -0.491952 -0.377373 -0.414287 -0.402157 -0.400172 -0.397102 -0.417283 -0.441287 -0.417283 -0.397101 -0.400172 -0.402157 -0.414287 -0.37737 -0.491958 
1.17 -6.24215 10 -0.491952 -0.377372 -0.414283 -0.402067 -0.400074 -0.397081 -0.417463 -0.441561 -0.417462 -0.397081 -0.400074 -0.402067 -0.414283 -0.37737 -0.491958 
1.18 -6.24237 10 -0.491952 -0.377372 -0.414279 -0.401972 -0.399982 -0.397068 -0.417642 -0.44183 -0.417642 -0.397068 -0.399982 -0.401972 -0.414279 -0.37737 -0.491958 
1.19 -6.2426 10 -0.491952 -0.377372 -0.414274 -0.401872 -0.399896 -0.397061 -0.417821 -0.442095 -0.417821 -0.397061 -0.399896 -0.401872 -0.414275 -0.377369 -0.491958 
1.2 -6.24283 10 -0.491952 -0.377371 -0.41427 -0.401768 -0.399816 -0.397061 -0.418 -0.442356 -0.418 -0.397061 -0.399816 -0.401768 -0.41427 -0.377369 -0.491958 
1.21 -6.24308 10 -0.491952 -0.377371 -0.414265 -0.401658 -0.399742 -0.397068 -0.418178 -0.442612 -0.418178 -0.397067 -0.399742 -0.401658 -0.414265 -0.377368 -0.491958 
1.22 -6.24334 10 -0.491952 -0.37737 -0.41426 -0.401544 -0.399674 -0.397081 -0.418356 -0.442864 -0.418356 -0.397081 -0.399674 -0.401544 -0.414261 -0.377368 -0.491958 
1.23 -6.24361 10 -0.491952 -0.37737 -0.414255 -0.401426 -0.399611 -0.397102 -0.418534 -0.443112 -0.418533 -0.397101 -0.399611 -0.401426 -0.414256 -0.377367 -0.491957 
1.24 -6.2439 10 -0.491952 -0.377369 -0.41425 -0.401303 -0.399555 -0.397129 -0.418711 -0.443355 -0.41871 -0.397128 -0.399555 -0.401303 -0.414251 -0.377367 -0.491957 
1.25 -6.24419 10 -0.491952 -0.377368 -0.414245 -0.401175 -0.399504 -0.397162 -0.418888 -0.443594 -0.418887 -0.397162 -0.399504 -0.401175 -0.414245 -0.377366 -0.491957 
1.26 -6.24449 10 -0.491952 -0.377368 -0.41424 -0.401044 -0.399459 -0.397203 -0.419064 -0.443828 -0.419064 -0.397203 -0.399459 -0.401044 -0.41424 -0.377365 -0.491957 
1.27 -6.2448 10 -0.491952 -0.377367 -0.414234 -0.400907 -0.39942 -0.39725 -0.41924 -0.444058 -0.41924 -0.39725 -0.399419 -0.400907 -0.414234 -0.377364 -0.491957 
1.28 -6.24512 10 -0.491952 -0.377366 -0.414228 -0.400767 -0.399386 -0.397304 -0.419416 -0.444283 -0.419415 -0.397304 -0.399385 -0.400767 -0.414229 -0.377364 -0.491957 
1.29 -6.24545 10 -0.491951 -0.377366 -0.414223 -0.400622 -0.399357 -0.397365 -0.419591 -0.444503 -0.419591 -0.397365 -0.399357 -0.400622 -0.414223 -0.377363 -0.491957 
1.3 -6.2458 10 -0.491951 -0.377365 -0.414217 -0.400472 -0.399334 -0.397433 -0.419766 -0.444719 -0.419765 -0.397432 -0.399334 -0.400472 -0.414217 -0.377362 -0.491957 
1.31 -6.24615 10 -0.491951 -0.377364 -0.414211 -0.400319 -0.399316 -0.397507 -0.419941 -0.444931 -0.41994 -0.397506 -0.399315 -0.400319 -0.414211 -0.377361 -0.491957 
1.32 -6.24651 10 -0.491951 -0.377363 -0.414204 -0.400162 -0.399303 -0.397588 -0.420115 -0.445138 -0.420114 -0.397587 -0.399302 -0.400162 -0.414205 -0.37736 -0.491957 
1.33 -6.24688 10 -0.491951 -0.377362 -0.414198 -0.400001 -0.399294 -0.397675 -0.420288 -0.445341 -0.420288 -0.397675 -0.399294 -0.400001 -0.414198 -0.377359 -0.491957 
1.34 -6.24726 10 -0.491951 -0.37736 -0.414191 -0.399835 -0.399291 -0.39777 -0.420462 -0.445538 -0.420461 -0.397769 -0.399291 -0.399835 -0.414192 -0.377358 -0.491957 
1.35 -6.24765 10 -0.491951 -0.377359 -0.414185 -0.399666 -0.399292 -0.397871 -0.420635 -0.445732 -0.420634 -0.39787 -0.399292 -0.399666 -0.414185 -0.377356 -0.491957 
1.36 -6.24805 10 -0.491951 -0.377358 -0.414178 -0.399494 -0.399297 -0.397978 -0.420808 -0.44592 -0.420807 -0.397978 -0.399296 -0.399494 -0.414178 -0.377355 -0.491957 
1.37 -6.24845 10 -0.491951 -0.377356 -0.414171 -0.399317 -0.399305 -0.398092 -0.42098 -0.446105 -0.420979 -0.398092 -0.399305 -0.399317 -0.414171 -0.377354 -0.491957 
1.38 -6.24886 10 -0.491951 -0.377355 -0.414164 -0.399138 -0.399316 -0.398213 -0.421152 -0.446284 -0.421151 -0.398212 -0.399316 -0.399138 -0.414164 -0.377352 -0.491957 
1.39 -6.24928 10 -0.49195 -0.377353 -0.414156 -0.398955 -0.399329 -0.39834 -0.421323 -0.446459 -0.421323 -0.398339 -0.399328 -0.398955 -0.414157 -0.37735 -0.491957 
1.4 -6.24969 10 -0.49195 -0.377352 -0.414148 -0.398769 -0.399342 -0.398473 -0.421495 -0.44663 -0.421494 -0.398473 -0.399342 -0.398769 -0.414149 -0.377349 -0.491956 
1.41 -6.2501 10 -0.49195 -0.37735 -0.414139 -0.398581 -0.399353 -0.398612 -0.421665 -0.446795 -0.421665 -0.398612 -0.399353 -0.398581 -0.41414 -0.377347 -0.491956 
1.42 -6.25051 10 -0.49195 -0.377348 -0.41413 -0.398391 -0.399361 -0.398758 -0.421836 -0.446957 -0.421835 -0.398757 -0.399361 -0.398391 -0.414131 -0.377345 -0.491956 
1.43 -6.2509 10 -0.49195 -0.377346 -0.41412 -0.398198 -0.399361 -0.398909 -0.422006 -0.447113 -0.422006 -0.398909 -0.399361 -0.398198 -0.414121 -0.377343 -0.491956 
1.44 -6.25127 10 -0.49195 -0.377344 -0.414108 -0.398005 -0.399352 -0.399066 -0.422176 -0.447265 -0.422175 -0.399065 -0.399351 -0.398005 -0.414109 -0.377341 -0.491956 
1.45 -6.25161 10 -0.491949 -0.377342 -0.414095 -0.397811 -0.399329 -0.399227 -0.422345 -0.447413 -0.422345 -0.399227 -0.399328 -0.397811 -0.414096 -0.377339 -0.491956 
1.46 -6.25192 10 -0.491949 -0.377339 -0.414079 -0.397618 -0.39929 -0.399393 -0.422514 -0.447556 -0.422514 -0.399393 -0.399289 -0.397618 -0.41408 -0.377336 -0.491956 
1.47 -6.2522 10 -0.491949 -0.377337 -0.414061 -0.397425 -0.399234 -0.399564 -0.422683 -0.447694 -0.422683 -0.399563 -0.399233 -0.397425 -0.414062 -0.377334 -0.491956 
1.48 -6.25244 10 -0.491949 -0.377334 -0.414039 -0.397234 -0.399162 -0.399737 -0.422851 -0.447828 -0.422851 -0.399737 -0.399161 -0.397234 -0.41404 -0.377331 -0.491955 
1.49 -6.25266 10 -0.491949 -0.377332 -0.414014 -0.397044 -0.399075 -0.399914 -0.423019 -0.447958 -0.423019 -0.399914 -0.399075 -0.397044 -0.414015 -0.377329 -0.491955 
1.5 -6.25284 10 -0.491949 -0.377329 -0.413985 -0.396858 -0.398978 -0.400094 -0.423187 -0.448082 -0.423186 -0.400094 -0.398977 -0.396858 -0.413985 -0.377326 -0.491955 
1.51 -6.25301 10 -0.491948 -0.377326 -0.413951 -0.396676 -0.398872 -0.400277 -0.423354 -0.448203 -0.423353 -0.400276 -0.398872 -0.396675 -0.413951 -0.377323 -0.491955 
1.52 -6.25317 10 -0.491948 -0.377323 -0.413912 -0.396497 -0.398762 -0.400461 -0.423521 -0.448319 -0.42352 -0.400461 -0.398762 -0.396497 -0.413913 -0.377319 -0.491955 
1.53 -6.25332 10 -0.491948 -0.377319 -0.413869 -0.396323 -0.39865 -0.400648 -0.423687 -0.44843 -0.423686 -0.400648 -0.39865 -0.396323 -0.41387 -0.377316 -0.491955 
1.54 -6.25347 10 -0.491948 -0.377316 -0.413821 -0.396153 -0.398538 -0.400837 -0.423852 -0.448537 -0.423852 -0.400836 -0.398537 -0.396153 -0.413822 -0.377313 -0.491954 
1.55 -6.25362 10 -0.491947 -0.377312 -0.413768 -0.39599 -0.398427 -0.401028 -0.424018 -0.448639 -0.424017 -0.401027 -0.398427 -0.395989 -0.413768 -0.377309 -0.491954 
1.56 -6.25378 10 -0.491947 -0.377309 -0.413709 -0.395831 -0.398319 -0.40122 -0.424182 -0.448737 -0.424182 -0.40122 -0.398319 -0.395831 -0.41371 -0.377305 -0.491954 
1.57 -6.25394 10 -0.491947 -0.377305 -0.413646 -0.395678 -0.398215 -0.401414 -0.424347 -0.448831 -0.424346 -0.401414 -0.398214 -0.395678 -0.413647 -0.377301 -0.491954 
1.58 -6.25411 10 -0.491946 -0.377301 -0.413578 -0.395531 -0.398115 -0.40161 -0.42451 -0.44892 -0.42451 -0.40161 -0.398114 -0.395531 -0.413579 -0.377297 -0.491953 
1.59 -6.25428 10 -0.491946 -0.377296 -0.413504 -0.39539 -0.398019 -0.401808 -0.424674 -0.449005 -0.424673 -0.401808 -0.398019 -0.39539 -0.413505 -0.377293 -0.491953 
1.6 -6.25447 10 -0.491946 -0.377292 -0.413426 -0.395255 -0.397929 -0.402007 -0.424836 -0.449086 -0.424836 -0.402007 -0.397929 -0.395255 -0.413427 -0.377289 -0.491953 
1.61 -6.25467 10 -0.491945 -0.377288 -0.413343 -0.395126 -0.397844 -0.402208 -0.424998 -0.449162 -0.424998 -0.402208 -0.397844 -0.395126 -0.413344 -0.377284 -0.491952 
1.62 -6.25488 10 -0.491945 -0.377283 -0.413255 -0.395003 -0.397764 -0.402411 -0.42516 -0.449234 -0.425159 -0.402411 -0.397764 -0.395002 -0.413255 -0.37728 -0.491952 
1.63 -6.25509 10 -0.491945 -0.377278 -0.413161 -0.394885 -0.39769 -0.402615 -0.425321 -0.449302 -0.42532 -0.402615 -0.39769 -0.394885 -0.413162 -0.377275 -0.491951 
1.64 -6.25532 10 -0.491944 -0.377273 -0.413063 -0.394774 -0.397621 -0.402821 -0.425481 -0.449365 -0.42548 -0.402821 -0.397621 -0.394774 -0.413064 -0.37727 -0.491951 
1.65 -6.25556 10 -0.491944 -0.377268 -0.41296 -0.394669 -0.397558 -0.403029 -0.42564 -0.449424 -0.42564 -0.403028 -0.397558 -0.394669 -0.412961 -0.377265 -0.49195 
1.66 -6.25581 10 -0.491943 -0.377263 -0.412852 -0.394569 -0.3975 -0.403238 -0.425799 -0.449479 -0.425799 -0.403237 -0.3975 -0.394569 -0.412853 -0.377259 -0.49195 
1.67 -6.25607 10 -0.491942 -0.377257 -0.41274 -0.394476 -0.397449 -0.403448 -0.425957 -0.44953 -0.425957 -0.403448 -0.397448 -0.394476 -0.412741 -0.377254 -0.491949 
1.68 -6.25634 10 -0.491942 -0.377252 -0.412623 -0.394388 -0.397402 -0.40366 -0.426115 -0.449577 -0.426114 -0.40366 -0.397402 -0.394388 -0.412624 -0.377248 -0.491949 
1.69 -6.25662 10 -0.491941 -0.377246 -0.412501 -0.394306 -0.397362 -0.403874 -0.426272 -0.449619 -0.426271 -0.403874 -0.397361 -0.394306 -0.412502 -0.377242 -0.491948 
1.7 -6.25692 10 -0.49194 -0.37724 -0.412374 -0.39423 -0.397327 -0.404089 -0.426428 -0.449658 -0.426427 -0.404089 -0.397326 -0.394229 -0.412375 -0.377237 -0.491947 
1.71 -6.25722 10 -0.491939 -0.377234 -0.412243 -0.394159 -0.397297 -0.404306 -0.426583 -0.449692 -0.426582 -0.404305 -0.397297 -0.394159 -0.412244 -0.37723 -0.491946 
1.72 -6.25753 10 -0.491939 -0.377228 -0.412108 -0.394094 -0.397273 -0.404524 -0.426737 -0.449723 -0.426737 -0.404523 -0.397273 -0.394094 -0.412108 -0.377224 -0.491945 
1.73 -6.25785 10 -0.491938 -0.377221 -0.411967 -0.394034 -0.397255 -0.404744 -0.426891 -0.449749 -0.426891 -0.404743 -0.397255 -0.394034 -0.411968 -0.377218 -0.491944 
1.74 -6.25819 10 -0.491937 -0.377215 -0.411823 -0.39398 -0.397243 -0.404965 -0.427044 -0.449772 -0.427044 -0.404964 -0.397243 -0.39398 -0.411824 -0.377212 -0.491943 
1.75 -6.25853 10 -0.491936 -0.377208 -0.411674 -0.393931 -0.397236 -0.405187 -0.427196 -0.44979 -0.427196 -0.405187 -0.397236 -0.393931 -0.411675 -0.377205 -0.491942 
1.76 -6.25888 10 -0.491934 -0.377202 -0.411521 -0.393887 -0.397235 -0.405411 -0.427347 -0.449805 -0.427347 -0.405411 -0.397235 -0.393887 -0.411522 -0.377198 -0.491941 
1.77 -6.25925 10 -0.491933 -0.377195 -0.411364 -0.393849 -0.39724 -0.405636 -0.427498 -0.449815 -0.427497 -0.405636 -0.397239 -0.393849 -0.411365 -0.377191 -0.49194 
1.78 -6.25962 10 -0.491932 -0.377188 -0.411202 -0.393815 -0.39725 -0.405863 -0.427647 -0.449822 -0.427647 -0.405863 -0.397249 -0.393815 -0.411203 -0.377184 -0.491939 
1.79 -6.26 10 -0.49193 -0.377181 -0.411037 -0.393786 -0.397266 -0.406091 -0.427796 -0.449825 -0.427796 -0.406091 -0.397265 -0.393786 -0.411038 -0.377177 -0.491937 
1.8 -6.26039 10 -0.491929 -0.377174 -0.410868 -0.393762 -0.397287 -0.406321 -0.427944 -0.449824 -0.427943 -0.40632 -0.397287 -0.393762 -0.410869 -0.37717 -0.491936 
1.81 -6.26079 10 -0.491927 -0.377166 -0.410694 -0.393742 -0.397314 -0.406552 -0.428091 -0.44982 -0.42809 -0.406551 -0.397314 -0.393741 -0.410695 -0.377163 -0.491934 
1.82 -6.2612 10 -0.491926 -0.377159 -0.410517 -0.393725 -0.397347 -0.406784 -0.428237 -0.449812 -0.428236 -0.406784 -0.397346 -0.393725 -0.410518 -0.377155 -0.491932 
1.83 -6.26162 10 -0.491924 -0.377151 -0.410337 -0.393712 -0.397385 -0.407018 -0.428382 -0.4498 -0.428381 -0.407017 -0.397384 -0.393711 -0.410338 -0.377148 -0.491931 
1.84 -6.26204 10 -0.491922 -0.377143 -0.410153 -0.393701 -0.397428 -0.407253 -0.428526 -0.449785 -0.428525 -0.407252 -0.397428 -0.3937 -0.410154 -0.37714 -0.491929 
1.85 -6.26246 10 -0.49192 -0.377135 -0.409965 -0.393691 -0.397477 -0.407489 -0.428669 -0.449766 -0.428668 -0.407488 -0.397477 -0.39369 -0.409966 -0.377131 -0.491926 
1.86 -6.26288 10 -0.491917 -0.377126 -0.409775 -0.39368 -0.397531 -0.407726 -0.428811 -0.449743 -0.42881 -0.407726 -0.397531 -0.393679 -0.409776 -0.377123 -0.491924 
1.87 -6.2633 10 -0.491915 -0.377117 -0.409582 -0.393666 -0.39759 -0.407965 -0.428952 -0.449717 -0.428952 -0.407965 -0.39759 -0.393666 -0.409583 -0.377113 -0.491922 
1.88 -6.2637 10 -0.491913 -0.377107 -0.409387 -0.393647 -0.397655 -0.408205 -0.429092 -0.449688 -0.429092 -0.408205 -0.397654 -0.393647 -0.409388 -0.377103 -0.491919 
1.89 -6.26409 10 -0.49191 -0.377096 -0.40919 -0.39362 -0.397723 -0.408447 -0.429231 -0.449655 -0.429231 -0.408446 -0.397723 -0.393619 -0.409191 -0.377092 -0.491917 
1.9 -6.26446 10 -0.491907 -0.377083 -0.408992 -0.39358 -0.397796 -0.408689 -0.429369 -0.449618 -0.429369 -0.408689 -0.397796 -0.39358 -0.408993 -0.37708 -0.491914 
1.91 -6.26479 10 -0.491904 -0.377069 -0.408793 -0.393526 -0.397873 -0.408933 -0.429506 -0.449579 -0.429506 -0.408932 -0.397873 -0.393525 -0.408794 -0.377065 -0.491911 
1.92 -6.26509 10 -0.491901 -0.377052 -0.408594 -0.393455 -0.397954 -0.409178 -0.429642 -0.449536 -0.429641 -0.409177 -0.397953 -0.393454 -0.408595 -0.377049 -0.491908 
1.93 -6.26536 10 -0.491898 -0.377033 -0.408396 -0.393367 -0.398037 -0.409424 -0.429776 -0.449489 -0.429776 -0.409423 -0.398037 -0.393367 -0.408397 -0.37703 -0.491905 
1.94 -6.26559 10 -0.491895 -0.377011 -0.408199 -0.393265 -0.398124 -0.409671 -0.42991 -0.44944 -0.42991 -0.409671 -0.398123 -0.393264 -0.4082 -0.377007 -0.491901 
1.95 -6.2658 10 -0.491891 -0.376985 -0.408004 -0.393149 -0.398212 -0.409919 -0.430043 -0.449387 -0.430042 -0.409919 -0.398211 -0.393148 -0.408005 -0.376981 -0.491898 
1.96 -6.26598 10 -0.491887 -0.376955 -0.407811 -0.393024 -0.398302 -0.410169 -0.430174 -0.449332 -0.430174 -0.410168 -0.398302 -0.393024 -0.407812 -0.376951 -0.491894 
1.97 -6.26615 10 -0.491883 -0.376921 -0.407622 -0.392893 -0.398394 -0.410419 -0.430304 -0.449273 -0.430304 -0.410419 -0.398394 -0.392893 -0.407623 -0.376918 -0.49189 
1.98 -6.26631 10 -0.491879 -0.376883 -0.407436 -0.392759 -0.398488 -0.410671 -0.430434 -0.449211 -0.430433 -0.41067 -0.398487 -0.392758 -0.407437 -0.376879 -0.491886 
1.99 -6.26647 10 -0.491875 -0.37684 -0.407254 -0.392623 -0.398583 -0.410923 -0.430562 -0.449146 -0.430561 -0.410922 -0.398582 -0.392623 -0.407256 -0.376837 -0.491881 
2 -6.26663 10 -0.49187 -0.376793 -0.407077 -0.392489 -0.398679 -0.411176 -0.430688 -0.449078 -0.430688 -0.411176 -0.398679 -0.392488 -0.407079 -0.37679 -0.491877 
2.01 -6.26679 10 -0.491865 -0.376742 -0.406905 -0.392356 -0.398777 -0.41143 -0.430814 -0.449007 -0.430814 -0.41143 -0.398776 -0.392356 -0.406907 -0.376739 -0.491872 
2.02 -6.26696 10 -0.49186 -0.376686 -0.406738 -0.392227 -0.398875 -0.411686 -0.430939 -0.448934 -0.430938 -0.411685 -0.398875 -0.392226 -0.406739 -0.376683 -0.491867 
2.03 -6.26713 10 -0.491855 -0.376626 -0.406576 -0.392102 -0.398976 -0.411941 -0.431062 -0.448857 -0.431062 -0.411941 -0.398975 -0.392101 -0.406577 -0.376622 -0.491862 
2.04 -6.26732 10 -0.49185 -0.376561 -0.40642 -0.391981 -0.399077 -0.412198 -0.431184 -0.448778 -0.431184 -0.412198 -0.399076 -0.39198 -0.406421 -0.376557 -0.491856 
2.05 -6.26751 10 -0.491844 -0.376491 -0.406268 -0.391865 -0.399179 -0.412455 -0.431305 -0.448696 -0.431305 -0.412455 -0.399179 -0.391864 -0.40627 -0.376488 -0.491851 
2.06 -6.26772 10 -0.491838 -0.376417 -0.406122 -0.391753 -0.399283 -0.412714 -0.431424 -0.448611 -0.431424 -0.412713 -0.399282 -0.391753 -0.406124 -0.376414 -0.491845 
2.07 -6.26793 10 -0.491832 -0.376339 -0.405982 -0.391647 -0.399388 -0.412972 -0.431543 -0.448524 -0.431542 -0.412972 -0.399387 -0.391647 -0.405983 -0.376336 -0.491839 
2.08 -6.26816 10 -0.491826 -0.376256 -0.405847 -0.391547 -0.399494 -0.413232 -0.43166 -0.448434 -0.43166 -0.413231 -0.399493 -0.391546 -0.405848 -0.376253 -0.491832 
2.09 -6.26839 10 -0.491819 -0.376169 -0.405717 -0.391451 -0.399601 -0.413492 -0.431776 -0.448342 -0.431775 -0.413491 -0.3996 -0.39145 -0.405719 -0.376166 -0.491826 
2.1 -6.26864 10 -0.491812 -0.376078 -0.405593 -0.391361 -0.399709 -0.413752 -0.43189 -0.448247 -0.43189 -0.413752 -0.399709 -0.39136 -0.405595 -0.376074 -0.491819 
2.11 -6.2689 10 -0.491805 -0.375982 -0.405474 -0.391277 -0.399819 -0.414013 -0.432003 -0.44815 -0.432003 -0.414013 -0.399818 -0.391276 -0.405476 -0.375979 -0.491812 
2.12 -6.26917 10 -0.491798 -0.375882 -0.405361 -0.391198 -0.39993 -0.414275 -0.432115 -0.44805 -0.432115 -0.414274 -0.399929 -0.391197 -0.405362 -0.375879 -0.491804 
2.13 -6.26945 10 -0.491791 -0.375778 -0.405253 -0.391124 -0.400042 -0.414537 -0.432226 -0.447948 -0.432226 -0.414536 -0.400041 -0.391123 -0.405254 -0.375775 -0.491797 
2.14 -6.26974 10 -0.491783 -0.37567 -0.40515 -0.391056 -0.400155 -0.414799 -0.432336 -0.447843 -0.432335 -0.414799 -0.400155 -0.391055 -0.405151 -0.375666 -0.491789 
2.15 -6.27004 10 -0.491775 -0.375557 -0.405052 -0.390994 -0.40027 -0.415062 -0.432444 -0.447737 -0.432443 -0.415061 -0.400269 -0.390993 -0.405053 -0.375554 -0.491781 
2.16 -6.27036 10 -0.491766 -0.375441 -0.404959 -0.390937 -0.400386 -0.415325 -0.43255 -0.447628 -0.43255 -0.415324 -0.400385 -0.390936 -0.404961 -0.375438 -0.491772 
2.17 -6.27068 10 -0.491758 -0.37532 -0.404872 -0.390885 -0.400503 -0.415588 -0.432656 -0.447517 -0.432655 -0.415588 -0.400502 -0.390885 -0.404873 -0.375317 -0.491764 
2.18 -6.27102 10 -0.491749 -0.375196 -0.404789 -0.39084 -0.400621 -0.415852 -0.43276 -0.447404 -0.43276 -0.415851 -0.400621 -0.390839 -0.40479 -0.375193 -0.491755 
2.19 -6.27136 10 -0.49174 -0.375068 -0.404711 -0.390799 -0.400741 -0.416115 -0.432862 -0.447289 -0.432862 -0.416115 -0.40074 -0.390799 -0.404712 -0.375065 -0.491746 
2.2 -6.27172 10 -0.49173 -0.374936 -0.404638 -0.390765 -0.400862 -0.416379 -0.432964 -0.447171 -0.432964 -0.416379 -0.400862 -0.390764 -0.404639 -0.374933 -0.491736 
2.21 -6.27209 10 -0.491721 -0.3748 -0.40457 -0.390735 -0.400984 -0.416643 -0.433064 -0.447052 -0.433064 -0.416643 -0.400984 -0.390735 -0.404571 -0.374797 -0.491727 
2.22 -6.27247 10 -0.491711 -0.37466 -0.404506 -0.390712 -0.401108 -0.416907 -0.433162 -0.446931 -0.433162 -0.416907 -0.401108 -0.390711 -0.404507 -0.374657 -0.491717 
2.23 -6.27285 10 -0.491701 -0.374517 -0.404446 -0.390693 -0.401233 -0.417171 -0.43326 -0.446808 -0.433259 -0.417171 -0.401233 -0.390693 -0.404448 -0.374514 -0.491706 
2.24 -6.27325 10 -0.49169 -0.374371 -0.404391 -0.390681 -0.401359 -0.417435 -0.433355 -0.446684 -0.433355 -0.417435 -0.401359 -0.39068 -0.404392 -0.374368 -0.491696 
2.25 -6.27366 10 -0.491679 -0.374221 -0.40434 -0.390674 -0.401487 -0.4177 -0.43345 -0.446557 -0.43345 -0.417699 -0.401487 -0.390673 -0.404341 -0.374218 -0.491685 
2.26 -6.27408 10 -0.491668 -0.374067 -0.404292 -0.390672 -0.401616 -0.417964 -0.433543 -0.446429 -0.433543 -0.417963 -0.401616 -0.390671 -0.404294 -0.374064 -0.491674 
2.27 -6.2745 10 -0.491657 -0.373911 -0.404248 -0.390676 -0.401747 -0.418227 -0.433635 -0.446299 -0.433635 -0.418227 -0.401746 -0.390675 -0.404249 -0.373908 -0.491663 
2.28 -6.27494 10 -0.491645 -0.373751 -0.404207 -0.390685 -0.401879 -0.418491 -0.433725 -0.446167 -0.433725 -0.418491 -0.401878 -0.390685 -0.404208 -0.373748 -0.491651 
2.29 -6.27537 10 -0.491633 -0.373588 -0.404167 -0.3907 -0.402012 -0.418755 -0.433814 -0.446034 -0.433814 -0.418754 -0.402012 -0.390699 -0.404169 -0.373585 -0.491638 
2.3 -6.27582 10 -0.49162 -0.373423 -0.404129 -0.39072 -0.402147 -0.419018 -0.433901 -0.4459 -0.433901 -0.419018 -0.402146 -0.390719 -0.40413 -0.37342 -0.491626 
2.31 -6.27626 10 -0.491607 -0.373255 -0.404089 -0.390745 -0.402283 -0.419281 -0.433987 -0.445764 -0.433987 -0.419281 -0.402283 -0.390744 -0.40409 -0.373252 -0.491612 
2.32 -6.2767 10 -0.491593 -0.373085 -0.404047 -0.390775 -0.402421 -0.419544 -0.434072 -0.445626 -0.434072 -0.419543 -0.40242 -0.390775 -0.404048 -0.373082 -0.491598 
2.33 -6.27713 10 -0.491577 -0.372913 -0.404 -0.390811 -0.40256 -0.419806 -0.434155 -0.445487 -0.434155 -0.419806 -0.402559 -0.39081 -0.404001 -0.37291 -0.491583 
2.34 -6.27755 10 -0.491561 -0.37274 -0.403943 -0.39085 -0.4027 -0.420068 -0.434237 -0.445347 -0.434237 -0.420068 -0.4027 -0.39085 -0.403945 -0.372737 -0.491566 
2.35 -6.27794 10 -0.491543 -0.372566 -0.403875 -0.390895 -0.402842 -0.420329 -0.434317 -0.445205 -0.434317 -0.420329 -0.402842 -0.390894 -0.403876 -0.372563 -0.491548 
2.36 -6.27831 10 -0.491523 -0.372392 -0.403791 -0.390943 -0.402985 -0.420591 -0.434396 -0.445063 -0.434396 -0.42059 -0.402985 -0.390942 -0.403792 -0.372389 -0.491528 
2.37 -6.27864 10 -0.4915 -0.372219 -0.403689 -0.390995 -0.40313 -0.420851 -0.434474 -0.444919 -0.434474 -0.420851 -0.40313 -0.390994 -0.40369 -0.372216 -0.491505 
2.38 -6.27893 10 -0.491474 -0.372047 -0.403568 -0.39105 -0.403277 -0.421111 -0.43455 -0.444774 -0.43455 -0.421111 -0.403276 -0.391049 -0.403569 -0.372044 -0.491479 
2.39 -6.27918 10 -0.491444 -0.371877 -0.403428 -0.391107 -0.403424 -0.421371 -0.434625 -0.444628 -0.434625 -0.42137 -0.403424 -0.391107 -0.403429 -0.371874 -0.491449 
2.4 -6.2794 10 -0.491409 -0.37171 -0.403273 -0.391167 -0.403574 -0.421629 -0.434698 -0.44448 -0.434698 -0.421629 -0.403573 -0.391167 -0.403274 -0.371707 -0.491414 
2.41 -6.2796 10 -0.49137 -0.371546 -0.403104 -0.391229 -0.403724 -0.421888 -0.43477 -0.444332 -0.43477 -0.421887 -0.403724 -0.391228 -0.403106 -0.371544 -0.491375 
2.42 -6.27977 10 -0.491326 -0.371387 -0.402927 -0.391293 -0.403876 -0.422145 -0.43484 -0.444183 -0.43484 -0.422145 -0.403876 -0.391292 -0.402928 -0.371384 -0.491331 
2.43 -6.27994 10 -0.491277 -0.371232 -0.402743 -0.391358 -0.40403 -0.422402 -0.434909 -0.444033 -0.434909 -0.422401 -0.404029 -0.391357 -0.402744 -0.371229 -0.491282 
2.44 -6.28009 10 -0.491222 -0.371082 -0.402556 -0.391425 -0.404185 -0.422658 -0.434977 -0.443882 -0.434977 -0.422657 -0.404184 -0.391424 -0.402557 -0.37108 -0.491227 
2.45 -6.28025 10 -0.491162 -0.370938 -0.402368 -0.391492 -0.404341 -0.422913 -0.435043 -0.44373 -0.435043 -0.422913 -0.40434 -0.391492 -0.402369 -0.370936 -0.491167 
2.46 -6.2804 10 -0.491096 -0.3708 -0.40218 -0.391562 -0.404499 -0.423167 -0.435108 -0.443578 -0.435107 -0.423167 -0.404498 -0.391561 -0.402181 -0.370797 -0.491101 
2.47 -6.28056 10 -0.491024 -0.370668 -0.401994 -0.391632 -0.404658 -0.423421 -0.435171 -0.443425 -0.435171 -0.423421 -0.404657 -0.391631 -0.401995 -0.370665 -0.491029 
2.48 -6.28072 10 -0.490947 -0.370542 -0.40181 -0.391703 -0.404818 -0.423674 -0.435233 -0.443271 -0.435233 -0.423673 -0.404818 -0.391702 -0.401811 -0.370539 -0.490951 
2.49 -6.2809 10 -0.490863 -0.370422 -0.40163 -0.391776 -0.40498 -0.423925 -0.435293 -0.443116 -0.435293 -0.423925 -0.404979 -0.391775 -0.401631 -0.37042 -0.490868 
2.5 -6.28108 10 -0.490774 -0.370309 -0.401453 -0.391849 -0.405143 -0.424176 -0.435352 -0.442961 -0.435352 -0.424176 -0.405142 -0.391849 -0.401454 -0.370307 -0.490779 
2.51 -6.28127 10 -0.49068 -0.370203 -0.40128 -0.391924 -0.405307 -0.424426 -0.43541 -0.442806 -0.43541 -0.424425 -0.405307 -0.391924 -0.401282 -0.370201 -0.490684 
2.52 -6.28147 10 -0.490579 -0.370103 -0.401112 -0.392 -0.405473 -0.424674 -0.435466 -0.44265 -0.435466 -0.424674 -0.405472 -0.392 -0.401113 -0.370101 -0.490584 
2.53 -6.28168 10 -0.490473 -0.37001 -0.400948 -0.392078 -0.40564 -0.424922 -0.435521 -0.442493 -0.435521 -0.424921 -0.405639 -0.392077 -0.400949 -0.370007 -0.490478 
2.54 -6.28189 10 -0.490362 -0.369923 -0.400788 -0.392156 -0.405808 -0.425168 -0.435574 -0.442336 -0.435574 -0.425168 -0.405807 -0.392155 -0.400789 -0.369921 -0.490366 
2.55 -6.28212 10 -0.490244 -0.369843 -0.400632 -0.392236 -0.405977 -0.425413 -0.435626 -0.442179 -0.435626 -0.425413 -0.405977 -0.392235 -0.400633 -0.36984 -0.490248 
2.56 -6.28236 10 -0.490121 -0.369769 -0.400481 -0.392316 -0.406148 -0.425658 -0.435677 -0.442021 -0.435677 -0.425657 -0.406147 -0.392316 -0.400482 -0.369767 -0.490125 
2.57 -6.28261 10 -0.489993 -0.369702 -0.400335 -0.392398 -0.40632 -0.4259 -0.435726 -0.441863 -0.435726 -0.4259 -0.406319 -0.392398 -0.400336 -0.369699 -0.489997 
2.58 -6.28287 10 -0.489859 -0.369641 -0.400193 -0.392482 -0.406493 -0.426142 -0.435774 -0.441705 -0.435774 -0.426142 -0.406492 -0.392481 -0.400194 -0.369639 -0.489863 
2.59 -6.28314 10 -0.489719 -0.369586 -0.400056 -0.392566 -0.406667 -0.426382 -0.43582 -0.441547 -0.43582 -0.426382 -0.406666 -0.392566 -0.400057 -0.369584 -0.489723 
2.6 -6.28342 10 -0.489574 -0.369538 -0.399923 -0.392652 -0.406842 -0.426621 -0.435865 -0.441388 -0.435865 -0.426621 -0.406841 -0.392651 -0.399924 -0.369536 -0.489578 
2.61 -6.28371 10 -0.489424 -0.369496 -0.399795 -0.392739 -0.407018 -0.426859 -0.435909 -0.441229 -0.435909 -0.426859 -0.407018 -0.392739 -0.399796 -0.369494 -0.489428 
2.62 -6.28401 10 -0.489269 -0.36946 -0.399672 -0.392828 -0.407196 -0.427095 -0.435951 -0.441071 -0.435951 -0.427095 -0.407195 -0.392827 -0.399673 -0.369458 -0.489273 
2.63 -6.28433 10 -0.489108 -0.369431 -0.399553 -0.392918 -0.407374 -0.42733 -0.435992 -0.440912 -0.435992 -0.42733 -0.407374 -0.392917 -0.399554 -0.369429 -0.489112 
2.64 -6.28465 10 -0.488942 -0.369407 -0.399439 -0.393009 -0.407554 -0.427564 -0.436032 -0.440753 -0.436032 -0.427563 -0.407553 -0.393008 -0.39944 -0.369405 -0.488946 
2.65 -6.28498 10 -0.488771 -0.36939 -0.399329 -0.393101 -0.407735 -0.427796 -0.43607 -0.440595 -0.43607 -0.427795 -0.407734 -0.393101 -0.39933 -0.369387 -0.488774 
2.66 -6.28532 10 -0.488594 -0.369378 -0.399224 -0.393195 -0.407916 -0.428026 -0.436107 -0.440436 -0.436107 -0.428026 -0.407916 -0.393194 -0.399225 -0.369376 -0.488598 
2.67 -6.28567 10 -0.488413 -0.369372 -0.399123 -0.393291 -0.408099 -0.428255 -0.436143 -0.440278 -0.436143 -0.428255 -0.408098 -0.39329 -0.399124 -0.36937 -0.488417 
2.68 -6.28603 10 -0.488227 -0.369371 -0.399027 -0.393387 -0.408282 -0.428483 -0.436177 -0.440119 -0.436177 -0.428482 -0.408282 -0.393387 -0.399028 -0.369369 -0.48823 
2.69 -6.2864 10 -0.488036 -0.369376 -0.398936 -0.393485 -0.408467 -0.428708 -0.43621 -0.439961 -0.43621 -0.428708 -0.408466 -0.393485 -0.398937 -0.369374 -0.488039 
2.7 -6.28678 10 -0.487839 -0.369386 -0.398849 -0.393585 -0.408652 -0.428933 -0.436242 -0.439803 -0.436242 -0.428932 -0.408652 -0.393584 -0.39885 -0.369384 -0.487843 
2.71 -6.28717 10 -0.487639 -0.369402 -0.398767 -0.393686 -0.408839 -0.429155 -0.436272 -0.439646 -0.436272 -0.429155 -0.408838 -0.393686 -0.398768 -0.3694 -0.487642 
2.72 -6.28756 10 -0.487433 -0.369422 -0.398689 -0.393789 -0.409026 -0.429376 -0.436301 -0.439489 -0.436301 -0.429376 -0.409025 -0.393788 -0.39869 -0.36942 -0.487437 
2.73 -6.28796 10 -0.487223 -0.369446 -0.398615 -0.393893 -0.409214 -0.429595 -0.436329 -0.439332 -0.436329 -0.429595 -0.409213 -0.393892 -0.398616 -0.369444 -0.487227 
2.74 -6.28837 10 -0.487009 -0.369474 -0.398547 -0.393999 -0.409403 -0.429812 -0.436356 -0.439175 -0.436356 -0.429812 -0.409402 -0.393998 -0.398548 -0.369472 -0.487012 
2.75 -6.28879 10 -0.48679 -0.369504 -0.398482 -0.394106 -0.409593 -0.430028 -0.436381 -0.439019 -0.436381 -0.430028 -0.409592 -0.394105 -0.398483 -0.369502 -0.486793 
2.76 -6.28921 10 -0.486567 -0.369536 -0.398422 -0.394215 -0.409783 -0.430242 -0.436405 -0.438864 -0.436406 -0.430242 -0.409783 -0.394214 -0.398423 -0.369534 -0.48657 
2.77 -6.28962 10 -0.48634 -0.369569 -0.398366 -0.394325 -0.409975 -0.430454 -0.436428 -0.438709 -0.436428 -0.430454 -0.409974 -0.394325 -0.398367 -0.369566 -0.486343 
2.78 -6.29003 11 -0.486109 -0.369599 -0.398314 -0.394437 -0.410167 -0.430664 -0.43645 -0.438554 -0.43645 -0.430664 -0.410166 -0.394437 -0.398315 -0.369596 -0.486112 
2.79 -6.29044 11 -0.485875 -0.369624 -0.398266 -0.394551 -0.410359 -0.430872 -0.436471 -0.4384 -0.436471 -0.430872 -0.410359 -0.39455 -0.398267 -0.369622 -0.485878 
2.8 -6.29082 11 -0.485637 -0.369641 -0.398222 -0.394666 -0.410553 -0.431079 -0.43649 -0.438246 -0.43649 -0.431079 -0.410552 -0.394665 -0.398223 -0.369639 -0.48564 
2.81 -6.29119 11 -0.485396 -0.369648 -0.398181 -0.394783 -0.410747 -0.431283 -0.436508 -0.438094 -0.436508 -0.431283 -0.410746 -0.394782 -0.398182 -0.369646 -0.485399 
2.82 -6.29152 11 -0.485152 -0.369641 -0.398143 -0.394902 -0.410942 -0.431486 -0.436525 -0.437941 -0.436525 -0.431486 -0.410941 -0.394901 -0.398144 -0.369638 -0.485155 
2.83 -6.29182 11 -0.484905 -0.369618 -0.398108 -0.395022 -0.411137 -0.431687 -0.436541 -0.43779 -0.436541 -0.431686 -0.411137 -0.395021 -0.398109 -0.369616 -0.484908 
2.84 -6.2921 11 -0.484656 -0.369581 -0.398075 -0.395144 -0.411333 -0.431885 -0.436555 -0.437639 -0.436555 -0.431885 -0.411333 -0.395143 -0.398076 -0.369579 -0.484659 
2.85 -6.29234 11 -0.484404 -0.36953 -0.398043 -0.395267 -0.41153 -0.432082 -0.436569 -0.437489 -0.436569 -0.432082 -0.411529 -0.395266 -0.398044 -0.369528 -0.484407 
2.86 -6.29256 11 -0.484151 -0.369467 -0.398014 -0.395392 -0.411727 -0.432276 -0.436581 -0.43734 -0.436581 -0.432276 -0.411726 -0.395392 -0.398014 -0.369465 -0.484154 
2.87 -6.29276 11 -0.483897 -0.369396 -0.397985 -0.395519 -0.411925 -0.432469 -0.436592 -0.437192 -0.436592 -0.432469 -0.411924 -0.395519 -0.397986 -0.369394 -0.4839 
2.88 -6.29295 11 -0.483642 -0.369319 -0.397958 -0.395648 -0.412123 -0.432659 -0.436602 -0.437044 -0.436602 -0.432659 -0.412122 -0.395647 -0.397959 -0.369317 -0.483645 
2.89 -6.29313 11 -0.483388 -0.36924 -0.397931 -0.395778 -0.412322 -0.432848 -0.436611 -0.436897 -0.436611 -0.432848 -0.412321 -0.395777 -0.397932 -0.369238 -0.48339 
2.9 -6.29332 11 -0.483133 -0.36916 -0.397905 -0.39591 -0.412521 -0.433034 -0.436619 -0.436752 -0.436619 -0.433034 -0.41252 -0.395909 -0.397906 -0.369158 -0.483136 
2.91 -6.2935 11 -0.48288 -0.369081 -0.39788 -0.396043 -0.41272 -0.433218 -0.436626 -0.436607 -0.436626 -0.433218 -0.41272 -0.396043 -0.397881 -0.369079 -0.482883 
2.92 -6.2937 11 -0.482628 -0.369003 -0.397856 -0.396178 -0.41292 -0.4334 -0.436632 -0.436463 -0.436632 -0.4334 -0.41292 -0.396178 -0.397857 -0.369001 -0.48263 
2.93 -6.2939 11 -0.482377 -0.368929 -0.397832 -0.396315 -0.413121 -0.43358 -0.436637 -0.43632 -0.436637 -0.43358 -0.41312 -0.396315 -0.397833 -0.368927 -0.482379 
2.94 -6.29412 11 -0.482127 -0.368859 -0.397809 -0.396454 -0.413322 -0.433758 -0.43664 -0.436178 -0.436641 -0.433757 -0.413321 -0.396453 -0.39781 -0.368857 -0.48213 
2.95 -6.29434 11 -0.48188 -0.368792 -0.397787 -0.396594 -0.413523 -0.433933 -0.436643 -0.436037 -0.436643 -0.433933 -0.413522 -0.396593 -0.397788 -0.36879 -0.481882 
2.96 -6.29458 11 -0.481634 -0.36873 -0.397765 -0.396735 -0.413724 -0.434106 -0.436645 -0.435897 -0.436645 -0.434106 -0.413723 -0.396735 -0.397766 -0.368728 -0.481636 
2.97 -6.29483 12 -0.48139 -0.368673 -0.397744 -0.396879 -0.413926 -0.434277 -0.436646 -0.435759 -0.436646 -0.434277 -0.413925 -0.396878 -0.397745 -0.368671 -0.481393 
2.98 -6.29509 12 -0.481148 -0.36862 -0.397724 -0.397023 -0.414128 -0.434446 -0.436645 -0.435621 -0.436646 -0.434446 -0.414127 -0.397023 -0.397725 -0.368618 -0.481151 
2.99 -6.29537 12 -0.480908 -0.368573 -0.397704 -0.39717 -0.41433 -0.434613 -0.436644 -0.435484 -0.436644 -0.434612 -0.414329 -0.397169 -0.397705 -0.368571 -0.480911 
3 -6.29566 12 -0.48067 -0.36853 -0.397685 -0.397318 -0.414532 -0.434777 -0.436642 -0.435349 -0.436642 -0.434777 -0.414532 -0.397317 -0.397686 -0.368528 -0.480673 
3.01 -6.29596 12 -0.480434 -0.368492 -0.397667 -0.397467 -0.414735 -0.434939 -0.436639 -0.435215 -0.436639 -0.434938 -0.414734 -0.397467 -0.397667 -0.36849 -0.480437 
3.02 -6.29628 12 -0.4802 -0.368459 -0.397649 -0.397618 -0.414938 -0.435098 -0.436635 -0.435082 -0.436635 -0.435098 -0.414937 -0.397618 -0.39765 -0.368458 -0.480203 
3.03 -6.29661 12 -0.479968 -0.368432 -0.397632 -0.397771 -0.41514 -0.435256 -0.43663 -0.43495 -0.43663 -0.435255 -0.41514 -0.39777 -0.397633 -0.36843 -0.479971 
3.04 -6.29695 12 -0.479738 -0.368409 -0.397616 -0.397925 -0.415343 -0.43541 -0.436624 -0.434819 -0.436624 -0.43541 -0.415343 -0.397925 -0.397617 -0.368407 -0.479741 
3.05 -6.29731 12 -0.47951 -0.368392 -0.3976 -0.398081 -0.415547 -0.435563 -0.436618 -0.43469 -0.436618 -0.435563 -0.415546 -0.39808 -0.397601 -0.36839 -0.479513 
3.06 -6.29768 12 -0.479284 -0.368379 -0.397586 -0.398238 -0.41575 -0.435713 -0.43661 -0.434562 -0.43661 -0.435713 -0.415749 -0.398237 -0.397587 -0.368378 -0.479287 
3.07 -6.29807 12 -0.47906 -0.368372 -0.397572 -0.398397 -0.415953 -0.435861 -0.436602 -0.434435 -0.436602 -0.435861 -0.415952 -0.398396 -0.397573 -0.36837 -0.479063 
3.08 -6.29847 12 -0.478838 -0.36837 -0.397559 -0.398557 -0.416156 -0.436007 -0.436593 -0.43431 -0.436593 -0.436007 -0.416156 -0.398556 -0.39756 -0.368368 -0.478841 
3.09 -6.29888 12 -0.478618 -0.368373 -0.397547 -0.398718 -0.416359 -0.43615 -0.436583 -0.434186 -0.436583 -0.43615 -0.416359 -0.398718 -0.397548 -0.368371 -0.47862 
3.1 -6.29931 12 -0.4784 -0.368381 -0.397535 -0.398881 -0.416562 -0.436291 -0.436572 -0.434063 -0.436572 -0.43629 -0.416562 -0.398881 -0.397536 -0.368379 -0.478402 
3.11 -6.29975 12 -0.478183 -0.368394 -0.397525 -0.399046 -0.416765 -0.436429 -0.43656 -0.433941 -0.43656 -0.436429 -0.416765 -0.399045 -0.397526 -0.368392 -0.478185 
3.12 -6.3002 12 -0.477968 -0.368412 -0.397515 -0.399211 -0.416968 -0.436565 -0.436548 -0.433821 -0.436548 -0.436565 -0.416968 -0.399211 -0.397516 -0.36841 -0.47797 
3.13 -6.30066 13 -0.477755 -0.368435 -0.397507 -0.399379 -0.417171 -0.436698 -0.436535 -0.433703 -0.436535 -0.436698 -0.417171 -0.399378 -0.397508 -0.368434 -0.477757 
3.14 -6.30114 13 -0.477543 -0.368464 -0.397499 -0.399547 -0.417374 -0.436829 -0.436521 -0.433586 -0.436521 -0.436829 -0.417373 -0.399546 -0.3975 -0.368462 -0.477545 
3.15 -6.30163 13 -0.477333 -0.368497 -0.397492 -0.399717 -0.417577 -0.436958 -0.436506 -0.43347 -0.436506 -0.436958 -0.417576 -0.399716 -0.397493 -0.368495 -0.477335 
3.16 -6.30213 13 -0.477124 -0.368535 -0.397487 -0.399888 -0.417779 -0.437084 -0.436491 -0.433356 -0.436491 -0.437084 -0.417778 -0.399888 -0.397487 -0.368533 -0.477126 
3.17 -6.30264 13 -0.476915 -0.368578 -0.397482 -0.400061 -0.417981 -0.437208 -0.436475 -0.433243 -0.436475 -0.437208 -0.417981 -0.40006 -0.397483 -0.368577 -0.476917 
3.18 -6.30317 13 -0.476707 -0.368627 -0.397478 -0.400235 -0.418183 -0.437329 -0.436458 -0.433131 -0.436458 -0.437329 -0.418182 -0.400234 -0.397479 -0.368625 -0.476709 
3.19 -6.3037 13 -0.476499 -0.36868 -0.397475 -0.40041 -0.418385 -0.437448 -0.436441 -0.433022 -0.436441 -0.437448 -0.418384 -0.400409 -0.397476 -0.368678 -0.476501 
3.2 -6.30423 13 -0.476289 -0.368738 -0.397474 -0.400586 -0.418586 -0.437564 -0.436423 -0.432913 -0.436423 -0.437564 -0.418585 -0.400586 -0.397475 -0.368736 -0.476291 
3.21 -6.30477 13 -0.476076 -0.3688 -0.397473 -0.400764 -0.418787 -0.437678 -0.436404 -0.432806 -0.436404 -0.437678 -0.418786 -0.400763 -0.397474 -0.368798 -0.476078 
3.22 -6.30531 13 -0.475858 -0.368867 -0.397474 -0.400943 -0.418988 -0.43779 -0.436385 -0.432701 -0.436385 -0.437789 -0.418987 -0.400942 -0.397475 -0.368866 -0.47586 
3.23 -6.30584 13 -0.475633 -0.368939 -0.397476 -0.401123 -0.419188 -0.437899 -0.436365 -0.432597 -0.436365 -0.437898 -0.419187 -0.401122 -0.397477 -0.368937 -0.475635 
3.24 -6.30636 13 -0.475395 -0.369015 -0.397479 -0.401304 -0.419388 -0.438005 -0.436345 -0.432495 -0.436345 -0.438005 -0.419387 -0.401303 -0.39748 -0.369013 -0.475397 
3.25 -6.30684 13 -0.475141 -0.369095 -0.397483 -0.401486 -0.419587 -0.438109 -0.436324 -0.432394 -0.436324 -0.438109 -0.419587 -0.401486 -0.397484 -0.369093 -0.475143 
3.26 -6.3073 13 -0.474865 -0.369178 -0.397489 -0.40167 -0.419787 -0.438211 -0.436302 -0.432295 -0.436302 -0.438211 -0.419786 -0.401669 -0.397489 -0.369176 -0.474867 
3.27 -6.3077 13 -0.474563 -0.369264 -0.397495 -0.401855 -0.419985 -0.43831 -0.43628 -0.432197 -0.43628 -0.43831 -0.419985 -0.401854 -0.397496 -0.369262 -0.474565 
3.28 -6.30805 13 -0.474232 -0.369353 -0.397503 -0.40204 -0.420183 -0.438406 -0.436257 -0.432101 -0.436257 -0.438406 -0.420183 -0.40204 -0.397504 -0.369351 -0.474234 
3.29 -6.30834 13 -0.473869 -0.369443 -0.397512 -0.402227 -0.420381 -0.438501 -0.436234 -0.432007 -0.436234 -0.4385 -0.42038 -0.402227 -0.397513 -0.369442 -0.473871 
3.3 -6.30857 13 -0.473476 -0.369536 -0.397523 -0.402415 -0.420578 -0.438592 -0.43621 -0.431914 -0.43621 -0.438592 -0.420578 -0.402415 -0.397523 -0.369534 -0.473478 
3.31 -6.30875 13 -0.473056 -0.369629 -0.397534 -0.402604 -0.420775 -0.438682 -0.436186 -0.431823 -0.436186 -0.438681 -0.420774 -0.402604 -0.397535 -0.369627 -0.473058 
3.32 -6.30889 13 -0.472614 -0.369722 -0.397547 -0.402794 -0.420971 -0.438768 -0.436161 -0.431734 -0.436161 -0.438768 -0.42097 -0.402794 -0.397548 -0.369721 -0.472616 
3.33 -6.30899 13 -0.472154 -0.369816 -0.397561 -0.402985 -0.421166 -0.438853 -0.436136 -0.431646 -0.436136 -0.438852 -0.421166 -0.402985 -0.397562 -0.369814 -0.472156 
3.34 -6.30906 13 -0.47168 -0.36991 -0.397577 -0.403177 -0.421361 -0.438935 -0.43611 -0.431559 -0.43611 -0.438934 -0.42136 -0.403176 -0.397577 -0.369908 -0.471682 
3.35 -6.30911 13 -0.471197 -0.370004 -0.397593 -0.40337 -0.421555 -0.439014 -0.436084 -0.431475 -0.436084 -0.439014 -0.421554 -0.403369 -0.397594 -0.370002 -0.471199 
3.36 -6.30915 13 -0.470707 -0.370098 -0.397611 -0.403564 -0.421748 -0.439091 -0.436058 -0.431392 -0.436058 -0.439091 -0.421748 -0.403563 -0.397612 -0.370096 -0.470709 
3.37 -6.30917 14 -0.470213 -0.370191 -0.39763 -0.403758 -0.421941 -0.439165 -0.436031 -0.43131 -0.436031 -0.439165 -0.421941 -0.403758 -0.397631 -0.370189 -0.470215 
3.38 -6.30919 14 -0.469715 -0.370284 -0.397651 -0.403954 -0.422133 -0.439237 -0.436004 -0.43123 -0.436004 -0.439237 -0.422133 -0.403953 -0.397652 -0.370282 -0.469717 
3.39 -6.3092 14 -0.469216 -0.370377 -0.397673 -0.40415 -0.422325 -0.439307 -0.435976 -0.431152 -0.435976 -0.439307 -0.422324 -0.40415 -0.397673 -0.370375 -0.469218 
3.4 -6.30921 14 -0.468716 -0.370469 -0.397696 -0.404347 -0.422515 -0.439374 -0.435948 -0.431076 -0.435948 -0.439374 -0.422515 -0.404347 -0.397696 -0.370467 -0.468718 
3.41 -6.30921 14 -0.468216 -0.370561 -0.39772 -0.404545 -0.422705 -0.439439 -0.435919 -0.431001 -0.43592 -0.439439 -0.422705 -0.404545 -0.39772 -0.37056 -0.468218 
3.42 -6.30922 14 -0.467716 -0.370653 -0.397745 -0.404744 -0.422894 -0.439502 -0.435891 -0.430928 -0.435891 -0.439501 -0.422894 -0.404744 -0.397746 -0.370651 -0.467718 
3.43 -6.30922 14 -0.467216 -0.370744 -0.397772 -0.404944 -0.423082 -0.439562 -0.435862 -0.430856 -0.435862 -0.439561 -0.423082 -0.404943 -0.397772 -0.370743 -0.467218 
3.44 -6.30922 14 -0.466717 -0.370836 -0.3978 -0.405144 -0.42327 -0.439619 -0.435832 -0.430786 -0.435833 -0.439619 -0.423269 -0.405143 -0.3978 -0.370834 -0.466719 
3.45 -6.30922 14 -0.466219 -0.370927 -0.397829 -0.405345 -0.423456 -0.439674 -0.435803 -0.430718 -0.435803 -0.439674 -0.423456 -0.405344 -0.397829 -0.370925 -0.466221 
3.46 -6.30922 14 -0.465722 -0.371018 -0.397859 -0.405546 -0.423642 -0.439727 -0.435773 -0.430652 -0.435773 -0.439727 -0.423641 -0.405546 -0.39786 -0.371016 -0.465723 
3.47 -6.30922 14 -0.465225 -0.371108 -0.39789 -0.405748 -0.423827 -0.439778 -0.435742 -0.430587 -0.435743 -0.439778 -0.423826 -0.405748 -0.397891 -0.371107 -0.465227 
3.48 -6.30922 14 -0.464729 -0.371199 -0.397923 -0.405951 -0.42401 -0.439826 -0.435712 -0.430524 -0.435712 -0.439826 -0.42401 -0.405951 -0.397924 -0.371197 -0.464731 
3.49 -6.30922 15 -0.464235 -0.371289 -0.397957 -0.406154 -0.424193 -0.439872 -0.435681 -0.430462 -0.435681 -0.439871 -0.424193 -0.406154 -0.397957 -0.371287 -0.464237 
3.5 -6.30923 15 -0.463741 -0.371379 -0.397992 -0.406358 -0.424375 -0.439915 -0.43565 -0.430402 -0.435651 -0.439915 -0.424375 -0.406358 -0.397993 -0.371378 -0.463743 
3.51 -6.30923 15 -0.463249 -0.371469 -0.398028 -0.406563 -0.424556 -0.439956 -0.435619 -0.430344 -0.435619 -0.439956 -0.424556 -0.406562 -0.398029 -0.371468 -0.463251 
3.52 -6.30923 15 -0.462757 -0.37156 -0.398066 -0.406767 -0.424736 -0.439995 -0.435588 -0.430288 -0.435588 -0.439995 -0.424736 -0.406767 -0.398066 -0.371558 -0.462759 
3.53 -6.30923 15 -0.462267 -0.37165 -0.398104 -0.406973 -0.424915 -0.440032 -0.435556 -0.430233 -0.435556 -0.440031 -0.424915 -0.406972 -0.398105 -0.371648 -0.462269 
3.54 -6.30923 15 -0.461777 -0.37174 -0.398144 -0.407179 -0.425093 -0.440066 -0.435524 -0.43018 -0.435525 -0.440066 -0.425093 -0.407178 -0.398144 -0.371738 -0.461779 
3.55 -6.30923 15 -0.461289 -0.37183 -0.398185 -0.407385 -0.42527 -0.440098 -0.435492 -0.430128 -0.435493 -0.440098 -0.42527 -0.407384 -0.398185 -0.371828 -0.461291 
3.56 -6.30923 15 -0.460802 -0.37192 -0.398227 -0.407591 -0.425446 -0.440127 -0.43546 -0.430078 -0.43546 -0.440127 -0.425446 -0.407591 -0.398227 -0.371919 -0.460804 
3.57 -6.30923 15 -0.460316 -0.372011 -0.39827 -0.407798 -0.425621 -0.440155 -0.435428 -0.43003 -0.435428 -0.440155 -0.42562 -0.407798 -0.39827 -0.372009 -0.460318 
3.58 -6.30923 15 -0.459831 -0.372101 -0.398314 -0.408005 -0.425794 -0.44018 -0.435396 -0.429983 -0.435396 -0.44018 -0.425794 -0.408005 -0.398314 -0.3721 -0.459832 
3.59 -6.30923 15 -0.459347 -0.372192 -0.398359 -0.408213 -0.425967 -0.440203 -0.435363 -0.429938 -0.435363 -0.440203 -0.425967 -0.408212 -0.39836 -0.37219 -0.459348 
3.6 -6.30923 15 -0.458864 -0.372283 -0.398406 -0.40842 -0.426138 -0.440224 -0.43533 -0.429895 -0.435331 -0.440224 -0.426138 -0.40842 -0.398406 -0.372281 -0.458866 
3.61 -6.30923 16 -0.458382 -0.372374 -0.398454 -0.408628 -0.426309 -0.440243 -0.435298 -0.429853 -0.435298 -0.440242 -0.426308 -0.408628 -0.398454 -0.372372 -0.458384 
3.62 -6.30923 16 -0.457901 -0.372465 -0.398502 -0.408836 -0.426478 -0.440259 -0.435265 -0.429813 -0.435265 -0.440259 -0.426478 -0.408836 -0.398503 -0.372463 -0.457903 
3.63 -6.30923 16 -0.457422 -0.372556 -0.398552 -0.409044 -0.426646 -0.440273 -0.435232 -0.429775 -0.435232 -0.440273 -0.426646 -0.409044 -0.398553 -0.372555 -0.457424 
3.64 -6.30923 16 -0.456943 -0.372648 -0.398603 -0.409253 -0.426812 -0.440286 -0.435199 -0.429738 -0.435199 -0.440285 -0.426812 -0.409252 -0.398604 -0.372646 -0.456945 
3.65 -6.30923 16 -0.456466 -0.37274 -0.398655 -0.409461 -0.426978 -0.440296 -0.435166 -0.429703 -0.435166 -0.440295 -0.426978 -0.409461 -0.398656 -0.372738 -0.456468 
3.66 -6.30923 16 -0.45599 -0.372832 -0.398708 -0.409669 -0.427142 -0.440304 -0.435133 -0.429669 -0.435133 -0.440303 -0.427142 -0.409669 -0.398709 -0.372831 -0.455992 
3.67 -6.30923 16 -0.455515 -0.372925 -0.398763 -0.409878 -0.427305 -0.44031 -0.435099 -0.429637 -0.4351 -0.440309 -0.427305 -0.409878 -0.398763 -0.372923 -0.455517 
3.68 -6.30923 16 -0.455041 -0.373018 -0.398818 -0.410086 -0.427467 -0.440313 -0.435066 -0.429607 -0.435066 -0.440313 -0.427467 -0.410086 -0.398818 -0.373016 -0.455043 
3.69 -6.30923 16 -0.454568 -0.373111 -0.398874 -0.410295 -0.427628 -0.440315 -0.435033 -0.429578 -0.435033 -0.440315 -0.427628 -0.410294 -0.398875 -0.373109 -0.45457 
3.7 -6.30923 16 -0.454097 -0.373205 -0.398932 -0.410503 -0.427787 -0.440315 -0.435 -0.42955 -0.435 -0.440315 -0.427787 -0.410503 -0.398932 -0.373203 -0.454098 
3.71 -6.30923 16 -0.453626 -0.373299 -0.39899 -0.410711 -0.427945 -0.440313 -0.434966 -0.429525 -0.434967 -0.440312 -0.427945 -0.410711 -0.398991 -0.373297 -0.453628 
3.72 -6.30923 16 -0.453157 -0.373393 -0.39905 -0.410919 -0.428102 -0.440308 -0.434933 -0.4295 -0.434933 -0.440308 -0.428101 -0.410919 -0.39905 -0.373392 -0.453159 
3.73 -6.30923 17 -0.452689 -0.373488 -0.39911 -0.411127 -0.428257 -0.440302 -0.4349 -0.429478 -0.4349 -0.440302 -0.428257 -0.411127 -0.399111 -0.373487 -0.452691 
3.74 -6.30923 17 -0.452222 -0.373584 -0.399172 -0.411335 -0.428411 -0.440294 -0.434867 -0.429457 -0.434867 -0.440294 -0.428411 -0.411335 -0.399172 -0.373582 -0.452224 
3.75 -6.30923 17 -0.451757 -0.373679 -0.399235 -0.411543 -0.428563 -0.440284 -0.434834 -0.429437 -0.434834 -0.440283 -0.428563 -0.411542 -0.399235 -0.373678 -0.451758 
3.76 -6.30923 17 -0.451292 -0.373776 -0.399299 -0.41175 -0.428715 -0.440272 -0.434801 -0.429419 -0.434801 -0.440271 -0.428715 -0.411749 -0.399299 -0.373774 -0.451294 
3.77 -6.30923 17 -0.450829 -0.373873 -0.399363 -0.411957 -0.428865 -0.440258 -0.434767 -0.429402 -0.434768 -0.440257 -0.428865 -0.411956 -0.399364 -0.373871 -0.450831 
3.78 -6.30923 17 -0.450367 -0.37397 -0.399429 -0.412163 -0.429013 -0.440242 -0.434734 -0.429387 -0.434735 -0.440242 -0.429013 -0.412163 -0.39943 -0.373968 -0.450369 
3.79 -6.30923 17 -0.449907 -0.374068 -0.399496 -0.412369 -0.42916 -0.440224 -0.434702 -0.429374 -0.434702 -0.440224 -0.42916 -0.412369 -0.399496 -0.374066 -0.449908 
3.8 -6.30923 17 -0.449447 -0.374166 -0.399564 -0.412575 -0.429306 -0.440205 -0.434669 -0.429361 -0.434669 -0.440204 -0.429306 -0.412575 -0.399564 -0.374164 -0.449449 
3.81 -6.30923 17 -0.448989 -0.374265 -0.399633 -0.412781 -0.42945 -0.440183 -0.434636 -0.429351 -0.434636 -0.440183 -0.42945 -0.41278 -0.399633 -0.374263 -0.448991 
3.82 -6.30923 17 -0.448532 -0.374365 -0.399703 -0.412986 -0.429593 -0.44016 -0.434603 -0.429342 -0.434603 -0.44016 -0.429593 -0.412985 -0.399703 -0.374363 -0.448534 
3.83 -6.30923 17 -0.448077 -0.374465 -0.399774 -0.41319 -0.429735 -0.440136 -0.434571 -0.429334 -0.434571 -0.440135 -0.429735 -0.41319 -0.399774 -0.374463 -0.448079 
3.84 -6.30923 17 -0.447623 -0.374565 -0.399846 -0.413394 -0.429875 -0.440109 -0.434538 -0.429327 -0.434538 -0.440109 -0.429875 -0.413393 -0.399846 -0.374564 -0.447624 
3.85 -6.30923 18 -0.44717 -0.374667 -0.399919 -0.413597 -0.430013 -0.440081 -0.434506 -0.429322 -0.434506 -0.44008 -0.430013 -0.413597 -0.399919 -0.374665 -0.447171 
3.86 -6.30923 18 -0.446718 -0.374768 -0.399993 -0.4138 -0.43015 -0.440051 -0.434474 -0.429319 -0.434474 -0.44005 -0.43015 -0.413799 -0.399993 -0.374767 -0.44672 
3.87 -6.30923 18 -0.446268 -0.374871 -0.400067 -0.414002 -0.430286 -0.440019 -0.434441 -0.429317 -0.434442 -0.440019 -0.430286 -0.414001 -0.400068 -0.374869 -0.44627 
3.88 -6.30923 18 -0.445819 -0.374974 -0.400143 -0.414203 -0.43042 -0.439986 -0.43441 -0.429316 -0.43441 -0.439985 -0.43042 -0.414203 -0.400144 -0.374972 -0.445821 
3.89 -6.30923 18 -0.445372 -0.375078 -0.40022 -0.414404 -0.430552 -0.439951 -0.434378 -0.429317 -0.434378 -0.43995 -0.430552 -0.414404 -0.400221 -0.375076 -0.445374 
3.9 -6.30923 18 -0.444926 -0.375182 -0.400298 -0.414604 -0.430683 -0.439914 -0.434346 -0.429319 -0.434346 -0.439914 -0.430684 -0.414604 -0.400298 -0.37518 -0.444928 
3.91 -6.30923 18 -0.444481 -0.375287 -0.400377 -0.414803 -0.430813 -0.439876 -0.434314 -0.429322 -0.434315 -0.439876 -0.430813 -0.414803 -0.400377 -0.375285 -0.444483 
3.92 -6.30923 18 -0.444038 -0.375392 -0.400457 -0.415002 -0.430941 -0.439836 -0.434283 -0.429327 -0.434283 -0.439836 -0.430941 -0.415001 -0.400457 -0.375391 -0.44404 
3.93 -6.30923 18 -0.443596 -0.375499 -0.400538 -0.415199 -0.431067 -0.439795 -0.434252 -0.429333 -0.434252 -0.439795 -0.431068 -0.415199 -0.400538 -0.375497 -0.443598 
3.94 -6.30923 18 -0.443156 -0.375605 -0.40062 -0.415396 -0.431192 -0.439752 -0.434221 -0.42934 -0.434221 -0.439752 -0.431193 -0.415396 -0.40062 -0.375604 -0.443158 
3.95 -6.30923 18 -0.442718 -0.375713 -0.400702 -0.415592 -0.431316 -0.439708 -0.43419 -0.429348 -0.43419 -0.439708 -0.431316 -0.415591 -0.400703 -0.375711 -0.442719 
3.96 -6.30923 18 -0.44228 -0.375821 -0.400786 -0.415787 -0.431438 -0.439662 -0.434159 -0.429358 -0.43416 -0.439662 -0.431438 -0.415786 -0.400786 -0.375819 -0.442282 
3.97 -6.30923 18 -0.441845 -0.37593 -0.400871 -0.415981 -0.431558 -0.439615 -0.434129 -0.429369 -0.434129 -0.439615 -0.431558 -0.41598 -0.400871 -0.375928 -0.441846 
3.98 -6.30923 18 -0.441411 -0.376039 -0.400957 -0.416174 -0.431677 -0.439567 -0.434099 -0.429382 -0.434099 -0.439566 -0.431677 -0.416173 -0.400957 -0.376038 -0.441412 
3.99 -6.30923 18 -0.440978 -0.376149 -0.401043 -0.416366 -0.431794 -0.439517 -0.434069 -0.429395 -0.434069 -0.439516 -0.431794 -0.416365 -0.401043 -0.376148 -0.44098 
4 -6.30923 19 -0.440547 -0.37626 -0.401131 -0.416557 -0.431909 -0.439465 -0.434039 -0.42941 -0.434039 -0.439465 -0.43191 -0.416556 -0.401131 -0.376258 -0.440549 
4.01 -6.30923 19 -0.440118 -0.376371 -0.401219 -0.416747 -0.432023 -0.439413 -0.434009 -0.429426 -0.434009 -0.439412 -0.432024 -0.416746 -0.401219 -0.37637 -0.440119 
4.02 -6.30923 19 -0.43969 -0.376483 -0.401309 -0.416935 -0.432136 -0.439359 -0.43398 -0.429443 -0.43398 -0.439358 -0.432136 -0.416935 -0.401309 -0.376482 -0.439692 
4.03 -6.30923 19 -0.439264 -0.376596 -0.401399 -0.417123 -0.432246 -0.439304 -0.433951 -0.429461 -0.433951 -0.439303 -0.432247 -0.417123 -0.401399 -0.376594 -0.439265 
4.04 -6.30923 19 -0.438839 -0.376709 -0.401491 -0.417309 -0.432356 -0.439247 -0.433922 -0.429481 -0.433922 -0.439247 -0.432356 -0.417309 -0.401491 -0.376707 -0.438841 
4.05 -6.30923 19 -0.438416 -0.376823 -0.401583 -0.417495 -0.432463 -0.439189 -0.433893 -0.429501 -0.433893 -0.439189 -0.432463 -0.417494 -0.401583 -0.376821 -0.438418 
4.06 -6.30923 19 -0.437995 -0.376937 -0.401676 -0.417679 -0.432569 -0.43913 -0.433864 -0.429523 -0.433864 -0.43913 -0.432569 -0.417678 -0.401676 -0.376935 -0.437997 
4.07 -6.30923 19 -0.437576 -0.377052 -0.401771 -0.417861 -0.432673 -0.43907 -0.433836 -0.429546 -0.433836 -0.43907 -0.432674 -0.417861 -0.401771 -0.37705 -0.437578 
4.08 -6.30923 19 -0.437158 -0.377168 -0.401866 -0.418043 -0.432776 -0.439009 -0.433808 -0.429569 -0.433808 -0.439009 -0.432776 -0.418043 -0.401866 -0.377166 -0.43716 
4.09 -6.30923 19 -0.436743 -0.377284 -0.401962 -0.418223 -0.432877 -0.438947 -0.43378 -0.429594 -0.43378 -0.438946 -0.432878 -0.418223 -0.401962 -0.377282 -0.436744 
4.1 -6.30923 19 -0.436329 -0.3774 -0.402059 -0.418402 -0.432977 -0.438883 -0.433753 -0.42962 -0.433753 -0.438883 -0.432977 -0.418402 -0.402059 -0.377399 -0.43633 
4.11 -6.30923 19 -0.435917 -0.377518 -0.402157 -0.418579 -0.433075 -0.438818 -0.433725 -0.429647 -0.433725 -0.438818 -0.433075 -0.418579 -0.402157 -0.377516 -0.435918 
4.12 -6.30923 19 -0.435506 -0.377636 -0.402256 -0.418755 -0.433171 -0.438753 -0.433698 -0.429675 -0.433698 -0.438752 -0.433171 -0.418755 -0.402256 -0.377634 -0.435508 
4.13 -6.30923 19 -0.435098 -0.377754 -0.402356 -0.41893 -0.433265 -0.438686 -0.433671 -0.429704 -0.433671 -0.438686 -0.433266 -0.41893 -0.402356 -0.377752 -0.4351 
4.14 -6.30923 20 -0.434691 -0.377873 -0.402457 -0.419103 -0.433358 -0.438618 -0.433645 -0.429734 -0.433645 -0.438618 -0.433359 -0.419103 -0.402457 -0.377871 -0.434693 
4.15 -6.30923 20 -0.434287 -0.377992 -0.402559 -0.419275 -0.433449 -0.43855 -0.433619 -0.429765 -0.433619 -0.438549 -0.43345 -0.419275 -0.402559 -0.377991 -0.434288 
4.16 -6.30923 20 -0.433884 -0.378112 -0.402661 -0.419445 -0.433539 -0.43848 -0.433593 -0.429797 -0.433593 -0.43848 -0.433539 -0.419445 -0.402661 -0.378111 -0.433886 
4.17 -6.30923 20 -0.433483 -0.378233 -0.402765 -0.419614 -0.433627 -0.438409 -0.433567 -0.42983 -0.433567 -0.438409 -0.433627 -0.419614 -0.402765 -0.378231 -0.433485 
4.18 -6.30923 20 -0.433084 -0.378353 -0.40287 -0.419781 -0.433713 -0.438338 -0.433542 -0.429864 -0.433542 -0.438337 -0.433714 -0.419781 -0.402869 -0.378352 -0.433086 
4.19 -6.30923 20 -0.432688 -0.378475 -0.402975 -0.419946 -0.433798 -0.438265 -0.433516 -0.429899 -0.433516 -0.438265 -0.433798 -0.419946 -0.402975 -0.378473 -0.432689 
4.2 -6.30923 20 -0.432293 -0.378596 -0.403082 -0.42011 -0.433881 -0.438192 -0.433491 -0.429934 -0.433491 -0.438192 -0.433881 -0.42011 -0.403081 -0.378595 -0.432295 
4.21 -6.30923 20 -0.4319 -0.378718 -0.403189 -0.420272 -0.433962 -0.438118 -0.433467 -0.429971 -0.433467 -0.438118 -0.433963 -0.420272 -0.403189 -0.378717 -0.431902 
4.22 -6.30923 20 -0.43151 -0.378841 -0.403297 -0.420433 -0.434042 -0.438043 -0.433443 -0.430008 -0.433442 -0.438043 -0.434042 -0.420433 -0.403297 -0.378839 -0.431512 
4.23 -6.30923 20 -0.431122 -0.378964 -0.403407 -0.420592 -0.43412 -0.437968 -0.433418 -0.430046 -0.433418 -0.437967 -0.43412 -0.420591 -0.403407 -0.378962 -0.431123 
4.24 -6.30923 20 -0.430735 -0.379087 -0.403517 -0.420749 -0.434196 -0.437891 -0.433395 -0.430085 -0.433395 -0.437891 -0.434197 -0.420749 -0.403517 -0.379085 -0.430737 
4.25 -6.30923 20 -0.430352 -0.37921 -0.403628 -0.420904 -0.434271 -0.437814 -0.433371 -0.430125 -0.433371 -0.437814 -0.434272 -0.420904 -0.403628 -0.379209 -0.430353 
4.26 -6.30923 20 -0.42997 -0.379334 -0.40374 -0.421057 -0.434344 -0.437736 -0.433348 -0.430165 -0.433348 -0.437736 -0.434345 -0.421057 -0.40374 -0.379333 -0.429972 
4.27 -6.30923 21 -0.42959 -0.379458 -0.403853 -0.421209 -0.434416 -0.437658 -0.433325 -0.430207 -0.433325 -0.437657 -0.434416 -0.421209 -0.403853 -0.379457 -0.429592 
4.28 -6.30923 21 -0.429213 -0.379583 -0.403967 -0.421359 -0.434485 -0.437578 -0.433302 -0.430248 -0.433302 -0.437578 -0.434486 -0.421359 -0.403967 -0.379581 -0.429215 
4.29 -6.30923 21 -0.428838 -0.379707 -0.404082 -0.421507 -0.434553 -0.437499 -0.43328 -0.430291 -0.43328 -0.437498 -0.434554 -0.421507 -0.404082 -0.379706 -0.42884 
4.3 -6.30923 21 -0.428466 -0.379832 -0.404198 -0.421653 -0.43462 -0.437418 -0.433258 -0.430335 -0.433258 -0.437418 -0.43462 -0.421653 -0.404198 -0.379831 -0.428467 
4.31 -6.30923 21 -0.428095 -0.379957 -0.404315 -0.421798 -0.434685 -0.437337 -0.433236 -0.430379 -0.433236 -0.437337 -0.434685 -0.421798 -0.404315 -0.379956 -0.428097 
4.32 -6.30923 21 -0.427727 -0.380082 -0.404433 -0.42194 -0.434748 -0.437256 -0.433215 -0.430423 -0.433215 -0.437255 -0.434748 -0.42194 -0.404432 -0.380081 -0.427729 
4.33 -6.30923 21 -0.427362 -0.380208 -0.404551 -0.422081 -0.434809 -0.437174 -0.433194 -0.430469 -0.433193 -0.437173 -0.43481 -0.422081 -0.404551 -0.380206 -0.427364 
4.34 -6.30923 21 -0.426999 -0.380333 -0.404671 -0.422219 -0.434869 -0.437091 -0.433173 -0.430515 -0.433173 -0.437091 -0.43487 -0.422219 -0.404671 -0.380331 -0.427001 
4.35 -6.30923 21 -0.426639 -0.380459 -0.404792 -0.422356 -0.434927 -0.437008 -0.433152 -0.430562 -0.433152 -0.437008 -0.434928 -0.422356 -0.404791 -0.380457 -0.426641 
4.36 -6.30923 21 -0.426281 -0.380584 -0.404913 -0.42249 -0.434984 -0.436924 -0.433132 -0.430609 -0.433132 -0.436924 -0.434984 -0.42249 -0.404913 -0.380582 -0.426283 
4.37 -6.30923 21 -0.425925 -0.38071 -0.405036 -0.422623 -0.435039 -0.43684 -0.433112 -0.430657 -0.433112 -0.43684 -0.435039 -0.422623 -0.405035 -0.380708 -0.425927 
4.38 -6.30923 21 -0.425573 -0.380835 -0.405159 -0.422753 -0.435092 -0.436756 -0.433092 -0.430705 -0.433092 -0.436756 -0.435092 -0.422753 -0.405159 -0.380833 -0.425575 
4.39 -6.30923 21 -0.425223 -0.380961 -0.405283 -0.422882 -0.435143 -0.436671 -0.433073 -0.430754 -0.433072 -0.436671 -0.435144 -0.422882 -0.405283 -0.380959 -0.425224 
