time energy SvN maxBondDim localEnergy 
0 -6.91174 0.592307 37 -0.654357 -0.293102 -0.568737 -0.334223 -0.544405 -0.348861 -0.535766 -0.352834 -0.535766 -0.348861 -0.544405 -0.334223 -0.568737 -0.293102 -0.654357 
0 -5.25929 0.0199909 9 -0.41765 -0.365807 -0.375893 -0.37359 -0.377658 -0.353364 -0.457016 0.182671 -0.457016 -0.353364 -0.377658 -0.37359 -0.375893 -0.365807 -0.41765 
0.01 -5.25929 0.0199909 8 -0.41765 -0.365807 -0.375893 -0.37359 -0.377658 -0.353364 -0.457016 0.182671 -0.457016 -0.353364 -0.377658 -0.37359 -0.375893 -0.365807 -0.41765 
0.02 -5.25929 0.0199909 8 -0.41765 -0.365807 -0.375893 -0.37359 -0.377658 -0.353364 -0.457017 0.182671 -0.457016 -0.353364 -0.377658 -0.37359 -0.375893 -0.365807 -0.41765 
0.03 -5.25929 0.0199909 8 -0.41765 -0.365807 -0.375893 -0.37359 -0.377658 -0.353364 -0.457017 0.182671 -0.457017 -0.353364 -0.377658 -0.37359 -0.375893 -0.365807 -0.41765 
0.04 -5.25929 0.0199909 8 -0.41765 -0.365807 -0.375893 -0.37359 -0.377658 -0.353365 -0.457017 0.182671 -0.457017 -0.353365 -0.377658 -0.37359 -0.375893 -0.365807 -0.41765 
0.05 -5.25929 0.0199909 8 -0.41765 -0.365807 -0.375893 -0.37359 -0.377658 -0.353365 -0.457018 0.18267 -0.457018 -0.353365 -0.377658 -0.37359 -0.375893 -0.365807 -0.41765 
0.06 -5.25929 0.0199909 8 -0.41765 -0.365807 -0.375893 -0.37359 -0.377659 -0.353365 -0.457019 0.18267 -0.457019 -0.353365 -0.377659 -0.37359 -0.375893 -0.365807 -0.41765 
0.07 -5.2593 0.0199909 8 -0.41765 -0.365807 -0.375893 -0.37359 -0.377659 -0.353365 -0.45702 0.182669 -0.45702 -0.353365 -0.377659 -0.37359 -0.375893 -0.365807 -0.41765 
0.08 -5.2593 0.0199909 8 -0.41765 -0.365807 -0.375893 -0.37359 -0.377659 -0.353365 -0.457022 0.182668 -0.457022 -0.353365 -0.377659 -0.37359 -0.375893 -0.365807 -0.41765 
0.09 -5.25931 0.0199909 8 -0.41765 -0.365807 -0.375893 -0.37359 -0.377659 -0.353365 -0.457024 0.182666 -0.457024 -0.353365 -0.377659 -0.37359 -0.375893 -0.365807 -0.41765 
0.1 -5.25932 0.019991 8 -0.41765 -0.365807 -0.375893 -0.373591 -0.377659 -0.353365 -0.457027 0.182665 -0.457027 -0.353365 -0.377659 -0.373591 -0.375893 -0.365807 -0.41765 
0.11 -5.25933 0.019991 8 -0.41765 -0.365807 -0.375893 -0.373591 -0.377659 -0.353366 -0.457031 0.182663 -0.45703 -0.353366 -0.377659 -0.373591 -0.375893 -0.365806 -0.41765 
0.12 -5.25934 0.019991 8 -0.41765 -0.365807 -0.375893 -0.373591 -0.37766 -0.353366 -0.457035 0.18266 -0.457035 -0.353366 -0.37766 -0.373591 -0.375893 -0.365806 -0.41765 
0.13 -5.25936 0.019991 8 -0.41765 -0.365807 -0.375893 -0.373591 -0.37766 -0.353366 -0.45704 0.182657 -0.45704 -0.353366 -0.37766 -0.373591 -0.375893 -0.365806 -0.41765 
0.14 -5.25937 0.0199911 8 -0.41765 -0.365807 -0.375893 -0.373591 -0.37766 -0.353367 -0.457046 0.182654 -0.457046 -0.353367 -0.37766 -0.373591 -0.375893 -0.365806 -0.41765 
0.15 -5.25939 0.0199911 8 -0.41765 -0.365807 -0.375893 -0.373591 -0.377661 -0.353367 -0.457053 0.18265 -0.457052 -0.353368 -0.377661 -0.373591 -0.375893 -0.365806 -0.41765 
0.16 -5.25942 0.0199912 8 -0.41765 -0.365807 -0.375894 -0.373591 -0.377662 -0.353368 -0.457061 0.182645 -0.45706 -0.353368 -0.377662 -0.373591 -0.375894 -0.365806 -0.41765 
0.17 -5.25945 0.0199913 8 -0.41765 -0.365807 -0.375894 -0.373592 -0.377662 -0.353369 -0.45707 0.18264 -0.45707 -0.353369 -0.377662 -0.373592 -0.375894 -0.365806 -0.41765 
0.18 -5.25948 0.0199914 8 -0.41765 -0.365807 -0.375894 -0.373592 -0.377663 -0.35337 -0.457081 0.182634 -0.45708 -0.35337 -0.377663 -0.373592 -0.375894 -0.365807 -0.41765 
0.19 -5.25951 0.0199915 8 -0.41765 -0.365807 -0.375894 -0.373592 -0.377664 -0.353371 -0.457093 0.182627 -0.457092 -0.353371 -0.377664 -0.373592 -0.375894 -0.365807 -0.41765 
0.2 -5.25955 0.0199917 8 -0.41765 -0.365807 -0.375894 -0.373592 -0.377665 -0.353372 -0.457106 0.182619 -0.457105 -0.353372 -0.377665 -0.373592 -0.375894 -0.365807 -0.41765 
0.21 -5.2596 0.0199919 8 -0.41765 -0.365807 -0.375894 -0.373593 -0.377666 -0.353373 -0.457121 0.18261 -0.45712 -0.353373 -0.377666 -0.373593 -0.375894 -0.365807 -0.41765 
0.22 -5.25965 0.0199921 8 -0.41765 -0.365807 -0.375894 -0.373593 -0.377667 -0.353374 -0.457137 0.1826 -0.457137 -0.353375 -0.377667 -0.373593 -0.375894 -0.365807 -0.41765 
0.23 -5.2597 0.0199924 8 -0.41765 -0.365807 -0.375894 -0.373594 -0.377669 -0.353376 -0.457156 0.182589 -0.457155 -0.353376 -0.377669 -0.373594 -0.375894 -0.365807 -0.41765 
0.24 -5.25976 0.0199927 8 -0.41765 -0.365807 -0.375895 -0.373594 -0.37767 -0.353377 -0.457176 0.182577 -0.457175 -0.353378 -0.37767 -0.373594 -0.375895 -0.365807 -0.41765 
0.25 -5.25983 0.0199931 8 -0.41765 -0.365807 -0.375895 -0.373595 -0.377672 -0.353379 -0.457199 0.182563 -0.457198 -0.35338 -0.377672 -0.373595 -0.375895 -0.365807 -0.41765 
0.26 -5.2599 0.0199935 8 -0.41765 -0.365807 -0.375895 -0.373595 -0.377674 -0.353381 -0.457224 0.182548 -0.457222 -0.353382 -0.377674 -0.373595 -0.375895 -0.365807 -0.417651 
0.27 -5.25998 0.019994 8 -0.417649 -0.365807 -0.375895 -0.373596 -0.377676 -0.353383 -0.457251 0.182532 -0.457249 -0.353384 -0.377676 -0.373596 -0.375895 -0.365807 -0.417651 
0.28 -5.26007 0.0199946 8 -0.417649 -0.365807 -0.375895 -0.373597 -0.377679 -0.353386 -0.45728 0.182514 -0.457279 -0.353386 -0.377679 -0.373597 -0.375895 -0.365807 -0.417651 
0.29 -5.26017 0.0199953 8 -0.417649 -0.365807 -0.375896 -0.373598 -0.377681 -0.353388 -0.457312 0.182494 -0.457311 -0.353389 -0.377681 -0.373598 -0.375896 -0.365807 -0.417651 
0.3 -5.26027 0.0199961 8 -0.417649 -0.365807 -0.375896 -0.373598 -0.377684 -0.353391 -0.457347 0.182473 -0.457346 -0.353391 -0.377684 -0.373598 -0.375896 -0.365807 -0.417651 
0.31 -5.26039 0.0199971 8 -0.417649 -0.365807 -0.375896 -0.373599 -0.377687 -0.353394 -0.457385 0.18245 -0.457383 -0.353394 -0.377687 -0.373599 -0.375896 -0.365807 -0.417651 
0.32 -5.26051 0.0199981 8 -0.417649 -0.365808 -0.375897 -0.373601 -0.37769 -0.353397 -0.457426 0.182425 -0.457424 -0.353397 -0.37769 -0.373601 -0.375897 -0.365807 -0.417651 
0.33 -5.26064 0.0199993 8 -0.417649 -0.365808 -0.375897 -0.373602 -0.377694 -0.3534 -0.45747 0.182397 -0.457468 -0.353401 -0.377694 -0.373602 -0.375897 -0.365807 -0.417651 
0.34 -5.26078 0.0200007 8 -0.417649 -0.365808 -0.375898 -0.373603 -0.377698 -0.353404 -0.457517 0.182368 -0.457515 -0.353404 -0.377698 -0.373603 -0.375898 -0.365807 -0.417651 
0.35 -5.26094 0.0200022 8 -0.417649 -0.365808 -0.375898 -0.373604 -0.377702 -0.353407 -0.457568 0.182336 -0.457566 -0.353408 -0.377702 -0.373604 -0.375898 -0.365808 -0.417651 
0.36 -5.2611 0.020004 8 -0.417649 -0.365808 -0.375899 -0.373606 -0.377706 -0.353412 -0.457623 0.182302 -0.457621 -0.353412 -0.377706 -0.373606 -0.375899 -0.365808 -0.417651 
0.37 -5.26128 0.0200059 8 -0.417649 -0.365808 -0.375899 -0.373607 -0.377711 -0.353416 -0.457681 0.182265 -0.457679 -0.353416 -0.377711 -0.373607 -0.375899 -0.365808 -0.417651 
0.38 -5.26147 0.0200081 8 -0.417649 -0.365809 -0.3759 -0.373609 -0.377716 -0.35342 -0.457744 0.182225 -0.457742 -0.353421 -0.377716 -0.373609 -0.3759 -0.365808 -0.417651 
0.39 -5.26167 0.0200106 8 -0.417649 -0.365809 -0.375901 -0.373611 -0.377722 -0.353425 -0.457811 0.182182 -0.457808 -0.353426 -0.377722 -0.373611 -0.375901 -0.365808 -0.417651 
0.4 -5.26189 0.0200133 8 -0.417649 -0.365809 -0.375901 -0.373613 -0.377728 -0.35343 -0.457882 0.182136 -0.45788 -0.353431 -0.377728 -0.373613 -0.375901 -0.365808 -0.417652 
0.41 -5.26212 0.0200164 8 -0.417649 -0.365809 -0.375902 -0.373615 -0.377734 -0.353436 -0.457958 0.182087 -0.457956 -0.353436 -0.377734 -0.373615 -0.375902 -0.365809 -0.417652 
0.42 -5.26236 0.0200198 8 -0.417649 -0.36581 -0.375903 -0.373617 -0.377741 -0.353441 -0.458039 0.182035 -0.458036 -0.353442 -0.377741 -0.373617 -0.375903 -0.365809 -0.417652 
0.43 -5.26263 0.0200235 8 -0.417649 -0.36581 -0.375904 -0.373619 -0.377748 -0.353447 -0.458125 0.181979 -0.458122 -0.353448 -0.377748 -0.373619 -0.375904 -0.365809 -0.417652 
0.44 -5.2629 0.0200277 8 -0.41765 -0.36581 -0.375905 -0.373622 -0.377756 -0.353454 -0.458216 0.181919 -0.458213 -0.353455 -0.377756 -0.373622 -0.375905 -0.36581 -0.417652 
0.45 -5.2632 0.0200323 8 -0.41765 -0.365811 -0.375906 -0.373624 -0.377764 -0.35346 -0.458312 0.181855 -0.458309 -0.353461 -0.377764 -0.373624 -0.375906 -0.36581 -0.417652 
0.46 -5.26351 0.0200373 8 -0.41765 -0.365811 -0.375907 -0.373627 -0.377773 -0.353467 -0.458414 0.181787 -0.458411 -0.353468 -0.377773 -0.373627 -0.375907 -0.36581 -0.417653 
0.47 -5.26384 0.0200428 8 -0.41765 -0.365811 -0.375908 -0.37363 -0.377783 -0.353475 -0.458522 0.181715 -0.458518 -0.353476 -0.377783 -0.37363 -0.375908 -0.365811 -0.417653 
0.48 -5.26419 0.0200489 8 -0.41765 -0.365812 -0.375909 -0.373634 -0.377793 -0.353482 -0.458635 0.181638 -0.458632 -0.353483 -0.377793 -0.373634 -0.375909 -0.365811 -0.417653 
0.49 -5.26456 0.0200556 8 -0.41765 -0.365812 -0.37591 -0.373637 -0.377803 -0.35349 -0.458755 0.181556 -0.458751 -0.353491 -0.377803 -0.373637 -0.37591 -0.365811 -0.417653 
0.5 -5.26495 0.0200628 8 -0.41765 -0.365813 -0.375912 -0.373641 -0.377815 -0.353498 -0.458881 0.18147 -0.458877 -0.3535 -0.377815 -0.373641 -0.375912 -0.365812 -0.417653 
0.51 -5.26536 0.0200708 8 -0.41765 -0.365813 -0.375913 -0.373644 -0.377827 -0.353507 -0.459014 0.181378 -0.45901 -0.353508 -0.377827 -0.373644 -0.375913 -0.365812 -0.417654 
0.52 -5.26579 0.0200795 8 -0.41765 -0.365814 -0.375915 -0.373649 -0.37784 -0.353516 -0.459153 0.18128 -0.459149 -0.353518 -0.37784 -0.373649 -0.375915 -0.365813 -0.417654 
0.53 -5.26625 0.0200889 8 -0.41765 -0.365814 -0.375917 -0.373653 -0.377853 -0.353526 -0.4593 0.181177 -0.459295 -0.353527 -0.377853 -0.373653 -0.375917 -0.365813 -0.417654 
0.54 -5.26673 0.0200992 8 -0.417651 -0.365815 -0.375918 -0.373658 -0.377868 -0.353536 -0.459453 0.181068 -0.459449 -0.353537 -0.377868 -0.373658 -0.375918 -0.365814 -0.417654 
0.55 -5.26723 0.0201103 8 -0.417651 -0.365815 -0.37592 -0.373662 -0.377883 -0.353546 -0.459614 0.180952 -0.459609 -0.353547 -0.377883 -0.373662 -0.37592 -0.365815 -0.417655 
0.56 -5.26776 0.0201224 8 -0.417651 -0.365816 -0.375922 -0.373668 -0.377899 -0.353557 -0.459782 0.18083 -0.459777 -0.353558 -0.377899 -0.373668 -0.375922 -0.365815 -0.417655 
0.57 -5.26831 0.0201355 8 -0.417651 -0.365817 -0.375924 -0.373673 -0.377916 -0.353568 -0.459958 0.180701 -0.459953 -0.353569 -0.377916 -0.373673 -0.375924 -0.365816 -0.417655 
0.58 -5.26889 0.0201496 8 -0.417652 -0.365818 -0.375927 -0.373679 -0.377934 -0.353579 -0.460141 0.180565 -0.460137 -0.353581 -0.377934 -0.373679 -0.375927 -0.365817 -0.417656 
0.59 -5.2695 0.0201649 8 -0.417652 -0.365818 -0.375929 -0.373685 -0.377954 -0.353591 -0.460333 0.180421 -0.460328 -0.353593 -0.377953 -0.373685 -0.375929 -0.365817 -0.417656 
0.6 -5.27014 0.0201815 8 -0.417652 -0.365819 -0.375931 -0.373691 -0.377974 -0.353604 -0.460532 0.18027 -0.460527 -0.353605 -0.377974 -0.373691 -0.375931 -0.365818 -0.417657 
0.61 -5.2708 0.0201993 8 -0.417652 -0.36582 -0.375934 -0.373698 -0.377995 -0.353616 -0.46074 0.180111 -0.460735 -0.353618 -0.377995 -0.373698 -0.375934 -0.365819 -0.417657 
0.62 -5.2715 0.0202185 8 -0.417653 -0.365821 -0.375937 -0.373705 -0.378018 -0.35363 -0.460956 0.179943 -0.460951 -0.353631 -0.378017 -0.373705 -0.375937 -0.36582 -0.417658 
0.63 -5.27222 0.0202391 8 -0.417653 -0.365822 -0.37594 -0.373713 -0.378041 -0.353643 -0.461181 0.179766 -0.461175 -0.353645 -0.378041 -0.373713 -0.37594 -0.365821 -0.417658 
0.64 -5.27298 0.0202613 8 -0.417654 -0.365823 -0.375943 -0.373721 -0.378066 -0.353658 -0.461414 0.179581 -0.461408 -0.353659 -0.378066 -0.373721 -0.375943 -0.365822 -0.417659 
0.65 -5.27376 0.0202852 8 -0.417654 -0.365824 -0.375946 -0.373729 -0.378093 -0.353672 -0.461655 0.179386 -0.46165 -0.353674 -0.378093 -0.373729 -0.375946 -0.365823 -0.417659 
0.66 -5.27458 0.0203108 8 -0.417655 -0.365826 -0.37595 -0.373738 -0.378121 -0.353687 -0.461905 0.179181 -0.4619 -0.353689 -0.37812 -0.373738 -0.37595 -0.365824 -0.41766 
0.67 -5.27543 0.0203382 8 -0.417655 -0.365827 -0.375953 -0.373747 -0.37815 -0.353703 -0.462164 0.178966 -0.462158 -0.353705 -0.37815 -0.373747 -0.375953 -0.365826 -0.41766 
0.68 -5.27632 0.0203676 8 -0.417656 -0.365828 -0.375957 -0.373757 -0.378181 -0.353719 -0.462432 0.17874 -0.462426 -0.353721 -0.378181 -0.373757 -0.375957 -0.365827 -0.417661 
0.69 -5.27724 0.0203991 8 -0.417656 -0.36583 -0.375961 -0.373767 -0.378213 -0.353735 -0.462708 0.178503 -0.462702 -0.353737 -0.378213 -0.373767 -0.375961 -0.365828 -0.417662 
0.7 -5.27819 0.0204328 8 -0.417657 -0.365831 -0.375966 -0.373778 -0.378247 -0.353752 -0.462993 0.178255 -0.462987 -0.353754 -0.378247 -0.373778 -0.375966 -0.36583 -0.417662 
0.71 -5.27918 0.0204688 8 -0.417657 -0.365833 -0.37597 -0.37379 -0.378283 -0.35377 -0.463287 0.177996 -0.46328 -0.353772 -0.378283 -0.37379 -0.37597 -0.365831 -0.417663 
0.72 -5.28021 0.0205072 8 -0.417658 -0.365834 -0.375975 -0.373802 -0.378321 -0.353787 -0.463589 0.177724 -0.463582 -0.35379 -0.378321 -0.373802 -0.375975 -0.365833 -0.417664 
0.73 -5.28127 0.0205482 8 -0.417659 -0.365836 -0.37598 -0.373814 -0.378361 -0.353806 -0.463899 0.177439 -0.463893 -0.353808 -0.378361 -0.373814 -0.37598 -0.365835 -0.417665 
0.74 -5.28237 0.020592 8 -0.41766 -0.365838 -0.375985 -0.373828 -0.378402 -0.353824 -0.464218 0.177142 -0.464212 -0.353827 -0.378402 -0.373828 -0.375985 -0.365836 -0.417666 
0.75 -5.28351 0.0206386 8 -0.417661 -0.36584 -0.375991 -0.373842 -0.378446 -0.353844 -0.464546 0.176831 -0.464539 -0.353846 -0.378446 -0.373842 -0.375991 -0.365838 -0.417667 
0.76 -5.28468 0.0206883 8 -0.417661 -0.365842 -0.375997 -0.373856 -0.378492 -0.353863 -0.464881 0.176506 -0.464874 -0.353866 -0.378492 -0.373856 -0.375997 -0.36584 -0.417668 
0.77 -5.28589 0.0207412 8 -0.417662 -0.365844 -0.376003 -0.373872 -0.37854 -0.353883 -0.465224 0.176167 -0.465217 -0.353886 -0.37854 -0.373872 -0.376003 -0.365842 -0.417669 
0.78 -5.28714 0.0207975 8 -0.417663 -0.365846 -0.376009 -0.373888 -0.378591 -0.353903 -0.465575 0.175813 -0.465568 -0.353906 -0.37859 -0.373888 -0.37601 -0.365845 -0.41767 
0.79 -5.28843 0.0208573 8 -0.417664 -0.365849 -0.376016 -0.373905 -0.378644 -0.353924 -0.465933 0.175443 -0.465926 -0.353926 -0.378643 -0.373905 -0.376016 -0.365847 -0.417671 
0.8 -5.28975 0.0209208 8 -0.417666 -0.365851 -0.376023 -0.373923 -0.378699 -0.353945 -0.466299 0.175058 -0.466291 -0.353947 -0.378699 -0.373923 -0.376024 -0.36585 -0.417672 
0.81 -5.29112 0.0209883 8 -0.417667 -0.365854 -0.376031 -0.373942 -0.378757 -0.353966 -0.466671 0.174657 -0.466664 -0.353969 -0.378757 -0.373942 -0.376031 -0.365852 -0.417673 
0.82 -5.29252 0.0210599 8 -0.417668 -0.365857 -0.376039 -0.373962 -0.378818 -0.353987 -0.46705 0.174239 -0.467042 -0.35399 -0.378818 -0.373962 -0.376039 -0.365855 -0.417675 
0.83 -5.29396 0.0211358 8 -0.417669 -0.36586 -0.376047 -0.373982 -0.378882 -0.354009 -0.467435 0.173805 -0.467427 -0.354012 -0.378882 -0.373982 -0.376048 -0.365858 -0.417676 
0.84 -5.29545 0.0212163 8 -0.417671 -0.365863 -0.376056 -0.374004 -0.378949 -0.35403 -0.467826 0.173352 -0.467818 -0.354033 -0.378948 -0.374004 -0.376056 -0.365861 -0.417678 
0.85 -5.29696 0.0213015 8 -0.417672 -0.365866 -0.376066 -0.374027 -0.379019 -0.354052 -0.468222 0.172881 -0.468214 -0.354055 -0.379018 -0.374027 -0.376066 -0.365864 -0.417679 
0.86 -5.29852 0.0213918 8 -0.417674 -0.365869 -0.376075 -0.374051 -0.379091 -0.354074 -0.468623 0.172392 -0.468615 -0.354077 -0.379091 -0.374051 -0.376076 -0.365867 -0.417681 
0.87 -5.30012 0.0214874 8 -0.417676 -0.365873 -0.376086 -0.374076 -0.379168 -0.354096 -0.469029 0.171884 -0.469021 -0.354099 -0.379167 -0.374076 -0.376086 -0.365871 -0.417683 
0.88 -5.30175 0.0215885 8 -0.417677 -0.365877 -0.376096 -0.374102 -0.379247 -0.354117 -0.469438 0.171357 -0.46943 -0.354121 -0.379247 -0.374102 -0.376097 -0.365875 -0.417685 
0.89 -5.30343 0.0216953 8 -0.417679 -0.36588 -0.376108 -0.374129 -0.37933 -0.354139 -0.469852 0.170809 -0.469844 -0.354142 -0.37933 -0.374129 -0.376108 -0.365878 -0.417687 
0.9 -5.30514 0.0218082 8 -0.417681 -0.365885 -0.37612 -0.374158 -0.379417 -0.35416 -0.470268 0.170241 -0.47026 -0.354163 -0.379417 -0.374158 -0.37612 -0.365883 -0.417689 
0.91 -5.30688 0.0219274 8 -0.417683 -0.365889 -0.376132 -0.374188 -0.379508 -0.354181 -0.470687 0.169652 -0.470678 -0.354184 -0.379507 -0.374188 -0.376132 -0.365887 -0.417691 
0.92 -5.30867 0.0220533 8 -0.417686 -0.365893 -0.376145 -0.37422 -0.379602 -0.354201 -0.471107 0.169041 -0.471099 -0.354204 -0.379602 -0.37422 -0.376145 -0.365891 -0.417693 
0.93 -5.31049 0.0221861 8 -0.417688 -0.365898 -0.376159 -0.374253 -0.3797 -0.35422 -0.471529 0.168409 -0.471521 -0.354224 -0.3797 -0.374253 -0.376159 -0.365896 -0.417696 
0.94 -5.31234 0.0223262 8 -0.41769 -0.365903 -0.376174 -0.374288 -0.379803 -0.354239 -0.471952 0.167754 -0.471943 -0.354243 -0.379802 -0.374288 -0.376174 -0.365901 -0.417698 
0.95 -5.31424 0.0224738 8 -0.417693 -0.365909 -0.376189 -0.374324 -0.379909 -0.354257 -0.472374 0.167077 -0.472366 -0.354261 -0.379909 -0.374324 -0.376189 -0.365906 -0.417701 
0.96 -5.31616 0.0226293 8 -0.417696 -0.365914 -0.376205 -0.374362 -0.38002 -0.354274 -0.472796 0.166376 -0.472788 -0.354278 -0.38002 -0.374362 -0.376205 -0.365912 -0.417704 
0.97 -5.31812 0.0227931 8 -0.417699 -0.36592 -0.376222 -0.374402 -0.380136 -0.35429 -0.473217 0.165651 -0.473209 -0.354294 -0.380135 -0.374402 -0.376222 -0.365918 -0.417707 
0.98 -5.32011 0.0229655 8 -0.417702 -0.365926 -0.376239 -0.374444 -0.380256 -0.354304 -0.473637 0.164903 -0.473628 -0.354308 -0.380255 -0.374444 -0.376239 -0.365924 -0.41771 
0.99 -5.32214 0.0231469 8 -0.417705 -0.365933 -0.376258 -0.374488 -0.38038 -0.354317 -0.474053 0.164129 -0.474045 -0.354321 -0.38038 -0.374488 -0.376258 -0.36593 -0.417713 
1 -5.3242 0.0233376 8 -0.417708 -0.365939 -0.376277 -0.374533 -0.38051 -0.354329 -0.474467 0.163331 -0.474458 -0.354333 -0.380509 -0.374533 -0.376277 -0.365937 -0.417716 
1.01 -5.32628 0.0235381 8 -0.417712 -0.365946 -0.376298 -0.374581 -0.380644 -0.354338 -0.474877 0.162507 -0.474868 -0.354342 -0.380643 -0.374581 -0.376298 -0.365944 -0.41772 
1.02 -5.3284 0.0237487 8 -0.417716 -0.365954 -0.376319 -0.37463 -0.380783 -0.354346 -0.475282 0.161658 -0.475273 -0.35435 -0.380782 -0.37463 -0.376319 -0.365952 -0.417724 
1.03 -5.33055 0.0239699 8 -0.41772 -0.365962 -0.376341 -0.374682 -0.380927 -0.354351 -0.475683 0.160782 -0.475674 -0.354355 -0.380927 -0.374682 -0.376342 -0.365959 -0.417728 
1.04 -5.33273 0.0242021 8 -0.417724 -0.36597 -0.376365 -0.374737 -0.381077 -0.354354 -0.476077 0.159879 -0.476068 -0.354358 -0.381076 -0.374737 -0.376365 -0.365968 -0.417732 
1.05 -5.33493 0.0244457 8 -0.417728 -0.365979 -0.37639 -0.374793 -0.381231 -0.354354 -0.476465 0.15895 -0.476457 -0.354358 -0.38123 -0.374793 -0.37639 -0.365976 -0.417736 
1.06 -5.33716 0.0247012 8 -0.417733 -0.365988 -0.376415 -0.374853 -0.381391 -0.354351 -0.476847 0.157993 -0.476838 -0.354355 -0.38139 -0.374853 -0.376416 -0.365985 -0.417741 
1.07 -5.33942 0.024969 8 -0.417738 -0.365997 -0.376443 -0.374914 -0.381556 -0.354345 -0.47722 0.157008 -0.477211 -0.354349 -0.381556 -0.374914 -0.376443 -0.365995 -0.417746 
1.08 -5.3417 0.0252496 8 -0.417743 -0.366007 -0.376471 -0.374979 -0.381727 -0.354336 -0.477586 0.155995 -0.477577 -0.35434 -0.381726 -0.374979 -0.376471 -0.366005 -0.417751 
1.09 -5.34401 0.0255434 8 -0.417748 -0.366018 -0.376501 -0.375046 -0.381903 -0.354323 -0.477942 0.154954 -0.477933 -0.354327 -0.381902 -0.375046 -0.376501 -0.366015 -0.417756 
1.1 -5.34634 0.0258511 8 -0.417754 -0.366029 -0.376532 -0.375116 -0.382085 -0.354306 -0.478289 0.153884 -0.47828 -0.35431 -0.382084 -0.375116 -0.376532 -0.366026 -0.417762 
1.11 -5.34869 0.026173 8 -0.41776 -0.36604 -0.376565 -0.375189 -0.382272 -0.354285 -0.478626 0.152785 -0.478617 -0.35429 -0.382271 -0.375189 -0.376565 -0.366038 -0.417768 
1.12 -5.35106 0.0265097 8 -0.417766 -0.366052 -0.376599 -0.375265 -0.382465 -0.35426 -0.478953 0.151656 -0.478944 -0.354264 -0.382464 -0.375265 -0.376599 -0.36605 -0.417774 
1.13 -5.35346 0.0268617 8 -0.417772 -0.366065 -0.376635 -0.375344 -0.382663 -0.35423 -0.479269 0.150498 -0.479259 -0.354234 -0.382662 -0.375344 -0.376635 -0.366063 -0.417781 
1.14 -5.35587 0.0272295 8 -0.417779 -0.366078 -0.376673 -0.375426 -0.382867 -0.354195 -0.479573 0.149311 -0.479563 -0.354199 -0.382866 -0.375426 -0.376673 -0.366076 -0.417788 
1.15 -5.35831 0.0276137 8 -0.417787 -0.366092 -0.376712 -0.375512 -0.383077 -0.354155 -0.479865 0.148093 -0.479855 -0.354159 -0.383076 -0.375512 -0.376712 -0.36609 -0.417795 
1.16 -5.36076 0.0280148 8 -0.417794 -0.366107 -0.376753 -0.3756 -0.383292 -0.354109 -0.480144 0.146844 -0.480135 -0.354114 -0.383291 -0.3756 -0.376754 -0.366105 -0.417803 
1.17 -5.36322 0.0284334 8 -0.417802 -0.366123 -0.376797 -0.375693 -0.383512 -0.354058 -0.480411 0.145566 -0.480401 -0.354063 -0.383512 -0.375693 -0.376797 -0.36612 -0.417811 
1.18 -5.36571 0.02887 8 -0.417811 -0.366139 -0.376842 -0.375789 -0.383739 -0.354001 -0.480664 0.144256 -0.480655 -0.354005 -0.383738 -0.375789 -0.376842 -0.366136 -0.417819 
1.19 -5.36821 0.0293253 8 -0.41782 -0.366156 -0.376889 -0.375888 -0.38397 -0.353937 -0.480903 0.142916 -0.480894 -0.353942 -0.383969 -0.375888 -0.376889 -0.366153 -0.417828 
1.2 -5.37073 0.0297998 8 -0.417829 -0.366174 -0.376938 -0.375991 -0.384207 -0.353867 -0.481129 0.141544 -0.481119 -0.353872 -0.384206 -0.375991 -0.376939 -0.366171 -0.417837 
1.21 -5.37325 0.0302941 8 -0.417839 -0.366192 -0.37699 -0.376098 -0.384449 -0.35379 -0.48134 0.140142 -0.48133 -0.353795 -0.384448 -0.376098 -0.376991 -0.36619 -0.417847 
1.22 -5.3758 0.0308088 8 -0.417849 -0.366212 -0.377044 -0.376209 -0.384696 -0.353706 -0.481536 0.138708 -0.481527 -0.353711 -0.384695 -0.376209 -0.377045 -0.366209 -0.417857 
1.23 -5.37835 0.0313446 8 -0.41786 -0.366232 -0.377101 -0.376323 -0.384949 -0.353615 -0.481717 0.137242 -0.481708 -0.35362 -0.384948 -0.376323 -0.377101 -0.36623 -0.417868 
1.24 -5.38092 0.0319019 8 -0.417871 -0.366254 -0.37716 -0.376442 -0.385206 -0.353516 -0.481883 0.135746 -0.481874 -0.353521 -0.385205 -0.376442 -0.37716 -0.366251 -0.417879 
1.25 -5.3835 0.0324815 8 -0.417883 -0.366277 -0.377221 -0.376565 -0.385468 -0.35341 -0.482034 0.134217 -0.482025 -0.353415 -0.385467 -0.376565 -0.377222 -0.366274 -0.417891 
1.26 -5.38609 0.033084 8 -0.417896 -0.3663 -0.377286 -0.376691 -0.385734 -0.353295 -0.482169 0.132657 -0.48216 -0.3533 -0.385733 -0.376691 -0.377286 -0.366298 -0.417904 
1.27 -5.38868 0.03371 8 -0.417909 -0.366325 -0.377353 -0.376822 -0.386005 -0.353172 -0.482288 0.131066 -0.482279 -0.353178 -0.386004 -0.376822 -0.377353 -0.366323 -0.417917 
1.28 -5.39129 0.0343602 8 -0.417923 -0.366351 -0.377423 -0.376957 -0.38628 -0.353041 -0.482391 0.129442 -0.482382 -0.353047 -0.386279 -0.376957 -0.377423 -0.366349 -0.417931 
1.29 -5.39391 0.0350351 8 -0.417937 -0.366378 -0.377496 -0.377096 -0.38656 -0.352902 -0.482479 0.127787 -0.482469 -0.352907 -0.386559 -0.377096 -0.377497 -0.366376 -0.417945 
1.3 -5.39653 0.0357355 8 -0.417952 -0.366407 -0.377572 -0.377239 -0.386843 -0.352753 -0.482549 0.1261 -0.48254 -0.352759 -0.386842 -0.377239 -0.377573 -0.366404 -0.41796 
1.31 -5.39916 0.036462 8 -0.417968 -0.366437 -0.377652 -0.377387 -0.38713 -0.352595 -0.482604 0.124382 -0.482595 -0.352601 -0.387128 -0.377387 -0.377652 -0.366434 -0.417976 
1.32 -5.4018 0.0372152 8 -0.417985 -0.366468 -0.377735 -0.377538 -0.38742 -0.352429 -0.482643 0.122632 -0.482634 -0.352434 -0.387418 -0.377538 -0.377735 -0.366466 -0.417993 
1.33 -5.40445 0.0379958 8 -0.418003 -0.366501 -0.377821 -0.377694 -0.387713 -0.352253 -0.482665 0.120851 -0.482656 -0.352258 -0.387712 -0.377694 -0.377821 -0.366499 -0.418011 
1.34 -5.4071 0.0388044 8 -0.418021 -0.366535 -0.377911 -0.377854 -0.388009 -0.352067 -0.48267 0.119038 -0.482661 -0.352073 -0.388008 -0.377854 -0.377911 -0.366533 -0.418029 
1.35 -5.40976 0.0396417 8 -0.418041 -0.366571 -0.378004 -0.378018 -0.388308 -0.351873 -0.48266 0.117194 -0.482651 -0.351878 -0.388307 -0.378018 -0.378004 -0.366569 -0.418049 
1.36 -5.41242 0.0405084 8 -0.418061 -0.366609 -0.378101 -0.378186 -0.388609 -0.351668 -0.482633 0.115318 -0.482624 -0.351674 -0.388608 -0.378186 -0.378101 -0.366607 -0.418069 
1.37 -5.41508 0.0414051 8 -0.418083 -0.366649 -0.378202 -0.378358 -0.388913 -0.351454 -0.48259 0.113411 -0.482581 -0.351459 -0.388911 -0.378358 -0.378202 -0.366646 -0.41809 
1.38 -5.41775 0.0423325 8 -0.418105 -0.36669 -0.378307 -0.378534 -0.389218 -0.351229 -0.482531 0.111474 -0.482522 -0.351235 -0.389217 -0.378534 -0.378307 -0.366687 -0.418113 
1.39 -5.42043 0.0432912 8 -0.418129 -0.366733 -0.378416 -0.378714 -0.389525 -0.350995 -0.482455 0.109505 -0.482446 -0.351001 -0.389523 -0.378714 -0.378416 -0.366731 -0.418136 
1.4 -5.42311 0.044282 8 -0.418153 -0.366778 -0.378529 -0.378898 -0.389833 -0.350751 -0.482364 0.107506 -0.482355 -0.350757 -0.389831 -0.378898 -0.378529 -0.366776 -0.418161 
1.41 -5.42579 0.0453053 8 -0.418179 -0.366825 -0.378646 -0.379085 -0.390142 -0.350497 -0.482257 0.105477 -0.482248 -0.350503 -0.39014 -0.379085 -0.378646 -0.366823 -0.418187 
1.42 -5.42847 0.046362 8 -0.418207 -0.366875 -0.378767 -0.379276 -0.390452 -0.350233 -0.482134 0.103417 -0.482125 -0.350239 -0.39045 -0.379276 -0.378767 -0.366872 -0.418214 
1.43 -5.43116 0.0474525 8 -0.418235 -0.366926 -0.378893 -0.37947 -0.390762 -0.349959 -0.481996 0.101328 -0.481987 -0.349965 -0.39076 -0.37947 -0.378893 -0.366924 -0.418242 
1.44 -5.43384 0.0485777 8 -0.418265 -0.36698 -0.379023 -0.379668 -0.391072 -0.349675 -0.481842 0.099208 -0.481833 -0.349681 -0.391071 -0.379668 -0.379023 -0.366978 -0.418272 
1.45 -5.43653 0.0497381 8 -0.418296 -0.367036 -0.379158 -0.379869 -0.391382 -0.34938 -0.481673 0.0970589 -0.481664 -0.349386 -0.391381 -0.379869 -0.379158 -0.367034 -0.418304 
1.46 -5.43922 0.0509344 8 -0.418329 -0.367095 -0.379297 -0.380072 -0.391692 -0.349076 -0.481489 0.0948805 -0.48148 -0.349082 -0.391691 -0.380072 -0.379297 -0.367092 -0.418336 
1.47 -5.44191 0.0521672 8 -0.418364 -0.367156 -0.379441 -0.380279 -0.392001 -0.348762 -0.48129 0.0926731 -0.481282 -0.348768 -0.391999 -0.380279 -0.379441 -0.367154 -0.418371 
1.48 -5.44461 0.0534371 8 -0.4184 -0.36722 -0.379589 -0.380488 -0.392309 -0.348438 -0.481077 0.0904368 -0.481068 -0.348444 -0.392307 -0.380488 -0.37959 -0.367218 -0.418407 
1.49 -5.4473 0.0547447 8 -0.418438 -0.367286 -0.379742 -0.380699 -0.392616 -0.348104 -0.480849 0.0881721 -0.48084 -0.34811 -0.392614 -0.380699 -0.379743 -0.367284 -0.418445 
1.5 -5.44999 0.0560907 8 -0.418478 -0.367356 -0.3799 -0.380913 -0.392921 -0.34776 -0.480607 0.0858792 -0.480598 -0.347767 -0.392919 -0.380913 -0.379901 -0.367354 -0.418484 
1.51 -5.45268 0.0574757 8 -0.418519 -0.367428 -0.380063 -0.381129 -0.393224 -0.347407 -0.480351 0.0835585 -0.480342 -0.347414 -0.393222 -0.381129 -0.380063 -0.367426 -0.418526 
1.52 -5.45538 0.0589003 8 -0.418563 -0.367503 -0.380231 -0.381346 -0.393525 -0.347044 -0.480081 0.0812102 -0.480072 -0.347051 -0.393524 -0.381346 -0.380231 -0.367501 -0.418569 
1.53 -5.45807 0.060365 8 -0.418608 -0.367582 -0.380403 -0.381565 -0.393824 -0.346672 -0.479798 0.0788347 -0.479789 -0.346679 -0.393822 -0.381565 -0.380403 -0.36758 -0.418615 
1.54 -5.46076 0.0618704 8 -0.418656 -0.367663 -0.38058 -0.381785 -0.39412 -0.346291 -0.479501 0.0764324 -0.479492 -0.346297 -0.394119 -0.381785 -0.38058 -0.367661 -0.418662 
1.55 -5.46345 0.0634171 8 -0.418706 -0.367748 -0.380762 -0.382007 -0.394414 -0.3459 -0.479191 0.0740035 -0.479183 -0.345906 -0.394412 -0.382007 -0.380762 -0.367746 -0.418712 
1.56 -5.46614 0.0650058 8 -0.418758 -0.367836 -0.380948 -0.382229 -0.394704 -0.3455 -0.478869 0.0715485 -0.47886 -0.345506 -0.394703 -0.382229 -0.380949 -0.367834 -0.418765 
1.57 -5.46883 0.0666368 8 -0.418813 -0.367928 -0.38114 -0.382451 -0.394992 -0.345091 -0.478534 0.0690677 -0.478526 -0.345098 -0.39499 -0.382451 -0.38114 -0.367926 -0.418819 
1.58 -5.47152 0.0683108 8 -0.41887 -0.368023 -0.381335 -0.382674 -0.395275 -0.344674 -0.478187 0.0665615 -0.478179 -0.34468 -0.395274 -0.382674 -0.381336 -0.368021 -0.418876 
1.59 -5.4742 0.0700283 8 -0.41893 -0.368122 -0.381536 -0.382896 -0.395556 -0.344248 -0.477828 0.0640303 -0.47782 -0.344254 -0.395554 -0.382896 -0.381536 -0.36812 -0.418936 
1.6 -5.47688 0.0717899 8 -0.418993 -0.368224 -0.381741 -0.383119 -0.395832 -0.343813 -0.477457 0.0614746 -0.477449 -0.34382 -0.39583 -0.383119 -0.381741 -0.368222 -0.418998 
1.61 -5.47956 0.0735959 8 -0.419058 -0.36833 -0.38195 -0.383341 -0.396104 -0.343371 -0.477075 0.0588946 -0.477067 -0.343377 -0.396103 -0.383341 -0.38195 -0.368328 -0.419064 
1.62 -5.48224 0.075447 8 -0.419126 -0.36844 -0.382164 -0.383561 -0.396373 -0.34292 -0.476682 0.0562908 -0.476674 -0.342927 -0.396371 -0.383562 -0.382164 -0.368438 -0.419132 
1.63 -5.48492 0.0773436 8 -0.419198 -0.368554 -0.382381 -0.383781 -0.396637 -0.342462 -0.476278 0.0536637 -0.476269 -0.342468 -0.396635 -0.383781 -0.382382 -0.368552 -0.419203 
1.64 -5.48759 0.0792862 8 -0.419272 -0.368672 -0.382603 -0.384 -0.396896 -0.341996 -0.475863 0.0510136 -0.475855 -0.342002 -0.396895 -0.384 -0.382604 -0.36867 -0.419278 
1.65 -5.49026 0.0812752 8 -0.41935 -0.368794 -0.382829 -0.384217 -0.397151 -0.341522 -0.475438 0.048341 -0.475429 -0.341529 -0.39715 -0.384217 -0.382829 -0.368792 -0.419355 
1.66 -5.49293 0.0833111 8 -0.419431 -0.36892 -0.383059 -0.384432 -0.397402 -0.341041 -0.475002 0.0456464 -0.474994 -0.341048 -0.3974 -0.384432 -0.383059 -0.368918 -0.419436 
1.67 -5.49559 0.0853942 8 -0.419516 -0.369049 -0.383292 -0.384644 -0.397647 -0.340553 -0.474557 0.0429301 -0.474549 -0.34056 -0.397645 -0.384644 -0.383292 -0.369048 -0.419521 
1.68 -5.49825 0.0875251 8 -0.419604 -0.369183 -0.383529 -0.384855 -0.397888 -0.340059 -0.474103 0.0401927 -0.474095 -0.340066 -0.397886 -0.384855 -0.383529 -0.369182 -0.419609 
1.69 -5.5009 0.0897041 8 -0.419696 -0.369322 -0.383768 -0.385062 -0.398124 -0.339558 -0.473639 0.0374345 -0.473631 -0.339565 -0.398122 -0.385062 -0.383769 -0.36932 -0.419701 
1.7 -5.50355 0.0919316 8 -0.419792 -0.369464 -0.384011 -0.385267 -0.398354 -0.33905 -0.473166 0.0346562 -0.473158 -0.339057 -0.398352 -0.385267 -0.384012 -0.369462 -0.419797 
1.71 -5.5062 0.0942079 8 -0.419892 -0.36961 -0.384257 -0.385469 -0.39858 -0.338537 -0.472685 0.031858 -0.472677 -0.338544 -0.398578 -0.385469 -0.384257 -0.369608 -0.419897 
1.72 -5.50884 0.0965334 8 -0.419996 -0.369761 -0.384506 -0.385667 -0.3988 -0.338017 -0.472195 0.0290406 -0.472187 -0.338024 -0.398798 -0.385667 -0.384506 -0.369759 -0.420001 
1.73 -5.51148 0.0989085 8 -0.420104 -0.369916 -0.384756 -0.385861 -0.399015 -0.337492 -0.471696 0.0262043 -0.471689 -0.337499 -0.399013 -0.385862 -0.384757 -0.369914 -0.420109 
1.74 -5.51411 0.101333 8 -0.420217 -0.370074 -0.385009 -0.386052 -0.399225 -0.336962 -0.47119 0.0233497 -0.471183 -0.336968 -0.399223 -0.386052 -0.38501 -0.370073 -0.420221 
1.75 -5.51674 0.103808 8 -0.420334 -0.370237 -0.385264 -0.386239 -0.399429 -0.336426 -0.470677 0.0204772 -0.470669 -0.336433 -0.399428 -0.386239 -0.385265 -0.370236 -0.420338 
1.76 -5.51936 0.106334 8 -0.420456 -0.370404 -0.385521 -0.386422 -0.399629 -0.335885 -0.470156 0.0175874 -0.470148 -0.335892 -0.399627 -0.386422 -0.385521 -0.370402 -0.42046 
1.77 -5.52197 0.10891 8 -0.420582 -0.370575 -0.385779 -0.3866 -0.399822 -0.33534 -0.469627 0.0146807 -0.46962 -0.335347 -0.399821 -0.386601 -0.385779 -0.370573 -0.420586 
1.78 -5.52458 0.111537 8 -0.420713 -0.37075 -0.386039 -0.386774 -0.400011 -0.33479 -0.469092 0.0117577 -0.469085 -0.334797 -0.400009 -0.386774 -0.386039 -0.370748 -0.420717 
1.79 -5.52718 0.114215 8 -0.420849 -0.370929 -0.386299 -0.386944 -0.400194 -0.334236 -0.46855 0.00881872 -0.468543 -0.334243 -0.400192 -0.386944 -0.386299 -0.370927 -0.420853 
1.8 -5.52978 0.116945 8 -0.42099 -0.371111 -0.38656 -0.387108 -0.400371 -0.333677 -0.468002 0.00586441 -0.467995 -0.333684 -0.400369 -0.387108 -0.38656 -0.371109 -0.420994 
1.81 -5.53236 0.119726 8 -0.421136 -0.371297 -0.386821 -0.387267 -0.400543 -0.333115 -0.467448 0.00289524 -0.467441 -0.333123 -0.400542 -0.387268 -0.386821 -0.371295 -0.42114 
1.82 -5.53494 0.122558 8 -0.421288 -0.371486 -0.387083 -0.387422 -0.40071 -0.33255 -0.466888 -8.82947e-05 -0.466881 -0.332557 -0.400708 -0.387422 -0.387083 -0.371485 -0.421291 
1.83 -5.53751 0.125443 8 -0.421444 -0.371679 -0.387344 -0.387571 -0.400871 -0.331981 -0.466322 -0.00308567 -0.466315 -0.331988 -0.400869 -0.387571 -0.387344 -0.371677 -0.421448 
1.84 -5.54008 0.12838 8 -0.421606 -0.371875 -0.387605 -0.387715 -0.401027 -0.33141 -0.465751 -0.00609638 -0.465744 -0.331417 -0.401025 -0.387715 -0.387605 -0.371874 -0.42161 
1.85 -5.54263 0.131368 8 -0.421774 -0.372074 -0.387866 -0.387854 -0.401178 -0.330835 -0.465175 -0.00911991 -0.465168 -0.330842 -0.401176 -0.387854 -0.387866 -0.372073 -0.421777 
1.86 -5.54518 0.134409 8 -0.421947 -0.372276 -0.388125 -0.387987 -0.401323 -0.330258 -0.464594 -0.0121558 -0.464587 -0.330265 -0.401321 -0.387987 -0.388126 -0.372275 -0.42195 
1.87 -5.54771 0.137502 8 -0.422125 -0.372481 -0.388384 -0.388115 -0.401463 -0.329678 -0.464008 -0.0152034 -0.464001 -0.329685 -0.401461 -0.388115 -0.388384 -0.372479 -0.422128 
1.88 -5.55024 0.140647 8 -0.422309 -0.372688 -0.388641 -0.388237 -0.401597 -0.329097 -0.463418 -0.0182623 -0.463411 -0.329104 -0.401595 -0.388238 -0.388641 -0.372687 -0.422312 
1.89 -5.55275 0.143845 8 -0.422499 -0.372897 -0.388897 -0.388354 -0.401726 -0.328513 -0.462824 -0.0213319 -0.462816 -0.328521 -0.401724 -0.388354 -0.388897 -0.372896 -0.422502 
1.9 -5.55526 0.147095 8 -0.422694 -0.373109 -0.38915 -0.388465 -0.40185 -0.327928 -0.462225 -0.0244118 -0.462218 -0.327935 -0.401848 -0.388465 -0.38915 -0.373108 -0.422697 
1.91 -5.55775 0.150397 8 -0.422895 -0.373323 -0.389402 -0.388571 -0.401969 -0.327342 -0.461623 -0.0275014 -0.461616 -0.327349 -0.401967 -0.388571 -0.389402 -0.373321 -0.422898 
1.92 -5.56023 0.153751 8 -0.423102 -0.373538 -0.389651 -0.38867 -0.402082 -0.326754 -0.461018 -0.0306002 -0.461011 -0.326761 -0.402081 -0.388671 -0.389651 -0.373536 -0.423105 
1.93 -5.5627 0.157158 8 -0.423314 -0.373754 -0.389898 -0.388764 -0.402191 -0.326166 -0.460409 -0.0337076 -0.460402 -0.326173 -0.402189 -0.388765 -0.389898 -0.373753 -0.423317 
1.94 -5.56516 0.160616 8 -0.423532 -0.373972 -0.390142 -0.388853 -0.402294 -0.325577 -0.459797 -0.0368233 -0.45979 -0.325584 -0.402292 -0.388853 -0.390143 -0.373971 -0.423535 
1.95 -5.5676 0.164127 8 -0.423756 -0.37419 -0.390384 -0.388936 -0.402392 -0.324987 -0.459182 -0.0399465 -0.459175 -0.324994 -0.40239 -0.388936 -0.390384 -0.374189 -0.423758 
1.96 -5.57003 0.167689 8 -0.423985 -0.37441 -0.390622 -0.389013 -0.402485 -0.324397 -0.458564 -0.0430768 -0.458557 -0.324404 -0.402483 -0.389013 -0.390622 -0.374408 -0.423987 
1.97 -5.57244 0.171303 8 -0.424219 -0.374629 -0.390857 -0.389084 -0.402573 -0.323807 -0.457944 -0.0462138 -0.457938 -0.323814 -0.402571 -0.389085 -0.390857 -0.374628 -0.424221 
1.98 -5.57484 0.174969 8 -0.424459 -0.374849 -0.391089 -0.38915 -0.402656 -0.323217 -0.457322 -0.0493568 -0.457315 -0.323225 -0.402654 -0.389151 -0.391089 -0.374848 -0.424461 
1.99 -5.57722 0.178686 8 -0.424704 -0.375068 -0.391317 -0.38921 -0.402734 -0.322628 -0.456698 -0.0525053 -0.456691 -0.322635 -0.402732 -0.389211 -0.391317 -0.375067 -0.424706 
2 -5.57959 0.182454 8 -0.424954 -0.375287 -0.391541 -0.389265 -0.402807 -0.322039 -0.456072 -0.0556589 -0.456065 -0.322047 -0.402805 -0.389266 -0.391542 -0.375286 -0.424956 
2.01 -5.58194 0.186274 8 -0.425209 -0.375505 -0.391762 -0.389315 -0.402875 -0.321452 -0.455444 -0.0588171 -0.455438 -0.321459 -0.402873 -0.389315 -0.391762 -0.375504 -0.425211 
2.02 -5.58427 0.190144 8 -0.425469 -0.375723 -0.391979 -0.389359 -0.402938 -0.320865 -0.454815 -0.0619792 -0.454809 -0.320872 -0.402936 -0.389359 -0.391979 -0.375722 -0.425471 
2.03 -5.58659 0.194064 8 -0.425734 -0.375939 -0.392192 -0.389397 -0.402996 -0.320279 -0.454185 -0.0651448 -0.454178 -0.320287 -0.402995 -0.389398 -0.392192 -0.375937 -0.425736 
2.04 -5.58888 0.198034 8 -0.426003 -0.376153 -0.3924 -0.389431 -0.40305 -0.319696 -0.453553 -0.0683134 -0.453547 -0.319703 -0.403048 -0.389431 -0.3924 -0.376152 -0.426005 
2.05 -5.59116 0.202054 8 -0.426276 -0.376365 -0.392605 -0.389459 -0.403099 -0.319113 -0.452921 -0.0714845 -0.452915 -0.319121 -0.403097 -0.389459 -0.392605 -0.376364 -0.426278 
2.06 -5.59342 0.206124 8 -0.426554 -0.376576 -0.392805 -0.389482 -0.403143 -0.318533 -0.452288 -0.0746575 -0.452282 -0.31854 -0.403141 -0.389482 -0.392805 -0.376575 -0.426556 
2.07 -5.59565 0.210243 8 -0.426835 -0.376784 -0.393001 -0.389499 -0.403182 -0.317955 -0.451655 -0.077832 -0.451648 -0.317962 -0.40318 -0.3895 -0.393001 -0.376783 -0.426837 
2.08 -5.59787 0.21441 8 -0.42712 -0.376989 -0.393192 -0.389512 -0.403217 -0.317379 -0.451021 -0.0810074 -0.451015 -0.317386 -0.403215 -0.389513 -0.393192 -0.376988 -0.427122 
2.09 -5.60006 0.218626 8 -0.427408 -0.377191 -0.393379 -0.38952 -0.403247 -0.316806 -0.450387 -0.0841833 -0.450381 -0.316813 -0.403245 -0.389521 -0.393379 -0.37719 -0.42741 
2.1 -5.60223 0.222889 8 -0.4277 -0.377391 -0.393562 -0.389523 -0.403272 -0.316235 -0.449753 -0.0873592 -0.449747 -0.316242 -0.40327 -0.389524 -0.393562 -0.37739 -0.427701 
2.11 -5.60438 0.227201 8 -0.427994 -0.377587 -0.393739 -0.389521 -0.403293 -0.315668 -0.44912 -0.0905345 -0.449113 -0.315675 -0.403291 -0.389522 -0.393739 -0.377586 -0.427995 
2.12 -5.6065 0.231559 8 -0.428291 -0.377779 -0.393913 -0.389515 -0.403309 -0.315103 -0.448486 -0.0937087 -0.44848 -0.31511 -0.403307 -0.389515 -0.393913 -0.377778 -0.428292 
2.13 -5.6086 0.235964 8 -0.42859 -0.377967 -0.394082 -0.389504 -0.403321 -0.314542 -0.447854 -0.0968815 -0.447847 -0.314549 -0.403319 -0.389504 -0.394082 -0.377966 -0.428591 
2.14 -5.61067 0.240414 8 -0.42889 -0.378151 -0.394246 -0.389488 -0.403328 -0.313984 -0.447222 -0.100052 -0.447216 -0.313991 -0.403326 -0.389489 -0.394246 -0.37815 -0.428892 
2.15 -5.61272 0.244911 8 -0.429193 -0.378331 -0.394406 -0.389468 -0.40333 -0.31343 -0.44659 -0.10322 -0.446584 -0.313437 -0.403328 -0.389469 -0.394406 -0.37833 -0.429194 
2.16 -5.61474 0.249452 8 -0.429496 -0.378507 -0.394561 -0.389443 -0.403328 -0.31288 -0.44596 -0.106386 -0.445954 -0.312887 -0.403326 -0.389444 -0.394561 -0.378506 -0.429497 
2.17 -5.61673 0.254038 8 -0.429801 -0.378677 -0.394712 -0.389415 -0.403322 -0.312334 -0.445332 -0.109548 -0.445326 -0.312341 -0.40332 -0.389415 -0.394712 -0.378677 -0.429802 
2.18 -5.6187 0.258667 8 -0.430106 -0.378843 -0.394859 -0.389382 -0.403311 -0.311792 -0.444704 -0.112705 -0.444698 -0.311799 -0.403309 -0.389382 -0.394859 -0.378843 -0.430107 
2.19 -5.62064 0.26334 8 -0.430411 -0.379004 -0.395001 -0.389345 -0.403295 -0.311255 -0.444078 -0.115859 -0.444072 -0.311262 -0.403294 -0.389345 -0.395001 -0.379004 -0.430412 
2.2 -5.62255 0.268056 8 -0.430717 -0.37916 -0.395138 -0.389303 -0.403276 -0.310722 -0.443454 -0.119007 -0.443448 -0.310729 -0.403274 -0.389304 -0.395138 -0.379159 -0.430718 
2.21 -5.62443 0.272813 8 -0.431022 -0.379311 -0.395271 -0.389258 -0.403251 -0.310194 -0.442831 -0.122151 -0.442825 -0.310201 -0.40325 -0.389259 -0.395271 -0.37931 -0.431022 
2.22 -5.62628 0.277612 8 -0.431326 -0.379456 -0.3954 -0.389209 -0.403223 -0.309671 -0.44221 -0.125288 -0.442205 -0.309678 -0.403221 -0.38921 -0.3954 -0.379455 -0.431327 
2.23 -5.6281 0.282452 8 -0.431629 -0.379595 -0.395524 -0.389157 -0.40319 -0.309153 -0.441592 -0.12842 -0.441586 -0.30916 -0.403188 -0.389157 -0.395524 -0.379595 -0.431629 
2.24 -5.62989 0.287332 8 -0.43193 -0.379729 -0.395645 -0.3891 -0.403153 -0.30864 -0.440976 -0.131544 -0.44097 -0.308647 -0.403151 -0.389101 -0.395645 -0.379729 -0.431931 
2.25 -5.63165 0.292251 8 -0.43223 -0.379857 -0.395761 -0.38904 -0.403111 -0.308133 -0.440362 -0.134662 -0.440356 -0.30814 -0.403109 -0.389041 -0.395761 -0.379857 -0.432231 
2.26 -5.63338 0.297209 8 -0.432528 -0.37998 -0.395873 -0.388977 -0.403065 -0.307631 -0.43975 -0.137771 -0.439745 -0.307638 -0.403063 -0.388977 -0.395873 -0.379979 -0.432528 
2.27 -5.63507 0.302205 8 -0.432823 -0.380096 -0.395981 -0.38891 -0.403014 -0.307135 -0.439142 -0.140873 -0.439136 -0.307142 -0.403013 -0.38891 -0.395981 -0.380096 -0.432824 
2.28 -5.63674 0.307238 8 -0.433116 -0.380207 -0.396085 -0.388839 -0.40296 -0.306645 -0.438535 -0.143967 -0.43853 -0.306652 -0.402958 -0.38884 -0.396084 -0.380206 -0.433116 
2.29 -5.63837 0.312307 8 -0.433405 -0.380311 -0.396184 -0.388765 -0.402901 -0.306161 -0.437932 -0.147051 -0.437927 -0.306168 -0.402899 -0.388766 -0.396184 -0.380311 -0.433406 
2.3 -5.63997 0.317412 8 -0.433691 -0.38041 -0.39628 -0.388688 -0.402837 -0.305683 -0.437332 -0.150126 -0.437327 -0.30569 -0.402836 -0.388689 -0.39628 -0.380409 -0.433692 
2.31 -5.64154 0.322553 8 -0.433974 -0.380502 -0.396373 -0.388608 -0.40277 -0.305212 -0.436735 -0.153192 -0.43673 -0.305219 -0.402768 -0.388609 -0.396373 -0.380502 -0.433975 
2.32 -5.64308 0.327727 8 -0.434253 -0.380589 -0.396461 -0.388525 -0.402698 -0.304747 -0.436142 -0.156247 -0.436137 -0.304754 -0.402696 -0.388526 -0.396461 -0.380588 -0.434254 
2.33 -5.64458 0.332934 8 -0.434528 -0.380669 -0.396546 -0.388439 -0.402621 -0.304289 -0.435551 -0.159292 -0.435546 -0.304296 -0.40262 -0.38844 -0.396546 -0.380668 -0.434528 
2.34 -5.64605 0.338175 8 -0.434798 -0.380743 -0.396627 -0.38835 -0.402541 -0.303838 -0.434965 -0.162326 -0.43496 -0.303844 -0.402539 -0.388351 -0.396627 -0.380743 -0.434799 
2.35 -5.64749 0.343446 8 -0.435064 -0.380811 -0.396705 -0.388258 -0.402456 -0.303393 -0.434382 -0.165349 -0.434377 -0.3034 -0.402455 -0.388259 -0.396705 -0.380811 -0.435064 
2.36 -5.64889 0.348749 8 -0.435325 -0.380873 -0.396779 -0.388163 -0.402367 -0.302956 -0.433802 -0.168359 -0.433797 -0.302962 -0.402366 -0.388164 -0.396779 -0.380873 -0.435325 
2.37 -5.65026 0.354081 8 -0.435581 -0.380929 -0.39685 -0.388065 -0.402274 -0.302525 -0.433227 -0.171358 -0.433222 -0.302532 -0.402272 -0.388066 -0.39685 -0.380929 -0.435582 
2.38 -5.6516 0.359443 8 -0.435832 -0.380979 -0.396917 -0.387965 -0.402176 -0.302102 -0.432655 -0.174344 -0.43265 -0.302109 -0.402175 -0.387966 -0.396917 -0.380979 -0.435832 
2.39 -5.65291 0.364833 8 -0.436078 -0.381023 -0.396981 -0.387862 -0.402075 -0.301687 -0.432087 -0.177318 -0.432083 -0.301694 -0.402073 -0.387863 -0.396981 -0.381023 -0.436078 
2.4 -5.65418 0.37025 8 -0.436318 -0.381062 -0.397042 -0.387757 -0.401969 -0.301279 -0.431524 -0.180278 -0.431519 -0.301286 -0.401967 -0.387758 -0.397042 -0.381061 -0.436318 
2.41 -5.65542 0.375694 8 -0.436552 -0.381094 -0.397099 -0.387649 -0.401859 -0.300879 -0.430965 -0.183224 -0.43096 -0.300886 -0.401857 -0.38765 -0.397099 -0.381093 -0.436553 
2.42 -5.65663 0.381163 8 -0.436781 -0.38112 -0.397154 -0.387539 -0.401744 -0.300486 -0.43041 -0.186157 -0.430405 -0.300493 -0.401743 -0.38754 -0.397154 -0.38112 -0.436781 
2.43 -5.6578 0.386657 8 -0.437004 -0.381141 -0.397205 -0.387426 -0.401626 -0.300102 -0.42986 -0.189075 -0.429855 -0.300109 -0.401624 -0.387427 -0.397205 -0.381141 -0.437004 
2.44 -5.65895 0.392174 8 -0.437221 -0.381156 -0.397254 -0.387311 -0.401503 -0.299726 -0.429314 -0.191979 -0.429309 -0.299732 -0.401502 -0.387312 -0.397254 -0.381156 -0.437221 
2.45 -5.66006 0.397715 8 -0.437432 -0.381166 -0.397299 -0.387194 -0.401376 -0.299357 -0.428773 -0.194868 -0.428768 -0.299364 -0.401375 -0.387195 -0.397299 -0.381165 -0.437432 
2.46 -5.66115 0.403277 8 -0.437637 -0.38117 -0.397342 -0.387075 -0.401245 -0.298997 -0.428236 -0.197741 -0.428232 -0.299004 -0.401244 -0.387076 -0.397342 -0.381169 -0.437637 
2.47 -5.6622 0.40886 8 -0.437835 -0.381168 -0.397382 -0.386953 -0.40111 -0.298646 -0.427705 -0.200599 -0.4277 -0.298652 -0.401108 -0.386954 -0.397382 -0.381168 -0.437836 
2.48 -5.66322 0.414462 8 -0.438028 -0.381162 -0.397419 -0.38683 -0.40097 -0.298302 -0.427178 -0.20344 -0.427174 -0.298309 -0.400969 -0.386831 -0.397419 -0.381161 -0.438028 
2.49 -5.66421 0.420084 8 -0.438214 -0.38115 -0.397453 -0.386704 -0.400827 -0.297968 -0.426656 -0.206266 -0.426652 -0.297974 -0.400825 -0.386705 -0.397453 -0.381149 -0.438214 
2.5 -5.66517 0.425724 8 -0.438394 -0.381133 -0.397485 -0.386576 -0.400679 -0.297642 -0.426139 -0.209074 -0.426135 -0.297648 -0.400678 -0.386577 -0.397485 -0.381132 -0.438395 
2.51 -5.66611 0.431381 8 -0.438568 -0.381111 -0.397514 -0.386446 -0.400527 -0.297324 -0.425628 -0.211866 -0.425624 -0.297331 -0.400526 -0.386448 -0.397513 -0.38111 -0.438569 
2.52 -5.66701 0.437054 8 -0.438736 -0.381084 -0.39754 -0.386315 -0.400372 -0.297016 -0.425121 -0.214641 -0.425117 -0.297022 -0.40037 -0.386316 -0.39754 -0.381083 -0.438736 
2.53 -5.66789 0.442742 8 -0.438898 -0.381052 -0.397564 -0.386181 -0.400212 -0.296717 -0.42462 -0.217398 -0.424616 -0.296723 -0.40021 -0.386183 -0.397564 -0.381051 -0.438898 
2.54 -5.66874 0.448445 8 -0.439053 -0.381015 -0.397585 -0.386046 -0.400048 -0.296426 -0.424124 -0.220137 -0.42412 -0.296432 -0.400046 -0.386047 -0.397585 -0.381015 -0.439054 
2.55 -5.66956 0.45416 8 -0.439203 -0.380974 -0.397604 -0.385909 -0.39988 -0.296145 -0.423634 -0.222859 -0.42363 -0.296151 -0.399878 -0.38591 -0.397604 -0.380974 -0.439203 
2.56 -5.67035 0.459887 8 -0.439346 -0.380928 -0.39762 -0.38577 -0.399708 -0.295872 -0.423149 -0.225562 -0.423145 -0.295879 -0.399706 -0.385771 -0.39762 -0.380928 -0.439347 
2.57 -5.67112 0.465626 8 -0.439484 -0.380878 -0.397634 -0.38563 -0.399532 -0.295609 -0.42267 -0.228246 -0.422666 -0.295616 -0.39953 -0.385631 -0.397634 -0.380878 -0.439484 
2.58 -5.67186 0.471375 8 -0.439616 -0.380824 -0.397645 -0.385487 -0.399352 -0.295356 -0.422196 -0.230911 -0.422192 -0.295362 -0.39935 -0.385489 -0.397645 -0.380823 -0.439616 
2.59 -5.67258 0.477133 9 -0.439741 -0.380765 -0.397654 -0.385344 -0.399168 -0.295111 -0.421728 -0.233558 -0.421724 -0.295118 -0.399166 -0.385345 -0.397654 -0.380765 -0.439741 
2.6 -5.67328 0.482899 9 -0.439861 -0.380703 -0.397661 -0.385198 -0.39898 -0.294876 -0.421266 -0.236185 -0.421262 -0.294883 -0.398978 -0.3852 -0.397661 -0.380702 -0.439861 
2.61 -5.67395 0.488672 9 -0.439976 -0.380636 -0.397666 -0.385051 -0.398788 -0.294651 -0.420809 -0.238792 -0.420805 -0.294657 -0.398787 -0.385053 -0.397665 -0.380636 -0.439976 
2.62 -5.67459 0.494452 9 -0.440085 -0.380566 -0.397668 -0.384903 -0.398592 -0.294435 -0.420358 -0.24138 -0.420354 -0.294441 -0.398591 -0.384904 -0.397668 -0.380565 -0.440085 
2.63 -5.67522 0.500237 9 -0.440188 -0.380492 -0.397668 -0.384753 -0.398392 -0.294229 -0.419913 -0.243948 -0.41991 -0.294235 -0.398391 -0.384754 -0.397667 -0.380491 -0.440188 
2.64 -5.67582 0.506026 9 -0.440286 -0.380414 -0.397665 -0.384601 -0.398189 -0.294032 -0.419474 -0.246495 -0.419471 -0.294038 -0.398188 -0.384603 -0.397665 -0.380414 -0.440286 
2.65 -5.6764 0.511818 9 -0.440379 -0.380333 -0.39766 -0.384449 -0.397982 -0.293846 -0.419041 -0.249022 -0.419038 -0.293852 -0.39798 -0.38445 -0.39766 -0.380332 -0.440379 
2.66 -5.67696 0.517612 9 -0.440467 -0.380248 -0.397654 -0.384294 -0.397771 -0.293669 -0.418614 -0.251528 -0.41861 -0.293675 -0.397769 -0.384296 -0.397654 -0.380248 -0.440467 
2.67 -5.6775 0.523408 9 -0.440549 -0.38016 -0.397645 -0.384139 -0.397556 -0.293501 -0.418193 -0.254013 -0.418189 -0.293507 -0.397555 -0.38414 -0.397644 -0.38016 -0.440549 
2.68 -5.67802 0.529204 9 -0.440627 -0.380069 -0.397633 -0.383982 -0.397337 -0.293344 -0.417778 -0.256478 -0.417775 -0.29335 -0.397336 -0.383983 -0.397633 -0.380069 -0.440627 
2.69 -5.67852 0.535 9 -0.4407 -0.379975 -0.39762 -0.383824 -0.397115 -0.293196 -0.417369 -0.258921 -0.417366 -0.293202 -0.397114 -0.383825 -0.39762 -0.379975 -0.4407 
2.7 -5.679 0.540793 9 -0.440768 -0.379878 -0.397604 -0.383664 -0.396889 -0.293059 -0.416966 -0.261342 -0.416963 -0.293065 -0.396888 -0.383666 -0.397604 -0.379878 -0.440768 
2.71 -5.67947 0.546584 9 -0.440832 -0.379779 -0.397586 -0.383503 -0.396659 -0.292931 -0.41657 -0.263742 -0.416566 -0.292937 -0.396658 -0.383505 -0.397586 -0.379778 -0.440832 
2.72 -5.67991 0.552372 9 -0.440891 -0.379676 -0.397566 -0.383341 -0.396426 -0.292814 -0.416179 -0.26612 -0.416176 -0.292819 -0.396425 -0.383343 -0.397566 -0.379676 -0.440891 
2.73 -5.68034 0.558155 9 -0.440946 -0.379571 -0.397544 -0.383178 -0.396189 -0.292706 -0.415795 -0.268477 -0.415792 -0.292712 -0.396188 -0.38318 -0.397544 -0.379571 -0.440946 
2.74 -5.68075 0.563932 9 -0.440997 -0.379464 -0.39752 -0.383014 -0.395949 -0.292608 -0.415417 -0.270811 -0.415414 -0.292614 -0.395948 -0.383015 -0.39752 -0.379464 -0.440997 
2.75 -5.68115 0.569704 9 -0.441044 -0.379354 -0.397493 -0.382848 -0.395705 -0.292521 -0.415046 -0.273123 -0.415043 -0.292527 -0.395704 -0.38285 -0.397493 -0.379354 -0.441044 
2.76 -5.68153 0.575467 9 -0.441086 -0.379242 -0.397465 -0.382682 -0.395458 -0.292443 -0.41468 -0.275412 -0.414677 -0.292449 -0.395457 -0.382683 -0.397464 -0.379242 -0.441087 
2.77 -5.68189 0.581223 10 -0.441125 -0.379128 -0.397434 -0.382514 -0.395208 -0.292376 -0.414321 -0.277679 -0.414318 -0.292382 -0.395207 -0.382516 -0.397434 -0.379127 -0.441125 
2.78 -5.68224 0.586969 10 -0.44116 -0.379011 -0.397401 -0.382346 -0.394954 -0.292319 -0.413968 -0.279924 -0.413966 -0.292324 -0.394953 -0.382347 -0.3974 -0.379011 -0.441161 
2.79 -5.68258 0.592705 10 -0.441192 -0.378893 -0.397365 -0.382176 -0.394696 -0.292272 -0.413622 -0.282146 -0.413619 -0.292277 -0.394695 -0.382177 -0.397365 -0.378893 -0.441192 
2.8 -5.6829 0.59843 10 -0.44122 -0.378773 -0.397328 -0.382005 -0.394436 -0.292235 -0.413282 -0.284344 -0.413279 -0.29224 -0.394435 -0.382007 -0.397328 -0.378773 -0.44122 
2.81 -5.68321 0.604143 10 -0.441244 -0.378651 -0.397288 -0.381833 -0.394172 -0.292208 -0.412948 -0.28652 -0.412946 -0.292213 -0.394171 -0.381835 -0.397288 -0.378651 -0.441245 
2.82 -5.68351 0.609843 10 -0.441266 -0.378528 -0.397246 -0.381661 -0.393906 -0.292191 -0.412621 -0.288673 -0.412618 -0.292196 -0.393905 -0.381662 -0.397246 -0.378527 -0.441266 
2.83 -5.6838 0.61553 10 -0.441284 -0.378403 -0.397202 -0.381487 -0.393636 -0.292184 -0.4123 -0.290803 -0.412297 -0.29219 -0.393635 -0.381488 -0.397202 -0.378402 -0.441284 
2.84 -5.68407 0.621202 10 -0.441299 -0.378276 -0.397156 -0.381312 -0.393363 -0.292188 -0.411985 -0.29291 -0.411983 -0.292193 -0.393362 -0.381314 -0.397156 -0.378276 -0.441299 
2.85 -5.68433 0.626858 10 -0.441311 -0.378148 -0.397108 -0.381137 -0.393087 -0.292201 -0.411677 -0.294993 -0.411675 -0.292206 -0.393086 -0.381138 -0.397107 -0.378148 -0.441311 
2.86 -5.68458 0.632498 10 -0.44132 -0.378019 -0.397057 -0.38096 -0.392808 -0.292225 -0.411375 -0.297053 -0.411373 -0.29223 -0.392807 -0.380962 -0.397057 -0.378019 -0.44132 
2.87 -5.68482 0.638122 10 -0.441326 -0.377889 -0.397004 -0.380783 -0.392526 -0.292258 -0.41108 -0.299089 -0.411077 -0.292264 -0.392525 -0.380785 -0.397004 -0.377889 -0.441326 
2.88 -5.68505 0.643727 10 -0.44133 -0.377758 -0.396948 -0.380605 -0.392241 -0.292302 -0.41079 -0.301102 -0.410788 -0.292307 -0.392241 -0.380606 -0.396948 -0.377757 -0.44133 
2.89 -5.68527 0.649313 10 -0.44133 -0.377625 -0.396891 -0.380426 -0.391954 -0.292356 -0.410507 -0.303092 -0.410505 -0.292361 -0.391953 -0.380427 -0.396891 -0.377625 -0.44133 
2.9 -5.68549 0.65488 11 -0.441329 -0.377492 -0.396831 -0.380246 -0.391664 -0.29242 -0.410231 -0.305057 -0.410229 -0.292425 -0.391663 -0.380248 -0.396831 -0.377492 -0.441329 
2.91 -5.68569 0.660427 11 -0.441325 -0.377358 -0.396769 -0.380065 -0.391371 -0.292493 -0.409961 -0.307 -0.409958 -0.292498 -0.391371 -0.380067 -0.396768 -0.377358 -0.441325 
2.92 -5.68588 0.665952 11 -0.441318 -0.377223 -0.396704 -0.379884 -0.391076 -0.292577 -0.409697 -0.308918 -0.409695 -0.292582 -0.391075 -0.379886 -0.396704 -0.377223 -0.441318 
2.93 -5.68607 0.671456 11 -0.441309 -0.377088 -0.396637 -0.379702 -0.390778 -0.292671 -0.409439 -0.310813 -0.409437 -0.292676 -0.390778 -0.379704 -0.396637 -0.377088 -0.441309 
2.94 -5.68624 0.676936 11 -0.441298 -0.376952 -0.396568 -0.379519 -0.390478 -0.292774 -0.409188 -0.312684 -0.409186 -0.292779 -0.390477 -0.379521 -0.396568 -0.376952 -0.441298 
2.95 -5.68641 0.682394 11 -0.441285 -0.376816 -0.396496 -0.379336 -0.390176 -0.292888 -0.408942 -0.314531 -0.40894 -0.292892 -0.390175 -0.379337 -0.396496 -0.376815 -0.441285 
2.96 -5.68657 0.687827 11 -0.44127 -0.376679 -0.396422 -0.379151 -0.389871 -0.293011 -0.408703 -0.316355 -0.408702 -0.293016 -0.38987 -0.379153 -0.396422 -0.376679 -0.44127 
2.97 -5.68673 0.693236 11 -0.441253 -0.376542 -0.396345 -0.378966 -0.389564 -0.293144 -0.408471 -0.318155 -0.408469 -0.293148 -0.389563 -0.378968 -0.396345 -0.376542 -0.441253 
2.98 -5.68687 0.698619 11 -0.441234 -0.376405 -0.396266 -0.378781 -0.389254 -0.293286 -0.408244 -0.319931 -0.408242 -0.293291 -0.389254 -0.378782 -0.396266 -0.376404 -0.441234 
2.99 -5.68702 0.703976 12 -0.441213 -0.376267 -0.396185 -0.378594 -0.388943 -0.293439 -0.408024 -0.321684 -0.408022 -0.293443 -0.388942 -0.378596 -0.396185 -0.376267 -0.441213 
3 -5.68715 0.709306 12 -0.44119 -0.37613 -0.396101 -0.378408 -0.38863 -0.293601 -0.407809 -0.323412 -0.407808 -0.293605 -0.388629 -0.378409 -0.396101 -0.376129 -0.44119 
3.01 -5.68728 0.714609 12 -0.441165 -0.375992 -0.396014 -0.37822 -0.388314 -0.293772 -0.407601 -0.325117 -0.407599 -0.293777 -0.388314 -0.378222 -0.396014 -0.375992 -0.441165 
3.02 -5.6874 0.719883 12 -0.441138 -0.375855 -0.395925 -0.378032 -0.387997 -0.293953 -0.407399 -0.326799 -0.407397 -0.293958 -0.387997 -0.378034 -0.395925 -0.375854 -0.441138 
3.03 -5.68752 0.725129 12 -0.44111 -0.375717 -0.395834 -0.377843 -0.387678 -0.294144 -0.407203 -0.328457 -0.407201 -0.294148 -0.387678 -0.377845 -0.395834 -0.375717 -0.44111 
3.04 -5.68763 0.730346 12 -0.441081 -0.37558 -0.39574 -0.377654 -0.387358 -0.294344 -0.407012 -0.330091 -0.407011 -0.294348 -0.387357 -0.377656 -0.39574 -0.37558 -0.441081 
3.05 -5.68774 0.735532 13 -0.441049 -0.375443 -0.395643 -0.377464 -0.387035 -0.294553 -0.406828 -0.331701 -0.406827 -0.294557 -0.387035 -0.377466 -0.395643 -0.375443 -0.441049 
3.06 -5.68784 0.740688 13 -0.441016 -0.375307 -0.395544 -0.377274 -0.386712 -0.294771 -0.40665 -0.333289 -0.406648 -0.294776 -0.386711 -0.377276 -0.395544 -0.375307 -0.441016 
3.07 -5.68794 0.745813 13 -0.440982 -0.375171 -0.395442 -0.377083 -0.386386 -0.294999 -0.406477 -0.334852 -0.406476 -0.295004 -0.386386 -0.377085 -0.395442 -0.375171 -0.440982 
3.08 -5.68803 0.750907 13 -0.440946 -0.375035 -0.395337 -0.376892 -0.38606 -0.295236 -0.40631 -0.336393 -0.406309 -0.295241 -0.386059 -0.376894 -0.395337 -0.375035 -0.440946 
3.09 -5.68812 0.755968 13 -0.440909 -0.3749 -0.39523 -0.3767 -0.385732 -0.295482 -0.406149 -0.33791 -0.406148 -0.295486 -0.385731 -0.376702 -0.39523 -0.3749 -0.440909 
3.1 -5.6882 0.760997 13 -0.44087 -0.374766 -0.39512 -0.376508 -0.385403 -0.295737 -0.405994 -0.339403 -0.405993 -0.295741 -0.385402 -0.37651 -0.39512 -0.374766 -0.44087 
3.11 -5.68828 0.765993 13 -0.44083 -0.374632 -0.395007 -0.376315 -0.385072 -0.296001 -0.405844 -0.340874 -0.405843 -0.296005 -0.385072 -0.376317 -0.395007 -0.374632 -0.44083 
3.12 -5.68836 0.770955 13 -0.440789 -0.374499 -0.394892 -0.376122 -0.384741 -0.296274 -0.4057 -0.342321 -0.405699 -0.296278 -0.384741 -0.376124 -0.394892 -0.374499 -0.440789 
3.13 -5.68843 0.775883 14 -0.440746 -0.374367 -0.394774 -0.375928 -0.384409 -0.296555 -0.405562 -0.343746 -0.405561 -0.296559 -0.384409 -0.37593 -0.394774 -0.374366 -0.440746 
3.14 -5.6885 0.780777 14 -0.440702 -0.374235 -0.394653 -0.375734 -0.384076 -0.296845 -0.405429 -0.345148 -0.405428 -0.29685 -0.384076 -0.375736 -0.394653 -0.374235 -0.440702 
3.15 -5.68857 0.785636 14 -0.440657 -0.374105 -0.394529 -0.37554 -0.383742 -0.297144 -0.405301 -0.346526 -0.4053 -0.297148 -0.383742 -0.375542 -0.394529 -0.374105 -0.440657 
3.16 -5.68863 0.79046 14 -0.44061 -0.373975 -0.394403 -0.375345 -0.383408 -0.297452 -0.405179 -0.347882 -0.405178 -0.297456 -0.383407 -0.375347 -0.394403 -0.373975 -0.440611 
3.17 -5.68869 0.795248 14 -0.440563 -0.373847 -0.394273 -0.37515 -0.383072 -0.297767 -0.405062 -0.349216 -0.405061 -0.297771 -0.383072 -0.375152 -0.394274 -0.373846 -0.440563 
3.18 -5.68875 0.8 14 -0.440514 -0.373719 -0.394141 -0.374955 -0.382737 -0.298091 -0.404951 -0.350527 -0.40495 -0.298095 -0.382737 -0.374957 -0.394141 -0.373719 -0.440514 
3.19 -5.6888 0.804716 14 -0.440464 -0.373593 -0.394006 -0.374759 -0.382401 -0.298424 -0.404844 -0.351816 -0.404844 -0.298428 -0.382401 -0.374761 -0.394007 -0.373592 -0.440464 
3.2 -5.68885 0.809396 15 -0.440413 -0.373467 -0.393869 -0.374563 -0.382064 -0.298764 -0.404743 -0.353082 -0.404743 -0.298768 -0.382064 -0.374565 -0.393869 -0.373467 -0.440413 
3.21 -5.6889 0.814038 15 -0.440361 -0.373343 -0.393728 -0.374366 -0.381728 -0.299113 -0.404647 -0.354326 -0.404647 -0.299117 -0.381728 -0.374368 -0.393728 -0.373343 -0.440361 
3.22 -5.68895 0.818644 15 -0.440307 -0.37322 -0.393584 -0.37417 -0.381391 -0.299469 -0.404556 -0.355548 -0.404556 -0.299473 -0.381391 -0.374172 -0.393585 -0.37322 -0.440307 
3.23 -5.68899 0.823212 15 -0.440253 -0.373099 -0.393438 -0.373973 -0.381055 -0.299834 -0.40447 -0.356748 -0.40447 -0.299837 -0.381054 -0.373975 -0.393438 -0.373099 -0.440253 
3.24 -5.68904 0.827742 15 -0.440197 -0.372979 -0.393289 -0.373776 -0.380718 -0.300206 -0.404389 -0.357927 -0.404389 -0.30021 -0.380718 -0.373778 -0.393289 -0.372978 -0.440197 
3.25 -5.68908 0.832234 15 -0.44014 -0.37286 -0.393136 -0.373578 -0.380381 -0.300586 -0.404313 -0.359084 -0.404312 -0.300589 -0.380381 -0.37358 -0.393137 -0.372859 -0.44014 
3.26 -5.68912 0.836688 15 -0.440082 -0.372742 -0.392981 -0.373381 -0.380045 -0.300973 -0.404241 -0.360219 -0.404241 -0.300977 -0.380045 -0.373382 -0.392981 -0.372742 -0.440082 
3.27 -5.68915 0.841104 15 -0.440023 -0.372626 -0.392823 -0.373183 -0.379709 -0.301368 -0.404174 -0.361334 -0.404174 -0.301371 -0.379709 -0.373185 -0.392823 -0.372626 -0.440023 
3.28 -5.68919 0.845482 15 -0.439963 -0.372512 -0.392662 -0.372985 -0.379374 -0.30177 -0.404112 -0.362427 -0.404112 -0.301774 -0.379374 -0.372987 -0.392662 -0.372511 -0.439963 
3.29 -5.68922 0.849821 15 -0.439902 -0.372399 -0.392498 -0.372787 -0.379039 -0.302179 -0.404055 -0.363499 -0.404054 -0.302183 -0.379039 -0.372788 -0.392498 -0.372398 -0.439902 
3.3 -5.68925 0.854121 15 -0.43984 -0.372287 -0.392331 -0.372588 -0.378705 -0.302596 -0.404002 -0.36455 -0.404001 -0.3026 -0.378705 -0.37259 -0.392331 -0.372287 -0.43984 
3.31 -5.68928 0.858382 16 -0.439777 -0.372178 -0.392161 -0.37239 -0.378371 -0.30302 -0.403953 -0.36558 -0.403953 -0.303023 -0.378371 -0.372392 -0.392161 -0.372177 -0.439777 
3.32 -5.68931 0.862605 16 -0.439712 -0.372069 -0.391988 -0.372191 -0.378039 -0.30345 -0.403908 -0.36659 -0.403908 -0.303454 -0.378039 -0.372193 -0.391988 -0.372069 -0.439713 
3.33 -5.68934 0.866788 16 -0.439647 -0.371963 -0.391812 -0.371992 -0.377707 -0.303887 -0.403868 -0.36758 -0.403868 -0.303891 -0.377707 -0.371994 -0.391812 -0.371962 -0.439647 
3.34 -5.68936 0.870932 16 -0.439581 -0.371858 -0.391632 -0.371793 -0.377376 -0.304331 -0.403832 -0.368549 -0.403832 -0.304335 -0.377376 -0.371795 -0.391633 -0.371858 -0.439581 
3.35 -5.68939 0.875038 16 -0.439513 -0.371755 -0.39145 -0.371594 -0.377046 -0.304782 -0.403801 -0.369498 -0.403801 -0.304785 -0.377046 -0.371596 -0.391451 -0.371754 -0.439513 
3.36 -5.68941 0.879104 16 -0.439445 -0.371653 -0.391265 -0.371395 -0.376718 -0.305239 -0.403773 -0.370428 -0.403773 -0.305242 -0.376718 -0.371397 -0.391266 -0.371653 -0.439445 
3.37 -5.68943 0.883131 16 -0.439375 -0.371554 -0.391077 -0.371196 -0.376391 -0.305702 -0.403749 -0.371338 -0.403749 -0.305706 -0.376391 -0.371198 -0.391077 -0.371553 -0.439375 
3.38 -5.68945 0.887119 16 -0.439304 -0.371456 -0.390886 -0.370997 -0.376065 -0.306172 -0.403729 -0.372228 -0.403729 -0.306175 -0.376065 -0.370999 -0.390886 -0.371456 -0.439304 
3.39 -5.68947 0.891068 16 -0.439232 -0.37136 -0.390692 -0.370798 -0.375741 -0.306648 -0.403713 -0.373099 -0.403713 -0.306651 -0.375741 -0.3708 -0.390692 -0.37136 -0.439233 
3.4 -5.68949 0.894977 16 -0.43916 -0.371266 -0.390495 -0.370599 -0.375418 -0.307129 -0.4037 -0.373951 -0.403701 -0.307133 -0.375418 -0.370601 -0.390495 -0.371265 -0.43916 
3.41 -5.68951 0.898848 16 -0.439086 -0.371174 -0.390295 -0.3704 -0.375097 -0.307617 -0.403692 -0.374785 -0.403692 -0.30762 -0.375097 -0.370402 -0.390295 -0.371173 -0.439086 
3.42 -5.68953 0.902681 16 -0.439011 -0.371083 -0.390091 -0.370201 -0.374778 -0.30811 -0.403686 -0.375599 -0.403687 -0.308113 -0.374778 -0.370203 -0.390092 -0.371083 -0.439011 
3.43 -5.68954 0.906474 16 -0.438935 -0.370995 -0.389885 -0.370002 -0.37446 -0.308609 -0.403685 -0.376395 -0.403685 -0.308612 -0.374461 -0.370004 -0.389886 -0.370994 -0.438935 
3.44 -5.68956 0.910229 16 -0.438857 -0.370908 -0.389676 -0.369803 -0.374145 -0.309114 -0.403686 -0.377173 -0.403687 -0.309117 -0.374145 -0.369805 -0.389676 -0.370908 -0.438858 
3.45 -5.68957 0.913946 16 -0.438779 -0.370824 -0.389464 -0.369604 -0.373832 -0.309624 -0.403691 -0.377932 -0.403692 -0.309626 -0.373832 -0.369606 -0.389464 -0.370823 -0.438779 
3.46 -5.68959 0.917624 16 -0.4387 -0.370741 -0.389249 -0.369405 -0.373521 -0.310139 -0.4037 -0.378674 -0.4037 -0.310141 -0.373521 -0.369407 -0.389249 -0.37074 -0.4387 
3.47 -5.6896 0.921264 16 -0.438619 -0.37066 -0.38903 -0.369206 -0.373212 -0.310659 -0.403711 -0.379398 -0.403712 -0.310662 -0.373212 -0.369208 -0.389031 -0.37066 -0.43862 
3.48 -5.68961 0.924867 16 -0.438538 -0.370582 -0.388809 -0.369008 -0.372905 -0.311184 -0.403726 -0.380104 -0.403726 -0.311187 -0.372905 -0.36901 -0.388809 -0.370581 -0.438538 
3.49 -5.68962 0.928431 16 -0.438455 -0.370505 -0.388585 -0.368809 -0.372601 -0.311714 -0.403743 -0.380793 -0.403744 -0.311717 -0.372601 -0.368811 -0.388585 -0.370504 -0.438455 
3.5 -5.68963 0.931959 16 -0.438371 -0.37043 -0.388358 -0.368611 -0.372299 -0.312249 -0.403763 -0.381465 -0.403764 -0.312252 -0.372299 -0.368613 -0.388358 -0.37043 -0.438371 
3.51 -5.68964 0.935449 16 -0.438286 -0.370357 -0.388128 -0.368413 -0.372 -0.312788 -0.403787 -0.38212 -0.403787 -0.312791 -0.372 -0.368415 -0.388128 -0.370357 -0.438286 
3.52 -5.68965 0.938902 16 -0.4382 -0.370287 -0.387894 -0.368215 -0.371703 -0.313332 -0.403813 -0.382759 -0.403813 -0.313335 -0.371704 -0.368217 -0.387895 -0.370286 -0.4382 
3.53 -5.68966 0.942319 16 -0.438113 -0.370218 -0.387658 -0.368017 -0.37141 -0.313881 -0.403841 -0.383381 -0.403842 -0.313883 -0.37141 -0.368019 -0.387659 -0.370218 -0.438113 
3.54 -5.68967 0.945699 16 -0.438024 -0.370152 -0.38742 -0.36782 -0.371119 -0.314433 -0.403873 -0.383987 -0.403873 -0.314436 -0.371119 -0.367821 -0.38742 -0.370151 -0.438025 
3.55 -5.68968 0.949044 16 -0.437935 -0.370087 -0.387178 -0.367622 -0.370831 -0.31499 -0.403906 -0.384577 -0.403907 -0.314992 -0.370831 -0.367624 -0.387178 -0.370087 -0.437935 
3.56 -5.68969 0.952352 16 -0.437844 -0.370025 -0.386933 -0.367425 -0.370546 -0.31555 -0.403942 -0.385151 -0.403943 -0.315553 -0.370546 -0.367427 -0.386933 -0.370024 -0.437844 
3.57 -5.6897 0.955626 16 -0.437752 -0.369964 -0.386685 -0.367229 -0.370264 -0.316115 -0.403981 -0.385709 -0.403982 -0.316117 -0.370265 -0.367231 -0.386686 -0.369964 -0.437752 
3.58 -5.6897 0.958864 16 -0.437659 -0.369906 -0.386435 -0.367032 -0.369986 -0.316683 -0.404022 -0.386253 -0.404023 -0.316685 -0.369986 -0.367034 -0.386435 -0.369905 -0.437659 
3.59 -5.68971 0.962068 16 -0.437564 -0.36985 -0.386182 -0.366836 -0.36971 -0.317255 -0.404065 -0.386781 -0.404066 -0.317257 -0.369711 -0.366838 -0.386182 -0.369849 -0.437565 
3.6 -5.68972 0.965238 16 -0.437469 -0.369795 -0.385925 -0.36664 -0.369438 -0.31783 -0.40411 -0.387294 -0.404111 -0.317833 -0.369439 -0.366642 -0.385926 -0.369795 -0.437469 
3.61 -5.68972 0.968374 16 -0.437372 -0.369743 -0.385667 -0.366445 -0.36917 -0.318409 -0.404157 -0.387792 -0.404158 -0.318411 -0.36917 -0.366447 -0.385667 -0.369743 -0.437373 
3.62 -5.68973 0.971477 16 -0.437274 -0.369693 -0.385405 -0.36625 -0.368905 -0.318991 -0.404206 -0.388276 -0.404207 -0.318993 -0.368905 -0.366252 -0.385405 -0.369692 -0.437275 
3.63 -5.68973 0.974546 16 -0.437175 -0.369645 -0.38514 -0.366055 -0.368643 -0.319576 -0.404257 -0.388746 -0.404258 -0.319578 -0.368644 -0.366057 -0.385141 -0.369644 -0.437175 
3.64 -5.68974 0.977584 16 -0.437074 -0.369599 -0.384873 -0.365861 -0.368385 -0.320164 -0.404309 -0.389201 -0.40431 -0.320166 -0.368386 -0.365863 -0.384874 -0.369598 -0.437075 
3.65 -5.68974 0.980589 16 -0.436973 -0.369555 -0.384603 -0.365667 -0.368131 -0.320754 -0.404363 -0.389643 -0.404365 -0.320756 -0.368131 -0.365669 -0.384604 -0.369554 -0.436973 
3.66 -5.68975 0.983563 16 -0.43687 -0.369513 -0.384331 -0.365474 -0.367881 -0.321348 -0.404419 -0.390072 -0.404421 -0.32135 -0.367881 -0.365476 -0.384331 -0.369512 -0.43687 
3.67 -5.68975 0.986505 16 -0.436766 -0.369473 -0.384056 -0.365281 -0.367634 -0.321944 -0.404477 -0.390487 -0.404478 -0.321946 -0.367635 -0.365283 -0.384056 -0.369472 -0.436766 
3.68 -5.68976 0.989418 16 -0.43666 -0.369435 -0.383778 -0.365089 -0.367391 -0.322542 -0.404536 -0.390888 -0.404537 -0.322544 -0.367392 -0.365091 -0.383778 -0.369434 -0.436661 
3.69 -5.68976 0.9923 16 -0.436554 -0.369399 -0.383498 -0.364897 -0.367153 -0.323143 -0.404596 -0.391277 -0.404597 -0.323145 -0.367153 -0.364899 -0.383498 -0.369398 -0.436554 
3.7 -5.68976 0.995152 16 -0.436446 -0.369365 -0.383215 -0.364706 -0.366918 -0.323746 -0.404657 -0.391654 -0.404659 -0.323748 -0.366919 -0.364707 -0.383215 -0.369364 -0.436446 
3.71 -5.68977 0.997976 16 -0.436336 -0.369333 -0.382929 -0.364515 -0.366688 -0.324351 -0.40472 -0.392017 -0.404722 -0.324353 -0.366688 -0.364517 -0.38293 -0.369332 -0.436337 
3.72 -5.68977 1.00077 16 -0.436226 -0.369303 -0.382641 -0.364325 -0.366461 -0.324958 -0.404784 -0.392369 -0.404786 -0.32496 -0.366462 -0.364327 -0.382642 -0.369302 -0.436226 
3.73 -5.68977 1.00354 16 -0.436114 -0.369275 -0.382351 -0.364135 -0.366239 -0.325567 -0.404849 -0.392709 -0.404851 -0.325569 -0.36624 -0.364137 -0.382351 -0.369274 -0.436115 
3.74 -5.68978 1.00628 16 -0.436001 -0.369248 -0.382058 -0.363946 -0.366021 -0.326178 -0.404915 -0.393036 -0.404916 -0.326179 -0.366022 -0.363948 -0.382059 -0.369248 -0.436001 
3.75 -5.68978 1.00899 16 -0.435886 -0.369224 -0.381763 -0.363758 -0.365808 -0.32679 -0.404982 -0.393353 -0.404983 -0.326792 -0.365808 -0.36376 -0.381763 -0.369224 -0.435887 
3.76 -5.68978 1.01168 16 -0.43577 -0.369202 -0.381465 -0.36357 -0.365599 -0.327403 -0.405049 -0.393658 -0.405051 -0.327405 -0.365599 -0.363572 -0.381466 -0.369201 -0.435771 
3.77 -5.68979 1.01434 16 -0.435653 -0.369181 -0.381165 -0.363383 -0.365394 -0.328018 -0.405118 -0.393951 -0.40512 -0.32802 -0.365395 -0.363385 -0.381166 -0.369181 -0.435654 
3.78 -5.68979 1.01698 16 -0.435535 -0.369163 -0.380863 -0.363197 -0.365194 -0.328634 -0.405187 -0.394234 -0.405189 -0.328636 -0.365195 -0.363199 -0.380864 -0.369162 -0.435536 
3.79 -5.68979 1.01959 16 -0.435415 -0.369146 -0.380559 -0.363011 -0.364999 -0.329251 -0.405257 -0.394506 -0.405259 -0.329253 -0.364999 -0.363013 -0.380559 -0.369146 -0.435416 
3.8 -5.68979 1.02217 16 -0.435294 -0.369131 -0.380252 -0.362827 -0.364808 -0.32987 -0.405327 -0.394768 -0.405329 -0.329871 -0.364808 -0.362829 -0.380253 -0.369131 -0.435295 
3.81 -5.68979 1.02474 16 -0.435171 -0.369118 -0.379943 -0.362643 -0.364622 -0.330489 -0.405398 -0.39502 -0.4054 -0.33049 -0.364622 -0.362645 -0.379944 -0.369118 -0.435172 
3.82 -5.6898 1.02728 16 -0.435047 -0.369107 -0.379632 -0.36246 -0.36444 -0.331108 -0.405469 -0.395261 -0.405471 -0.33111 -0.364441 -0.362462 -0.379633 -0.369106 -0.435048 
3.83 -5.6898 1.0298 16 -0.434922 -0.369098 -0.37932 -0.362277 -0.364263 -0.331729 -0.40554 -0.395493 -0.405542 -0.33173 -0.364264 -0.362279 -0.37932 -0.369097 -0.434923 
3.84 -5.6898 1.0323 16 -0.434795 -0.36909 -0.379005 -0.362096 -0.364091 -0.332349 -0.405612 -0.395715 -0.405614 -0.332351 -0.364092 -0.362098 -0.379005 -0.369089 -0.434796 
3.85 -5.6898 1.03478 16 -0.434667 -0.369084 -0.378688 -0.361915 -0.363924 -0.332971 -0.405684 -0.395928 -0.405686 -0.332972 -0.363924 -0.361917 -0.378688 -0.369083 -0.434668 
3.86 -5.6898 1.03724 16 -0.434538 -0.36908 -0.378369 -0.361735 -0.363762 -0.333592 -0.405756 -0.396131 -0.405759 -0.333594 -0.363762 -0.361738 -0.378369 -0.369079 -0.434539 
3.87 -5.6898 1.03968 16 -0.434407 -0.369077 -0.378048 -0.361557 -0.363604 -0.334214 -0.405829 -0.396326 -0.405831 -0.334215 -0.363604 -0.361559 -0.378049 -0.369076 -0.434408 
3.88 -5.6898 1.0421 16 -0.434275 -0.369076 -0.377725 -0.361379 -0.363451 -0.334835 -0.405901 -0.396511 -0.405903 -0.334837 -0.363452 -0.361381 -0.377726 -0.369075 -0.434276 
3.89 -5.68981 1.0445 16 -0.434142 -0.369077 -0.377401 -0.361202 -0.363304 -0.335457 -0.405973 -0.396689 -0.405975 -0.335458 -0.363304 -0.361204 -0.377402 -0.369076 -0.434142 
3.9 -5.68981 1.04688 16 -0.434007 -0.369079 -0.377075 -0.361026 -0.363161 -0.336078 -0.406045 -0.396858 -0.406048 -0.33608 -0.363162 -0.361028 -0.377076 -0.369078 -0.434007 
3.91 -5.68981 1.04925 16 -0.43387 -0.369083 -0.376747 -0.360852 -0.363023 -0.336699 -0.406117 -0.397018 -0.40612 -0.336701 -0.363024 -0.360854 -0.376748 -0.369082 -0.433871 
3.92 -5.68981 1.0516 16 -0.433732 -0.369088 -0.376418 -0.360678 -0.362891 -0.33732 -0.406189 -0.397171 -0.406191 -0.337321 -0.362891 -0.36068 -0.376418 -0.369088 -0.433733 
3.93 -5.68981 1.05394 16 -0.433593 -0.369095 -0.376086 -0.360505 -0.362763 -0.33794 -0.40626 -0.397316 -0.406263 -0.337941 -0.362764 -0.360507 -0.376087 -0.369095 -0.433594 
3.94 -5.68981 1.05626 16 -0.433452 -0.369104 -0.375754 -0.360334 -0.362641 -0.338559 -0.406331 -0.397454 -0.406334 -0.338561 -0.362641 -0.360336 -0.375755 -0.369103 -0.433453 
3.95 -5.68981 1.05856 16 -0.43331 -0.369114 -0.37542 -0.360163 -0.362523 -0.339178 -0.406402 -0.397584 -0.406405 -0.339179 -0.362524 -0.360166 -0.37542 -0.369113 -0.433311 
3.96 -5.68981 1.06086 16 -0.433167 -0.369125 -0.375084 -0.359994 -0.362411 -0.339796 -0.406472 -0.397707 -0.406475 -0.339797 -0.362411 -0.359996 -0.375085 -0.369124 -0.433168 
3.97 -5.68981 1.06314 16 -0.433022 -0.369138 -0.374747 -0.359826 -0.362304 -0.340413 -0.406542 -0.397823 -0.406544 -0.340414 -0.362304 -0.359828 -0.374748 -0.369137 -0.433023 
3.98 -5.68981 1.0654 17 -0.432875 -0.369152 -0.374409 -0.35966 -0.362202 -0.341029 -0.406611 -0.397933 -0.406614 -0.34103 -0.362202 -0.359662 -0.37441 -0.369151 -0.432876 
3.99 -5.68982 1.06766 17 -0.432727 -0.369167 -0.374069 -0.359494 -0.362105 -0.341643 -0.40668 -0.398035 -0.406682 -0.341645 -0.362105 -0.359496 -0.37407 -0.369167 -0.432728 
4 -5.68982 1.0699 17 -0.432578 -0.369184 -0.373729 -0.35933 -0.362013 -0.342257 -0.406748 -0.398132 -0.40675 -0.342258 -0.362014 -0.359332 -0.373729 -0.369183 -0.432579 
4.01 -5.68982 1.07214 17 -0.432427 -0.369202 -0.373387 -0.359167 -0.361927 -0.342869 -0.406815 -0.398222 -0.406817 -0.34287 -0.361927 -0.359169 -0.373387 -0.369201 -0.432428 
