time energy maxBondDim localEnergy 
0 -6.91174 37 -0.654357 -0.293102 -0.568737 -0.334223 -0.544405 -0.348861 -0.535766 -0.352834 -0.535766 -0.348861 -0.544405 -0.334223 -0.568737 -0.293102 -0.654357 
0 -6.21893 10 -0.491956 -0.377377 -0.414351 -0.403245 -0.406942 -0.405639 -0.406459 -0.40699 -0.406459 -0.405639 -0.406942 -0.403245 -0.414351 -0.377377 -0.491956 
0.1 -6.21911 10 -0.491956 -0.377377 -0.414351 -0.403245 -0.406942 -0.405613 -0.406506 -0.407132 -0.406506 -0.405613 -0.406942 -0.403245 -0.414351 -0.377377 -0.491956 
0.2 -6.21996 10 -0.491956 -0.377377 -0.414351 -0.403245 -0.406942 -0.405435 -0.406756 -0.40783 -0.406756 -0.405435 -0.406942 -0.403245 -0.414351 -0.377377 -0.491956 
0.3 -6.2213 10 -0.491956 -0.377377 -0.414351 -0.403244 -0.40694 -0.404921 -0.407296 -0.40913 -0.407296 -0.404921 -0.40694 -0.403244 -0.414351 -0.377377 -0.491956 
0.4 -6.22324 10 -0.491956 -0.377377 -0.414351 -0.403241 -0.406923 -0.404011 -0.408168 -0.411183 -0.408168 -0.404011 -0.406923 -0.403241 -0.414351 -0.377377 -0.491956 
0.5 -6.22559 10 -0.491956 -0.377377 -0.414351 -0.403234 -0.406808 -0.402916 -0.409162 -0.413981 -0.409162 -0.402916 -0.406808 -0.403234 -0.414351 -0.377377 -0.491956 
0.6 -6.22748 10 -0.491956 -0.377377 -0.41435 -0.403218 -0.406422 -0.401965 -0.409874 -0.417154 -0.409874 -0.401965 -0.406422 -0.403218 -0.41435 -0.377377 -0.491956 
0.7 -6.22945 10 -0.491956 -0.377377 -0.414348 -0.403184 -0.405645 -0.4014 -0.410653 -0.420325 -0.410653 -0.4014 -0.405645 -0.403184 -0.414348 -0.377377 -0.491956 
0.8 -6.23198 10 -0.491956 -0.377377 -0.414343 -0.403079 -0.40459 -0.401205 -0.411767 -0.423345 -0.411767 -0.401205 -0.40459 -0.403079 -0.414343 -0.377377 -0.491956 
0.9 -6.23424 10 -0.491956 -0.377376 -0.41433 -0.402749 -0.403563 -0.400933 -0.413129 -0.426166 -0.413129 -0.400933 -0.403563 -0.402749 -0.41433 -0.377376 -0.491956 
1 -6.23625 10 -0.491956 -0.377374 -0.414305 -0.402033 -0.402828 -0.400685 -0.414564 -0.428759 -0.414564 -0.400685 -0.402828 -0.402033 -0.414305 -0.377374 -0.491956 
1.1 -6.2388 10 -0.491956 -0.377369 -0.414234 -0.400955 -0.402482 -0.400862 -0.415992 -0.431096 -0.415992 -0.400862 -0.402482 -0.400955 -0.414234 -0.37737 -0.491956 
1.2 -6.24139 10 -0.491955 -0.377359 -0.413997 -0.399786 -0.402143 -0.401478 -0.417399 -0.433156 -0.417399 -0.401478 -0.402143 -0.399786 -0.413997 -0.377359 -0.491955 
1.3 -6.2434 10 -0.491954 -0.377338 -0.413408 -0.39881 -0.401575 -0.40237 -0.418782 -0.434927 -0.418782 -0.40237 -0.401575 -0.39881 -0.413408 -0.377338 -0.491954 
1.4 -6.24575 10 -0.491949 -0.377292 -0.41241 -0.398214 -0.40125 -0.403424 -0.420137 -0.436401 -0.420137 -0.403424 -0.40125 -0.398214 -0.41241 -0.377292 -0.491949 
1.5 -6.2485 10 -0.491938 -0.377145 -0.411197 -0.397797 -0.401312 -0.404616 -0.421455 -0.437577 -0.421455 -0.404616 -0.401312 -0.397797 -0.411197 -0.377145 -0.491938 
1.6 -6.25067 10 -0.491916 -0.376734 -0.410057 -0.397096 -0.401634 -0.405938 -0.422729 -0.438461 -0.422729 -0.405938 -0.401634 -0.397096 -0.410057 -0.376734 -0.491916 
1.7 -6.25291 10 -0.491871 -0.375954 -0.409218 -0.39647 -0.40208 -0.407383 -0.423948 -0.439063 -0.423948 -0.407383 -0.40208 -0.39647 -0.409218 -0.375954 -0.49187 
1.8 -6.2557 10 -0.491741 -0.37492 -0.408635 -0.396202 -0.402614 -0.408935 -0.425104 -0.439399 -0.425104 -0.408935 -0.402614 -0.396202 -0.408635 -0.37492 -0.49174 
1.9 -6.25809 10 -0.49135 -0.373944 -0.407781 -0.396217 -0.403242 -0.410578 -0.426187 -0.439488 -0.426187 -0.410578 -0.403242 -0.396217 -0.407781 -0.373944 -0.49135 
2 -6.26008 10 -0.490514 -0.373302 -0.406742 -0.396359 -0.403969 -0.41229 -0.427188 -0.439353 -0.427188 -0.41229 -0.403969 -0.396359 -0.406742 -0.373302 -0.490514 
2.1 -6.26259 10 -0.489234 -0.373091 -0.405951 -0.396564 -0.404797 -0.41405 -0.428099 -0.439023 -0.428099 -0.41405 -0.404797 -0.396564 -0.405951 -0.373091 -0.489234 
2.2 -6.26531 10 -0.487711 -0.37293 -0.405438 -0.396837 -0.405726 -0.415835 -0.428914 -0.438524 -0.428914 -0.415835 -0.405726 -0.396837 -0.405438 -0.37293 -0.48771 
2.3 -6.26769 11 -0.486085 -0.372565 -0.405059 -0.397192 -0.406751 -0.41762 -0.42963 -0.437888 -0.42963 -0.41762 -0.406751 -0.397192 -0.405059 -0.372565 -0.486085 
2.4 -6.2706 11 -0.484481 -0.372402 -0.404716 -0.397641 -0.407866 -0.419381 -0.430242 -0.437143 -0.430242 -0.419381 -0.407866 -0.397641 -0.404716 -0.372402 -0.484481 
2.5 -6.27359 13 -0.482602 -0.372544 -0.404391 -0.398191 -0.409063 -0.421095 -0.430752 -0.43632 -0.430752 -0.421095 -0.409063 -0.398191 -0.404391 -0.372544 -0.482602 
2.6 -6.27494 13 -0.479771 -0.372813 -0.404086 -0.398846 -0.41033 -0.42274 -0.43116 -0.435447 -0.43116 -0.42274 -0.41033 -0.398846 -0.404086 -0.372814 -0.479771 
2.7 -6.27524 14 -0.476466 -0.373049 -0.403802 -0.399608 -0.411655 -0.424295 -0.431472 -0.43455 -0.431472 -0.424295 -0.411655 -0.399608 -0.403802 -0.373049 -0.476466 
2.8 -6.2753 14 -0.473135 -0.373221 -0.403533 -0.400473 -0.413024 -0.425743 -0.431691 -0.433655 -0.431691 -0.425743 -0.413024 -0.400473 -0.403533 -0.373221 -0.473135 
2.9 -6.2753 16 -0.469876 -0.373356 -0.403276 -0.401435 -0.414423 -0.427068 -0.431826 -0.432781 -0.431826 -0.427068 -0.414423 -0.401435 -0.403276 -0.373356 -0.469876 
3 -6.27531 17 -0.466697 -0.373489 -0.403028 -0.402485 -0.415834 -0.42826 -0.431885 -0.431949 -0.431885 -0.42826 -0.415834 -0.402485 -0.403028 -0.373489 -0.466697 
3.1 -6.27531 17 -0.46359 -0.373651 -0.402788 -0.40361 -0.417243 -0.429308 -0.431877 -0.431173 -0.431877 -0.429308 -0.417243 -0.40361 -0.402788 -0.373651 -0.46359 
3.2 -6.27531 18 -0.460547 -0.373871 -0.402557 -0.404794 -0.418634 -0.430207 -0.431812 -0.430464 -0.431812 -0.430207 -0.418634 -0.404794 -0.402557 -0.373871 -0.460547 
3.3 -6.27531 19 -0.457563 -0.374172 -0.402339 -0.40602 -0.41999 -0.430954 -0.431699 -0.429833 -0.431699 -0.430954 -0.41999 -0.40602 -0.402339 -0.374172 -0.457563 
3.4 -6.27531 19 -0.454636 -0.374572 -0.402139 -0.407268 -0.421298 -0.43155 -0.431549 -0.429283 -0.431549 -0.43155 -0.421298 -0.407268 -0.402139 -0.374572 -0.454636 
3.5 -6.27531 20 -0.451769 -0.375078 -0.401967 -0.408519 -0.422542 -0.431997 -0.431369 -0.42882 -0.431369 -0.431998 -0.422542 -0.408519 -0.401967 -0.375078 -0.451769 
3.6 -6.27531 21 -0.448969 -0.375693 -0.401834 -0.409753 -0.423711 -0.432303 -0.431169 -0.428442 -0.431169 -0.432303 -0.423711 -0.409753 -0.401834 -0.375693 -0.448969 
3.7 -6.27531 22 -0.446245 -0.376413 -0.401752 -0.410948 -0.424791 -0.432473 -0.430957 -0.428148 -0.430957 -0.432473 -0.424791 -0.410948 -0.401752 -0.376413 -0.446245 
3.8 -6.27531 23 -0.443612 -0.377223 -0.401738 -0.412084 -0.425771 -0.432519 -0.430738 -0.427935 -0.430738 -0.432519 -0.425771 -0.412084 -0.401738 -0.377223 -0.443612 
