time energy maxBondDim localEnergy 
0 -6.91174 37 -0.654357 -0.293102 -0.568737 -0.334223 -0.544405 -0.348861 -0.535766 -0.352834 -0.535766 -0.348861 -0.544405 -0.334223 -0.568737 -0.293102 -0.654357 
0 -5.06755 5 -0.352039 -0.334061 -0.335845 -0.335729 -0.335742 -0.335672 -0.336239 -0.336892 -0.336239 -0.335672 -0.335742 -0.335729 -0.335845 -0.334061 -0.352039 
0.1 -5.06798 5 -0.352039 -0.334061 -0.335845 -0.335729 -0.335742 -0.335659 -0.336348 -0.337133 -0.336348 -0.335659 -0.335742 -0.335729 -0.335845 -0.334061 -0.352039 
0.2 -5.0701 5 -0.352039 -0.334061 -0.335845 -0.335729 -0.335742 -0.335589 -0.33689 -0.338307 -0.33689 -0.335589 -0.335742 -0.335729 -0.335845 -0.334061 -0.352039 
0.3 -5.07577 5 -0.35204 -0.334062 -0.335845 -0.335729 -0.335741 -0.335381 -0.338396 -0.341381 -0.338396 -0.335381 -0.335741 -0.335729 -0.335845 -0.334062 -0.352039 
0.4 -5.08612 5 -0.35204 -0.334062 -0.335846 -0.335729 -0.335738 -0.334911 -0.341368 -0.346736 -0.341369 -0.334911 -0.335738 -0.335729 -0.335846 -0.334062 -0.35204 
0.5 -5.10021 5 -0.352041 -0.334062 -0.335846 -0.335728 -0.335728 -0.3341 -0.345889 -0.353421 -0.345889 -0.334099 -0.335728 -0.335728 -0.335846 -0.334062 -0.35204 
0.6 -5.11664 5 -0.352041 -0.334062 -0.335846 -0.335725 -0.335697 -0.333056 -0.351628 -0.36053 -0.351629 -0.333055 -0.335697 -0.335725 -0.335846 -0.334062 -0.35204 
0.7 -5.13488 5 -0.352041 -0.334062 -0.335846 -0.335718 -0.3356 -0.332215 -0.357868 -0.368184 -0.357868 -0.332215 -0.3356 -0.335718 -0.335846 -0.334062 -0.35204 
0.8 -5.15419 5 -0.352041 -0.334062 -0.335846 -0.335707 -0.335347 -0.332279 -0.363435 -0.37676 -0.363436 -0.332279 -0.335347 -0.335707 -0.335846 -0.334062 -0.35204 
0.9 -5.17317 5 -0.35204 -0.334061 -0.335845 -0.335689 -0.334829 -0.333801 -0.367217 -0.386208 -0.367217 -0.333801 -0.334829 -0.335689 -0.335845 -0.334061 -0.35204 
1 -5.19132 5 -0.35204 -0.334061 -0.335843 -0.335655 -0.334025 -0.336874 -0.369119 -0.396086 -0.36912 -0.336875 -0.334025 -0.335655 -0.335843 -0.334061 -0.35204 
1.1 -5.20966 5 -0.35204 -0.334061 -0.335839 -0.335579 -0.333164 -0.341189 -0.370007 -0.405906 -0.370007 -0.341189 -0.333164 -0.335579 -0.335839 -0.334061 -0.352039 
1.2 -5.229 5 -0.352039 -0.33406 -0.335832 -0.3354 -0.332797 -0.345939 -0.370774 -0.415316 -0.370774 -0.34594 -0.332797 -0.3354 -0.335832 -0.33406 -0.352039 
1.3 -5.2487 5 -0.352039 -0.33406 -0.335821 -0.335011 -0.333583 -0.349913 -0.371879 -0.424094 -0.371879 -0.349914 -0.333583 -0.335011 -0.335821 -0.33406 -0.352039 
1.4 -5.26763 6 -0.352039 -0.334059 -0.335799 -0.334323 -0.335839 -0.352306 -0.373403 -0.432089 -0.373403 -0.352307 -0.335839 -0.334323 -0.335799 -0.334059 -0.352039 
1.5 -5.28604 6 -0.352039 -0.334057 -0.335754 -0.333414 -0.339448 -0.353443 -0.375273 -0.439182 -0.375273 -0.353444 -0.339448 -0.333414 -0.335754 -0.334057 -0.352039 
1.6 -5.30509 7 -0.352039 -0.334052 -0.335645 -0.332661 -0.343865 -0.354217 -0.377425 -0.445275 -0.377425 -0.354217 -0.343865 -0.332661 -0.335645 -0.334052 -0.352039 
1.7 -5.32495 8 -0.352039 -0.334044 -0.335387 -0.332719 -0.348013 -0.355292 -0.379835 -0.450296 -0.379835 -0.355292 -0.348013 -0.332719 -0.335387 -0.334044 -0.352039 
1.8 -5.34452 8 -0.352039 -0.334028 -0.334866 -0.334135 -0.35069 -0.356904 -0.382493 -0.454205 -0.382493 -0.356905 -0.35069 -0.334135 -0.334866 -0.334028 -0.352038 
1.9 -5.36315 8 -0.352038 -0.333999 -0.334051 -0.337019 -0.351572 -0.359019 -0.38538 -0.456995 -0.38538 -0.359019 -0.351572 -0.337019 -0.334051 -0.333999 -0.352037 
2 -5.38178 8 -0.352034 -0.333932 -0.33314 -0.341076 -0.351366 -0.361534 -0.388464 -0.458692 -0.388464 -0.361535 -0.351366 -0.341076 -0.33314 -0.333932 -0.352033 
2.1 -5.40133 8 -0.352028 -0.333768 -0.332659 -0.345523 -0.350935 -0.364385 -0.391693 -0.459354 -0.391693 -0.364385 -0.350935 -0.345523 -0.332659 -0.333768 -0.352027 
2.2 -5.4213 8 -0.352016 -0.333405 -0.333274 -0.34912 -0.35076 -0.367536 -0.395007 -0.459063 -0.395007 -0.367537 -0.35076 -0.34912 -0.333274 -0.333405 -0.352015 
2.3 -5.44047 8 -0.351995 -0.332749 -0.335342 -0.350937 -0.350948 -0.370967 -0.398337 -0.457922 -0.398336 -0.370967 -0.350949 -0.350938 -0.335342 -0.332749 -0.351994 
2.4 -5.45899 9 -0.351952 -0.331853 -0.338778 -0.35118 -0.351449 -0.374646 -0.401613 -0.456054 -0.401613 -0.374646 -0.351449 -0.351181 -0.338778 -0.331853 -0.351951 
2.5 -5.47804 9 -0.351849 -0.331063 -0.343079 -0.350725 -0.352212 -0.378528 -0.404769 -0.45359 -0.404768 -0.378528 -0.352213 -0.350726 -0.34308 -0.331063 -0.351849 
2.6 -5.49796 10 -0.351607 -0.331016 -0.34721 -0.350278 -0.353235 -0.38256 -0.40774 -0.450666 -0.40774 -0.38256 -0.353235 -0.350279 -0.34721 -0.331017 -0.351607 
2.7 -5.51769 10 -0.351111 -0.332288 -0.349923 -0.350121 -0.354537 -0.386679 -0.410472 -0.447421 -0.410472 -0.38668 -0.354538 -0.350121 -0.349923 -0.332288 -0.351111 
2.8 -5.53648 11 -0.350319 -0.335024 -0.350764 -0.350251 -0.356143 -0.390823 -0.41292 -0.443987 -0.41292 -0.390823 -0.356143 -0.350252 -0.350764 -0.335025 -0.350319 
2.9 -5.55522 12 -0.349416 -0.338961 -0.35036 -0.350597 -0.35806 -0.394925 -0.41505 -0.440485 -0.41505 -0.394925 -0.35806 -0.350598 -0.35036 -0.338961 -0.349415 
3 -5.57505 13 -0.348911 -0.343352 -0.349578 -0.351122 -0.360286 -0.398921 -0.416844 -0.437026 -0.416844 -0.398921 -0.360286 -0.351123 -0.349578 -0.343352 -0.348911 
3.1 -5.59578 13 -0.349469 -0.346966 -0.348925 -0.351833 -0.362803 -0.40275 -0.418293 -0.433703 -0.418293 -0.40275 -0.362803 -0.351833 -0.348925 -0.346967 -0.349468 
3.2 -5.61626 14 -0.351436 -0.348782 -0.348521 -0.35275 -0.365588 -0.406355 -0.419402 -0.430594 -0.419402 -0.406355 -0.365588 -0.352751 -0.348521 -0.348782 -0.351435 
3.3 -5.63634 15 -0.354733 -0.348873 -0.348308 -0.353893 -0.368606 -0.409688 -0.420189 -0.427756 -0.420189 -0.409688 -0.368606 -0.353894 -0.348308 -0.348873 -0.354733 
3.4 -5.65658 16 -0.358918 -0.348062 -0.348218 -0.355271 -0.37182 -0.412706 -0.420678 -0.42523 -0.420678 -0.412706 -0.371819 -0.355272 -0.348218 -0.348062 -0.358918 
3.5 -5.67607 16 -0.362881 -0.347056 -0.348232 -0.356883 -0.375183 -0.415377 -0.420904 -0.42304 -0.420904 -0.415377 -0.375182 -0.356885 -0.348232 -0.347056 -0.36288 
3.6 -5.69202 17 -0.364959 -0.346142 -0.348358 -0.358722 -0.378648 -0.417678 -0.420906 -0.421194 -0.420906 -0.417678 -0.378647 -0.358724 -0.348358 -0.346143 -0.364959 
3.7 -5.70243 18 -0.364186 -0.345314 -0.34861 -0.360775 -0.382164 -0.419596 -0.420725 -0.419688 -0.420725 -0.419597 -0.382163 -0.360777 -0.34861 -0.345314 -0.364186 
3.8 -5.70801 18 -0.361034 -0.344486 -0.348994 -0.363024 -0.385679 -0.421128 -0.420405 -0.418506 -0.420406 -0.421128 -0.385678 -0.363026 -0.348993 -0.344486 -0.361033 
3.9 -5.71063 19 -0.356521 -0.343618 -0.349506 -0.365449 -0.389142 -0.42228 -0.419989 -0.417624 -0.419989 -0.42228 -0.38914 -0.365451 -0.349506 -0.343618 -0.356521 
4 -5.71178 21 -0.351418 -0.34272 -0.350139 -0.368021 -0.392503 -0.423068 -0.419515 -0.417012 -0.419515 -0.423068 -0.392502 -0.368023 -0.350138 -0.34272 -0.351418 
4.1 -5.71226 22 -0.346141 -0.341828 -0.35088 -0.370712 -0.395717 -0.423514 -0.419018 -0.416637 -0.419018 -0.423515 -0.395715 -0.370714 -0.35088 -0.341828 -0.346141 
4.2 -5.71245 23 -0.340884 -0.340982 -0.351721 -0.373486 -0.398739 -0.42365 -0.418529 -0.416464 -0.418529 -0.42365 -0.398738 -0.373488 -0.351721 -0.340982 -0.340884 
4.3 -5.71252 24 -0.335732 -0.340224 -0.352652 -0.376308 -0.401535 -0.42351 -0.418072 -0.416459 -0.418071 -0.423511 -0.401533 -0.376309 -0.352652 -0.340224 -0.335732 
4.4 -5.71255 25 -0.330724 -0.339584 -0.353667 -0.379136 -0.404071 -0.423136 -0.417663 -0.416589 -0.417663 -0.423138 -0.404069 -0.379138 -0.353667 -0.339583 -0.330724 
4.5 -5.71256 26 -0.325885 -0.339083 -0.354762 -0.381929 -0.406323 -0.42257 -0.417316 -0.416826 -0.417315 -0.422571 -0.406321 -0.38193 -0.354763 -0.339083 -0.325885 
4.6 -5.71257 28 -0.321235 -0.338733 -0.355939 -0.384643 -0.408273 -0.421855 -0.417034 -0.417142 -0.417033 -0.421856 -0.408272 -0.384644 -0.35594 -0.338733 -0.321235 
4.7 -5.71257 28 -0.316794 -0.338533 -0.3572 -0.387234 -0.409912 -0.421033 -0.41682 -0.417516 -0.416818 -0.421035 -0.409911 -0.387234 -0.357201 -0.338533 -0.316794 
4.8 -5.71257 31 -0.312589 -0.338472 -0.35855 -0.38966 -0.411236 -0.420145 -0.416669 -0.417928 -0.416667 -0.420147 -0.411235 -0.38966 -0.358551 -0.338471 -0.312589 
4.9 -5.71257 32 -0.30865 -0.338529 -0.359992 -0.391882 -0.412248 -0.419227 -0.416574 -0.418363 -0.416572 -0.419229 -0.412248 -0.391881 -0.359994 -0.338529 -0.30865 
5 -5.71257 34 -0.305009 -0.338678 -0.361533 -0.393862 -0.412959 -0.418311 -0.416528 -0.418808 -0.416526 -0.418313 -0.412959 -0.393861 -0.361535 -0.338678 -0.305009 
