time energy SvN maxBondDim localEnergy 
0 -6.91174 0.592307 37 -0.654357 -0.293102 -0.568737 -0.334223 -0.544405 -0.348861 -0.535766 -0.352834 -0.535766 -0.348861 -0.544405 -0.334223 -0.568737 -0.293102 -0.654357 
0 -5.2574 0.0198277 9 -0.417648 -0.365804 -0.375883 -0.37357 -0.377572 -0.353212 -0.456542 0.183057 -0.456542 -0.353212 -0.377572 -0.37357 -0.375883 -0.365804 -0.417648 
0.01 -5.2574 0.0198277 8 -0.417648 -0.365804 -0.375883 -0.37357 -0.377572 -0.353212 -0.456542 0.183057 -0.456542 -0.353212 -0.377572 -0.37357 -0.375883 -0.365804 -0.417648 
0.02 -5.2574 0.0198277 8 -0.417648 -0.365804 -0.375883 -0.37357 -0.377572 -0.353211 -0.456543 0.183056 -0.456543 -0.353211 -0.377572 -0.37357 -0.375883 -0.365804 -0.417648 
0.03 -5.25741 0.0198277 8 -0.417648 -0.365804 -0.375883 -0.37357 -0.377572 -0.353211 -0.456545 0.183055 -0.456545 -0.353211 -0.377572 -0.37357 -0.375883 -0.365804 -0.417648 
0.04 -5.25742 0.0198278 8 -0.417648 -0.365804 -0.375883 -0.37357 -0.377572 -0.35321 -0.456549 0.183053 -0.456549 -0.35321 -0.377572 -0.37357 -0.375883 -0.365804 -0.417648 
0.05 -5.25743 0.0198278 8 -0.417648 -0.365804 -0.375883 -0.373569 -0.377572 -0.353207 -0.456557 0.183048 -0.456557 -0.353207 -0.377572 -0.373569 -0.375883 -0.365804 -0.417648 
0.06 -5.25746 0.0198278 8 -0.417647 -0.365804 -0.375883 -0.373569 -0.377572 -0.353204 -0.456569 0.183041 -0.456569 -0.353204 -0.377572 -0.373569 -0.375883 -0.365804 -0.417648 
0.07 -5.25749 0.0198278 8 -0.417647 -0.365804 -0.375883 -0.373569 -0.377572 -0.353198 -0.456588 0.18303 -0.456588 -0.353198 -0.377572 -0.373569 -0.375883 -0.365804 -0.417648 
0.08 -5.25755 0.0198278 8 -0.417647 -0.365804 -0.375883 -0.373569 -0.377572 -0.353189 -0.456616 0.183013 -0.456616 -0.353189 -0.377572 -0.373569 -0.375883 -0.365804 -0.417648 
0.09 -5.25762 0.0198279 8 -0.417647 -0.365804 -0.375883 -0.373569 -0.377572 -0.353176 -0.456654 0.182988 -0.456654 -0.353176 -0.377572 -0.373569 -0.375883 -0.365804 -0.417648 
0.1 -5.25772 0.019828 8 -0.417647 -0.365804 -0.375883 -0.373569 -0.377572 -0.353158 -0.456704 0.182953 -0.456704 -0.353158 -0.377572 -0.373569 -0.375883 -0.365804 -0.417648 
0.11 -5.25785 0.0198282 8 -0.417647 -0.365804 -0.375883 -0.373569 -0.377572 -0.353134 -0.456767 0.182905 -0.456767 -0.353134 -0.377572 -0.373569 -0.375883 -0.365804 -0.417648 
0.12 -5.258 0.0198285 8 -0.417647 -0.365804 -0.375883 -0.373569 -0.377572 -0.353102 -0.456844 0.182844 -0.456844 -0.353102 -0.377572 -0.373569 -0.375883 -0.365804 -0.417648 
0.13 -5.25818 0.0198289 8 -0.417647 -0.365804 -0.375883 -0.373569 -0.377572 -0.353062 -0.456936 0.182766 -0.456936 -0.353062 -0.377572 -0.373569 -0.375883 -0.365804 -0.417648 
0.14 -5.25839 0.0198296 8 -0.417647 -0.365804 -0.375883 -0.373569 -0.377572 -0.353013 -0.457043 0.18267 -0.457043 -0.353013 -0.377572 -0.373569 -0.375883 -0.365804 -0.417648 
0.15 -5.25864 0.0198305 8 -0.417647 -0.365804 -0.375883 -0.373569 -0.377572 -0.352954 -0.457167 0.182554 -0.457166 -0.352954 -0.377572 -0.373569 -0.375883 -0.365804 -0.417648 
0.16 -5.25891 0.0198318 8 -0.417647 -0.365804 -0.375883 -0.373569 -0.377572 -0.352884 -0.457307 0.182418 -0.457307 -0.352884 -0.377572 -0.373569 -0.375883 -0.365804 -0.417648 
0.17 -5.25923 0.0198335 8 -0.417647 -0.365804 -0.375883 -0.373569 -0.377572 -0.352803 -0.457465 0.182262 -0.457465 -0.352804 -0.377572 -0.373569 -0.375883 -0.365804 -0.417648 
0.18 -5.25957 0.0198358 8 -0.417647 -0.365804 -0.375883 -0.373569 -0.377572 -0.352712 -0.457642 0.182084 -0.457641 -0.352712 -0.377572 -0.373569 -0.375883 -0.365804 -0.417648 
0.19 -5.25996 0.0198387 8 -0.417647 -0.365804 -0.375883 -0.373569 -0.377573 -0.352609 -0.457838 0.181884 -0.457837 -0.352609 -0.377573 -0.373569 -0.375883 -0.365804 -0.417648 
0.2 -5.26039 0.0198426 8 -0.417647 -0.365804 -0.375883 -0.373569 -0.377573 -0.352495 -0.458053 0.181661 -0.458053 -0.352495 -0.377573 -0.373569 -0.375883 -0.365804 -0.417648 
0.21 -5.26085 0.0198474 8 -0.417647 -0.365804 -0.375883 -0.373569 -0.377573 -0.35237 -0.458288 0.181417 -0.458288 -0.35237 -0.377573 -0.373569 -0.375883 -0.365804 -0.417648 
0.22 -5.26136 0.0198534 8 -0.417647 -0.365804 -0.375883 -0.373569 -0.377574 -0.352233 -0.458544 0.181151 -0.458544 -0.352233 -0.377574 -0.373569 -0.375883 -0.365804 -0.417648 
0.23 -5.2619 0.0198608 8 -0.417647 -0.365804 -0.375883 -0.373569 -0.377574 -0.352085 -0.458821 0.180862 -0.45882 -0.352085 -0.377574 -0.373569 -0.375883 -0.365804 -0.417648 
0.24 -5.26249 0.0198697 8 -0.417647 -0.365804 -0.375883 -0.373569 -0.377575 -0.351925 -0.459117 0.180551 -0.459117 -0.351925 -0.377575 -0.373569 -0.375883 -0.365804 -0.417648 
0.25 -5.26311 0.0198805 8 -0.417647 -0.365804 -0.375883 -0.373568 -0.377576 -0.351753 -0.459435 0.180217 -0.459434 -0.351754 -0.377576 -0.373568 -0.375883 -0.365803 -0.417648 
0.26 -5.26378 0.0198933 8 -0.417647 -0.365804 -0.375883 -0.373568 -0.377577 -0.35157 -0.459773 0.179862 -0.459772 -0.351571 -0.377577 -0.373568 -0.375883 -0.365803 -0.417648 
0.27 -5.26449 0.0199084 8 -0.417646 -0.365804 -0.375883 -0.373568 -0.377578 -0.351376 -0.460132 0.179484 -0.460131 -0.351376 -0.377578 -0.373568 -0.375883 -0.365803 -0.417648 
0.28 -5.26524 0.019926 8 -0.417646 -0.365804 -0.375883 -0.373568 -0.377579 -0.35117 -0.460511 0.179083 -0.46051 -0.351171 -0.377579 -0.373568 -0.375883 -0.365803 -0.417648 
0.29 -5.26603 0.0199465 8 -0.417646 -0.365804 -0.375883 -0.373567 -0.37758 -0.350953 -0.460911 0.178661 -0.46091 -0.350953 -0.37758 -0.373567 -0.375883 -0.365803 -0.417648 
0.3 -5.26686 0.0199701 8 -0.417646 -0.365804 -0.375883 -0.373567 -0.377582 -0.350724 -0.461331 0.178216 -0.46133 -0.350724 -0.377582 -0.373567 -0.375883 -0.365803 -0.417648 
0.31 -5.26773 0.0199972 8 -0.417646 -0.365804 -0.375883 -0.373567 -0.377584 -0.350484 -0.461772 0.177749 -0.461771 -0.350484 -0.377584 -0.373567 -0.375883 -0.365803 -0.417648 
0.32 -5.26864 0.0200281 8 -0.417646 -0.365804 -0.375882 -0.373566 -0.377586 -0.350232 -0.462233 0.17726 -0.462232 -0.350232 -0.377586 -0.373566 -0.375882 -0.365803 -0.417648 
0.33 -5.26959 0.0200631 8 -0.417646 -0.365804 -0.375882 -0.373566 -0.377589 -0.349969 -0.462713 0.176749 -0.462712 -0.349969 -0.377589 -0.373566 -0.375882 -0.365803 -0.417648 
0.34 -5.27058 0.0201025 8 -0.417646 -0.365803 -0.375882 -0.373565 -0.377592 -0.349694 -0.463214 0.176217 -0.463213 -0.349695 -0.377592 -0.373565 -0.375882 -0.365803 -0.417648 
0.35 -5.27161 0.0201467 8 -0.417646 -0.365803 -0.375882 -0.373564 -0.377595 -0.349408 -0.463734 0.175662 -0.463734 -0.349409 -0.377595 -0.373564 -0.375882 -0.365803 -0.417648 
0.36 -5.27268 0.0201961 8 -0.417646 -0.365803 -0.375882 -0.373564 -0.377599 -0.349111 -0.464275 0.175085 -0.464274 -0.349112 -0.377599 -0.373564 -0.375882 -0.365803 -0.417648 
0.37 -5.27378 0.0202511 8 -0.417646 -0.365803 -0.375882 -0.373563 -0.377603 -0.348803 -0.464834 0.174487 -0.464833 -0.348803 -0.377603 -0.373563 -0.375882 -0.365803 -0.417648 
0.38 -5.27493 0.020312 8 -0.417646 -0.365803 -0.375882 -0.373562 -0.377607 -0.348483 -0.465413 0.173866 -0.465412 -0.348484 -0.377607 -0.373562 -0.375882 -0.365803 -0.417648 
0.39 -5.27611 0.0203793 8 -0.417645 -0.365803 -0.375882 -0.373561 -0.377612 -0.348152 -0.466011 0.173225 -0.46601 -0.348153 -0.377612 -0.373561 -0.375882 -0.365803 -0.417648 
0.4 -5.27733 0.0204534 8 -0.417645 -0.365803 -0.375882 -0.37356 -0.377618 -0.34781 -0.466628 0.172561 -0.466627 -0.34781 -0.377618 -0.37356 -0.375882 -0.365803 -0.417648 
0.41 -5.27859 0.0205346 8 -0.417645 -0.365803 -0.375882 -0.373559 -0.377624 -0.347456 -0.467264 0.171876 -0.467262 -0.347457 -0.377624 -0.373559 -0.375882 -0.365803 -0.417648 
0.42 -5.27989 0.0206235 8 -0.417645 -0.365803 -0.375882 -0.373558 -0.37763 -0.347092 -0.467918 0.17117 -0.467917 -0.347092 -0.37763 -0.373558 -0.375882 -0.365803 -0.417648 
0.43 -5.28122 0.0207204 8 -0.417645 -0.365803 -0.375882 -0.373556 -0.377637 -0.346716 -0.46859 0.170442 -0.468589 -0.346717 -0.377637 -0.373556 -0.375882 -0.365803 -0.417648 
0.44 -5.28259 0.0208257 8 -0.417645 -0.365803 -0.375882 -0.373555 -0.377645 -0.346329 -0.469281 0.169693 -0.46928 -0.34633 -0.377645 -0.373555 -0.375882 -0.365803 -0.417648 
0.45 -5.28399 0.02094 8 -0.417645 -0.365803 -0.375882 -0.373553 -0.377653 -0.345931 -0.46999 0.168923 -0.469988 -0.345932 -0.377653 -0.373553 -0.375882 -0.365803 -0.417648 
0.46 -5.28543 0.0210637 8 -0.417645 -0.365803 -0.375882 -0.373552 -0.377663 -0.345522 -0.470716 0.168132 -0.470714 -0.345523 -0.377662 -0.373552 -0.375882 -0.365802 -0.417648 
0.47 -5.28691 0.0211972 8 -0.417645 -0.365803 -0.375882 -0.37355 -0.377672 -0.345103 -0.47146 0.16732 -0.471458 -0.345104 -0.377672 -0.37355 -0.375882 -0.365802 -0.417648 
0.48 -5.28842 0.021341 8 -0.417645 -0.365803 -0.375882 -0.373548 -0.377683 -0.344672 -0.47222 0.166487 -0.472219 -0.344673 -0.377683 -0.373548 -0.375882 -0.365802 -0.417648 
0.49 -5.28996 0.0214956 8 -0.417644 -0.365803 -0.375882 -0.373546 -0.377695 -0.34423 -0.472998 0.165633 -0.472996 -0.344232 -0.377694 -0.373546 -0.375882 -0.365802 -0.417648 
0.5 -5.29154 0.0216613 8 -0.417644 -0.365803 -0.375882 -0.373543 -0.377707 -0.343778 -0.473792 0.164759 -0.47379 -0.343779 -0.377707 -0.373543 -0.375882 -0.365802 -0.417648 
0.51 -5.29315 0.0218388 8 -0.417644 -0.365803 -0.375882 -0.373541 -0.37772 -0.343315 -0.474601 0.163863 -0.4746 -0.343316 -0.37772 -0.373541 -0.375882 -0.365802 -0.417648 
0.52 -5.29479 0.0220283 8 -0.417644 -0.365803 -0.375882 -0.373538 -0.377734 -0.342842 -0.475426 0.162948 -0.475424 -0.342843 -0.377734 -0.373538 -0.375882 -0.365802 -0.417648 
0.53 -5.29646 0.0222305 8 -0.417644 -0.365803 -0.375882 -0.373535 -0.377749 -0.342357 -0.476265 0.162011 -0.476264 -0.342359 -0.377749 -0.373535 -0.375882 -0.365802 -0.417648 
0.54 -5.29816 0.0224458 8 -0.417644 -0.365803 -0.375882 -0.373532 -0.377765 -0.341863 -0.477118 0.161054 -0.477116 -0.341865 -0.377765 -0.373532 -0.375882 -0.365802 -0.417648 
0.55 -5.29988 0.0226745 8 -0.417644 -0.365803 -0.375882 -0.373529 -0.377782 -0.341359 -0.477981 0.160077 -0.47798 -0.34136 -0.377782 -0.373529 -0.375882 -0.365802 -0.417648 
0.56 -5.30163 0.0229173 8 -0.417644 -0.365803 -0.375882 -0.373525 -0.3778 -0.340844 -0.478854 0.159079 -0.478852 -0.340846 -0.377799 -0.373525 -0.375882 -0.365802 -0.417648 
0.57 -5.30339 0.0231745 8 -0.417644 -0.365803 -0.375882 -0.373522 -0.377818 -0.34032 -0.479733 0.158061 -0.479731 -0.340322 -0.377818 -0.373522 -0.375882 -0.365802 -0.417648 
0.58 -5.30515 0.0234466 8 -0.417643 -0.365803 -0.375882 -0.373518 -0.377838 -0.339788 -0.480613 0.157022 -0.480611 -0.339789 -0.377838 -0.373518 -0.375882 -0.365802 -0.417648 
0.59 -5.30691 0.023734 8 -0.417643 -0.365803 -0.375882 -0.373514 -0.377858 -0.339246 -0.481488 0.155962 -0.481485 -0.339248 -0.377858 -0.373514 -0.375882 -0.365802 -0.417648 
0.6 -5.30865 0.0240373 8 -0.417643 -0.365803 -0.375882 -0.373509 -0.377879 -0.338698 -0.482348 0.154881 -0.482345 -0.338699 -0.377879 -0.373509 -0.375882 -0.365802 -0.417648 
0.61 -5.31034 0.0243568 8 -0.417643 -0.365803 -0.375882 -0.373505 -0.377901 -0.338142 -0.483181 0.153777 -0.483179 -0.338144 -0.377901 -0.373505 -0.375882 -0.365802 -0.417648 
0.62 -5.31196 0.024693 8 -0.417643 -0.365803 -0.375882 -0.3735 -0.377923 -0.337582 -0.483973 0.15265 -0.483971 -0.337584 -0.377922 -0.3735 -0.375882 -0.365802 -0.417648 
0.63 -5.31349 0.0250464 8 -0.417643 -0.365803 -0.375882 -0.373495 -0.377944 -0.337019 -0.484707 0.151498 -0.484704 -0.337021 -0.377944 -0.373495 -0.375882 -0.365802 -0.417648 
0.64 -5.31488 0.0254175 8 -0.417643 -0.365803 -0.375882 -0.373489 -0.377964 -0.336454 -0.485365 0.15032 -0.485362 -0.336456 -0.377964 -0.373489 -0.375882 -0.365801 -0.417648 
0.65 -5.31612 0.0258067 8 -0.417643 -0.365803 -0.375882 -0.373483 -0.377983 -0.335889 -0.485932 0.149113 -0.485929 -0.335891 -0.377983 -0.373483 -0.375883 -0.365801 -0.417648 
0.66 -5.31719 0.0262146 8 -0.417643 -0.365803 -0.375883 -0.373477 -0.378 -0.335325 -0.4864 0.147877 -0.486397 -0.335327 -0.378 -0.373477 -0.375883 -0.365801 -0.417648 
0.67 -5.31808 0.0266416 8 -0.417642 -0.365803 -0.375883 -0.373471 -0.378015 -0.334763 -0.486767 0.146607 -0.486764 -0.334765 -0.378014 -0.373471 -0.375883 -0.365801 -0.417648 
0.68 -5.31882 0.0270883 8 -0.417642 -0.365803 -0.375883 -0.373464 -0.378026 -0.334204 -0.48704 0.145303 -0.487037 -0.334206 -0.378025 -0.373464 -0.375883 -0.365801 -0.417648 
0.69 -5.31943 0.0275554 8 -0.417642 -0.365803 -0.375883 -0.373457 -0.378033 -0.333647 -0.487229 0.143962 -0.487227 -0.33365 -0.378032 -0.373457 -0.375883 -0.365801 -0.417648 
0.7 -5.31993 0.0280434 8 -0.417642 -0.365803 -0.375883 -0.37345 -0.378035 -0.333095 -0.487349 0.142584 -0.487347 -0.333097 -0.378035 -0.37345 -0.375883 -0.365801 -0.417648 
0.71 -5.32036 0.0285528 8 -0.417642 -0.365802 -0.375883 -0.373442 -0.378034 -0.332546 -0.487413 0.141167 -0.487411 -0.332548 -0.378033 -0.373442 -0.375883 -0.365801 -0.417648 
0.72 -5.32074 0.0290845 8 -0.417642 -0.365802 -0.375883 -0.373434 -0.378027 -0.332001 -0.487434 0.139712 -0.487431 -0.332004 -0.378027 -0.373434 -0.375883 -0.365801 -0.417648 
0.73 -5.32109 0.0296389 8 -0.417642 -0.365802 -0.375884 -0.373426 -0.378015 -0.331461 -0.48742 0.138216 -0.487417 -0.331464 -0.378015 -0.373426 -0.375884 -0.365801 -0.417648 
0.74 -5.32142 0.0302169 8 -0.417642 -0.365802 -0.375884 -0.373417 -0.377999 -0.330926 -0.487379 0.136681 -0.487377 -0.330929 -0.377999 -0.373417 -0.375884 -0.365801 -0.417648 
0.75 -5.32175 0.030819 8 -0.417642 -0.365802 -0.375884 -0.373408 -0.377978 -0.330396 -0.487317 0.135106 -0.487315 -0.330399 -0.377977 -0.373408 -0.375884 -0.365801 -0.417648 
0.76 -5.32209 0.0314459 8 -0.417642 -0.365802 -0.375884 -0.373399 -0.377951 -0.329871 -0.487239 0.133492 -0.487236 -0.329874 -0.377951 -0.373399 -0.375884 -0.365801 -0.417648 
0.77 -5.32244 0.0320984 8 -0.417641 -0.365802 -0.375884 -0.373389 -0.37792 -0.329351 -0.487147 0.131838 -0.487144 -0.329354 -0.37792 -0.373389 -0.375885 -0.365801 -0.417648 
0.78 -5.3228 0.0327773 8 -0.417641 -0.365802 -0.375885 -0.373379 -0.377884 -0.328837 -0.487043 0.130145 -0.48704 -0.328839 -0.377884 -0.373379 -0.375885 -0.365801 -0.417648 
0.79 -5.32318 0.0334831 8 -0.417641 -0.365802 -0.375885 -0.373368 -0.377844 -0.328327 -0.486929 0.128413 -0.486926 -0.32833 -0.377843 -0.373369 -0.375885 -0.3658 -0.417648 
0.8 -5.32359 0.0342167 8 -0.417641 -0.365802 -0.375885 -0.373358 -0.377798 -0.327822 -0.486806 0.126642 -0.486803 -0.327825 -0.377798 -0.373358 -0.375885 -0.3658 -0.417648 
0.81 -5.32401 0.0349788 8 -0.417641 -0.365802 -0.375885 -0.373346 -0.377748 -0.327322 -0.486675 0.124833 -0.486672 -0.327325 -0.377748 -0.373346 -0.375886 -0.3658 -0.417648 
0.82 -5.32446 0.0357701 8 -0.417641 -0.365802 -0.375886 -0.373335 -0.377694 -0.326827 -0.486536 0.122986 -0.486534 -0.32683 -0.377693 -0.373335 -0.375886 -0.3658 -0.417648 
0.83 -5.32493 0.0365913 8 -0.417641 -0.365802 -0.375886 -0.373323 -0.377635 -0.326336 -0.486391 0.121102 -0.486389 -0.326339 -0.377635 -0.373323 -0.375886 -0.3658 -0.417648 
0.84 -5.32543 0.0374433 8 -0.417641 -0.365802 -0.375886 -0.37331 -0.377572 -0.325849 -0.486239 0.11918 -0.486237 -0.325852 -0.377572 -0.37331 -0.375887 -0.3658 -0.417648 
0.85 -5.32594 0.0383268 8 -0.417641 -0.365802 -0.375887 -0.373297 -0.377505 -0.325366 -0.486081 0.117221 -0.486079 -0.325369 -0.377505 -0.373297 -0.375887 -0.3658 -0.417648 
0.86 -5.32648 0.0392425 8 -0.417641 -0.365802 -0.375887 -0.373284 -0.377434 -0.324887 -0.485918 0.115226 -0.485916 -0.324889 -0.377434 -0.373284 -0.375887 -0.3658 -0.417648 
0.87 -5.32705 0.0401912 8 -0.417641 -0.365802 -0.375887 -0.373271 -0.377359 -0.32441 -0.485749 0.113194 -0.485747 -0.324413 -0.377359 -0.373271 -0.375887 -0.3658 -0.417648 
0.88 -5.32764 0.0411737 8 -0.417641 -0.365802 -0.375888 -0.373257 -0.377281 -0.323937 -0.485574 0.111127 -0.485572 -0.32394 -0.37728 -0.373257 -0.375888 -0.3658 -0.417648 
0.89 -5.32825 0.0421906 8 -0.41764 -0.365802 -0.375888 -0.373242 -0.377199 -0.323466 -0.485395 0.109024 -0.485393 -0.323469 -0.377198 -0.373242 -0.375888 -0.3658 -0.417648 
0.9 -5.32888 0.0432428 8 -0.41764 -0.365801 -0.375888 -0.373228 -0.377113 -0.322997 -0.485211 0.106886 -0.485209 -0.323 -0.377112 -0.373228 -0.375889 -0.365799 -0.417648 
0.91 -5.32953 0.0443309 8 -0.41764 -0.365801 -0.375889 -0.373213 -0.377024 -0.32253 -0.485022 0.104714 -0.48502 -0.322533 -0.377023 -0.373213 -0.375889 -0.365799 -0.417648 
0.92 -5.33021 0.0454558 8 -0.41764 -0.365801 -0.375889 -0.373197 -0.376932 -0.322065 -0.484829 0.102508 -0.484827 -0.322068 -0.376931 -0.373197 -0.375889 -0.365799 -0.417648 
0.93 -5.3309 0.0466182 8 -0.41764 -0.365801 -0.375889 -0.373181 -0.376837 -0.3216 -0.484633 0.100268 -0.484631 -0.321603 -0.376836 -0.373181 -0.37589 -0.365799 -0.417648 
0.94 -5.33162 0.0478188 8 -0.41764 -0.365801 -0.37589 -0.373165 -0.376739 -0.321136 -0.484432 0.0979943 -0.48443 -0.321139 -0.376738 -0.373165 -0.37589 -0.365799 -0.417648 
0.95 -5.33235 0.0490583 8 -0.41764 -0.365801 -0.37589 -0.373149 -0.376638 -0.320673 -0.484228 0.0956881 -0.484226 -0.320676 -0.376637 -0.373149 -0.37589 -0.365799 -0.417648 
0.96 -5.33311 0.0503375 8 -0.41764 -0.365801 -0.37589 -0.373132 -0.376534 -0.320209 -0.484021 0.0933495 -0.484019 -0.320212 -0.376534 -0.373132 -0.375891 -0.365799 -0.417648 
0.97 -5.33388 0.0516571 8 -0.41764 -0.365801 -0.375891 -0.373114 -0.376428 -0.319744 -0.48381 0.090979 -0.483809 -0.319747 -0.376428 -0.373115 -0.375891 -0.365799 -0.417648 
0.98 -5.33468 0.0530177 8 -0.41764 -0.365801 -0.375891 -0.373097 -0.37632 -0.319279 -0.483597 0.0885769 -0.483596 -0.319281 -0.376319 -0.373097 -0.375891 -0.365798 -0.417648 
0.99 -5.33549 0.0544201 8 -0.41764 -0.365801 -0.375891 -0.373079 -0.37621 -0.318811 -0.483382 0.0861438 -0.48338 -0.318814 -0.376209 -0.373079 -0.375892 -0.365798 -0.417648 
1 -5.33632 0.055865 8 -0.41764 -0.3658 -0.375892 -0.373061 -0.376097 -0.318342 -0.483164 0.0836801 -0.483163 -0.318345 -0.376097 -0.373061 -0.375892 -0.365798 -0.417648 
1.01 -5.33717 0.057353 8 -0.41764 -0.3658 -0.375892 -0.373042 -0.375983 -0.31787 -0.482945 0.0811863 -0.482943 -0.317873 -0.375983 -0.373042 -0.375892 -0.365798 -0.417648 
1.02 -5.33803 0.0588848 8 -0.41764 -0.3658 -0.375892 -0.373023 -0.375868 -0.317396 -0.482723 0.0786628 -0.482722 -0.317399 -0.375867 -0.373023 -0.375892 -0.365798 -0.417648 
1.03 -5.33891 0.060461 8 -0.41764 -0.3658 -0.375892 -0.373004 -0.37575 -0.316918 -0.482501 0.0761101 -0.482499 -0.31692 -0.37575 -0.373004 -0.375893 -0.365798 -0.417648 
1.04 -5.3398 0.0620823 8 -0.41764 -0.3658 -0.375893 -0.372984 -0.375632 -0.316435 -0.482277 0.0735287 -0.482276 -0.316438 -0.375631 -0.372984 -0.375893 -0.365798 -0.417648 
1.05 -5.34071 0.0637494 8 -0.41764 -0.3658 -0.375893 -0.372964 -0.375512 -0.315948 -0.482052 0.0709191 -0.482051 -0.315951 -0.375511 -0.372965 -0.375893 -0.365797 -0.417648 
1.06 -5.34163 0.0654628 8 -0.41764 -0.365799 -0.375893 -0.372944 -0.375392 -0.315457 -0.481827 0.0682817 -0.481826 -0.315459 -0.375391 -0.372944 -0.375893 -0.365797 -0.417648 
1.07 -5.34256 0.0672231 8 -0.41764 -0.365799 -0.375893 -0.372924 -0.37527 -0.314959 -0.481602 0.0656171 -0.481601 -0.314962 -0.37527 -0.372924 -0.375893 -0.365797 -0.417648 
1.08 -5.34351 0.0690309 8 -0.41764 -0.365799 -0.375893 -0.372903 -0.375149 -0.314455 -0.481376 0.0629256 -0.481375 -0.314457 -0.375148 -0.372903 -0.375894 -0.365797 -0.417648 
1.09 -5.34447 0.0708868 8 -0.41764 -0.365799 -0.375893 -0.372882 -0.375026 -0.313943 -0.481151 0.0602079 -0.48115 -0.313946 -0.375026 -0.372882 -0.375894 -0.365796 -0.417648 
1.1 -5.34543 0.0727913 8 -0.41764 -0.365799 -0.375894 -0.37286 -0.374904 -0.313423 -0.480926 0.0574644 -0.480925 -0.313426 -0.374903 -0.372861 -0.375894 -0.365796 -0.417648 
1.11 -5.34641 0.074745 8 -0.41764 -0.365798 -0.375894 -0.372839 -0.374782 -0.312894 -0.480702 0.0546957 -0.480701 -0.312897 -0.374781 -0.372839 -0.375894 -0.365796 -0.417648 
1.12 -5.34739 0.0767484 8 -0.41764 -0.365798 -0.375894 -0.372816 -0.37466 -0.312355 -0.480479 0.0519021 -0.480478 -0.312358 -0.374659 -0.372816 -0.375894 -0.365796 -0.417648 
1.13 -5.34837 0.0788019 8 -0.41764 -0.365798 -0.375894 -0.372794 -0.374539 -0.311802 -0.480257 0.0490842 -0.480256 -0.311805 -0.374538 -0.372794 -0.375894 -0.365796 -0.417648 
1.14 -5.34935 0.0809061 8 -0.41764 -0.365798 -0.375894 -0.37277 -0.37442 -0.311235 -0.480036 0.0462426 -0.480035 -0.311238 -0.374419 -0.37277 -0.375894 -0.365795 -0.417648 
1.15 -5.35032 0.0830614 8 -0.41764 -0.365797 -0.375893 -0.372746 -0.374301 -0.31065 -0.479816 0.0433776 -0.479816 -0.310653 -0.3743 -0.372746 -0.375894 -0.365795 -0.417648 
1.16 -5.35127 0.0852683 8 -0.41764 -0.365797 -0.375893 -0.372721 -0.374185 -0.310043 -0.479598 0.0404899 -0.479597 -0.310046 -0.374184 -0.372721 -0.375894 -0.365795 -0.417648 
1.17 -5.3522 0.0875271 8 -0.41764 -0.365797 -0.375893 -0.372694 -0.374072 -0.309409 -0.47938 0.0375799 -0.47938 -0.309412 -0.374071 -0.372695 -0.375894 -0.365794 -0.417648 
1.18 -5.35309 0.0898384 8 -0.41764 -0.365797 -0.375893 -0.372666 -0.373962 -0.308744 -0.479164 0.0346482 -0.479163 -0.308747 -0.373961 -0.372666 -0.375893 -0.365794 -0.417648 
1.19 -5.35393 0.0922024 8 -0.41764 -0.365796 -0.375893 -0.372636 -0.373857 -0.30804 -0.478947 0.0316952 -0.478946 -0.308043 -0.373856 -0.372636 -0.375893 -0.365794 -0.417648 
1.2 -5.35471 0.0946195 8 -0.41764 -0.365796 -0.375893 -0.372602 -0.373756 -0.307295 -0.47873 0.0287216 -0.478729 -0.307298 -0.373755 -0.372602 -0.375893 -0.365793 -0.417648 
1.21 -5.35542 0.0970901 8 -0.41764 -0.365796 -0.375892 -0.372565 -0.373662 -0.306504 -0.478511 0.0257277 -0.478511 -0.306507 -0.373661 -0.372565 -0.375893 -0.365793 -0.417648 
1.22 -5.35606 0.0996145 8 -0.41764 -0.365795 -0.375892 -0.372523 -0.373575 -0.305668 -0.478291 0.0227142 -0.47829 -0.305671 -0.373574 -0.372523 -0.375892 -0.365793 -0.417648 
1.23 -5.35663 0.102193 8 -0.41764 -0.365795 -0.375892 -0.372475 -0.373496 -0.30479 -0.478067 0.0196815 -0.478067 -0.304793 -0.373495 -0.372476 -0.375892 -0.365792 -0.417648 
1.24 -5.35716 0.104826 8 -0.41764 -0.365794 -0.375891 -0.372422 -0.373427 -0.303876 -0.47784 0.0166303 -0.477839 -0.303879 -0.373426 -0.372422 -0.375891 -0.365792 -0.417648 
1.25 -5.35764 0.107513 8 -0.41764 -0.365794 -0.375891 -0.372362 -0.373369 -0.302933 -0.477608 0.013561 -0.477607 -0.302935 -0.373368 -0.372362 -0.375891 -0.365792 -0.417648 
1.26 -5.35809 0.110255 8 -0.41764 -0.365794 -0.37589 -0.372295 -0.373325 -0.301966 -0.477371 0.0104742 -0.477371 -0.301969 -0.373324 -0.372295 -0.375891 -0.365791 -0.417648 
1.27 -5.35854 0.113053 8 -0.41764 -0.365793 -0.37589 -0.37222 -0.373295 -0.300983 -0.477129 0.00737049 -0.477129 -0.300986 -0.373294 -0.37222 -0.37589 -0.365791 -0.417648 
1.28 -5.35898 0.115905 8 -0.41764 -0.365793 -0.375889 -0.372138 -0.373281 -0.299989 -0.476882 0.00425033 -0.476882 -0.299992 -0.37328 -0.372138 -0.375889 -0.36579 -0.417648 
1.29 -5.35943 0.118813 8 -0.41764 -0.365792 -0.375888 -0.372048 -0.373284 -0.298987 -0.476629 0.00111432 -0.476629 -0.29899 -0.373283 -0.372048 -0.375889 -0.36579 -0.417648 
1.3 -5.35989 0.121776 8 -0.41764 -0.365792 -0.375888 -0.37195 -0.373304 -0.29798 -0.476371 -0.00203699 -0.476371 -0.297983 -0.373303 -0.37195 -0.375888 -0.365789 -0.417648 
1.31 -5.36038 0.124795 8 -0.41764 -0.365791 -0.375887 -0.371843 -0.373344 -0.296971 -0.476108 -0.00520306 -0.476108 -0.296974 -0.373342 -0.371844 -0.375888 -0.365789 -0.417648 
1.32 -5.36089 0.127869 8 -0.41764 -0.365791 -0.375886 -0.371729 -0.373401 -0.295962 -0.475839 -0.00838332 -0.475839 -0.295965 -0.3734 -0.371729 -0.375887 -0.365788 -0.417648 
1.33 -5.36142 0.131 8 -0.41764 -0.36579 -0.375886 -0.371607 -0.373478 -0.294953 -0.475565 -0.0115772 -0.475565 -0.294956 -0.373477 -0.371607 -0.375886 -0.365788 -0.417648 
1.34 -5.36199 0.134186 8 -0.41764 -0.36579 -0.375885 -0.371476 -0.373575 -0.293945 -0.475286 -0.0147842 -0.475286 -0.293948 -0.373573 -0.371477 -0.375886 -0.365787 -0.417648 
1.35 -5.36258 0.137428 8 -0.41764 -0.365789 -0.375884 -0.371338 -0.37369 -0.292939 -0.475002 -0.0180037 -0.475002 -0.292942 -0.373689 -0.371338 -0.375885 -0.365787 -0.417648 
1.36 -5.3632 0.140725 8 -0.41764 -0.365788 -0.375884 -0.371191 -0.373825 -0.291936 -0.474713 -0.0212352 -0.474713 -0.291939 -0.373824 -0.371192 -0.375884 -0.365786 -0.417648 
1.37 -5.36385 0.144079 8 -0.41764 -0.365788 -0.375883 -0.371037 -0.37398 -0.290936 -0.47442 -0.0244781 -0.47442 -0.290939 -0.373978 -0.371037 -0.375884 -0.365785 -0.417648 
1.38 -5.36454 0.147487 8 -0.41764 -0.365787 -0.375883 -0.370874 -0.374154 -0.289939 -0.474123 -0.0277318 -0.474122 -0.289942 -0.374152 -0.370875 -0.375883 -0.365785 -0.417648 
1.39 -5.36525 0.150952 8 -0.417641 -0.365786 -0.375882 -0.370704 -0.374347 -0.288945 -0.473821 -0.0309959 -0.473821 -0.288948 -0.374345 -0.370705 -0.375883 -0.365784 -0.417648 
1.4 -5.366 0.154472 8 -0.417641 -0.365785 -0.375882 -0.370526 -0.374559 -0.287955 -0.473515 -0.0342697 -0.473515 -0.287958 -0.374557 -0.370526 -0.375882 -0.365783 -0.417648 
1.41 -5.36678 0.158047 8 -0.417641 -0.365785 -0.375881 -0.37034 -0.374789 -0.286968 -0.473205 -0.0375527 -0.473205 -0.286971 -0.374788 -0.37034 -0.375882 -0.365782 -0.417648 
1.42 -5.36759 0.161678 8 -0.417641 -0.365784 -0.375881 -0.370146 -0.375039 -0.285985 -0.472891 -0.0408443 -0.472891 -0.285989 -0.375037 -0.370146 -0.375881 -0.365781 -0.417648 
1.43 -5.36842 0.165363 8 -0.417641 -0.365783 -0.375881 -0.369944 -0.375307 -0.285007 -0.472574 -0.044144 -0.472574 -0.28501 -0.375306 -0.369945 -0.375881 -0.36578 -0.417648 
1.44 -5.36929 0.169103 8 -0.417641 -0.365782 -0.375881 -0.369735 -0.375594 -0.284032 -0.472254 -0.0474513 -0.472254 -0.284036 -0.375592 -0.369735 -0.375881 -0.365779 -0.417648 
1.45 -5.37019 0.172898 8 -0.417641 -0.365781 -0.375881 -0.369518 -0.375898 -0.283062 -0.47193 -0.0507655 -0.47193 -0.283065 -0.375896 -0.369518 -0.375881 -0.365778 -0.417648 
1.46 -5.37112 0.176746 8 -0.417641 -0.36578 -0.375881 -0.369293 -0.376221 -0.282097 -0.471603 -0.0540862 -0.471604 -0.2821 -0.376219 -0.369294 -0.375881 -0.365777 -0.417648 
1.47 -5.37208 0.180649 8 -0.417641 -0.365778 -0.375881 -0.369061 -0.376561 -0.281135 -0.471274 -0.0574128 -0.471274 -0.281139 -0.376559 -0.369062 -0.375882 -0.365776 -0.417648 
1.48 -5.37307 0.184605 8 -0.417641 -0.365777 -0.375882 -0.368822 -0.376918 -0.280179 -0.470942 -0.0607447 -0.470942 -0.280182 -0.376916 -0.368822 -0.375882 -0.365775 -0.417648 
1.49 -5.37409 0.188615 8 -0.417641 -0.365776 -0.375883 -0.368575 -0.377292 -0.279227 -0.470607 -0.0640814 -0.470607 -0.27923 -0.37729 -0.368576 -0.375883 -0.365774 -0.417648 
1.5 -5.37514 0.192677 8 -0.417642 -0.365775 -0.375884 -0.368321 -0.377684 -0.27828 -0.47027 -0.0674224 -0.47027 -0.278284 -0.377682 -0.368322 -0.375884 -0.365772 -0.417648 
1.51 -5.37621 0.196792 8 -0.417642 -0.365773 -0.375885 -0.36806 -0.378091 -0.277339 -0.469931 -0.0707672 -0.469931 -0.277342 -0.378089 -0.36806 -0.375885 -0.365771 -0.417648 
1.52 -5.37732 0.200958 8 -0.417642 -0.365772 -0.375886 -0.367791 -0.378515 -0.276402 -0.46959 -0.0741151 -0.46959 -0.276405 -0.378513 -0.367792 -0.375887 -0.365769 -0.417648 
1.53 -5.37845 0.205177 8 -0.417642 -0.36577 -0.375888 -0.367515 -0.378955 -0.275471 -0.469247 -0.0774657 -0.469248 -0.275474 -0.378953 -0.367516 -0.375888 -0.365768 -0.417648 
1.54 -5.37961 0.209446 8 -0.417642 -0.365768 -0.37589 -0.367233 -0.379411 -0.274545 -0.468903 -0.0808184 -0.468903 -0.274548 -0.379409 -0.367233 -0.37589 -0.365766 -0.417648 
1.55 -5.3808 0.213766 8 -0.417642 -0.365766 -0.375892 -0.366943 -0.379882 -0.273624 -0.468557 -0.0841727 -0.468557 -0.273628 -0.37988 -0.366944 -0.375893 -0.365764 -0.417648 
1.56 -5.38201 0.218136 8 -0.417642 -0.365765 -0.375895 -0.366647 -0.380368 -0.272709 -0.46821 -0.0875282 -0.46821 -0.272713 -0.380366 -0.366647 -0.375896 -0.365763 -0.417648 
1.57 -5.38325 0.222556 8 -0.417642 -0.365763 -0.375898 -0.366343 -0.380869 -0.2718 -0.467862 -0.0908841 -0.467862 -0.271804 -0.380867 -0.366344 -0.375899 -0.365761 -0.417648 
1.58 -5.38451 0.227025 8 -0.417642 -0.365761 -0.375902 -0.366034 -0.381384 -0.270897 -0.467512 -0.0942401 -0.467513 -0.270901 -0.381382 -0.366034 -0.375902 -0.365759 -0.417648 
1.59 -5.3858 0.231542 8 -0.417643 -0.365758 -0.375906 -0.365717 -0.381913 -0.27 -0.467163 -0.0975957 -0.467163 -0.270003 -0.381911 -0.365718 -0.375906 -0.365756 -0.417648 
1.6 -5.38711 0.236107 8 -0.417643 -0.365756 -0.37591 -0.365394 -0.382456 -0.269108 -0.466812 -0.10095 -0.466813 -0.269112 -0.382453 -0.365395 -0.37591 -0.365754 -0.417648 
1.61 -5.38845 0.240719 8 -0.417643 -0.365754 -0.375915 -0.365064 -0.383011 -0.268223 -0.466461 -0.104303 -0.466462 -0.268227 -0.383009 -0.365065 -0.375915 -0.365752 -0.417648 
1.62 -5.38981 0.245377 8 -0.417643 -0.365751 -0.37592 -0.364728 -0.383579 -0.267344 -0.46611 -0.107654 -0.466111 -0.267348 -0.383577 -0.364729 -0.37592 -0.365749 -0.417648 
1.63 -5.39119 0.250081 8 -0.417643 -0.365748 -0.375926 -0.364386 -0.384159 -0.266471 -0.465759 -0.111003 -0.465759 -0.266475 -0.384157 -0.364387 -0.375926 -0.365746 -0.417648 
1.64 -5.3926 0.254831 8 -0.417643 -0.365745 -0.375932 -0.364038 -0.38475 -0.265605 -0.465407 -0.114349 -0.465408 -0.265609 -0.384748 -0.364039 -0.375932 -0.365744 -0.417649 
1.65 -5.39402 0.259624 8 -0.417643 -0.365743 -0.375938 -0.363684 -0.385352 -0.264746 -0.465056 -0.117691 -0.465057 -0.264749 -0.385349 -0.363685 -0.375939 -0.365741 -0.417649 
1.66 -5.39546 0.264462 8 -0.417644 -0.365739 -0.375946 -0.363324 -0.385962 -0.263892 -0.464706 -0.121029 -0.464706 -0.263896 -0.385959 -0.363325 -0.375946 -0.365738 -0.417649 
1.67 -5.39691 0.269342 8 -0.417644 -0.365736 -0.375953 -0.362959 -0.386579 -0.263046 -0.464356 -0.124363 -0.464356 -0.26305 -0.386576 -0.36296 -0.375954 -0.365734 -0.417649 
1.68 -5.39838 0.274264 8 -0.417644 -0.365733 -0.375962 -0.362589 -0.3872 -0.262206 -0.464006 -0.127691 -0.464007 -0.26221 -0.387197 -0.36259 -0.375962 -0.365731 -0.417649 
1.69 -5.39984 0.279227 8 -0.417644 -0.365729 -0.37597 -0.362214 -0.387822 -0.261374 -0.463658 -0.131015 -0.463658 -0.261377 -0.387819 -0.362215 -0.375971 -0.365728 -0.417649 
1.7 -5.4013 0.284231 8 -0.417644 -0.365725 -0.375979 -0.361834 -0.38844 -0.260548 -0.46331 -0.134332 -0.463311 -0.260551 -0.388437 -0.361835 -0.375979 -0.365724 -0.417649 
1.71 -5.40274 0.289274 8 -0.417644 -0.365722 -0.375988 -0.361452 -0.389048 -0.259728 -0.462964 -0.137643 -0.462964 -0.259732 -0.389044 -0.361453 -0.375988 -0.36572 -0.417649 
1.72 -5.40415 0.294356 8 -0.417644 -0.365717 -0.375997 -0.361067 -0.389636 -0.258916 -0.462618 -0.140948 -0.462619 -0.25892 -0.389633 -0.361068 -0.375997 -0.365716 -0.417649 
1.73 -5.4055 0.299476 8 -0.417645 -0.365713 -0.376005 -0.360681 -0.390194 -0.258111 -0.462275 -0.144245 -0.462276 -0.258115 -0.390191 -0.360682 -0.376006 -0.365712 -0.417649 
1.74 -5.40677 0.304633 8 -0.417645 -0.365709 -0.376013 -0.360295 -0.39071 -0.257312 -0.461932 -0.147534 -0.461933 -0.257316 -0.390707 -0.360296 -0.376013 -0.365707 -0.417649 
1.75 -5.40795 0.309825 8 -0.417645 -0.365704 -0.376019 -0.359911 -0.391172 -0.25652 -0.461592 -0.150816 -0.461593 -0.256524 -0.391169 -0.359912 -0.376019 -0.365703 -0.417649 
1.76 -5.409 0.315053 8 -0.417645 -0.365699 -0.376022 -0.359531 -0.391569 -0.255734 -0.461253 -0.154088 -0.461254 -0.255738 -0.391566 -0.359532 -0.376023 -0.365698 -0.417649 
1.77 -5.40993 0.320314 8 -0.417645 -0.365694 -0.376023 -0.359154 -0.391895 -0.254955 -0.460916 -0.157352 -0.460917 -0.254959 -0.391891 -0.359155 -0.376024 -0.365693 -0.417649 
1.78 -5.41072 0.325609 8 -0.417646 -0.365689 -0.37602 -0.358784 -0.39215 -0.254183 -0.460581 -0.160607 -0.460583 -0.254187 -0.392146 -0.358785 -0.376021 -0.365688 -0.417649 
1.79 -5.41139 0.330936 8 -0.417646 -0.365684 -0.376013 -0.35842 -0.392339 -0.253416 -0.460249 -0.163851 -0.46025 -0.25342 -0.392336 -0.358421 -0.376014 -0.365682 -0.417649 
1.8 -5.41196 0.336294 8 -0.417646 -0.365678 -0.376002 -0.358064 -0.392473 -0.252656 -0.459918 -0.167085 -0.459919 -0.25266 -0.392469 -0.358066 -0.376002 -0.365677 -0.417649 
1.81 -5.41246 0.341682 8 -0.417646 -0.365672 -0.375984 -0.357717 -0.392561 -0.251902 -0.45959 -0.170309 -0.459591 -0.251906 -0.392558 -0.357718 -0.375985 -0.365671 -0.41765 
1.82 -5.4129 0.3471 8 -0.417646 -0.365666 -0.375961 -0.357379 -0.392616 -0.251154 -0.459263 -0.173521 -0.459265 -0.251158 -0.392612 -0.357381 -0.375962 -0.365665 -0.41765 
1.83 -5.41331 0.352545 8 -0.417647 -0.36566 -0.375932 -0.357052 -0.392646 -0.250413 -0.45894 -0.176722 -0.458941 -0.250417 -0.392643 -0.357053 -0.375933 -0.365659 -0.41765 
1.84 -5.4137 0.358017 8 -0.417647 -0.365653 -0.375897 -0.356736 -0.39266 -0.249679 -0.458618 -0.179911 -0.458619 -0.249683 -0.392656 -0.356737 -0.375898 -0.365652 -0.41765 
1.85 -5.41408 0.363515 8 -0.417647 -0.365647 -0.375856 -0.356431 -0.392663 -0.248951 -0.458299 -0.183088 -0.4583 -0.248955 -0.39266 -0.356432 -0.375856 -0.365646 -0.41765 
1.86 -5.41447 0.369039 8 -0.417647 -0.36564 -0.375808 -0.356137 -0.392661 -0.248231 -0.457982 -0.186252 -0.457983 -0.248235 -0.392657 -0.356139 -0.375809 -0.365639 -0.41765 
1.87 -5.41487 0.374585 8 -0.417648 -0.365633 -0.375754 -0.355856 -0.392655 -0.247517 -0.457668 -0.189403 -0.457669 -0.247521 -0.392652 -0.355858 -0.375755 -0.365632 -0.41765 
1.88 -5.41529 0.380155 8 -0.417648 -0.365625 -0.375694 -0.355588 -0.392649 -0.246811 -0.457356 -0.19254 -0.457357 -0.246816 -0.392645 -0.355589 -0.375695 -0.365624 -0.41765 
1.89 -5.41573 0.385746 8 -0.417648 -0.365618 -0.375628 -0.355331 -0.392644 -0.246113 -0.457047 -0.195664 -0.457048 -0.246117 -0.39264 -0.355332 -0.375628 -0.365617 -0.417651 
1.9 -5.41619 0.391357 8 -0.417648 -0.36561 -0.375555 -0.355087 -0.392641 -0.245423 -0.45674 -0.198774 -0.456741 -0.245427 -0.392637 -0.355088 -0.375556 -0.365609 -0.417651 
1.91 -5.41667 0.396988 8 -0.417648 -0.365602 -0.375477 -0.354855 -0.392641 -0.24474 -0.456436 -0.201869 -0.456437 -0.244745 -0.392637 -0.354856 -0.375477 -0.365601 -0.417651 
1.92 -5.41718 0.402637 8 -0.417649 -0.365594 -0.375392 -0.354635 -0.392644 -0.244066 -0.456134 -0.20495 -0.456136 -0.244071 -0.39264 -0.354636 -0.375392 -0.365593 -0.417651 
1.93 -5.41772 0.408302 8 -0.417649 -0.365585 -0.375302 -0.354427 -0.392651 -0.243401 -0.455835 -0.208015 -0.455837 -0.243405 -0.392647 -0.354428 -0.375302 -0.365584 -0.417651 
1.94 -5.41828 0.413984 8 -0.417649 -0.365577 -0.375205 -0.35423 -0.392661 -0.242744 -0.455539 -0.211065 -0.45554 -0.242748 -0.392658 -0.354232 -0.375205 -0.365576 -0.417651 
1.95 -5.41887 0.419681 8 -0.417649 -0.365568 -0.375103 -0.354045 -0.392676 -0.242096 -0.455245 -0.214099 -0.455246 -0.242101 -0.392672 -0.354047 -0.375103 -0.365567 -0.417651 
1.96 -5.41948 0.425391 8 -0.41765 -0.365559 -0.374995 -0.353871 -0.392695 -0.241458 -0.454954 -0.217116 -0.454955 -0.241462 -0.392691 -0.353873 -0.374995 -0.365558 -0.417651 
1.97 -5.42012 0.431113 8 -0.41765 -0.36555 -0.374881 -0.353708 -0.392718 -0.240829 -0.454665 -0.220118 -0.454667 -0.240833 -0.392714 -0.353709 -0.374881 -0.365549 -0.417651 
1.98 -5.42079 0.436847 8 -0.41765 -0.36554 -0.374762 -0.353555 -0.392745 -0.240209 -0.454379 -0.223102 -0.454381 -0.240214 -0.392742 -0.353557 -0.374762 -0.36554 -0.417652 
1.99 -5.42148 0.442591 8 -0.41765 -0.365531 -0.374638 -0.353413 -0.392777 -0.2396 -0.454096 -0.226069 -0.454097 -0.239604 -0.392773 -0.353414 -0.374638 -0.36553 -0.417652 
2 -5.4222 0.448343 8 -0.41765 -0.365521 -0.374508 -0.35328 -0.392813 -0.239 -0.453815 -0.229019 -0.453817 -0.239005 -0.392809 -0.353281 -0.374508 -0.36552 -0.417652 
2.01 -5.42294 0.454104 8 -0.41765 -0.365511 -0.374373 -0.353157 -0.392853 -0.238411 -0.453537 -0.231951 -0.453539 -0.238415 -0.39285 -0.353158 -0.374373 -0.365511 -0.417652 
2.02 -5.42371 0.459871 8 -0.41765 -0.365501 -0.374233 -0.353043 -0.392898 -0.237832 -0.453262 -0.234866 -0.453263 -0.237837 -0.392894 -0.353044 -0.374233 -0.365501 -0.417652 
2.03 -5.4245 0.465643 8 -0.41765 -0.365491 -0.374088 -0.352937 -0.392947 -0.237264 -0.452989 -0.237762 -0.45299 -0.237269 -0.392943 -0.352939 -0.374088 -0.365491 -0.417652 
2.04 -5.42532 0.471419 8 -0.41765 -0.365481 -0.373939 -0.35284 -0.393 -0.236707 -0.452719 -0.240639 -0.45272 -0.236712 -0.392996 -0.352841 -0.373939 -0.365481 -0.417652 
2.05 -5.42615 0.477199 8 -0.41765 -0.365471 -0.373784 -0.352751 -0.393057 -0.236161 -0.452451 -0.243497 -0.452453 -0.236166 -0.393054 -0.352752 -0.373784 -0.36547 -0.417652 
2.06 -5.42701 0.48298 8 -0.41765 -0.36546 -0.373625 -0.352669 -0.393119 -0.235627 -0.452186 -0.246337 -0.452188 -0.235631 -0.393115 -0.35267 -0.373625 -0.36546 -0.417651 
2.07 -5.4279 0.488762 8 -0.41765 -0.36545 -0.373462 -0.352595 -0.393185 -0.235103 -0.451924 -0.249157 -0.451925 -0.235108 -0.393181 -0.352596 -0.373462 -0.365449 -0.417651 
2.08 -5.4288 0.494543 8 -0.41765 -0.365439 -0.373294 -0.352527 -0.393255 -0.234592 -0.451664 -0.251957 -0.451666 -0.234597 -0.393252 -0.352528 -0.373294 -0.365439 -0.417651 
2.09 -5.42973 0.500323 8 -0.41765 -0.365428 -0.373122 -0.352465 -0.39333 -0.234093 -0.451407 -0.254738 -0.451409 -0.234097 -0.393326 -0.352466 -0.373122 -0.365428 -0.417651 
2.1 -5.43068 0.5061 8 -0.41765 -0.365418 -0.372946 -0.352408 -0.393409 -0.233605 -0.451152 -0.257499 -0.451154 -0.23361 -0.393405 -0.352409 -0.372946 -0.365418 -0.417651 
2.11 -5.43165 0.511873 8 -0.41765 -0.365407 -0.372766 -0.352357 -0.393492 -0.23313 -0.4509 -0.260239 -0.450902 -0.233135 -0.393489 -0.352358 -0.372766 -0.365407 -0.41765 
2.12 -5.43264 0.51764 8 -0.417649 -0.365396 -0.372582 -0.352311 -0.39358 -0.232668 -0.450651 -0.262958 -0.450652 -0.232672 -0.393576 -0.352312 -0.372582 -0.365396 -0.41765 
2.13 -5.43364 0.523402 8 -0.417649 -0.365386 -0.372394 -0.352269 -0.393672 -0.232218 -0.450404 -0.265657 -0.450405 -0.232222 -0.393669 -0.35227 -0.372394 -0.365386 -0.41765 
2.14 -5.43467 0.529155 8 -0.417649 -0.365375 -0.372203 -0.352231 -0.393769 -0.231781 -0.450159 -0.268335 -0.450161 -0.231785 -0.393765 -0.352232 -0.372203 -0.365375 -0.417649 
2.15 -5.43572 0.5349 8 -0.417648 -0.365364 -0.372009 -0.352195 -0.393869 -0.231357 -0.449917 -0.270992 -0.449919 -0.231361 -0.393866 -0.352196 -0.372009 -0.365364 -0.417649 
2.16 -5.43678 0.540636 8 -0.417648 -0.365353 -0.371812 -0.352163 -0.393975 -0.230946 -0.449678 -0.273627 -0.449679 -0.230951 -0.393971 -0.352164 -0.371812 -0.365353 -0.417648 
2.17 -5.43786 0.54636 8 -0.417647 -0.365343 -0.371611 -0.352132 -0.394084 -0.230549 -0.449441 -0.27624 -0.449442 -0.230553 -0.394081 -0.352133 -0.371611 -0.365343 -0.417647 
2.18 -5.43895 0.552072 8 -0.417646 -0.365332 -0.371408 -0.352102 -0.394198 -0.230165 -0.449206 -0.278832 -0.449207 -0.230169 -0.394195 -0.352103 -0.371408 -0.365332 -0.417647 
2.19 -5.44006 0.557771 8 -0.417646 -0.365322 -0.371202 -0.352073 -0.394317 -0.229795 -0.448974 -0.281401 -0.448975 -0.229799 -0.394314 -0.352074 -0.371202 -0.365322 -0.417646 
2.2 -5.44118 0.563456 8 -0.417645 -0.365311 -0.370993 -0.352044 -0.39444 -0.229438 -0.448744 -0.283949 -0.448745 -0.229443 -0.394437 -0.352044 -0.370993 -0.365311 -0.417645 
2.21 -5.44232 0.569126 8 -0.417644 -0.365301 -0.370783 -0.352013 -0.394568 -0.229096 -0.448516 -0.286474 -0.448518 -0.229101 -0.394564 -0.352013 -0.370782 -0.365301 -0.417644 
2.22 -5.44346 0.574779 8 -0.417643 -0.36529 -0.37057 -0.351979 -0.3947 -0.228768 -0.448291 -0.288976 -0.448292 -0.228773 -0.394696 -0.35198 -0.37057 -0.36529 -0.417643 
2.23 -5.44461 0.580414 8 -0.417642 -0.36528 -0.370355 -0.35194 -0.394836 -0.228454 -0.448068 -0.291456 -0.448069 -0.228459 -0.394833 -0.351941 -0.370355 -0.36528 -0.417642 
2.24 -5.44576 0.586031 8 -0.417641 -0.365269 -0.37014 -0.351895 -0.394977 -0.228155 -0.447847 -0.293913 -0.447849 -0.228159 -0.394974 -0.351896 -0.370139 -0.365269 -0.417641 
2.25 -5.44691 0.591628 8 -0.41764 -0.365258 -0.369923 -0.35184 -0.395123 -0.22787 -0.447629 -0.296347 -0.44763 -0.227875 -0.395119 -0.351841 -0.369923 -0.365259 -0.41764 
2.26 -5.44806 0.597205 8 -0.417638 -0.365247 -0.369706 -0.351771 -0.395272 -0.2276 -0.447412 -0.298758 -0.447414 -0.227605 -0.395269 -0.351772 -0.369706 -0.365248 -0.417638 
2.27 -5.44918 0.602759 8 -0.417637 -0.365236 -0.369489 -0.351683 -0.395425 -0.227345 -0.447198 -0.301145 -0.4472 -0.22735 -0.395422 -0.351684 -0.369489 -0.365236 -0.417637 
2.28 -5.45026 0.608291 8 -0.417635 -0.365224 -0.369273 -0.35157 -0.395582 -0.227105 -0.446987 -0.303509 -0.446988 -0.22711 -0.395579 -0.35157 -0.369273 -0.365224 -0.417635 
2.29 -5.45131 0.6138 8 -0.417634 -0.36521 -0.36906 -0.351423 -0.395743 -0.22688 -0.446777 -0.305849 -0.446779 -0.226885 -0.395739 -0.351424 -0.369059 -0.36521 -0.417634 
2.3 -5.45228 0.619283 8 -0.417632 -0.365195 -0.368849 -0.351236 -0.395906 -0.22667 -0.446569 -0.308165 -0.446571 -0.226675 -0.395902 -0.351236 -0.368849 -0.365195 -0.417632 
2.31 -5.45318 0.62474 8 -0.41763 -0.365177 -0.368643 -0.351 -0.396071 -0.226476 -0.446364 -0.310458 -0.446366 -0.226481 -0.396067 -0.351001 -0.368643 -0.365178 -0.41763 
2.32 -5.45399 0.630171 8 -0.417628 -0.365157 -0.368442 -0.350711 -0.396237 -0.226297 -0.446161 -0.312726 -0.446162 -0.226302 -0.396234 -0.350711 -0.368442 -0.365157 -0.417628 
2.33 -5.45471 0.635574 8 -0.417626 -0.365132 -0.368248 -0.350367 -0.396403 -0.226134 -0.445959 -0.314971 -0.445961 -0.226139 -0.3964 -0.350368 -0.368247 -0.365133 -0.417626 
2.34 -5.45535 0.640949 8 -0.417624 -0.365103 -0.368061 -0.349972 -0.39657 -0.225986 -0.44576 -0.317191 -0.445762 -0.225991 -0.396566 -0.349972 -0.368061 -0.365104 -0.417624 
2.35 -5.4559 0.646294 8 -0.417621 -0.365069 -0.367884 -0.34953 -0.396734 -0.225854 -0.445562 -0.319387 -0.445564 -0.225859 -0.396731 -0.349531 -0.367883 -0.365069 -0.417622 
2.36 -5.4564 0.651608 8 -0.417619 -0.365029 -0.367716 -0.349052 -0.396897 -0.225738 -0.445367 -0.321559 -0.445369 -0.225743 -0.396894 -0.349052 -0.367716 -0.365029 -0.417619 
2.37 -5.45686 0.656892 8 -0.417617 -0.364983 -0.367561 -0.348544 -0.397058 -0.225638 -0.445174 -0.323706 -0.445175 -0.225643 -0.397055 -0.348544 -0.36756 -0.364983 -0.417617 
2.38 -5.45729 0.662142 8 -0.417614 -0.36493 -0.367418 -0.348014 -0.397215 -0.225554 -0.444982 -0.325828 -0.444984 -0.225558 -0.397212 -0.348015 -0.367418 -0.364931 -0.417614 
2.39 -5.45771 0.66736 8 -0.417611 -0.364871 -0.36729 -0.34747 -0.39737 -0.225485 -0.444792 -0.327926 -0.444794 -0.22549 -0.397367 -0.34747 -0.367289 -0.364871 -0.417611 
2.4 -5.45813 0.672544 8 -0.417608 -0.364804 -0.367176 -0.346915 -0.397521 -0.225433 -0.444604 -0.329999 -0.444606 -0.225438 -0.397518 -0.346916 -0.367176 -0.364805 -0.417608 
2.41 -5.45856 0.677693 8 -0.417605 -0.364731 -0.367078 -0.346355 -0.397668 -0.225397 -0.444418 -0.332047 -0.44442 -0.225402 -0.397665 -0.346355 -0.367078 -0.364731 -0.417605 
2.42 -5.459 0.682806 8 -0.417602 -0.364651 -0.366997 -0.345791 -0.397812 -0.225377 -0.444234 -0.334071 -0.444236 -0.225382 -0.397809 -0.345791 -0.366996 -0.364651 -0.417602 
2.43 -5.45947 0.687884 8 -0.417599 -0.364563 -0.366931 -0.345226 -0.397952 -0.225374 -0.444052 -0.336069 -0.444053 -0.225379 -0.397949 -0.345226 -0.366931 -0.364564 -0.417599 
2.44 -5.45996 0.692923 8 -0.417595 -0.364469 -0.366883 -0.344661 -0.398088 -0.225387 -0.443871 -0.338043 -0.443873 -0.225392 -0.398085 -0.344662 -0.366883 -0.364469 -0.417596 
2.45 -5.46047 0.697925 8 -0.417592 -0.364367 -0.366852 -0.344098 -0.398221 -0.225416 -0.443692 -0.339991 -0.443693 -0.225421 -0.398218 -0.344098 -0.366851 -0.364367 -0.417592 
2.46 -5.46101 0.702889 8 -0.417589 -0.364258 -0.366838 -0.343536 -0.398349 -0.225461 -0.443514 -0.341914 -0.443516 -0.225466 -0.398346 -0.343537 -0.366837 -0.364259 -0.417589 
2.47 -5.46158 0.707813 8 -0.417585 -0.364143 -0.366841 -0.342977 -0.398474 -0.225523 -0.443338 -0.343812 -0.44334 -0.225528 -0.398471 -0.342977 -0.36684 -0.364143 -0.417585 
2.48 -5.46218 0.712696 8 -0.417581 -0.36402 -0.366861 -0.34242 -0.398594 -0.225601 -0.443164 -0.345685 -0.443166 -0.225606 -0.398591 -0.342421 -0.36686 -0.364021 -0.417582 
2.49 -5.4628 0.71754 8 -0.417577 -0.363891 -0.366898 -0.341867 -0.398711 -0.225696 -0.442992 -0.347533 -0.442994 -0.225701 -0.398708 -0.341868 -0.366897 -0.363891 -0.417578 
2.5 -5.46346 0.722341 8 -0.417574 -0.363754 -0.366951 -0.341317 -0.398824 -0.225807 -0.442821 -0.349356 -0.442823 -0.225812 -0.398821 -0.341318 -0.36695 -0.363755 -0.417574 
2.51 -5.46414 0.727101 8 -0.41757 -0.363611 -0.367021 -0.34077 -0.398933 -0.225935 -0.442651 -0.351153 -0.442653 -0.22594 -0.39893 -0.340771 -0.36702 -0.363612 -0.41757 
2.52 -5.46485 0.731818 8 -0.417566 -0.363462 -0.367108 -0.340227 -0.399038 -0.226079 -0.442483 -0.352925 -0.442485 -0.226084 -0.399035 -0.340228 -0.367107 -0.363462 -0.417566 
2.53 -5.4656 0.736491 8 -0.417562 -0.363305 -0.36721 -0.339687 -0.399139 -0.226239 -0.442317 -0.354672 -0.442319 -0.226244 -0.399136 -0.339688 -0.36721 -0.363306 -0.417563 
2.54 -5.46637 0.741121 8 -0.417558 -0.363142 -0.367329 -0.339151 -0.399236 -0.226416 -0.442152 -0.356393 -0.442154 -0.226421 -0.399233 -0.339152 -0.367328 -0.363143 -0.417559 
2.55 -5.46717 0.745707 8 -0.417554 -0.362973 -0.367464 -0.338619 -0.39933 -0.22661 -0.441988 -0.358089 -0.44199 -0.226615 -0.399327 -0.33862 -0.367463 -0.362973 -0.417555 
2.56 -5.468 0.750247 8 -0.41755 -0.362797 -0.367614 -0.33809 -0.399419 -0.22682 -0.441826 -0.35976 -0.441828 -0.226824 -0.399417 -0.338091 -0.367613 -0.362798 -0.417551 
2.57 -5.46885 0.754742 8 -0.417546 -0.362615 -0.367779 -0.337565 -0.399505 -0.227046 -0.441665 -0.361406 -0.441667 -0.227051 -0.399502 -0.337566 -0.367778 -0.362615 -0.417547 
2.58 -5.46974 0.759191 8 -0.417542 -0.362427 -0.367959 -0.337044 -0.399587 -0.227288 -0.441506 -0.363026 -0.441507 -0.227293 -0.399584 -0.337045 -0.367958 -0.362427 -0.417543 
2.59 -5.47065 0.763593 9 -0.417538 -0.362232 -0.368154 -0.336527 -0.399665 -0.227548 -0.441347 -0.364621 -0.441349 -0.227552 -0.399662 -0.336528 -0.368153 -0.362232 -0.417539 
2.6 -5.47158 0.767949 9 -0.417534 -0.362031 -0.368363 -0.336014 -0.39974 -0.227823 -0.44119 -0.36619 -0.441192 -0.227828 -0.399737 -0.336014 -0.368362 -0.362032 -0.417535 
2.61 -5.47255 0.772257 9 -0.41753 -0.361824 -0.368586 -0.335504 -0.399811 -0.228115 -0.441035 -0.367735 -0.441037 -0.228119 -0.399808 -0.335505 -0.368585 -0.361825 -0.417531 
2.62 -5.47354 0.776517 9 -0.417526 -0.361612 -0.368824 -0.334999 -0.399878 -0.228423 -0.44088 -0.369254 -0.440882 -0.228427 -0.399875 -0.334999 -0.368822 -0.361612 -0.417527 
2.63 -5.47456 0.780729 9 -0.417522 -0.361393 -0.369074 -0.334497 -0.399941 -0.228747 -0.440727 -0.370748 -0.440729 -0.228752 -0.399938 -0.334498 -0.369073 -0.361394 -0.417524 
2.64 -5.4756 0.784893 9 -0.417519 -0.361169 -0.369338 -0.333999 -0.400001 -0.229087 -0.440575 -0.372217 -0.440577 -0.229092 -0.399998 -0.334 -0.369337 -0.361169 -0.41752 
2.65 -5.47667 0.789008 9 -0.417515 -0.360939 -0.369615 -0.333506 -0.400057 -0.229444 -0.440425 -0.373661 -0.440426 -0.229449 -0.400055 -0.333507 -0.369613 -0.360939 -0.417517 
2.66 -5.47776 0.793073 9 -0.417512 -0.360704 -0.369904 -0.333016 -0.40011 -0.229816 -0.440275 -0.37508 -0.440277 -0.229821 -0.400108 -0.333017 -0.369902 -0.360704 -0.417514 
2.67 -5.47888 0.797089 10 -0.417509 -0.360463 -0.370205 -0.332531 -0.40016 -0.230205 -0.440127 -0.376474 -0.440128 -0.23021 -0.400157 -0.332532 -0.370203 -0.360463 -0.417511 
2.68 -5.48002 0.801055 10 -0.417506 -0.360216 -0.370518 -0.33205 -0.400206 -0.23061 -0.439979 -0.377842 -0.439981 -0.230614 -0.400203 -0.332051 -0.370516 -0.360217 -0.417508 
2.69 -5.48118 0.804971 10 -0.417503 -0.359965 -0.370842 -0.331573 -0.400248 -0.23103 -0.439833 -0.379186 -0.439835 -0.231035 -0.400246 -0.331574 -0.37084 -0.359965 -0.417505 
2.7 -5.48237 0.808837 10 -0.4175 -0.359708 -0.371177 -0.3311 -0.400288 -0.231466 -0.439688 -0.380505 -0.43969 -0.231471 -0.400285 -0.331101 -0.371176 -0.359708 -0.417503 
2.71 -5.48357 0.812652 10 -0.417498 -0.359446 -0.371523 -0.330631 -0.400324 -0.231918 -0.439544 -0.3818 -0.439546 -0.231923 -0.400321 -0.330632 -0.371521 -0.359446 -0.4175 
2.72 -5.4848 0.816416 10 -0.417496 -0.359179 -0.371879 -0.330167 -0.400357 -0.232386 -0.439401 -0.383069 -0.439402 -0.232391 -0.400354 -0.330168 -0.371877 -0.35918 -0.417498 
2.73 -5.48605 0.82013 10 -0.417494 -0.358908 -0.372244 -0.329706 -0.400386 -0.232869 -0.439259 -0.384314 -0.43926 -0.232874 -0.400384 -0.329707 -0.372242 -0.358908 -0.417497 
2.74 -5.48732 0.823792 10 -0.417493 -0.358631 -0.372618 -0.32925 -0.400413 -0.233368 -0.439118 -0.385535 -0.439119 -0.233372 -0.400411 -0.329251 -0.372616 -0.358632 -0.417495 
2.75 -5.48861 0.827403 10 -0.417492 -0.35835 -0.373001 -0.328799 -0.400437 -0.233882 -0.438978 -0.38673 -0.438979 -0.233886 -0.400434 -0.3288 -0.372999 -0.358351 -0.417494 
2.76 -5.48992 0.830963 10 -0.417491 -0.358065 -0.37339 -0.328351 -0.400458 -0.234411 -0.438839 -0.387902 -0.43884 -0.234416 -0.400455 -0.328352 -0.373388 -0.358066 -0.417493 
2.77 -5.49124 0.834471 10 -0.41749 -0.357776 -0.373785 -0.327908 -0.400475 -0.234955 -0.4387 -0.389049 -0.438702 -0.23496 -0.400473 -0.327909 -0.373783 -0.357776 -0.417493 
2.78 -5.49257 0.837928 10 -0.41749 -0.357483 -0.374185 -0.327469 -0.400491 -0.235515 -0.438563 -0.390172 -0.438565 -0.23552 -0.400488 -0.32747 -0.374183 -0.357483 -0.417493 
2.79 -5.49391 0.841333 10 -0.41749 -0.357186 -0.374587 -0.327034 -0.400503 -0.23609 -0.438427 -0.391271 -0.438429 -0.236094 -0.400501 -0.327036 -0.374585 -0.357186 -0.417493 
2.8 -5.49525 0.844687 10 -0.41749 -0.356886 -0.374988 -0.326604 -0.400513 -0.236679 -0.438292 -0.392345 -0.438294 -0.236683 -0.400511 -0.326605 -0.374985 -0.356886 -0.417493 
2.81 -5.49659 0.847988 10 -0.41749 -0.356583 -0.375383 -0.326178 -0.40052 -0.237283 -0.438157 -0.393396 -0.438159 -0.237287 -0.400518 -0.326179 -0.375381 -0.356583 -0.417493 
2.82 -5.49791 0.851239 11 -0.41749 -0.356279 -0.375768 -0.325755 -0.400525 -0.237902 -0.438024 -0.394423 -0.438026 -0.237906 -0.400523 -0.325756 -0.375766 -0.356279 -0.417493 
2.83 -5.49921 0.854438 11 -0.417489 -0.355973 -0.376135 -0.325336 -0.400527 -0.238535 -0.437891 -0.395426 -0.437893 -0.238539 -0.400525 -0.325338 -0.376133 -0.355973 -0.417492 
2.84 -5.50045 0.857585 11 -0.417488 -0.355668 -0.376475 -0.324921 -0.400527 -0.239182 -0.437759 -0.396405 -0.437761 -0.239187 -0.400525 -0.324923 -0.376473 -0.355668 -0.417491 
2.85 -5.50163 0.860681 11 -0.417485 -0.355363 -0.376777 -0.32451 -0.400525 -0.239844 -0.437629 -0.397361 -0.43763 -0.239848 -0.400523 -0.324511 -0.376775 -0.355363 -0.417489 
2.86 -5.50273 0.863725 11 -0.417481 -0.355062 -0.377031 -0.324101 -0.400521 -0.24052 -0.437498 -0.398294 -0.4375 -0.240524 -0.400519 -0.324102 -0.377029 -0.355062 -0.417485 
2.87 -5.50372 0.866718 11 -0.417474 -0.354764 -0.377228 -0.323695 -0.400514 -0.241209 -0.437369 -0.399203 -0.437371 -0.241214 -0.400512 -0.323696 -0.377225 -0.354765 -0.417478 
2.88 -5.50459 0.86966 12 -0.417464 -0.354473 -0.377361 -0.323291 -0.400506 -0.241913 -0.437241 -0.400089 -0.437243 -0.241917 -0.400504 -0.323292 -0.377359 -0.354473 -0.417468 
2.89 -5.50535 0.872551 12 -0.41745 -0.354188 -0.377432 -0.322888 -0.400495 -0.24263 -0.437113 -0.400952 -0.437115 -0.242635 -0.400493 -0.322889 -0.377429 -0.354188 -0.417454 
2.9 -5.506 0.875392 12 -0.417431 -0.35391 -0.377444 -0.322486 -0.400483 -0.243361 -0.436987 -0.401792 -0.436988 -0.243365 -0.400481 -0.322488 -0.377441 -0.35391 -0.417436 
2.91 -5.50657 0.878181 12 -0.417407 -0.353642 -0.377406 -0.322086 -0.400469 -0.244105 -0.436861 -0.402609 -0.436862 -0.244109 -0.400467 -0.322087 -0.377403 -0.353642 -0.417411 
2.92 -5.50706 0.880921 12 -0.417377 -0.353384 -0.377329 -0.321686 -0.400453 -0.244862 -0.436735 -0.403404 -0.436737 -0.244867 -0.400451 -0.321687 -0.377326 -0.353384 -0.417381 
2.93 -5.50751 0.88361 12 -0.41734 -0.353137 -0.377221 -0.321286 -0.400435 -0.245632 -0.436611 -0.404176 -0.436613 -0.245637 -0.400433 -0.321287 -0.377218 -0.353137 -0.417344 
2.94 -5.50792 0.886249 12 -0.417296 -0.352902 -0.377093 -0.320886 -0.400415 -0.246416 -0.436488 -0.404926 -0.436489 -0.24642 -0.400413 -0.320887 -0.37709 -0.352902 -0.417301 
2.95 -5.50833 0.888839 13 -0.417246 -0.35268 -0.37695 -0.320486 -0.400394 -0.247212 -0.436365 -0.405653 -0.436367 -0.247216 -0.400392 -0.320488 -0.376947 -0.35268 -0.41725 
2.96 -5.50873 0.891379 13 -0.417188 -0.352472 -0.376799 -0.320087 -0.40037 -0.24802 -0.436243 -0.406359 -0.436245 -0.248024 -0.400369 -0.320088 -0.376797 -0.352471 -0.417193 
2.97 -5.50913 0.89387 13 -0.417124 -0.352277 -0.376645 -0.319688 -0.400346 -0.248841 -0.436122 -0.407042 -0.436123 -0.248845 -0.400344 -0.319689 -0.376642 -0.352277 -0.417129 
2.98 -5.50955 0.896313 13 -0.417053 -0.352096 -0.376489 -0.319289 -0.400319 -0.249674 -0.436001 -0.407704 -0.436003 -0.249678 -0.400318 -0.31929 -0.376486 -0.352096 -0.417057 
2.99 -5.50999 0.898707 13 -0.416974 -0.35193 -0.376333 -0.31889 -0.400292 -0.250519 -0.435881 -0.408344 -0.435883 -0.250523 -0.40029 -0.318891 -0.376331 -0.35193 -0.416979 
3 -5.51045 0.901054 13 -0.416888 -0.351778 -0.376181 -0.318491 -0.400262 -0.251376 -0.435762 -0.408963 -0.435764 -0.25138 -0.40026 -0.318493 -0.376178 -0.351778 -0.416894 
3.01 -5.51093 0.903352 13 -0.416796 -0.351641 -0.376032 -0.318093 -0.400231 -0.252244 -0.435644 -0.40956 -0.435646 -0.252248 -0.40023 -0.318095 -0.376029 -0.351641 -0.416801 
3.02 -5.51144 0.905604 13 -0.416696 -0.351519 -0.375887 -0.317696 -0.400199 -0.253124 -0.435527 -0.410136 -0.435529 -0.253128 -0.400197 -0.317697 -0.375884 -0.351518 -0.416702 
3.03 -5.51197 0.907808 13 -0.41659 -0.35141 -0.375746 -0.317299 -0.400165 -0.254015 -0.43541 -0.410691 -0.435412 -0.254019 -0.400163 -0.317301 -0.375743 -0.35141 -0.416596 
3.04 -5.51253 0.909966 13 -0.416477 -0.351316 -0.375611 -0.316903 -0.40013 -0.254918 -0.435294 -0.411225 -0.435296 -0.254922 -0.400128 -0.316904 -0.375608 -0.351316 -0.416483 
3.05 -5.51312 0.912079 13 -0.416357 -0.351236 -0.375481 -0.316507 -0.400093 -0.255831 -0.435179 -0.411739 -0.435181 -0.255835 -0.400092 -0.316509 -0.375478 -0.351236 -0.416363 
3.06 -5.51373 0.914145 14 -0.416231 -0.35117 -0.375357 -0.316113 -0.400055 -0.256755 -0.435065 -0.412232 -0.435067 -0.256759 -0.400054 -0.316115 -0.375354 -0.351169 -0.416237 
3.07 -5.51437 0.916167 14 -0.416098 -0.351117 -0.375238 -0.31572 -0.400016 -0.257689 -0.434951 -0.412705 -0.434953 -0.257693 -0.400015 -0.315721 -0.375235 -0.351117 -0.416104 
3.08 -5.51504 0.918145 14 -0.415959 -0.351078 -0.375125 -0.315327 -0.399976 -0.258634 -0.434838 -0.413157 -0.43484 -0.258638 -0.399974 -0.315329 -0.375122 -0.351077 -0.415965 
3.09 -5.51573 0.920078 14 -0.415813 -0.351051 -0.375017 -0.314936 -0.399934 -0.259589 -0.434726 -0.41359 -0.434728 -0.259593 -0.399933 -0.314938 -0.375014 -0.351051 -0.415819 
3.1 -5.51645 0.921968 14 -0.415661 -0.351037 -0.374915 -0.314547 -0.399891 -0.260554 -0.434614 -0.414003 -0.434617 -0.260558 -0.39989 -0.314548 -0.374912 -0.351037 -0.415667 
3.11 -5.5172 0.923815 14 -0.415503 -0.351036 -0.374819 -0.314159 -0.399847 -0.261529 -0.434504 -0.414396 -0.434506 -0.261532 -0.399846 -0.31416 -0.374816 -0.351035 -0.41551 
3.12 -5.51797 0.925619 15 -0.415339 -0.351047 -0.374729 -0.313772 -0.399802 -0.262513 -0.434394 -0.41477 -0.434396 -0.262516 -0.399801 -0.313774 -0.374726 -0.351046 -0.415346 
3.13 -5.51877 0.927382 15 -0.41517 -0.351069 -0.374644 -0.313387 -0.399756 -0.263506 -0.434285 -0.415124 -0.434287 -0.26351 -0.399755 -0.313389 -0.374641 -0.351068 -0.415176 
3.14 -5.51959 0.929104 15 -0.414994 -0.351103 -0.374565 -0.313004 -0.399709 -0.264509 -0.434176 -0.41546 -0.434178 -0.264512 -0.399708 -0.313006 -0.374563 -0.351102 -0.415001 
3.15 -5.52044 0.930785 15 -0.414813 -0.351147 -0.374492 -0.312623 -0.399661 -0.26552 -0.434069 -0.415777 -0.434071 -0.265524 -0.39966 -0.312625 -0.37449 -0.351146 -0.414819 
3.16 -5.52131 0.932426 15 -0.414626 -0.351203 -0.374425 -0.312244 -0.399613 -0.26654 -0.433962 -0.416075 -0.433964 -0.266544 -0.399611 -0.312246 -0.374422 -0.351202 -0.414633 
3.17 -5.5222 0.934027 15 -0.414434 -0.351268 -0.374364 -0.311867 -0.399563 -0.267569 -0.433856 -0.416354 -0.433858 -0.267572 -0.399562 -0.311869 -0.374361 -0.351267 -0.414441 
3.18 -5.52312 0.93559 15 -0.414237 -0.351343 -0.374308 -0.311492 -0.399512 -0.268605 -0.43375 -0.416615 -0.433753 -0.268609 -0.399511 -0.311494 -0.374306 -0.351342 -0.414243 
3.19 -5.52406 0.937115 15 -0.414034 -0.351428 -0.374259 -0.31112 -0.399461 -0.26965 -0.433646 -0.416859 -0.433648 -0.269653 -0.39946 -0.311122 -0.374256 -0.351427 -0.414041 
3.2 -5.52503 0.938602 15 -0.413827 -0.351521 -0.374215 -0.31075 -0.399409 -0.270703 -0.433542 -0.417084 -0.433544 -0.270706 -0.399408 -0.310752 -0.374212 -0.35152 -0.413834 
3.21 -5.52601 0.940053 15 -0.413614 -0.351623 -0.374177 -0.310383 -0.399356 -0.271763 -0.433439 -0.417292 -0.433441 -0.271766 -0.399355 -0.310385 -0.374174 -0.351622 -0.413621 
3.22 -5.52702 0.941468 15 -0.413397 -0.351733 -0.374145 -0.310019 -0.399303 -0.27283 -0.433337 -0.417482 -0.433339 -0.272834 -0.399302 -0.310021 -0.374142 -0.351732 -0.413404 
3.23 -5.52805 0.942847 15 -0.413175 -0.351851 -0.374119 -0.309657 -0.399249 -0.273905 -0.433235 -0.417655 -0.433237 -0.273908 -0.399248 -0.309659 -0.374116 -0.35185 -0.413183 
3.24 -5.5291 0.944191 16 -0.412949 -0.351976 -0.374098 -0.309299 -0.399195 -0.274987 -0.433134 -0.417811 -0.433137 -0.27499 -0.399194 -0.3093 -0.374095 -0.351975 -0.412957 
3.25 -5.53016 0.945502 16 -0.412719 -0.352107 -0.374084 -0.308943 -0.39914 -0.276075 -0.433034 -0.41795 -0.433037 -0.276078 -0.399139 -0.308945 -0.374081 -0.352106 -0.412726 
3.26 -5.53125 0.946779 16 -0.412484 -0.352245 -0.374076 -0.308591 -0.399084 -0.27717 -0.432935 -0.418072 -0.432937 -0.277173 -0.399084 -0.308592 -0.374073 -0.352243 -0.412492 
3.27 -5.53236 0.948024 16 -0.412246 -0.352388 -0.374073 -0.308241 -0.399029 -0.278271 -0.432837 -0.418178 -0.432839 -0.278274 -0.399028 -0.308243 -0.37407 -0.352386 -0.412253 
3.28 -5.53348 0.949237 16 -0.412004 -0.352536 -0.374076 -0.307896 -0.398973 -0.279378 -0.432739 -0.418267 -0.432741 -0.279381 -0.398972 -0.307898 -0.374074 -0.352534 -0.412011 
3.29 -5.53462 0.950419 16 -0.411758 -0.352688 -0.374086 -0.307554 -0.398916 -0.280491 -0.432642 -0.418341 -0.432645 -0.280493 -0.398916 -0.307556 -0.374083 -0.352687 -0.411765 
3.3 -5.53577 0.95157 16 -0.411508 -0.352844 -0.374101 -0.307215 -0.398859 -0.281609 -0.432546 -0.418399 -0.432548 -0.281612 -0.398859 -0.307217 -0.374098 -0.352842 -0.411516 
3.31 -5.53694 0.952693 16 -0.411256 -0.353003 -0.374122 -0.30688 -0.398803 -0.282733 -0.432451 -0.418441 -0.432453 -0.282735 -0.398802 -0.306882 -0.374119 -0.353001 -0.411263 
3.32 -5.53813 0.953786 16 -0.411 -0.353163 -0.37415 -0.30655 -0.398746 -0.283862 -0.432356 -0.418468 -0.432359 -0.283864 -0.398745 -0.306551 -0.374147 -0.353161 -0.411008 
3.33 -5.53932 0.954852 16 -0.410742 -0.353323 -0.374183 -0.306223 -0.398688 -0.284995 -0.432263 -0.41848 -0.432265 -0.284998 -0.398688 -0.306225 -0.37418 -0.353321 -0.410749 
3.34 -5.54052 0.95589 16 -0.410481 -0.353482 -0.374222 -0.3059 -0.398631 -0.286134 -0.43217 -0.418477 -0.432172 -0.286136 -0.398631 -0.305902 -0.374219 -0.35348 -0.410488 
3.35 -5.54173 0.956902 16 -0.410217 -0.353638 -0.374267 -0.305581 -0.398574 -0.287277 -0.432078 -0.418459 -0.43208 -0.287279 -0.398574 -0.305583 -0.374264 -0.353636 -0.410225 
3.36 -5.54293 0.957888 16 -0.409952 -0.353786 -0.374317 -0.305267 -0.398517 -0.288424 -0.431986 -0.418426 -0.431989 -0.288426 -0.398517 -0.305269 -0.374314 -0.353784 -0.40996 
3.37 -5.54413 0.95885 16 -0.409686 -0.353924 -0.374373 -0.304957 -0.39846 -0.289575 -0.431896 -0.41838 -0.431898 -0.289577 -0.39846 -0.304959 -0.374371 -0.353922 -0.409694 
3.38 -5.54531 0.959788 16 -0.409418 -0.354046 -0.374435 -0.304652 -0.398403 -0.290729 -0.431806 -0.418319 -0.431809 -0.290732 -0.398403 -0.304654 -0.374432 -0.354044 -0.409426 
3.39 -5.54646 0.960702 16 -0.40915 -0.354146 -0.374502 -0.304351 -0.398346 -0.291888 -0.431717 -0.418245 -0.43172 -0.29189 -0.398346 -0.304353 -0.374499 -0.354144 -0.409158 
3.4 -5.54756 0.961594 16 -0.408883 -0.354215 -0.374574 -0.304055 -0.39829 -0.293049 -0.431629 -0.418156 -0.431632 -0.293051 -0.39829 -0.304057 -0.374571 -0.354213 -0.408891 
3.41 -5.54859 0.962465 16 -0.408616 -0.354245 -0.37465 -0.303764 -0.398234 -0.294214 -0.431542 -0.418055 -0.431545 -0.294216 -0.398234 -0.303766 -0.374647 -0.354243 -0.408624 
3.42 -5.54955 0.963315 16 -0.408351 -0.354228 -0.374729 -0.303478 -0.398178 -0.295381 -0.431455 -0.41794 -0.431458 -0.295383 -0.398178 -0.30348 -0.374726 -0.354226 -0.408359 
3.43 -5.55042 0.964144 16 -0.408088 -0.354158 -0.374812 -0.303197 -0.398123 -0.296552 -0.43137 -0.417813 -0.431372 -0.296553 -0.398123 -0.303199 -0.374809 -0.354156 -0.408096 
3.44 -5.55119 0.964955 16 -0.407828 -0.354034 -0.374897 -0.302921 -0.398068 -0.297724 -0.431285 -0.417672 -0.431288 -0.297726 -0.398068 -0.302923 -0.374894 -0.354031 -0.407836 
3.45 -5.55188 0.965748 16 -0.407571 -0.353856 -0.374983 -0.30265 -0.398014 -0.298899 -0.431201 -0.41752 -0.431204 -0.298901 -0.398014 -0.302652 -0.37498 -0.353854 -0.407579 
3.46 -5.55248 0.966523 16 -0.407318 -0.353632 -0.37507 -0.302385 -0.39796 -0.300075 -0.431117 -0.417355 -0.43112 -0.300077 -0.39796 -0.302387 -0.375068 -0.35363 -0.407326 
3.47 -5.55302 0.967281 16 -0.40707 -0.353369 -0.375158 -0.302125 -0.397907 -0.301254 -0.431035 -0.417178 -0.431038 -0.301255 -0.397907 -0.302127 -0.375155 -0.353367 -0.407079 
3.48 -5.55352 0.968024 16 -0.406829 -0.353076 -0.375245 -0.30187 -0.397854 -0.302434 -0.430953 -0.416989 -0.430956 -0.302435 -0.397854 -0.301872 -0.375242 -0.353074 -0.406837 
3.49 -5.554 0.968751 16 -0.406596 -0.352761 -0.375332 -0.301621 -0.397802 -0.303615 -0.430872 -0.416789 -0.430876 -0.303616 -0.397802 -0.301623 -0.375329 -0.352759 -0.406604 
3.5 -5.55446 0.969464 16 -0.406371 -0.35243 -0.375418 -0.301378 -0.397751 -0.304797 -0.430792 -0.416577 -0.430796 -0.304798 -0.397751 -0.30138 -0.375415 -0.352428 -0.406379 
3.51 -5.55493 0.970164 16 -0.406156 -0.352089 -0.375502 -0.30114 -0.397701 -0.30598 -0.430713 -0.416354 -0.430716 -0.305981 -0.397701 -0.301142 -0.375499 -0.352087 -0.406164 
3.52 -5.5554 0.970851 16 -0.405951 -0.351742 -0.375585 -0.300908 -0.397651 -0.307164 -0.430635 -0.416121 -0.430638 -0.307165 -0.397652 -0.30091 -0.375583 -0.35174 -0.405959 
3.53 -5.5559 0.971527 16 -0.405758 -0.351392 -0.375667 -0.300682 -0.397603 -0.308348 -0.430557 -0.415877 -0.43056 -0.308349 -0.397603 -0.300684 -0.375665 -0.35139 -0.405766 
3.54 -5.55642 0.972191 16 -0.405576 -0.351042 -0.375748 -0.300462 -0.397555 -0.309532 -0.43048 -0.415622 -0.430484 -0.309533 -0.397556 -0.300464 -0.375745 -0.351039 -0.405584 
3.55 -5.55697 0.972846 16 -0.405406 -0.350692 -0.375826 -0.300247 -0.397509 -0.310716 -0.430404 -0.415357 -0.430408 -0.310717 -0.397509 -0.300249 -0.375824 -0.350689 -0.405415 
3.56 -5.55755 0.97349 16 -0.405249 -0.350343 -0.375904 -0.300039 -0.397463 -0.3119 -0.430329 -0.415083 -0.430332 -0.311901 -0.397464 -0.300041 -0.375901 -0.350341 -0.405257 
3.57 -5.55816 0.974127 16 -0.405104 -0.349998 -0.375979 -0.299837 -0.397419 -0.313083 -0.430255 -0.414798 -0.430258 -0.313084 -0.397419 -0.299839 -0.375976 -0.349995 -0.405112 
3.58 -5.5588 0.974755 16 -0.404972 -0.349655 -0.376053 -0.299641 -0.397376 -0.314266 -0.430181 -0.414504 -0.430184 -0.314267 -0.397376 -0.299643 -0.37605 -0.349653 -0.40498 
3.59 -5.55948 0.975376 16 -0.404853 -0.349316 -0.376125 -0.299451 -0.397333 -0.315448 -0.430108 -0.414201 -0.430111 -0.315449 -0.397334 -0.299453 -0.376122 -0.349313 -0.404861 
3.6 -5.56019 0.975991 16 -0.404745 -0.34898 -0.376195 -0.299268 -0.397293 -0.316629 -0.430036 -0.413889 -0.430039 -0.316629 -0.397293 -0.29927 -0.376192 -0.348978 -0.404753 
3.61 -5.56094 0.976601 16 -0.404651 -0.348648 -0.376264 -0.299091 -0.397253 -0.317808 -0.429964 -0.413568 -0.429968 -0.317809 -0.397254 -0.299093 -0.376261 -0.348646 -0.404659 
3.62 -5.56172 0.977205 16 -0.404569 -0.348321 -0.37633 -0.29892 -0.397215 -0.318986 -0.429894 -0.413238 -0.429897 -0.318987 -0.397215 -0.298922 -0.376328 -0.348318 -0.404577 
3.63 -5.56253 0.977806 16 -0.404499 -0.347997 -0.376395 -0.298756 -0.397178 -0.320163 -0.429824 -0.412901 -0.429828 -0.320163 -0.397179 -0.298758 -0.376393 -0.347995 -0.404507 
3.64 -5.56338 0.978403 16 -0.404442 -0.347678 -0.376458 -0.298598 -0.397142 -0.321337 -0.429755 -0.412555 -0.429759 -0.321337 -0.397143 -0.2986 -0.376456 -0.347675 -0.40445 
3.65 -5.56427 0.978998 16 -0.404396 -0.347362 -0.376519 -0.298447 -0.397108 -0.322509 -0.429687 -0.412201 -0.42969 -0.32251 -0.397109 -0.298449 -0.376517 -0.34736 -0.404404 
3.66 -5.56519 0.97959 16 -0.404363 -0.347052 -0.376579 -0.298302 -0.397075 -0.323679 -0.429619 -0.411839 -0.429623 -0.32368 -0.397077 -0.298304 -0.376576 -0.347049 -0.404371 
3.67 -5.56614 0.980182 16 -0.404342 -0.346745 -0.376636 -0.298164 -0.397044 -0.324847 -0.429552 -0.411471 -0.429556 -0.324847 -0.397045 -0.298166 -0.376634 -0.346743 -0.40435 
3.68 -5.56713 0.980773 16 -0.404332 -0.346443 -0.376692 -0.298033 -0.397015 -0.326011 -0.429486 -0.411095 -0.42949 -0.326012 -0.397016 -0.298035 -0.376689 -0.34644 -0.40434 
3.69 -5.56815 0.981364 16 -0.404334 -0.346145 -0.376745 -0.297909 -0.396987 -0.327173 -0.42942 -0.410712 -0.429424 -0.327173 -0.396988 -0.297911 -0.376743 -0.346143 -0.404342 
3.7 -5.5692 0.981955 16 -0.404348 -0.345851 -0.376797 -0.297791 -0.396961 -0.328332 -0.429356 -0.410322 -0.42936 -0.328332 -0.396962 -0.297793 -0.376795 -0.345849 -0.404356 
3.71 -5.57029 0.982549 16 -0.404373 -0.345562 -0.376847 -0.297681 -0.396936 -0.329488 -0.429292 -0.409926 -0.429296 -0.329488 -0.396937 -0.297682 -0.376844 -0.34556 -0.40438 
3.72 -5.57141 0.983144 16 -0.404409 -0.345277 -0.376895 -0.297577 -0.396913 -0.33064 -0.429228 -0.409523 -0.429232 -0.33064 -0.396914 -0.297579 -0.376892 -0.345275 -0.404416 
3.73 -5.57256 0.983742 16 -0.404456 -0.344997 -0.376941 -0.29748 -0.396892 -0.331788 -0.429166 -0.409114 -0.42917 -0.331788 -0.396893 -0.297482 -0.376938 -0.344995 -0.404463 
3.74 -5.57375 0.984344 16 -0.404513 -0.344722 -0.376985 -0.29739 -0.396873 -0.332933 -0.429104 -0.4087 -0.429108 -0.332933 -0.396874 -0.297392 -0.376982 -0.344719 -0.404521 
3.75 -5.57496 0.984949 16 -0.404582 -0.34445 -0.377027 -0.297307 -0.396855 -0.334074 -0.429043 -0.40828 -0.429047 -0.334073 -0.396856 -0.297309 -0.377024 -0.344448 -0.404589 
3.76 -5.57621 0.985559 16 -0.40466 -0.344184 -0.377067 -0.297232 -0.396839 -0.33521 -0.428982 -0.407854 -0.428986 -0.33521 -0.396841 -0.297234 -0.377065 -0.344182 -0.404667 
3.77 -5.57749 0.986174 16 -0.404749 -0.343921 -0.377105 -0.297163 -0.396825 -0.336342 -0.428922 -0.407424 -0.428926 -0.336342 -0.396827 -0.297165 -0.377103 -0.343919 -0.404756 
3.78 -5.5788 0.986795 16 -0.404848 -0.343664 -0.377142 -0.297102 -0.396814 -0.33747 -0.428863 -0.406988 -0.428867 -0.337469 -0.396815 -0.297104 -0.377139 -0.343662 -0.404855 
3.79 -5.58014 0.987422 16 -0.404956 -0.343411 -0.377176 -0.297047 -0.396804 -0.338593 -0.428804 -0.406548 -0.428808 -0.338592 -0.396805 -0.297049 -0.377174 -0.343409 -0.404963 
3.8 -5.58151 0.988056 16 -0.405074 -0.343162 -0.377209 -0.297 -0.396796 -0.339711 -0.428746 -0.406103 -0.42875 -0.33971 -0.396797 -0.297002 -0.377206 -0.34316 -0.405081 
3.81 -5.58291 0.988697 16 -0.405201 -0.342919 -0.377239 -0.296961 -0.396789 -0.340824 -0.428688 -0.405654 -0.428693 -0.340823 -0.396791 -0.296963 -0.377237 -0.342917 -0.405208 
3.82 -5.58433 0.989345 16 -0.405337 -0.342679 -0.377268 -0.296928 -0.396785 -0.341932 -0.428631 -0.405201 -0.428636 -0.341931 -0.396787 -0.29693 -0.377265 -0.342677 -0.405344 
3.83 -5.58579 0.990002 16 -0.405482 -0.342445 -0.377295 -0.296903 -0.396784 -0.343034 -0.428575 -0.404744 -0.428579 -0.343033 -0.396785 -0.296905 -0.377292 -0.342443 -0.405489 
3.84 -5.58727 0.990667 16 -0.405634 -0.342215 -0.377319 -0.296885 -0.396784 -0.344131 -0.428519 -0.404283 -0.428524 -0.34413 -0.396785 -0.296887 -0.377317 -0.342213 -0.405641 
3.85 -5.58878 0.991342 16 -0.405795 -0.34199 -0.377342 -0.296875 -0.396786 -0.345222 -0.428464 -0.403819 -0.428468 -0.345221 -0.396788 -0.296877 -0.37734 -0.341988 -0.405801 
3.86 -5.59031 0.992026 16 -0.405962 -0.341769 -0.377363 -0.296872 -0.39679 -0.346308 -0.428409 -0.403352 -0.428414 -0.346307 -0.396792 -0.296874 -0.377361 -0.341767 -0.405969 
3.87 -5.59186 0.992719 16 -0.406135 -0.341553 -0.377383 -0.296877 -0.396797 -0.347387 -0.428355 -0.402881 -0.42836 -0.347386 -0.396799 -0.296878 -0.37738 -0.341551 -0.406142 
3.88 -5.59344 0.993424 16 -0.406313 -0.341342 -0.3774 -0.296888 -0.396805 -0.348461 -0.428302 -0.402408 -0.428306 -0.34846 -0.396807 -0.29689 -0.377398 -0.34134 -0.406319 
3.89 -5.59503 0.994138 16 -0.406493 -0.341135 -0.377416 -0.296908 -0.396816 -0.349528 -0.428249 -0.401932 -0.428253 -0.349527 -0.396818 -0.29691 -0.377413 -0.341133 -0.4065 
3.9 -5.59663 0.994864 16 -0.406674 -0.340933 -0.377429 -0.296935 -0.396829 -0.350589 -0.428196 -0.401454 -0.4282 -0.350588 -0.396831 -0.296937 -0.377427 -0.340931 -0.406681 
3.91 -5.59824 0.995601 16 -0.406852 -0.340736 -0.377441 -0.296969 -0.396844 -0.351643 -0.428144 -0.400973 -0.428148 -0.351642 -0.396846 -0.296971 -0.377439 -0.340734 -0.406858 
3.92 -5.59984 0.99635 16 -0.407021 -0.340543 -0.377451 -0.297011 -0.396862 -0.352691 -0.428092 -0.400491 -0.428097 -0.352689 -0.396864 -0.297013 -0.377449 -0.340541 -0.407027 
3.93 -5.60142 0.997111 16 -0.407175 -0.340354 -0.37746 -0.297061 -0.396882 -0.353732 -0.428041 -0.400007 -0.428045 -0.35373 -0.396884 -0.297062 -0.377457 -0.340352 -0.407181 
3.94 -5.60296 0.997884 16 -0.407303 -0.340169 -0.377466 -0.297118 -0.396904 -0.354765 -0.42799 -0.399521 -0.427995 -0.354764 -0.396906 -0.297119 -0.377464 -0.340167 -0.40731 
3.95 -5.60444 0.99867 16 -0.407396 -0.339988 -0.377471 -0.297182 -0.396928 -0.355792 -0.42794 -0.399034 -0.427944 -0.355791 -0.39693 -0.297184 -0.377469 -0.339986 -0.407402 
3.96 -5.60582 0.999468 16 -0.407437 -0.33981 -0.377475 -0.297254 -0.396955 -0.356812 -0.42789 -0.398545 -0.427894 -0.35681 -0.396957 -0.297256 -0.377472 -0.339809 -0.407444 
3.97 -5.60708 1.00028 16 -0.407414 -0.339635 -0.377476 -0.297334 -0.396983 -0.357824 -0.42784 -0.398056 -0.427845 -0.357823 -0.396986 -0.297336 -0.377474 -0.339634 -0.40742 
3.98 -5.60819 1.0011 16 -0.407313 -0.339463 -0.377476 -0.297421 -0.397015 -0.358829 -0.427791 -0.397565 -0.427796 -0.358827 -0.397017 -0.297423 -0.377474 -0.339461 -0.407319 
3.99 -5.60913 1.00194 16 -0.407127 -0.339292 -0.377474 -0.297516 -0.397048 -0.359826 -0.427742 -0.397074 -0.427747 -0.359825 -0.397051 -0.297518 -0.377472 -0.33929 -0.407132 
4 -5.60991 1.00279 16 -0.406852 -0.339122 -0.377471 -0.297619 -0.397084 -0.360816 -0.427693 -0.396583 -0.427698 -0.360814 -0.397086 -0.297621 -0.377469 -0.33912 -0.406858 
4.01 -5.61051 1.00366 16 -0.406494 -0.338952 -0.377466 -0.297729 -0.397122 -0.361798 -0.427645 -0.396091 -0.42765 -0.361796 -0.397125 -0.297731 -0.377463 -0.338951 -0.4065 
4.02 -5.61098 1.00454 16 -0.406064 -0.338783 -0.377459 -0.297847 -0.397163 -0.362772 -0.427597 -0.395599 -0.427602 -0.36277 -0.397165 -0.297849 -0.377456 -0.338781 -0.40607 
4.03 -5.61132 1.00543 16 -0.405575 -0.338612 -0.37745 -0.297972 -0.397206 -0.363738 -0.42755 -0.395108 -0.427554 -0.363736 -0.397208 -0.297974 -0.377448 -0.338611 -0.40558 
4.04 -5.61157 1.00634 16 -0.405038 -0.338441 -0.37744 -0.298105 -0.397251 -0.364696 -0.427502 -0.394616 -0.427507 -0.364694 -0.397254 -0.298107 -0.377437 -0.33844 -0.405044 
4.05 -5.61175 1.00726 16 -0.404467 -0.338269 -0.377428 -0.298246 -0.397299 -0.365646 -0.427455 -0.394126 -0.42746 -0.365644 -0.397302 -0.298247 -0.377425 -0.338267 -0.404472 
4.06 -5.61188 1.00819 16 -0.40387 -0.338095 -0.377414 -0.298394 -0.397349 -0.366587 -0.427408 -0.393635 -0.427413 -0.366585 -0.397352 -0.298396 -0.377411 -0.338094 -0.403875 
4.07 -5.61197 1.00914 16 -0.403255 -0.33792 -0.377398 -0.298549 -0.397402 -0.36752 -0.427362 -0.393146 -0.427366 -0.367518 -0.397404 -0.298551 -0.377396 -0.337919 -0.40326 
4.08 -5.61203 1.01011 16 -0.402627 -0.337744 -0.37738 -0.298713 -0.397457 -0.368445 -0.427315 -0.392657 -0.42732 -0.368443 -0.397459 -0.298714 -0.377378 -0.337742 -0.402633 
4.09 -5.61207 1.01108 16 -0.401992 -0.337566 -0.377361 -0.298883 -0.397514 -0.369361 -0.427269 -0.39217 -0.427274 -0.369359 -0.397516 -0.298885 -0.377358 -0.337565 -0.401997 
4.1 -5.6121 1.01208 16 -0.40135 -0.337387 -0.377339 -0.299062 -0.397573 -0.370268 -0.427223 -0.391684 -0.427228 -0.370266 -0.397576 -0.299063 -0.377337 -0.337386 -0.401356 
4.11 -5.61212 1.01308 16 -0.400706 -0.337207 -0.377316 -0.299247 -0.397635 -0.371167 -0.427177 -0.391199 -0.427182 -0.371165 -0.397638 -0.299249 -0.377314 -0.337206 -0.400711 
4.12 -5.61213 1.01411 16 -0.400059 -0.337026 -0.377291 -0.299441 -0.3977 -0.372057 -0.427131 -0.390717 -0.427136 -0.372055 -0.397702 -0.299443 -0.377288 -0.337025 -0.400064 
4.13 -5.61214 1.01514 16 -0.399411 -0.336843 -0.377263 -0.299642 -0.397766 -0.372938 -0.427086 -0.390236 -0.42709 -0.372936 -0.397769 -0.299643 -0.377261 -0.336842 -0.399417 
4.14 -5.61215 1.01619 16 -0.398763 -0.33666 -0.377234 -0.29985 -0.397836 -0.37381 -0.42704 -0.389756 -0.427045 -0.373808 -0.397838 -0.299852 -0.377232 -0.336659 -0.398768 
4.15 -5.61215 1.01725 16 -0.398114 -0.336476 -0.377203 -0.300065 -0.397907 -0.374673 -0.426995 -0.38928 -0.426999 -0.374671 -0.397909 -0.300067 -0.3772 -0.336475 -0.39812 
4.16 -5.61216 1.01833 16 -0.397466 -0.336291 -0.377169 -0.300288 -0.397981 -0.375527 -0.426949 -0.388805 -0.426954 -0.375525 -0.397983 -0.30029 -0.377167 -0.33629 -0.397472 
4.17 -5.61216 1.01942 16 -0.396819 -0.336105 -0.377134 -0.300519 -0.398057 -0.376372 -0.426904 -0.388333 -0.426908 -0.37637 -0.398059 -0.300521 -0.377132 -0.336104 -0.396824 
4.18 -5.61216 1.02053 17 -0.396172 -0.335918 -0.377096 -0.300756 -0.398135 -0.377208 -0.426858 -0.387863 -0.426863 -0.377206 -0.398138 -0.300758 -0.377094 -0.335918 -0.396177 
4.19 -5.61216 1.02165 17 -0.395525 -0.335731 -0.377056 -0.301001 -0.398216 -0.378034 -0.426813 -0.387396 -0.426818 -0.378032 -0.398219 -0.301003 -0.377054 -0.335731 -0.395531 
4.2 -5.61216 1.02278 17 -0.39488 -0.335544 -0.377015 -0.301254 -0.398299 -0.378851 -0.426768 -0.386932 -0.426772 -0.378849 -0.398302 -0.301256 -0.377012 -0.335543 -0.394885 
4.21 -5.61216 1.02393 17 -0.394235 -0.335356 -0.376971 -0.301513 -0.398384 -0.379659 -0.426723 -0.386471 -0.426727 -0.379657 -0.398387 -0.301515 -0.376968 -0.335356 -0.39424 
4.22 -5.61216 1.02509 17 -0.393591 -0.335169 -0.376924 -0.30178 -0.398472 -0.380457 -0.426677 -0.386013 -0.426682 -0.380455 -0.398475 -0.301782 -0.376922 -0.335168 -0.393596 
4.23 -5.61216 1.02626 17 -0.392948 -0.334981 -0.376876 -0.302054 -0.398562 -0.381246 -0.426632 -0.385558 -0.426636 -0.381244 -0.398565 -0.302056 -0.376874 -0.33498 -0.392953 
4.24 -5.61216 1.02744 17 -0.392305 -0.334792 -0.376825 -0.302335 -0.398654 -0.382025 -0.426586 -0.385107 -0.426591 -0.382023 -0.398657 -0.302337 -0.376823 -0.334792 -0.39231 
4.25 -5.61216 1.02864 17 -0.391663 -0.334604 -0.376773 -0.302623 -0.398748 -0.382795 -0.426541 -0.38466 -0.426545 -0.382793 -0.398751 -0.302625 -0.376771 -0.334604 -0.391668 
4.26 -5.61216 1.02985 17 -0.391022 -0.334417 -0.376718 -0.302918 -0.398845 -0.383555 -0.426495 -0.384216 -0.426499 -0.383553 -0.398848 -0.30292 -0.376716 -0.334416 -0.391027 
4.27 -5.61216 1.03107 18 -0.390381 -0.334229 -0.376661 -0.30322 -0.398944 -0.384306 -0.426449 -0.383776 -0.426454 -0.384304 -0.398946 -0.303222 -0.376659 -0.334228 -0.390386 
4.28 -5.61216 1.03231 18 -0.389741 -0.334042 -0.376601 -0.303529 -0.399045 -0.385046 -0.426403 -0.383339 -0.426408 -0.385044 -0.399047 -0.303531 -0.376599 -0.334041 -0.389746 
4.29 -5.61216 1.03355 18 -0.389101 -0.333855 -0.37654 -0.303845 -0.399148 -0.385778 -0.426357 -0.382907 -0.426362 -0.385776 -0.39915 -0.303847 -0.376538 -0.333854 -0.389106 
4.3 -5.61216 1.03481 18 -0.388462 -0.333668 -0.376476 -0.304168 -0.399253 -0.386499 -0.426311 -0.382479 -0.426315 -0.386497 -0.399256 -0.30417 -0.376474 -0.333668 -0.388467 
4.31 -5.61216 1.03608 18 -0.387824 -0.333483 -0.376409 -0.304498 -0.39936 -0.387211 -0.426265 -0.382056 -0.426269 -0.387209 -0.399363 -0.304499 -0.376407 -0.333482 -0.387829 
4.32 -5.61216 1.03736 18 -0.387186 -0.333298 -0.376341 -0.304834 -0.39947 -0.387912 -0.426218 -0.381637 -0.426222 -0.38791 -0.399472 -0.304836 -0.376339 -0.333297 -0.387191 
4.33 -5.61216 1.03865 18 -0.386548 -0.333113 -0.37627 -0.305177 -0.399581 -0.388605 -0.426171 -0.381222 -0.426175 -0.388603 -0.399584 -0.305179 -0.376268 -0.333113 -0.386553 
4.34 -5.61216 1.03995 18 -0.385911 -0.33293 -0.376197 -0.305526 -0.399695 -0.389287 -0.426124 -0.380812 -0.426128 -0.389285 -0.399697 -0.305528 -0.376196 -0.33293 -0.385916 
4.35 -5.61216 1.04126 18 -0.385275 -0.332748 -0.376122 -0.305882 -0.39981 -0.389959 -0.426077 -0.380407 -0.426081 -0.389957 -0.399813 -0.305884 -0.37612 -0.332748 -0.38528 
4.36 -5.61216 1.04259 18 -0.384638 -0.332566 -0.376045 -0.306245 -0.399928 -0.390622 -0.42603 -0.380006 -0.426034 -0.39062 -0.39993 -0.306247 -0.376043 -0.332566 -0.384643 
4.37 -5.61216 1.04392 18 -0.384002 -0.332386 -0.375965 -0.306614 -0.400047 -0.391275 -0.425982 -0.379611 -0.425986 -0.391273 -0.40005 -0.306616 -0.375963 -0.332386 -0.384007 
4.38 -5.61216 1.04526 18 -0.383367 -0.332208 -0.375883 -0.306989 -0.400169 -0.391917 -0.425934 -0.37922 -0.425938 -0.391916 -0.400171 -0.306991 -0.375881 -0.332208 -0.383371 
4.39 -5.61216 1.04661 18 -0.382731 -0.33203 -0.375799 -0.307371 -0.400292 -0.39255 -0.425886 -0.378835 -0.425889 -0.392549 -0.400295 -0.307373 -0.375797 -0.33203 -0.382736 
4.4 -5.61216 1.04796 18 -0.382096 -0.331854 -0.375713 -0.307759 -0.400417 -0.393174 -0.425837 -0.378455 -0.425841 -0.393172 -0.40042 -0.307761 -0.375711 -0.331854 -0.382101 
4.41 -5.61216 1.04933 18 -0.381461 -0.33168 -0.375624 -0.308153 -0.400544 -0.393787 -0.425788 -0.378081 -0.425792 -0.393785 -0.400547 -0.308155 -0.375622 -0.33168 -0.381466 
4.42 -5.61216 1.05071 18 -0.380826 -0.331507 -0.375533 -0.308553 -0.400673 -0.39439 -0.425739 -0.377711 -0.425742 -0.394389 -0.400676 -0.308555 -0.375532 -0.331507 -0.380831 
4.43 -5.61216 1.05209 18 -0.380191 -0.331336 -0.37544 -0.308959 -0.400804 -0.394984 -0.425689 -0.377348 -0.425693 -0.394982 -0.400806 -0.308961 -0.375439 -0.331336 -0.380196 
4.44 -5.61216 1.05348 19 -0.379557 -0.331166 -0.375345 -0.309372 -0.400936 -0.395567 -0.425639 -0.376989 -0.425643 -0.395566 -0.400938 -0.309373 -0.375343 -0.331166 -0.379562 
4.45 -5.61216 1.05487 19 -0.378922 -0.330999 -0.375248 -0.30979 -0.40107 -0.396141 -0.425589 -0.376637 -0.425592 -0.39614 -0.401072 -0.309791 -0.375246 -0.330999 -0.378927 
4.46 -5.61216 1.05628 19 -0.378288 -0.330833 -0.375148 -0.310213 -0.401206 -0.396705 -0.425538 -0.37629 -0.425541 -0.396704 -0.401208 -0.310215 -0.375147 -0.330834 -0.378293 
4.47 -5.61216 1.05769 19 -0.377654 -0.33067 -0.375047 -0.310643 -0.401343 -0.397259 -0.425487 -0.375949 -0.42549 -0.397258 -0.401346 -0.310645 -0.375045 -0.33067 -0.377658 
4.48 -5.61216 1.05911 19 -0.377019 -0.330508 -0.374943 -0.311078 -0.401482 -0.397804 -0.425436 -0.375614 -0.425439 -0.397803 -0.401485 -0.31108 -0.374941 -0.330509 -0.377024 
4.49 -5.61216 1.06053 19 -0.376385 -0.330349 -0.374837 -0.311519 -0.401623 -0.398338 -0.425384 -0.375285 -0.425387 -0.398337 -0.401625 -0.31152 -0.374836 -0.33035 -0.376389 
4.5 -5.61216 1.06196 20 -0.37575 -0.330193 -0.374729 -0.311965 -0.401765 -0.398863 -0.425331 -0.374962 -0.425334 -0.398862 -0.401767 -0.311967 -0.374728 -0.330193 -0.375755 
4.51 -5.61216 1.06339 20 -0.375116 -0.330038 -0.37462 -0.312416 -0.401908 -0.399378 -0.425279 -0.374645 -0.425281 -0.399377 -0.401911 -0.312418 -0.374618 -0.330038 -0.37512 
4.52 -5.61216 1.06483 20 -0.374481 -0.329886 -0.374508 -0.312873 -0.402053 -0.399884 -0.425225 -0.374335 -0.425228 -0.399883 -0.402056 -0.312875 -0.374506 -0.329886 -0.374485 
4.53 -5.61216 1.06627 20 -0.373846 -0.329737 -0.374394 -0.313335 -0.4022 -0.400379 -0.425172 -0.37403 -0.425174 -0.400378 -0.402202 -0.313337 -0.374392 -0.329737 -0.37385 
4.54 -5.61216 1.06772 20 -0.373211 -0.32959 -0.374278 -0.313802 -0.402348 -0.400865 -0.425118 -0.373732 -0.42512 -0.400864 -0.40235 -0.313804 -0.374276 -0.32959 -0.373215 
4.55 -5.61216 1.06917 20 -0.372576 -0.329445 -0.37416 -0.314274 -0.402497 -0.401342 -0.425063 -0.37344 -0.425066 -0.401341 -0.402499 -0.314276 -0.374158 -0.329446 -0.37258 
4.56 -5.61216 1.07063 21 -0.37194 -0.329304 -0.37404 -0.314751 -0.402648 -0.401808 -0.425008 -0.373154 -0.42501 -0.401808 -0.40265 -0.314753 -0.374039 -0.329305 -0.371945 
4.57 -5.61216 1.07208 21 -0.371305 -0.329165 -0.373919 -0.315233 -0.402799 -0.402266 -0.424953 -0.372875 -0.424955 -0.402265 -0.402801 -0.315235 -0.373917 -0.329166 -0.371309 
4.58 -5.61216 1.07355 21 -0.370669 -0.32903 -0.373795 -0.31572 -0.402952 -0.402713 -0.424897 -0.372603 -0.424899 -0.402713 -0.402954 -0.315722 -0.373794 -0.32903 -0.370673 
4.59 -5.61216 1.07501 21 -0.370033 -0.328897 -0.37367 -0.316211 -0.403106 -0.403151 -0.42484 -0.372336 -0.424842 -0.403151 -0.403108 -0.316213 -0.373669 -0.328898 -0.370037 
4.6 -5.61216 1.07648 21 -0.369396 -0.328767 -0.373543 -0.316707 -0.403262 -0.40358 -0.424784 -0.372077 -0.424785 -0.40358 -0.403264 -0.316709 -0.373542 -0.328768 -0.369401 
4.61 -5.61216 1.07795 21 -0.36876 -0.32864 -0.373414 -0.317208 -0.403418 -0.403999 -0.424726 -0.371824 -0.424728 -0.403999 -0.40342 -0.31721 -0.373413 -0.328641 -0.368764 
4.62 -5.61216 1.07942 21 -0.368122 -0.328517 -0.373284 -0.317712 -0.403576 -0.404409 -0.424668 -0.371578 -0.42467 -0.404409 -0.403577 -0.317714 -0.373283 -0.328518 -0.368127 
4.63 -5.61216 1.08089 21 -0.367485 -0.328397 -0.373152 -0.318221 -0.403734 -0.40481 -0.42461 -0.371338 -0.424611 -0.404809 -0.403736 -0.318223 -0.37315 -0.328398 -0.367489 
4.64 -5.61216 1.08236 22 -0.366847 -0.32828 -0.373018 -0.318735 -0.403893 -0.405201 -0.424551 -0.371105 -0.424552 -0.405201 -0.403895 -0.318737 -0.373017 -0.328281 -0.366851 
4.65 -5.61216 1.08384 22 -0.366209 -0.328166 -0.372883 -0.319252 -0.404054 -0.405583 -0.424492 -0.370879 -0.424493 -0.405583 -0.404056 -0.319254 -0.372882 -0.328167 -0.366213 
4.66 -5.61216 1.08532 22 -0.36557 -0.328056 -0.372747 -0.319773 -0.404215 -0.405956 -0.424432 -0.370659 -0.424433 -0.405956 -0.404217 -0.319775 -0.372745 -0.328057 -0.365574 
4.67 -5.61216 1.08679 22 -0.364931 -0.327949 -0.372608 -0.320298 -0.404377 -0.406319 -0.424371 -0.370447 -0.424372 -0.40632 -0.404379 -0.3203 -0.372607 -0.32795 -0.364935 
4.68 -5.61216 1.08827 22 -0.364291 -0.327846 -0.372469 -0.320827 -0.40454 -0.406674 -0.42431 -0.370241 -0.424311 -0.406674 -0.404542 -0.320829 -0.372467 -0.327847 -0.364295 
4.69 -5.61216 1.08975 22 -0.363651 -0.327747 -0.372328 -0.32136 -0.404704 -0.407019 -0.424249 -0.370042 -0.424249 -0.40702 -0.404705 -0.321362 -0.372326 -0.327748 -0.363655 
4.7 -5.61216 1.09123 22 -0.36301 -0.327651 -0.372185 -0.321896 -0.404868 -0.407356 -0.424187 -0.36985 -0.424187 -0.407356 -0.40487 -0.321898 -0.372184 -0.327652 -0.363014 
4.71 -5.61216 1.0927 22 -0.362369 -0.327559 -0.372042 -0.322435 -0.405033 -0.407684 -0.424124 -0.369664 -0.424125 -0.407684 -0.405035 -0.322437 -0.37204 -0.32756 -0.362373 
4.72 -5.61216 1.09418 22 -0.361727 -0.32747 -0.371897 -0.322978 -0.405199 -0.408002 -0.424061 -0.369486 -0.424062 -0.408003 -0.4052 -0.32298 -0.371895 -0.327471 -0.361731 
4.73 -5.61216 1.09566 23 -0.361085 -0.327386 -0.371751 -0.323524 -0.405365 -0.408312 -0.423998 -0.369314 -0.423998 -0.408313 -0.405366 -0.323526 -0.371749 -0.327387 -0.361089 
4.74 -5.61216 1.09713 23 -0.360442 -0.327305 -0.371604 -0.324074 -0.405531 -0.408614 -0.423934 -0.369149 -0.423934 -0.408615 -0.405533 -0.324075 -0.371602 -0.327306 -0.360446 
4.75 -5.61216 1.0986 23 -0.359799 -0.327228 -0.371455 -0.324626 -0.405699 -0.408906 -0.423869 -0.368991 -0.423869 -0.408907 -0.4057 -0.324628 -0.371454 -0.327229 -0.359803 
4.76 -5.61216 1.10008 23 -0.359155 -0.327155 -0.371306 -0.325181 -0.405866 -0.40919 -0.423804 -0.36884 -0.423804 -0.409191 -0.405868 -0.325183 -0.371305 -0.327157 -0.359159 
4.77 -5.61216 1.10155 23 -0.35851 -0.327086 -0.371156 -0.325739 -0.406034 -0.409465 -0.423739 -0.368696 -0.423738 -0.409467 -0.406036 -0.325741 -0.371154 -0.327088 -0.358514 
4.78 -5.61216 1.10302 23 -0.357865 -0.327022 -0.371005 -0.3263 -0.406203 -0.409732 -0.423673 -0.368559 -0.423672 -0.409734 -0.406204 -0.326301 -0.371003 -0.327023 -0.357869 
4.79 -5.61216 1.10448 23 -0.35722 -0.326961 -0.370853 -0.326863 -0.406371 -0.409991 -0.423606 -0.368429 -0.423605 -0.409992 -0.406372 -0.326865 -0.370851 -0.326962 -0.357223 
4.8 -5.61216 1.10595 23 -0.356573 -0.326904 -0.3707 -0.327429 -0.40654 -0.410241 -0.423539 -0.368305 -0.423538 -0.410242 -0.406541 -0.32743 -0.370698 -0.326906 -0.356577 
4.81 -5.61216 1.10741 23 -0.355926 -0.326852 -0.370546 -0.327997 -0.406709 -0.410482 -0.423471 -0.368188 -0.42347 -0.410484 -0.40671 -0.327998 -0.370545 -0.326853 -0.35593 
4.82 -5.61216 1.10887 23 -0.355278 -0.326804 -0.370392 -0.328567 -0.406878 -0.410716 -0.423403 -0.368079 -0.423402 -0.410718 -0.40688 -0.328569 -0.370391 -0.326805 -0.355282 
4.83 -5.61216 1.11033 23 -0.35463 -0.32676 -0.370237 -0.329139 -0.407048 -0.410941 -0.423335 -0.367976 -0.423334 -0.410943 -0.407049 -0.329141 -0.370236 -0.326761 -0.354634 
4.84 -5.61216 1.11179 23 -0.353981 -0.32672 -0.370082 -0.329714 -0.407217 -0.411159 -0.423266 -0.36788 -0.423264 -0.411161 -0.407218 -0.329715 -0.370081 -0.326721 -0.353985 
4.85 -5.61216 1.11324 24 -0.353332 -0.326684 -0.369926 -0.33029 -0.407387 -0.411368 -0.423196 -0.36779 -0.423195 -0.41137 -0.407388 -0.330292 -0.369925 -0.326686 -0.353335 
4.86 -5.61216 1.11469 24 -0.352681 -0.326653 -0.36977 -0.330868 -0.407556 -0.411569 -0.423126 -0.367708 -0.423125 -0.411572 -0.407557 -0.33087 -0.369768 -0.326655 -0.352685 
4.87 -5.61216 1.11614 24 -0.35203 -0.326627 -0.369613 -0.331448 -0.407725 -0.411763 -0.423056 -0.367632 -0.423054 -0.411765 -0.407726 -0.33145 -0.369612 -0.326628 -0.352034 
4.88 -5.61216 1.11759 24 -0.351379 -0.326604 -0.369456 -0.332029 -0.407895 -0.411949 -0.422985 -0.367563 -0.422983 -0.411951 -0.407896 -0.332031 -0.369455 -0.326606 -0.351382 
4.89 -5.61216 1.11903 24 -0.350726 -0.326586 -0.369299 -0.332612 -0.408064 -0.412127 -0.422914 -0.3675 -0.422912 -0.412129 -0.408065 -0.332614 -0.369298 -0.326588 -0.35073 
4.9 -5.61216 1.12047 24 -0.350074 -0.326573 -0.369142 -0.333196 -0.408233 -0.412297 -0.422842 -0.367445 -0.42284 -0.4123 -0.408233 -0.333198 -0.369141 -0.326575 -0.350077 
4.91 -5.61216 1.1219 24 -0.34942 -0.326564 -0.368984 -0.333781 -0.408401 -0.41246 -0.42277 -0.367396 -0.422768 -0.412462 -0.408402 -0.333783 -0.368983 -0.326566 -0.349423 
4.92 -5.61216 1.12334 24 -0.348766 -0.326559 -0.368827 -0.334368 -0.40857 -0.412615 -0.422698 -0.367354 -0.422695 -0.412618 -0.40857 -0.33437 -0.368826 -0.326561 -0.348769 
4.93 -5.61216 1.12476 24 -0.348111 -0.326559 -0.368669 -0.334955 -0.408738 -0.412763 -0.422625 -0.367318 -0.422622 -0.412766 -0.408738 -0.334957 -0.368668 -0.326561 -0.348114 
4.94 -5.61216 1.12619 24 -0.347455 -0.326564 -0.368512 -0.335543 -0.408905 -0.412903 -0.422551 -0.367289 -0.422548 -0.412907 -0.408906 -0.335545 -0.368511 -0.326565 -0.347458 
4.95 -5.61216 1.12761 25 -0.346799 -0.326573 -0.368355 -0.336132 -0.409072 -0.413037 -0.422478 -0.367266 -0.422475 -0.41304 -0.409073 -0.336134 -0.368354 -0.326574 -0.346802 
4.96 -5.61216 1.12903 25 -0.346142 -0.326586 -0.368198 -0.336722 -0.409239 -0.413163 -0.422404 -0.36725 -0.4224 -0.413166 -0.40924 -0.336724 -0.368197 -0.326588 -0.346145 
4.97 -5.61216 1.13045 25 -0.345484 -0.326604 -0.368042 -0.337312 -0.409405 -0.413282 -0.422329 -0.36724 -0.422326 -0.413285 -0.409406 -0.337314 -0.368041 -0.326606 -0.345488 
4.98 -5.61216 1.13186 25 -0.344826 -0.326627 -0.367885 -0.337903 -0.409571 -0.413394 -0.422254 -0.367237 -0.422251 -0.413397 -0.409571 -0.337905 -0.367884 -0.326629 -0.344829 
4.99 -5.61216 1.13327 25 -0.344167 -0.326654 -0.36773 -0.338494 -0.409736 -0.413499 -0.422179 -0.36724 -0.422176 -0.413503 -0.409736 -0.338495 -0.367729 -0.326656 -0.344171 
5 -5.61216 1.13468 25 -0.343508 -0.326686 -0.367575 -0.339085 -0.4099 -0.413597 -0.422104 -0.367249 -0.4221 -0.413601 -0.409901 -0.339086 -0.367574 -0.326688 -0.343511 
5.01 -5.61216 1.13608 25 -0.342848 -0.326722 -0.36742 -0.339676 -0.410064 -0.413689 -0.422028 -0.367265 -0.422024 -0.413693 -0.410064 -0.339678 -0.367419 -0.326724 -0.342851 
5.02 -5.61216 1.13749 25 -0.342187 -0.326763 -0.367266 -0.340267 -0.410227 -0.413773 -0.421952 -0.367287 -0.421948 -0.413777 -0.410227 -0.340269 -0.367265 -0.326765 -0.34219 
5.03 -5.61216 1.13888 25 -0.341526 -0.326809 -0.367113 -0.340858 -0.410389 -0.413851 -0.421876 -0.367315 -0.421871 -0.413856 -0.410389 -0.34086 -0.367112 -0.326811 -0.341529 
5.04 -5.61216 1.14028 25 -0.340864 -0.326859 -0.36696 -0.341448 -0.41055 -0.413923 -0.421799 -0.367349 -0.421795 -0.413927 -0.410551 -0.34145 -0.36696 -0.326861 -0.340867 
5.05 -5.61216 1.14167 25 -0.340201 -0.326913 -0.366809 -0.342039 -0.410711 -0.413988 -0.421722 -0.367389 -0.421718 -0.413993 -0.410711 -0.34204 -0.366808 -0.326916 -0.340205 
5.06 -5.61216 1.14306 26 -0.339538 -0.326973 -0.366658 -0.342628 -0.410871 -0.414047 -0.421645 -0.367435 -0.421641 -0.414052 -0.410871 -0.34263 -0.366658 -0.326975 -0.339542 
5.07 -5.61216 1.14445 26 -0.338875 -0.327037 -0.366509 -0.343218 -0.411029 -0.4141 -0.421568 -0.367488 -0.421563 -0.414104 -0.411029 -0.343219 -0.366508 -0.327039 -0.338878 
5.08 -5.61216 1.14583 26 -0.338211 -0.327105 -0.366361 -0.343806 -0.411187 -0.414146 -0.42149 -0.367546 -0.421485 -0.414151 -0.411187 -0.343808 -0.36636 -0.327107 -0.338214 
5.09 -5.61216 1.14721 26 -0.337546 -0.327178 -0.366213 -0.344394 -0.411344 -0.414186 -0.421413 -0.36761 -0.421408 -0.414191 -0.411344 -0.344395 -0.366212 -0.32718 -0.33755 
