time energy maxBondDim localEnergy 
0 -13.9973 50 -0.65232 -0.295568 -0.563806 -0.340079 -0.535523 -0.359352 -0.52136 -0.369979 -0.513118 -0.376378 -0.5081 -0.380244 -0.505174 -0.382338 -0.503816 -0.383003 -0.503816 -0.382338 -0.505174 -0.380244 -0.5081 -0.376378 -0.513118 -0.369979 -0.52136 -0.359352 -0.535523 -0.340079 -0.563806 -0.295568 -0.65232 
0 -9.76928 4 -0.322884 -0.314025 -0.314599 -0.314579 -0.31458 -0.31458 -0.31458 -0.31458 -0.31458 -0.31458 -0.31458 -0.31458 -0.314581 -0.314539 -0.315017 -0.315549 -0.315017 -0.314539 -0.314581 -0.31458 -0.31458 -0.31458 -0.31458 -0.31458 -0.31458 -0.31458 -0.31458 -0.314579 -0.314599 -0.314025 -0.322884 
0.1 -9.77155 4 -0.322885 -0.314025 -0.3146 -0.31458 -0.314581 -0.314581 -0.314581 -0.314581 -0.314581 -0.314581 -0.314581 -0.314581 -0.314582 -0.314487 -0.315594 -0.316752 -0.315594 -0.314487 -0.314582 -0.314581 -0.314581 -0.314581 -0.314581 -0.314581 -0.314581 -0.314581 -0.314581 -0.31458 -0.3146 -0.314025 -0.322884 
0.2 -9.78164 4 -0.322886 -0.314027 -0.314601 -0.314581 -0.314582 -0.314582 -0.314582 -0.314582 -0.314582 -0.314582 -0.314582 -0.314582 -0.314583 -0.314151 -0.318539 -0.321586 -0.31854 -0.314151 -0.314583 -0.314582 -0.314582 -0.314582 -0.314582 -0.314582 -0.314582 -0.314582 -0.314582 -0.314581 -0.314601 -0.314027 -0.322885 
0.3 -9.79701 4 -0.322888 -0.314028 -0.314603 -0.314583 -0.314584 -0.314584 -0.314584 -0.314584 -0.314584 -0.314584 -0.314584 -0.314583 -0.314581 -0.313272 -0.324501 -0.326759 -0.324501 -0.313272 -0.314581 -0.314583 -0.314584 -0.314584 -0.314584 -0.314584 -0.314584 -0.314584 -0.314584 -0.314583 -0.314603 -0.314028 -0.322886 
0.4 -9.81747 4 -0.322889 -0.314029 -0.314604 -0.314584 -0.314585 -0.314585 -0.314585 -0.314585 -0.314585 -0.314585 -0.314585 -0.314583 -0.31454 -0.312258 -0.333055 -0.332202 -0.333056 -0.312258 -0.31454 -0.314583 -0.314585 -0.314585 -0.314585 -0.314585 -0.314585 -0.314585 -0.314585 -0.314584 -0.314604 -0.314029 -0.322887 
0.5 -9.84006 4 -0.322889 -0.314029 -0.314604 -0.314583 -0.314585 -0.314585 -0.314585 -0.314585 -0.314585 -0.314585 -0.314585 -0.31458 -0.314272 -0.312965 -0.340396 -0.339243 -0.340397 -0.312966 -0.314272 -0.31458 -0.314585 -0.314585 -0.314585 -0.314585 -0.314585 -0.314585 -0.314585 -0.314583 -0.314604 -0.314029 -0.322887 
0.6 -9.85834 4 -0.322889 -0.314028 -0.314603 -0.314582 -0.314583 -0.314583 -0.314583 -0.314583 -0.314583 -0.314583 -0.314583 -0.314572 -0.313511 -0.316533 -0.342666 -0.347404 -0.342667 -0.316534 -0.313511 -0.314572 -0.314583 -0.314583 -0.314583 -0.314583 -0.314583 -0.314583 -0.314583 -0.314582 -0.314602 -0.314028 -0.322887 
0.7 -9.87852 4 -0.322887 -0.314026 -0.314601 -0.314581 -0.314582 -0.314582 -0.314582 -0.314582 -0.314582 -0.314582 -0.314581 -0.314532 -0.312522 -0.322977 -0.343157 -0.355805 -0.343158 -0.322978 -0.312522 -0.314532 -0.314581 -0.314582 -0.314582 -0.314582 -0.314582 -0.314582 -0.314582 -0.314581 -0.314601 -0.314026 -0.322886 
0.8 -9.90135 4 -0.322885 -0.314025 -0.3146 -0.314579 -0.314581 -0.314581 -0.314581 -0.314581 -0.314581 -0.314581 -0.314577 -0.3143 -0.312997 -0.329176 -0.344003 -0.364093 -0.344004 -0.329176 -0.312997 -0.3143 -0.314577 -0.314581 -0.314581 -0.314581 -0.314581 -0.314581 -0.314581 -0.314579 -0.3146 -0.314025 -0.322885 
0.9 -9.92003 4 -0.322884 -0.314025 -0.314599 -0.314579 -0.31458 -0.31458 -0.31458 -0.31458 -0.31458 -0.31458 -0.314571 -0.313596 -0.316252 -0.330632 -0.345329 -0.372132 -0.345331 -0.330633 -0.316253 -0.313596 -0.314571 -0.31458 -0.31458 -0.31458 -0.31458 -0.31458 -0.31458 -0.314579 -0.314599 -0.314025 -0.322884 
1 -9.93989 5 -0.322884 -0.314026 -0.3146 -0.31458 -0.314581 -0.314581 -0.314581 -0.314581 -0.314581 -0.31458 -0.314543 -0.312562 -0.322464 -0.330048 -0.346846 -0.379806 -0.346847 -0.330049 -0.322465 -0.312562 -0.314543 -0.31458 -0.314581 -0.314581 -0.314581 -0.314581 -0.314581 -0.31458 -0.3146 -0.314026 -0.322884 
1.1 -9.96301 6 -0.322885 -0.314027 -0.314602 -0.314582 -0.314583 -0.314583 -0.314583 -0.314583 -0.314583 -0.314579 -0.314354 -0.312714 -0.329025 -0.329837 -0.348489 -0.386994 -0.34849 -0.329838 -0.329025 -0.312715 -0.314354 -0.314579 -0.314583 -0.314583 -0.314583 -0.314583 -0.314583 -0.314582 -0.314602 -0.314027 -0.322885 
1.2 -9.98226 6 -0.322887 -0.314029 -0.314603 -0.314583 -0.314584 -0.314584 -0.314584 -0.314584 -0.314584 -0.314576 -0.313721 -0.315567 -0.330909 -0.330241 -0.350301 -0.393589 -0.350302 -0.330242 -0.330909 -0.315567 -0.313721 -0.314576 -0.314584 -0.314584 -0.314584 -0.314584 -0.314584 -0.314583 -0.314603 -0.314029 -0.322886 
1.3 -10.0016 7 -0.322888 -0.314029 -0.314604 -0.314584 -0.314585 -0.314585 -0.314585 -0.314585 -0.314584 -0.314554 -0.312682 -0.321418 -0.330116 -0.33095 -0.35232 -0.399502 -0.35232 -0.330951 -0.330117 -0.321419 -0.312682 -0.314554 -0.314584 -0.314585 -0.314585 -0.314585 -0.314585 -0.314584 -0.314604 -0.314029 -0.322887 
1.4 -10.0246 8 -0.322889 -0.314029 -0.314603 -0.314583 -0.314584 -0.314584 -0.314584 -0.314584 -0.314581 -0.314398 -0.312561 -0.328186 -0.329409 -0.331846 -0.35456 -0.404668 -0.354561 -0.331847 -0.32941 -0.328186 -0.312561 -0.314398 -0.314581 -0.314584 -0.314584 -0.314584 -0.314584 -0.314583 -0.314603 -0.314029 -0.322887 
1.5 -10.0444 8 -0.322889 -0.314027 -0.314602 -0.314582 -0.314583 -0.314583 -0.314583 -0.314583 -0.314576 -0.313829 -0.315052 -0.330624 -0.329207 -0.33294 -0.357021 -0.409044 -0.357022 -0.332941 -0.329208 -0.330625 -0.315052 -0.313829 -0.314576 -0.314583 -0.314583 -0.314583 -0.314583 -0.314582 -0.314602 -0.314028 -0.322887 
1.6 -10.0633 8 -0.322888 -0.314026 -0.314601 -0.31458 -0.314582 -0.314581 -0.314581 -0.314581 -0.314556 -0.312802 -0.32056 -0.329862 -0.32921 -0.33425 -0.359689 -0.412613 -0.359689 -0.334251 -0.329211 -0.329863 -0.320561 -0.312802 -0.314556 -0.314581 -0.314581 -0.314581 -0.314582 -0.31458 -0.314601 -0.314026 -0.322886 
1.7 -10.0861 8 -0.322886 -0.314025 -0.3146 -0.314579 -0.31458 -0.31458 -0.31458 -0.314578 -0.31443 -0.312439 -0.32749 -0.328978 -0.329281 -0.335783 -0.362534 -0.415381 -0.362534 -0.335783 -0.329282 -0.328979 -0.327491 -0.312439 -0.31443 -0.314578 -0.31458 -0.31458 -0.31458 -0.314579 -0.3146 -0.314025 -0.322885 
1.8 -10.1065 8 -0.322885 -0.314025 -0.3146 -0.314579 -0.314581 -0.31458 -0.31458 -0.314574 -0.313928 -0.314576 -0.330591 -0.328584 -0.329438 -0.337534 -0.365518 -0.417377 -0.365518 -0.337534 -0.329439 -0.328585 -0.330592 -0.314576 -0.313928 -0.314574 -0.31458 -0.31458 -0.314581 -0.314579 -0.3146 -0.314025 -0.322884 
1.9 -10.1251 9 -0.322884 -0.314026 -0.314601 -0.31458 -0.314582 -0.314581 -0.314581 -0.314561 -0.312934 -0.319721 -0.329993 -0.328397 -0.329718 -0.339494 -0.368592 -0.418651 -0.368593 -0.339494 -0.329719 -0.328398 -0.329994 -0.319722 -0.312934 -0.314561 -0.314581 -0.314581 -0.314582 -0.31458 -0.314601 -0.314026 -0.322884 
2 -10.1476 10 -0.322884 -0.314028 -0.314602 -0.314582 -0.314583 -0.314583 -0.314581 -0.314463 -0.31237 -0.326711 -0.329034 -0.328239 -0.330147 -0.34165 -0.371702 -0.419271 -0.371703 -0.34165 -0.330149 -0.32824 -0.329035 -0.326712 -0.31237 -0.314463 -0.314581 -0.314583 -0.314583 -0.314582 -0.314602 -0.314028 -0.322884 
2.1 -10.1688 10 -0.322886 -0.314029 -0.314603 -0.314583 -0.314584 -0.314584 -0.314579 -0.314024 -0.31416 -0.330493 -0.328557 -0.328112 -0.330746 -0.343984 -0.374791 -0.419317 -0.374792 -0.343983 -0.330748 -0.328112 -0.328558 -0.330494 -0.314161 -0.314024 -0.314579 -0.314584 -0.314584 -0.314583 -0.314603 -0.314029 -0.322885 
2.2 -10.1871 11 -0.322888 -0.314029 -0.314604 -0.314584 -0.314585 -0.314584 -0.314568 -0.313073 -0.318927 -0.330123 -0.328312 -0.328045 -0.331528 -0.346474 -0.377802 -0.41888 -0.377803 -0.346473 -0.33153 -0.328045 -0.328312 -0.330124 -0.318928 -0.313073 -0.314568 -0.314584 -0.314585 -0.314584 -0.314604 -0.31403 -0.322886 
2.3 -10.2091 12 -0.322889 -0.314029 -0.314603 -0.314583 -0.314584 -0.314582 -0.314488 -0.312343 -0.325887 -0.329114 -0.328085 -0.328059 -0.332502 -0.349093 -0.380681 -0.418055 -0.380682 -0.349092 -0.332505 -0.328059 -0.328086 -0.329115 -0.325888 -0.312343 -0.314488 -0.314582 -0.314584 -0.314583 -0.314603 -0.314029 -0.322887 
2.4 -10.2309 13 -0.322889 -0.314027 -0.314602 -0.314582 -0.314583 -0.314577 -0.314105 -0.313787 -0.33034 -0.328573 -0.327863 -0.328166 -0.333674 -0.351815 -0.383379 -0.416936 -0.38338 -0.351814 -0.333677 -0.328167 -0.327864 -0.328574 -0.330341 -0.313787 -0.314105 -0.314577 -0.314583 -0.314582 -0.314602 -0.314027 -0.322887 
2.5 -10.2491 13 -0.322889 -0.314025 -0.3146 -0.31458 -0.314581 -0.314567 -0.313206 -0.318165 -0.330263 -0.328303 -0.327673 -0.328377 -0.335043 -0.35461 -0.385856 -0.415616 -0.385857 -0.354608 -0.335046 -0.328377 -0.327674 -0.328304 -0.330264 -0.318165 -0.313206 -0.314567 -0.314581 -0.31458 -0.3146 -0.314025 -0.322887 
2.6 -10.2706 14 -0.322887 -0.314024 -0.314599 -0.314579 -0.314579 -0.314504 -0.31235 -0.325015 -0.329224 -0.328059 -0.327534 -0.328698 -0.336604 -0.357446 -0.38808 -0.414179 -0.388081 -0.357444 -0.336607 -0.328698 -0.327534 -0.32806 -0.329225 -0.325016 -0.31235 -0.314504 -0.314579 -0.314579 -0.314599 -0.314025 -0.322886 
2.7 -10.2929 15 -0.322885 -0.314025 -0.3146 -0.314579 -0.314576 -0.314178 -0.313456 -0.330098 -0.328622 -0.32781 -0.327455 -0.329134 -0.338349 -0.360294 -0.390031 -0.412699 -0.390032 -0.360292 -0.338352 -0.329135 -0.327456 -0.327811 -0.328623 -0.330099 -0.313456 -0.314178 -0.314576 -0.314579 -0.3146 -0.314025 -0.322885 
2.8 -10.3112 16 -0.322884 -0.314026 -0.314601 -0.31458 -0.31457 -0.313342 -0.317446 -0.330383 -0.328333 -0.32758 -0.327444 -0.32969 -0.340264 -0.363121 -0.391698 -0.411239 -0.391699 -0.363119 -0.340267 -0.329691 -0.327445 -0.327581 -0.328334 -0.330384 -0.317446 -0.313342 -0.31457 -0.31458 -0.314601 -0.314026 -0.322884 
2.9 -10.3321 17 -0.322884 -0.314028 -0.314602 -0.314581 -0.314523 -0.312399 -0.324121 -0.329334 -0.328084 -0.327387 -0.327506 -0.330367 -0.342333 -0.365898 -0.393082 -0.409848 -0.393083 -0.365896 -0.342336 -0.330369 -0.327507 -0.327388 -0.328085 -0.329335 -0.324122 -0.312399 -0.314523 -0.314581 -0.314603 -0.314028 -0.322884 
3 -10.3549 18 -0.322885 -0.31403 -0.314603 -0.314579 -0.314248 -0.313172 -0.329768 -0.328669 -0.327826 -0.327238 -0.327646 -0.331169 -0.344538 -0.368596 -0.394192 -0.408561 -0.394192 -0.368594 -0.34454 -0.33117 -0.327646 -0.327239 -0.327827 -0.32867 -0.329769 -0.313172 -0.314248 -0.314579 -0.314604 -0.314029 -0.322885 
3.1 -10.3733 18 -0.322887 -0.31403 -0.314603 -0.314573 -0.313477 -0.316774 -0.330488 -0.328361 -0.327581 -0.327137 -0.327864 -0.332097 -0.346856 -0.371189 -0.395046 -0.407399 -0.395046 -0.371187 -0.346859 -0.332098 -0.327864 -0.327138 -0.327582 -0.328362 -0.330489 -0.316775 -0.313477 -0.314573 -0.314603 -0.31403 -0.322886 
3.2 -10.3937 19 -0.322888 -0.314028 -0.314601 -0.314534 -0.312472 -0.323216 -0.329455 -0.328111 -0.327368 -0.327087 -0.328162 -0.333152 -0.349265 -0.373651 -0.395669 -0.406373 -0.395669 -0.37365 -0.349266 -0.333154 -0.328162 -0.327087 -0.327369 -0.328113 -0.329456 -0.323217 -0.312472 -0.314534 -0.314601 -0.314028 -0.322887 
3.3 -10.4167 21 -0.322889 -0.314026 -0.314597 -0.314302 -0.312923 -0.329338 -0.328726 -0.327851 -0.327193 -0.327086 -0.328542 -0.334337 -0.351737 -0.375962 -0.396094 -0.405482 -0.396093 -0.375961 -0.351739 -0.334339 -0.328543 -0.327087 -0.327194 -0.327853 -0.328727 -0.329339 -0.312924 -0.314302 -0.314597 -0.314027 -0.322887 
3.4 -10.4354 21 -0.322889 -0.314024 -0.314591 -0.313597 -0.316145 -0.330564 -0.328393 -0.327601 -0.327061 -0.327134 -0.329006 -0.335653 -0.354247 -0.378106 -0.396352 -0.404716 -0.396351 -0.378106 -0.354248 -0.335656 -0.329007 -0.327134 -0.327061 -0.327602 -0.328394 -0.330565 -0.316145 -0.313597 -0.314591 -0.314025 -0.322887 
3.5 -10.4553 22 -0.322888 -0.314023 -0.314561 -0.312564 -0.322308 -0.329576 -0.328144 -0.327378 -0.326971 -0.327227 -0.329557 -0.3371 -0.356767 -0.380069 -0.396479 -0.40406 -0.396477 -0.380069 -0.356768 -0.337102 -0.329557 -0.327228 -0.326971 -0.32738 -0.328144 -0.329577 -0.322309 -0.312564 -0.314561 -0.314023 -0.322886 
3.6 -10.4784 24 -0.322886 -0.314022 -0.314371 -0.312716 -0.328805 -0.328783 -0.327884 -0.327192 -0.326923 -0.327366 -0.330196 -0.338675 -0.35927 -0.381843 -0.39651 -0.403494 -0.396508 -0.381844 -0.35927 -0.338678 -0.330196 -0.327367 -0.326923 -0.327195 -0.327885 -0.328783 -0.328806 -0.312716 -0.314371 -0.314022 -0.322885 
3.7 -10.4976 26 -0.322884 -0.314019 -0.313737 -0.315568 -0.330605 -0.328419 -0.32763 -0.327046 -0.326913 -0.327548 -0.330928 -0.340375 -0.361728 -0.383426 -0.396477 -0.402997 -0.396474 -0.383428 -0.361728 -0.340377 -0.330929 -0.327549 -0.326912 -0.327048 -0.327631 -0.32842 -0.330606 -0.315569 -0.313737 -0.314019 -0.322884 
3.8 -10.517 26 -0.322883 -0.313998 -0.312699 -0.321419 -0.3297 -0.328168 -0.327403 -0.326938 -0.326936 -0.327774 -0.331757 -0.342192 -0.364117 -0.384819 -0.396409 -0.402547 -0.396406 -0.384821 -0.364116 -0.342194 -0.331757 -0.327775 -0.326936 -0.326941 -0.327403 -0.328169 -0.329701 -0.32142 -0.312699 -0.313998 -0.322883 
3.9 -10.54 28 -0.322881 -0.313844 -0.312578 -0.328185 -0.328844 -0.327909 -0.32721 -0.326868 -0.32699 -0.328048 -0.332685 -0.344116 -0.366413 -0.386028 -0.396329 -0.402127 -0.396326 -0.386031 -0.366412 -0.344118 -0.332686 -0.32805 -0.326989 -0.326871 -0.327211 -0.32791 -0.328845 -0.328186 -0.312578 -0.313844 -0.322881 
4 -10.5598 29 -0.322878 -0.313277 -0.315069 -0.330615 -0.328445 -0.327652 -0.327056 -0.326832 -0.327071 -0.328374 -0.333715 -0.346134 -0.368597 -0.387063 -0.396257 -0.40172 -0.396253 -0.387067 -0.368595 -0.346137 -0.333716 -0.328375 -0.32707 -0.326835 -0.327057 -0.327653 -0.328446 -0.330616 -0.315069 -0.313277 -0.322878 
4.1 -10.5787 32 -0.322862 -0.312252 -0.320576 -0.329836 -0.328192 -0.32742 -0.326941 -0.326822 -0.327177 -0.328757 -0.334849 -0.34823 -0.370652 -0.387939 -0.396206 -0.401316 -0.396201 -0.387943 -0.370649 -0.348232 -0.33485 -0.328758 -0.327175 -0.326826 -0.326941 -0.327421 -0.328193 -0.329837 -0.320576 -0.312252 -0.322861 
4.2 -10.6015 33 -0.322737 -0.311891 -0.327502 -0.328921 -0.327935 -0.327222 -0.326861 -0.326836 -0.327306 -0.329205 -0.336087 -0.350384 -0.372564 -0.388672 -0.396181 -0.400908 -0.396176 -0.388677 -0.372562 -0.350387 -0.336088 -0.329206 -0.327305 -0.326839 -0.326862 -0.327222 -0.327936 -0.328922 -0.327503 -0.311891 -0.322735 
4.3 -10.622 35 -0.322231 -0.314029 -0.330597 -0.328479 -0.327678 -0.327062 -0.326814 -0.326867 -0.327461 -0.329724 -0.337426 -0.352576 -0.374327 -0.38928 -0.396187 -0.400494 -0.396182 -0.389285 -0.374324 -0.352579 -0.337427 -0.329725 -0.327459 -0.32687 -0.326815 -0.327062 -0.327679 -0.32848 -0.330598 -0.31403 -0.322229 
4.4 -10.6406 37 -0.321229 -0.319176 -0.329988 -0.328222 -0.327443 -0.32694 -0.326793 -0.326911 -0.327644 -0.330323 -0.338863 -0.354783 -0.375936 -0.389782 -0.396221 -0.400076 -0.396215 -0.389788 -0.375933 -0.354785 -0.338864 -0.330324 -0.327642 -0.326914 -0.326794 -0.32694 -0.327444 -0.328223 -0.329989 -0.319177 -0.321227 
4.5 -10.6632 40 -0.320667 -0.326161 -0.329014 -0.327966 -0.327241 -0.326855 -0.326793 -0.326967 -0.327859 -0.331008 -0.340391 -0.356982 -0.37739 -0.390197 -0.396277 -0.39966 -0.39627 -0.390203 -0.377387 -0.356984 -0.340393 -0.331009 -0.327858 -0.326969 -0.326794 -0.326855 -0.327242 -0.327967 -0.329015 -0.326162 -0.320666 
4.6 -10.6851 41 -0.322405 -0.329923 -0.328518 -0.327706 -0.327076 -0.326801 -0.326806 -0.327033 -0.328112 -0.331785 -0.342004 -0.35915 -0.378695 -0.390543 -0.396347 -0.399253 -0.39634 -0.390549 -0.378691 -0.359151 -0.342006 -0.331786 -0.32811 -0.327035 -0.326808 -0.326801 -0.327077 -0.327707 -0.328518 -0.329924 -0.322405 
4.7 -10.7048 43 -0.326957 -0.329486 -0.328246 -0.327466 -0.32695 -0.326774 -0.32683 -0.327111 -0.328407 -0.33266 -0.343692 -0.361264 -0.379856 -0.390836 -0.396422 -0.398865 -0.396416 -0.390842 -0.379853 -0.361265 -0.343694 -0.33266 -0.328406 -0.327112 -0.326832 -0.326774 -0.326951 -0.327467 -0.328246 -0.329488 -0.326957 
4.8 -10.7275 46 -0.333638 -0.328323 -0.327979 -0.327258 -0.32686 -0.326767 -0.326859 -0.327203 -0.328751 -0.333633 -0.345442 -0.363305 -0.380885 -0.391089 -0.396493 -0.398507 -0.396487 -0.391095 -0.380882 -0.363306 -0.345445 -0.333634 -0.328751 -0.327204 -0.326862 -0.326767 -0.326861 -0.327259 -0.32798 -0.328324 -0.333638 
4.9 -10.7446 48 -0.337112 -0.327496 -0.327694 -0.327087 -0.326802 -0.326774 -0.326893 -0.327313 -0.32915 -0.334707 -0.347244 -0.365256 -0.381793 -0.391314 -0.396552 -0.398185 -0.396546 -0.391321 -0.381791 -0.365256 -0.347247 -0.334707 -0.329151 -0.327313 -0.326896 -0.326773 -0.326803 -0.327088 -0.327695 -0.327497 -0.337113 
5 -10.75 51 -0.334617 -0.326772 -0.327403 -0.326954 -0.326771 -0.326789 -0.32693 -0.327445 -0.329611 -0.33588 -0.349084 -0.367101 -0.382594 -0.391521 -0.396592 -0.397909 -0.396586 -0.391527 -0.382592 -0.3671 -0.349087 -0.335879 -0.329611 -0.327444 -0.326934 -0.326788 -0.326772 -0.326954 -0.327404 -0.326773 -0.334618 
5.1 -10.7511 53 -0.330047 -0.325894 -0.327106 -0.326855 -0.326759 -0.326808 -0.326971 -0.327604 -0.330137 -0.337147 -0.350946 -0.36883 -0.383302 -0.391714 -0.396607 -0.397682 -0.396601 -0.391719 -0.383301 -0.368828 -0.35095 -0.337147 -0.330139 -0.327603 -0.326975 -0.326807 -0.32676 -0.326856 -0.327107 -0.325895 -0.330049 
5.2 -10.7513 56 -0.325177 -0.32484 -0.326791 -0.326785 -0.32676 -0.326828 -0.327017 -0.327796 -0.330735 -0.338505 -0.352816 -0.370434 -0.383932 -0.391897 -0.396597 -0.397507 -0.396591 -0.391902 -0.38393 -0.370432 -0.352821 -0.338504 -0.330737 -0.327794 -0.327022 -0.326827 -0.326762 -0.326786 -0.326791 -0.324841 -0.325179 
5.3 -10.7514 58 -0.320369 -0.323654 -0.326442 -0.326735 -0.326769 -0.326848 -0.327073 -0.328026 -0.331408 -0.339944 -0.35468 -0.37191 -0.384496 -0.392071 -0.39656 -0.397383 -0.396555 -0.392076 -0.384495 -0.371907 -0.354684 -0.339943 -0.331411 -0.328023 -0.327078 -0.326846 -0.32677 -0.326736 -0.326443 -0.323655 -0.320371 
5.4 -10.7514 61 -0.315664 -0.322396 -0.326043 -0.326697 -0.32678 -0.326867 -0.32714 -0.328299 -0.33216 -0.341457 -0.356521 -0.373259 -0.385007 -0.392237 -0.3965 -0.397308 -0.396495 -0.392242 -0.385007 -0.373255 -0.356526 -0.341456 -0.332163 -0.328296 -0.327146 -0.326866 -0.326781 -0.326697 -0.326044 -0.322396 -0.315666 
5.5 -10.7514 65 -0.311049 -0.32112 -0.325576 -0.326657 -0.326788 -0.326887 -0.327222 -0.32862 -0.332994 -0.343032 -0.358327 -0.374482 -0.385475 -0.392393 -0.396421 -0.397274 -0.396417 -0.392397 -0.385476 -0.374477 -0.358332 -0.34303 -0.332997 -0.328616 -0.327228 -0.326885 -0.32679 -0.326658 -0.325577 -0.321121 -0.311051 
5.6 -10.7514 69 -0.306505 -0.319878 -0.325026 -0.326605 -0.326792 -0.326909 -0.327323 -0.328994 -0.33391 -0.344658 -0.360083 -0.375586 -0.38591 -0.392537 -0.396328 -0.397274 -0.396325 -0.392539 -0.385912 -0.375581 -0.360089 -0.344656 -0.333914 -0.32899 -0.32733 -0.326907 -0.326794 -0.326606 -0.325026 -0.319878 -0.306507 
5.7 -10.7514 71 -0.302017 -0.31871 -0.324379 -0.326529 -0.326789 -0.326934 -0.327447 -0.329425 -0.33491 -0.346321 -0.361778 -0.376579 -0.386319 -0.392665 -0.396229 -0.3973 -0.396227 -0.392667 -0.386321 -0.376574 -0.361783 -0.346319 -0.334914 -0.32942 -0.327453 -0.326932 -0.326791 -0.326529 -0.32438 -0.31871 -0.302019 
5.8 -10.7514 76 -0.297573 -0.317645 -0.323629 -0.326418 -0.326779 -0.326965 -0.327597 -0.329916 -0.335992 -0.348008 -0.363401 -0.377473 -0.386706 -0.392777 -0.396131 -0.397342 -0.396129 -0.392778 -0.386708 -0.377467 -0.363406 -0.348006 -0.335996 -0.329911 -0.327603 -0.326963 -0.326781 -0.326418 -0.32363 -0.317646 -0.297576 
5.9 -10.7514 81 -0.293171 -0.316702 -0.322775 -0.326261 -0.326759 -0.327004 -0.327776 -0.330471 -0.337154 -0.349705 -0.364943 -0.378278 -0.387074 -0.39287 -0.396039 -0.397391 -0.396039 -0.392871 -0.387077 -0.378272 -0.364948 -0.349703 -0.337159 -0.330466 -0.327783 -0.327002 -0.326761 -0.326261 -0.322776 -0.316703 -0.293173 
6 -10.7514 85 -0.288811 -0.315885 -0.321822 -0.326049 -0.326729 -0.327053 -0.32799 -0.331093 -0.338393 -0.3514 -0.366398 -0.379007 -0.387425 -0.392945 -0.39596 -0.397439 -0.39596 -0.392945 -0.387429 -0.379 -0.366404 -0.351398 -0.338397 -0.331088 -0.327996 -0.327052 -0.326732 -0.326049 -0.321823 -0.315885 -0.288813 
6.1 -10.7514 91 -0.284501 -0.315184 -0.320783 -0.325774 -0.326689 -0.327114 -0.328241 -0.331783 -0.339703 -0.353078 -0.367762 -0.379672 -0.387759 -0.393001 -0.395898 -0.397478 -0.395899 -0.393 -0.387763 -0.379665 -0.367767 -0.353077 -0.339707 -0.331778 -0.328247 -0.327112 -0.326691 -0.325773 -0.320784 -0.315184 -0.284504 
