time energy maxBondDim localEnergy 
0 -13.9973 50 -0.65232 -0.295568 -0.563806 -0.340079 -0.535523 -0.359352 -0.52136 -0.369979 -0.513118 -0.376378 -0.5081 -0.380244 -0.505174 -0.382338 -0.503816 -0.383003 -0.503816 -0.382338 -0.505174 -0.380244 -0.5081 -0.376378 -0.513118 -0.369979 -0.52136 -0.359352 -0.535523 -0.340079 -0.563806 -0.295568 -0.65232 
0 -12.7168 10 -0.491956 -0.377379 -0.414347 -0.403258 -0.406913 -0.405785 -0.406153 -0.406038 -0.406076 -0.406065 -0.406073 -0.406077 -0.406114 -0.406156 -0.406537 -0.406916 -0.406537 -0.406156 -0.406114 -0.406077 -0.406073 -0.406065 -0.406076 -0.406038 -0.406153 -0.405785 -0.406913 -0.403258 -0.414347 -0.377379 -0.491956 
0.1 -12.7168 10 -0.491956 -0.377379 -0.414347 -0.403258 -0.406913 -0.405785 -0.406153 -0.406038 -0.406076 -0.406065 -0.406073 -0.406077 -0.406115 -0.406157 -0.406545 -0.406931 -0.406545 -0.406157 -0.406115 -0.406077 -0.406073 -0.406065 -0.406076 -0.406038 -0.406153 -0.405785 -0.406913 -0.403258 -0.414347 -0.377379 -0.491956 
0.2 -12.717 10 -0.491956 -0.377379 -0.414347 -0.403258 -0.406913 -0.405785 -0.406153 -0.406038 -0.406076 -0.406065 -0.406073 -0.406078 -0.406117 -0.406163 -0.406582 -0.406996 -0.406582 -0.406163 -0.406117 -0.406078 -0.406073 -0.406065 -0.406076 -0.406038 -0.406153 -0.405785 -0.406913 -0.403258 -0.414347 -0.377379 -0.491956 
0.3 -12.7174 10 -0.491956 -0.377379 -0.414347 -0.403258 -0.406913 -0.405785 -0.406153 -0.406039 -0.406076 -0.406065 -0.406074 -0.40608 -0.406123 -0.406179 -0.406678 -0.407164 -0.406678 -0.406179 -0.406123 -0.40608 -0.406074 -0.406065 -0.406076 -0.406039 -0.406153 -0.405785 -0.406913 -0.403258 -0.414347 -0.377379 -0.491956 
0.4 -12.7182 10 -0.491956 -0.377379 -0.414347 -0.403258 -0.406913 -0.405785 -0.406153 -0.406039 -0.406077 -0.406066 -0.406076 -0.406084 -0.406135 -0.406214 -0.406875 -0.407503 -0.406875 -0.406214 -0.406135 -0.406084 -0.406076 -0.406066 -0.406077 -0.406039 -0.406153 -0.405785 -0.406913 -0.403258 -0.414347 -0.377379 -0.491956 
0.5 -12.7197 10 -0.491956 -0.377379 -0.414347 -0.403258 -0.406913 -0.405785 -0.406154 -0.406039 -0.406077 -0.406067 -0.406079 -0.406093 -0.40616 -0.40628 -0.407224 -0.408094 -0.407224 -0.40628 -0.40616 -0.406093 -0.406079 -0.406067 -0.406077 -0.406039 -0.406154 -0.405785 -0.406913 -0.403258 -0.414347 -0.377379 -0.491956 
0.6 -12.7221 10 -0.491956 -0.377379 -0.414347 -0.403258 -0.406913 -0.405785 -0.406154 -0.406039 -0.406078 -0.406069 -0.406084 -0.406108 -0.406204 -0.406399 -0.407781 -0.409014 -0.407781 -0.406399 -0.406204 -0.406108 -0.406084 -0.406069 -0.406078 -0.406039 -0.406154 -0.405785 -0.406913 -0.403258 -0.414347 -0.377379 -0.491956 
0.7 -12.7257 10 -0.491956 -0.377379 -0.414347 -0.403258 -0.406913 -0.405785 -0.406154 -0.40604 -0.406079 -0.406073 -0.406094 -0.406135 -0.406281 -0.4066 -0.408592 -0.410307 -0.408592 -0.4066 -0.406281 -0.406135 -0.406094 -0.406073 -0.406079 -0.40604 -0.406154 -0.405785 -0.406913 -0.403258 -0.414347 -0.377379 -0.491956 
0.8 -12.7305 10 -0.491956 -0.377379 -0.414347 -0.403258 -0.406913 -0.405786 -0.406154 -0.40604 -0.406081 -0.406079 -0.406111 -0.40618 -0.406412 -0.40692 -0.409671 -0.411955 -0.409671 -0.40692 -0.406412 -0.40618 -0.406111 -0.406079 -0.406081 -0.40604 -0.406154 -0.405786 -0.406913 -0.403258 -0.414347 -0.377379 -0.491956 
0.9 -12.7367 10 -0.491956 -0.377379 -0.414347 -0.403258 -0.406913 -0.405786 -0.406155 -0.406042 -0.406085 -0.406089 -0.406139 -0.406257 -0.406625 -0.407398 -0.410981 -0.413869 -0.410981 -0.407398 -0.406625 -0.406257 -0.406139 -0.406089 -0.406085 -0.406042 -0.406155 -0.405786 -0.406913 -0.403258 -0.414347 -0.377379 -0.491956 
1 -12.744 10 -0.491956 -0.377379 -0.414347 -0.403258 -0.406913 -0.405786 -0.406155 -0.406044 -0.406091 -0.406106 -0.406185 -0.406383 -0.406957 -0.40805 -0.412437 -0.415922 -0.412437 -0.40805 -0.406957 -0.406383 -0.406185 -0.406106 -0.406091 -0.406044 -0.406155 -0.405786 -0.406913 -0.403258 -0.414347 -0.377379 -0.491956 
1.1 -12.7523 10 -0.491956 -0.377379 -0.414348 -0.403258 -0.406914 -0.405787 -0.406157 -0.406048 -0.406101 -0.406134 -0.406262 -0.406587 -0.407442 -0.40886 -0.413934 -0.417986 -0.413934 -0.40886 -0.407442 -0.406587 -0.406262 -0.406134 -0.406101 -0.406048 -0.406157 -0.405787 -0.406914 -0.403258 -0.414347 -0.377379 -0.491956 
1.2 -12.7614 10 -0.491956 -0.377379 -0.414348 -0.403258 -0.406914 -0.405787 -0.406159 -0.406054 -0.406118 -0.40618 -0.406389 -0.406904 -0.408095 -0.409772 -0.415379 -0.419969 -0.415379 -0.409772 -0.408095 -0.406904 -0.406389 -0.40618 -0.406118 -0.406054 -0.406159 -0.405787 -0.406914 -0.403258 -0.414348 -0.377379 -0.491956 
1.3 -12.7709 10 -0.491956 -0.377379 -0.414348 -0.403258 -0.406914 -0.405789 -0.406163 -0.406064 -0.406146 -0.406257 -0.406594 -0.407365 -0.408895 -0.410709 -0.416714 -0.421818 -0.416714 -0.410709 -0.408895 -0.407365 -0.406594 -0.406257 -0.406146 -0.406064 -0.406163 -0.405789 -0.406914 -0.403258 -0.414348 -0.377379 -0.491956 
1.4 -12.7809 10 -0.491956 -0.377379 -0.414348 -0.403259 -0.406915 -0.405791 -0.406169 -0.406081 -0.406193 -0.406384 -0.40691 -0.407986 -0.409777 -0.411604 -0.41792 -0.423508 -0.41792 -0.411604 -0.409777 -0.407986 -0.40691 -0.406384 -0.406193 -0.406081 -0.406169 -0.405791 -0.406915 -0.403259 -0.414348 -0.377379 -0.491956 
1.5 -12.791 10 -0.491956 -0.377379 -0.414348 -0.403259 -0.406917 -0.405795 -0.406179 -0.406109 -0.40627 -0.406588 -0.407372 -0.408741 -0.41066 -0.412421 -0.419004 -0.425033 -0.419004 -0.412421 -0.41066 -0.408741 -0.407372 -0.406588 -0.40627 -0.406109 -0.406179 -0.405795 -0.406917 -0.403259 -0.414348 -0.377379 -0.491956 
1.6 -12.8014 10 -0.491956 -0.377379 -0.414348 -0.40326 -0.406919 -0.405801 -0.406196 -0.406156 -0.406396 -0.406903 -0.407992 -0.409568 -0.41147 -0.413155 -0.419984 -0.426395 -0.419984 -0.413155 -0.41147 -0.409568 -0.407992 -0.406903 -0.406396 -0.406156 -0.406196 -0.405801 -0.406919 -0.40326 -0.414348 -0.377379 -0.491956 
1.7 -12.8118 10 -0.491956 -0.377379 -0.414349 -0.403261 -0.406923 -0.405811 -0.406224 -0.406233 -0.4066 -0.407363 -0.408747 -0.410381 -0.412166 -0.413824 -0.420882 -0.427597 -0.420882 -0.413824 -0.412166 -0.410381 -0.408747 -0.407363 -0.4066 -0.406233 -0.406224 -0.405811 -0.406923 -0.403261 -0.414349 -0.377379 -0.491956 
1.8 -12.8223 10 -0.491956 -0.377379 -0.41435 -0.403264 -0.406929 -0.405828 -0.406271 -0.406359 -0.406915 -0.40798 -0.40957 -0.411106 -0.412741 -0.414456 -0.421718 -0.428645 -0.421718 -0.414456 -0.412741 -0.411106 -0.40957 -0.40798 -0.406915 -0.406359 -0.406271 -0.405828 -0.406929 -0.403264 -0.41435 -0.377379 -0.491956 
1.9 -12.8328 10 -0.491957 -0.37738 -0.414351 -0.403267 -0.406939 -0.405856 -0.406348 -0.406563 -0.407375 -0.408731 -0.410379 -0.411702 -0.413214 -0.415079 -0.422504 -0.429541 -0.422504 -0.415079 -0.413214 -0.411702 -0.410379 -0.408731 -0.407375 -0.406563 -0.406348 -0.405856 -0.406939 -0.403267 -0.414351 -0.37738 -0.491957 
2 -12.8434 10 -0.491957 -0.377381 -0.414353 -0.403273 -0.406956 -0.405903 -0.406474 -0.406878 -0.407993 -0.40955 -0.411097 -0.412162 -0.413614 -0.415714 -0.423249 -0.430289 -0.423249 -0.415714 -0.413614 -0.412162 -0.411097 -0.40955 -0.407993 -0.406878 -0.406474 -0.405903 -0.406956 -0.403273 -0.414353 -0.377381 -0.491957 
2.1 -12.854 10 -0.491958 -0.377382 -0.414357 -0.403284 -0.406984 -0.40598 -0.406678 -0.407337 -0.408743 -0.410351 -0.411681 -0.412502 -0.413972 -0.416376 -0.423957 -0.430892 -0.423957 -0.416376 -0.413972 -0.412502 -0.411681 -0.410351 -0.408743 -0.407337 -0.406678 -0.40598 -0.406984 -0.403284 -0.414357 -0.377382 -0.491958 
2.2 -12.8646 10 -0.491959 -0.377384 -0.414363 -0.4033 -0.407031 -0.406106 -0.406993 -0.407954 -0.409562 -0.41106 -0.412122 -0.412751 -0.414313 -0.417074 -0.424628 -0.431357 -0.424628 -0.417074 -0.414313 -0.412751 -0.412122 -0.41106 -0.409562 -0.407954 -0.406993 -0.406106 -0.407031 -0.4033 -0.414363 -0.377384 -0.491959 
2.3 -12.8752 10 -0.491961 -0.377387 -0.414374 -0.403328 -0.407108 -0.406309 -0.407453 -0.408704 -0.410363 -0.411633 -0.412437 -0.412942 -0.414661 -0.417811 -0.425261 -0.43169 -0.425261 -0.417811 -0.414661 -0.412942 -0.412437 -0.411633 -0.410363 -0.408704 -0.407453 -0.406309 -0.407108 -0.403328 -0.414374 -0.377387 -0.491961 
2.4 -12.8858 10 -0.491964 -0.377393 -0.414391 -0.403374 -0.407235 -0.406624 -0.40807 -0.409523 -0.411072 -0.41206 -0.412653 -0.413101 -0.41503 -0.418583 -0.425854 -0.4319 -0.425854 -0.418583 -0.41503 -0.413101 -0.412653 -0.41206 -0.411072 -0.409523 -0.40807 -0.406624 -0.407235 -0.403374 -0.414391 -0.377393 -0.491964 
2.5 -12.8964 10 -0.491969 -0.377402 -0.41442 -0.403451 -0.407438 -0.407084 -0.40882 -0.410323 -0.411644 -0.412358 -0.412799 -0.41325 -0.415431 -0.419386 -0.426403 -0.431996 -0.426403 -0.419386 -0.415431 -0.41325 -0.412799 -0.412358 -0.411644 -0.410323 -0.40882 -0.407084 -0.407438 -0.403451 -0.41442 -0.377402 -0.491969 
2.6 -12.9069 10 -0.491977 -0.377418 -0.414467 -0.403577 -0.407754 -0.4077 -0.409639 -0.411031 -0.412069 -0.412551 -0.412901 -0.413407 -0.41587 -0.420211 -0.426906 -0.43199 -0.426906 -0.420211 -0.41587 -0.413407 -0.412901 -0.412551 -0.412069 -0.411031 -0.409639 -0.4077 -0.407754 -0.403577 -0.414467 -0.377418 -0.491977 
2.7 -12.9175 11 -0.491991 -0.377444 -0.414546 -0.403778 -0.408214 -0.40845 -0.410439 -0.411602 -0.412364 -0.412671 -0.412981 -0.413584 -0.416349 -0.421051 -0.42736 -0.431894 -0.42736 -0.421051 -0.416349 -0.413584 -0.412981 -0.412671 -0.412364 -0.411602 -0.410439 -0.40845 -0.408214 -0.403779 -0.414546 -0.377444 -0.491991 
2.8 -12.9281 11 -0.492014 -0.377486 -0.414674 -0.404091 -0.408832 -0.409267 -0.411147 -0.412026 -0.412554 -0.412741 -0.413054 -0.41379 -0.41687 -0.421894 -0.427762 -0.431722 -0.427762 -0.421894 -0.41687 -0.41379 -0.413054 -0.412741 -0.412554 -0.412026 -0.411147 -0.409267 -0.408832 -0.404091 -0.414674 -0.377486 -0.492014 
2.9 -12.9387 12 -0.492052 -0.377556 -0.414881 -0.404547 -0.409583 -0.410066 -0.411718 -0.412318 -0.412668 -0.412782 -0.41313 -0.41403 -0.417431 -0.422731 -0.428113 -0.431487 -0.428113 -0.422731 -0.417431 -0.41403 -0.41313 -0.412782 -0.412668 -0.412318 -0.411718 -0.410067 -0.409583 -0.404547 -0.414881 -0.377556 -0.492052 
3 -12.9493 13 -0.492114 -0.377671 -0.415201 -0.405158 -0.410401 -0.410773 -0.412142 -0.412506 -0.412732 -0.41281 -0.41322 -0.414309 -0.418029 -0.423552 -0.428412 -0.431202 -0.428412 -0.423552 -0.418029 -0.414309 -0.41322 -0.41281 -0.412732 -0.412506 -0.412142 -0.410773 -0.410401 -0.405158 -0.415201 -0.377671 -0.492114 
3.1 -12.9598 13 -0.492215 -0.377855 -0.415665 -0.4059 -0.411201 -0.411341 -0.412434 -0.412617 -0.412763 -0.412833 -0.413326 -0.414628 -0.41866 -0.424346 -0.428658 -0.430883 -0.428658 -0.424346 -0.41866 -0.414628 -0.413326 -0.412833 -0.412763 -0.412617 -0.412434 -0.411341 -0.411201 -0.4059 -0.415665 -0.377855 -0.492215 
3.2 -12.9702 15 -0.492379 -0.378138 -0.416287 -0.406707 -0.411908 -0.411763 -0.412622 -0.412676 -0.412778 -0.412861 -0.413455 -0.414989 -0.419318 -0.425104 -0.428856 -0.43054 -0.428856 -0.425104 -0.419318 -0.414989 -0.413455 -0.412861 -0.412778 -0.412676 -0.412622 -0.411763 -0.411908 -0.406707 -0.416287 -0.378138 -0.492379 
3.3 -12.9805 15 -0.492638 -0.378546 -0.417038 -0.407492 -0.412476 -0.412052 -0.412732 -0.412702 -0.412785 -0.412896 -0.413608 -0.415392 -0.419998 -0.425819 -0.429005 -0.430186 -0.429005 -0.425819 -0.419998 -0.415392 -0.413608 -0.412896 -0.412785 -0.412702 -0.412732 -0.412052 -0.412476 -0.407492 -0.417038 -0.378546 -0.492638 
3.4 -12.9907 17 -0.493029 -0.379083 -0.417851 -0.408179 -0.412898 -0.412236 -0.41279 -0.41271 -0.412792 -0.412944 -0.413789 -0.415836 -0.420692 -0.426484 -0.429111 -0.429831 -0.429111 -0.426484 -0.420692 -0.415836 -0.413789 -0.412944 -0.412792 -0.41271 -0.41279 -0.412236 -0.412898 -0.408179 -0.417851 -0.379083 -0.493029 
3.5 -13.0005 18 -0.493583 -0.379714 -0.418637 -0.408723 -0.413186 -0.412343 -0.412814 -0.41271 -0.412802 -0.413005 -0.413998 -0.41632 -0.421395 -0.427093 -0.429177 -0.429484 -0.429177 -0.427093 -0.421395 -0.41632 -0.413998 -0.413005 -0.412802 -0.41271 -0.412814 -0.412343 -0.413186 -0.408723 -0.418637 -0.379714 -0.493583 
3.6 -13.0098 19 -0.4943 -0.380362 -0.419317 -0.409113 -0.413367 -0.412397 -0.41282 -0.412707 -0.412817 -0.413083 -0.414237 -0.416841 -0.422098 -0.427642 -0.429207 -0.429154 -0.429207 -0.427642 -0.422098 -0.416842 -0.414237 -0.413083 -0.412817 -0.412707 -0.41282 -0.412397 -0.413367 -0.409113 -0.419317 -0.380362 -0.4943 
3.7 -13.0183 19 -0.495128 -0.380927 -0.419846 -0.409365 -0.413469 -0.412418 -0.412815 -0.412705 -0.41284 -0.413177 -0.414508 -0.417398 -0.422794 -0.428128 -0.429206 -0.428847 -0.429206 -0.428128 -0.422794 -0.417398 -0.414508 -0.413177 -0.41284 -0.412705 -0.412815 -0.412418 -0.413469 -0.409365 -0.419846 -0.380927 -0.495128 
3.8 -13.0258 20 -0.495971 -0.38132 -0.420213 -0.409504 -0.413516 -0.412421 -0.412807 -0.412706 -0.412871 -0.41329 -0.414812 -0.417987 -0.423478 -0.428548 -0.429179 -0.428568 -0.429179 -0.428548 -0.423477 -0.417987 -0.414812 -0.41329 -0.412871 -0.412706 -0.412807 -0.412421 -0.413516 -0.409504 -0.420213 -0.38132 -0.495971 
3.9 -13.0321 21 -0.496714 -0.381482 -0.42043 -0.40956 -0.413525 -0.412413 -0.412798 -0.412712 -0.412912 -0.413423 -0.415149 -0.418603 -0.42414 -0.428904 -0.429131 -0.428319 -0.429131 -0.428904 -0.42414 -0.418603 -0.415148 -0.413423 -0.412912 -0.412712 -0.412798 -0.412413 -0.413525 -0.40956 -0.42043 -0.381482 -0.496714 
4 -13.0371 21 -0.497271 -0.381396 -0.420517 -0.409558 -0.413509 -0.412403 -0.412791 -0.412723 -0.412961 -0.413578 -0.415519 -0.419242 -0.424776 -0.429195 -0.429066 -0.428104 -0.429066 -0.429195 -0.424776 -0.419242 -0.415519 -0.413578 -0.412961 -0.412723 -0.412791 -0.412403 -0.413509 -0.409558 -0.420517 -0.381396 -0.497271 
4.1 -13.0409 22 -0.497607 -0.381079 -0.420495 -0.40952 -0.413478 -0.412392 -0.412785 -0.412738 -0.413022 -0.413756 -0.415923 -0.419899 -0.425379 -0.429424 -0.428989 -0.427923 -0.428989 -0.429424 -0.425379 -0.419899 -0.415923 -0.413756 -0.413022 -0.412738 -0.412785 -0.412392 -0.413478 -0.40952 -0.420495 -0.381079 -0.497607 
4.2 -13.0436 24 -0.497735 -0.380566 -0.420381 -0.409458 -0.413435 -0.412384 -0.412782 -0.412759 -0.413094 -0.413959 -0.41636 -0.420568 -0.425944 -0.429593 -0.428904 -0.427777 -0.428904 -0.429594 -0.425944 -0.420568 -0.41636 -0.413959 -0.413094 -0.412759 -0.412782 -0.412384 -0.413435 -0.409458 -0.420381 -0.380566 -0.497735 
4.3 -13.0455 25 -0.497698 -0.379905 -0.420183 -0.409383 -0.413382 -0.412377 -0.412782 -0.412785 -0.413178 -0.414187 -0.416829 -0.421244 -0.426467 -0.429708 -0.428815 -0.427663 -0.428815 -0.429708 -0.426466 -0.421244 -0.416829 -0.414187 -0.413178 -0.412785 -0.412782 -0.412377 -0.413382 -0.409383 -0.420183 -0.379905 -0.497698 
4.4 -13.0468 27 -0.497543 -0.379147 -0.419905 -0.4093 -0.413322 -0.412372 -0.412782 -0.412816 -0.413276 -0.414444 -0.417329 -0.42192 -0.426944 -0.429772 -0.428725 -0.427581 -0.428726 -0.429772 -0.426944 -0.42192 -0.417328 -0.414444 -0.413276 -0.412816 -0.412782 -0.412372 -0.413322 -0.4093 -0.419905 -0.379147 -0.497543 
4.5 -13.0476 28 -0.497311 -0.378343 -0.419547 -0.409213 -0.413253 -0.412369 -0.412785 -0.412854 -0.41339 -0.414729 -0.417857 -0.42259 -0.427373 -0.42979 -0.428638 -0.427529 -0.428638 -0.429791 -0.427373 -0.42259 -0.417856 -0.414729 -0.41339 -0.412854 -0.412785 -0.412369 -0.413253 -0.409213 -0.419547 -0.378343 -0.497311 
4.6 -13.0481 29 -0.49703 -0.377537 -0.419109 -0.40912 -0.413173 -0.412366 -0.412788 -0.412897 -0.413521 -0.415044 -0.41841 -0.423248 -0.427752 -0.429769 -0.428554 -0.427503 -0.428554 -0.429769 -0.427752 -0.423248 -0.41841 -0.415044 -0.413521 -0.412898 -0.412788 -0.412366 -0.413173 -0.40912 -0.419109 -0.377537 -0.49703 
4.7 -13.0485 31 -0.496716 -0.376771 -0.418587 -0.409022 -0.413083 -0.412362 -0.412793 -0.412949 -0.413671 -0.41539 -0.418986 -0.423887 -0.428081 -0.429714 -0.428476 -0.427501 -0.428477 -0.429714 -0.42808 -0.423887 -0.418986 -0.41539 -0.41367 -0.412949 -0.412793 -0.412362 -0.413083 -0.409022 -0.418587 -0.376771 -0.496716 
4.8 -13.0487 31 -0.496376 -0.376079 -0.417982 -0.408914 -0.41298 -0.412356 -0.412799 -0.413009 -0.413841 -0.415766 -0.41958 -0.424502 -0.428359 -0.429632 -0.428406 -0.42752 -0.428406 -0.429631 -0.428359 -0.424502 -0.41958 -0.415766 -0.413841 -0.413009 -0.412799 -0.412356 -0.41298 -0.408914 -0.417982 -0.376079 -0.496376 
4.9 -13.0488 34 -0.496013 -0.375489 -0.417294 -0.408793 -0.412862 -0.412348 -0.412807 -0.413079 -0.414034 -0.416173 -0.420188 -0.425088 -0.428589 -0.429526 -0.428344 -0.427557 -0.428344 -0.429526 -0.428589 -0.425088 -0.420188 -0.416173 -0.414033 -0.413079 -0.412807 -0.412348 -0.412862 -0.408793 -0.417294 -0.375489 -0.496013 
5 -13.0489 36 -0.495624 -0.375021 -0.416527 -0.408655 -0.412728 -0.412335 -0.412817 -0.41316 -0.41425 -0.41661 -0.420804 -0.42564 -0.428772 -0.429405 -0.42829 -0.427608 -0.428291 -0.429404 -0.428772 -0.425639 -0.420805 -0.41661 -0.41425 -0.41316 -0.412817 -0.412335 -0.412728 -0.408655 -0.416527 -0.375021 -0.495624 
5.1 -13.0489 37 -0.495206 -0.374688 -0.415688 -0.408497 -0.412577 -0.412318 -0.41283 -0.413254 -0.414492 -0.417075 -0.421425 -0.426153 -0.42891 -0.429271 -0.428246 -0.427671 -0.428246 -0.42927 -0.428911 -0.426152 -0.421426 -0.417075 -0.414492 -0.413254 -0.412829 -0.412318 -0.412577 -0.408497 -0.415688 -0.374688 -0.495206 
5.2 -13.049 40 -0.494756 -0.374498 -0.414787 -0.408314 -0.412407 -0.412295 -0.412845 -0.413362 -0.41476 -0.417567 -0.422044 -0.426625 -0.429007 -0.429131 -0.428209 -0.427743 -0.42821 -0.42913 -0.429009 -0.426623 -0.422046 -0.417566 -0.41476 -0.413362 -0.412845 -0.412295 -0.412406 -0.408314 -0.414787 -0.374498 -0.494756 
5.3 -13.049 42 -0.494272 -0.374448 -0.413836 -0.408103 -0.412216 -0.412265 -0.412864 -0.413486 -0.415055 -0.418083 -0.422657 -0.427052 -0.429067 -0.428989 -0.428182 -0.427821 -0.428183 -0.428987 -0.429069 -0.42705 -0.422658 -0.418082 -0.415055 -0.413486 -0.412864 -0.412266 -0.412216 -0.408103 -0.413836 -0.374448 -0.494272 
5.4 -13.049 44 -0.493756 -0.374533 -0.412851 -0.40786 -0.412004 -0.412229 -0.412888 -0.413626 -0.415377 -0.41862 -0.423257 -0.427434 -0.429094 -0.428848 -0.428162 -0.427904 -0.428163 -0.428846 -0.429096 -0.427431 -0.423259 -0.418619 -0.415378 -0.413626 -0.412888 -0.41223 -0.412004 -0.40786 -0.412851 -0.374533 -0.493756 
5.5 -13.049 47 -0.493209 -0.37474 -0.411848 -0.407584 -0.411769 -0.412185 -0.412916 -0.413785 -0.415727 -0.419175 -0.42384 -0.427769 -0.429091 -0.428712 -0.428149 -0.427988 -0.42815 -0.428709 -0.429095 -0.427765 -0.423842 -0.419174 -0.415728 -0.413785 -0.412916 -0.412186 -0.411769 -0.407585 -0.411848 -0.37474 -0.493209 
5.6 -13.049 47 -0.492636 -0.375052 -0.410845 -0.407275 -0.41151 -0.412132 -0.41295 -0.413963 -0.416105 -0.419745 -0.4244 -0.428057 -0.429064 -0.428582 -0.428142 -0.428072 -0.428144 -0.428579 -0.429068 -0.428052 -0.424404 -0.419743 -0.416106 -0.413963 -0.41295 -0.412133 -0.411509 -0.407275 -0.410845 -0.375052 -0.492636 
