time energy maxBondDim localEnergy 
0 -13.9973 50 -0.65232 -0.295568 -0.563806 -0.340079 -0.535523 -0.359352 -0.52136 -0.369979 -0.513118 -0.376378 -0.5081 -0.380244 -0.505174 -0.382338 -0.503816 -0.383003 -0.503816 -0.382338 -0.505174 -0.380244 -0.5081 -0.376378 -0.513118 -0.369979 -0.52136 -0.359352 -0.535523 -0.340079 -0.563806 -0.295568 -0.65232 
0 -9.76928 4 -0.322884 -0.314025 -0.314599 -0.314579 -0.31458 -0.31458 -0.31458 -0.31458 -0.31458 -0.31458 -0.31458 -0.31458 -0.314581 -0.314538 -0.315016 -0.315549 -0.315016 -0.314538 -0.314581 -0.31458 -0.31458 -0.31458 -0.31458 -0.31458 -0.31458 -0.31458 -0.31458 -0.314579 -0.314599 -0.314025 -0.322884 
0.1 -9.77673 4 -0.322885 -0.314025 -0.3146 -0.31458 -0.314581 -0.314581 -0.314581 -0.314581 -0.314581 -0.314581 -0.314581 -0.314581 -0.314582 -0.314277 -0.31722 -0.319103 -0.31722 -0.314277 -0.314582 -0.314581 -0.314581 -0.314581 -0.314581 -0.314581 -0.314581 -0.314581 -0.314581 -0.31458 -0.3146 -0.314025 -0.322884 
0.2 -9.78856 4 -0.322886 -0.314027 -0.314601 -0.314581 -0.314582 -0.314582 -0.314582 -0.314582 -0.314582 -0.314582 -0.314582 -0.314582 -0.314587 -0.313281 -0.322768 -0.321781 -0.322769 -0.313281 -0.314587 -0.314582 -0.314582 -0.314582 -0.314582 -0.314582 -0.314582 -0.314582 -0.314582 -0.314581 -0.314601 -0.314027 -0.322885 
0.3 -9.809 4 -0.322888 -0.314028 -0.314603 -0.314583 -0.314584 -0.314584 -0.314584 -0.314584 -0.314584 -0.314584 -0.314584 -0.314582 -0.314605 -0.311431 -0.332362 -0.326668 -0.332363 -0.311431 -0.314605 -0.314582 -0.314584 -0.314584 -0.314584 -0.314584 -0.314584 -0.314584 -0.314584 -0.314583 -0.314603 -0.314028 -0.322886 
0.4 -9.83498 4 -0.322889 -0.314029 -0.314604 -0.314584 -0.314585 -0.314585 -0.314585 -0.314585 -0.314585 -0.314585 -0.314585 -0.31458 -0.314647 -0.309032 -0.343661 -0.334743 -0.343662 -0.309032 -0.314647 -0.31458 -0.314585 -0.314585 -0.314585 -0.314585 -0.314585 -0.314585 -0.314585 -0.314584 -0.314604 -0.314029 -0.322887 
0.5 -9.86126 4 -0.322889 -0.314029 -0.314604 -0.314583 -0.314585 -0.314585 -0.314585 -0.314585 -0.314585 -0.314585 -0.314585 -0.314574 -0.314665 -0.307087 -0.352874 -0.346463 -0.352876 -0.307087 -0.314666 -0.314574 -0.314585 -0.314585 -0.314585 -0.314585 -0.314585 -0.314585 -0.314585 -0.314583 -0.314604 -0.314029 -0.322887 
0.6 -9.87332 4 -0.322889 -0.314028 -0.314603 -0.314582 -0.314583 -0.314583 -0.314583 -0.314583 -0.314583 -0.314583 -0.314584 -0.314566 -0.314211 -0.308433 -0.35107 -0.360383 -0.351072 -0.308433 -0.314211 -0.314566 -0.314584 -0.314583 -0.314583 -0.314583 -0.314583 -0.314583 -0.314583 -0.314582 -0.314602 -0.314028 -0.322887 
0.7 -9.88961 4 -0.322887 -0.314026 -0.314601 -0.314581 -0.314582 -0.314582 -0.314582 -0.314582 -0.314582 -0.314582 -0.314582 -0.314563 -0.312874 -0.314543 -0.34745 -0.374412 -0.347452 -0.314543 -0.312874 -0.314563 -0.314582 -0.314582 -0.314582 -0.314582 -0.314582 -0.314582 -0.314582 -0.314581 -0.314601 -0.314026 -0.322886 
0.8 -9.91354 4 -0.322885 -0.314025 -0.3146 -0.314579 -0.314581 -0.314581 -0.314581 -0.314581 -0.314581 -0.314581 -0.314579 -0.31458 -0.310773 -0.324377 -0.344904 -0.387964 -0.344905 -0.324378 -0.310773 -0.31458 -0.314579 -0.314581 -0.314581 -0.314581 -0.314581 -0.314581 -0.314581 -0.314579 -0.3146 -0.314025 -0.322885 
0.9 -9.94108 4 -0.322884 -0.314025 -0.314599 -0.314579 -0.31458 -0.31458 -0.31458 -0.31458 -0.31458 -0.31458 -0.314575 -0.314625 -0.308301 -0.335201 -0.343851 -0.400829 -0.343852 -0.335202 -0.308301 -0.314625 -0.314575 -0.31458 -0.31458 -0.31458 -0.31458 -0.31458 -0.31458 -0.314579 -0.314599 -0.314025 -0.322884 
1 -9.9638 5 -0.322884 -0.314026 -0.3146 -0.31458 -0.314581 -0.314581 -0.314581 -0.314581 -0.314581 -0.314581 -0.314569 -0.314487 -0.307822 -0.340781 -0.344229 -0.41287 -0.34423 -0.340782 -0.307822 -0.314488 -0.314569 -0.314581 -0.314581 -0.314581 -0.314581 -0.314581 -0.314581 -0.31458 -0.3146 -0.314026 -0.322884 
1.1 -9.9755 5 -0.322885 -0.314027 -0.314602 -0.314582 -0.314583 -0.314583 -0.314583 -0.314583 -0.314583 -0.314583 -0.314565 -0.313684 -0.310821 -0.337753 -0.345363 -0.423946 -0.345364 -0.337754 -0.310821 -0.313684 -0.314565 -0.314583 -0.314583 -0.314583 -0.314583 -0.314583 -0.314583 -0.314582 -0.314602 -0.314027 -0.322885 
1.2 -9.99531 6 -0.322887 -0.314029 -0.314603 -0.314583 -0.314584 -0.314584 -0.314584 -0.314584 -0.314584 -0.314584 -0.314571 -0.312013 -0.31839 -0.335313 -0.346829 -0.433862 -0.34683 -0.335315 -0.318391 -0.312013 -0.314571 -0.314584 -0.314584 -0.314584 -0.314584 -0.314584 -0.314584 -0.314583 -0.314603 -0.314029 -0.322886 
1.3 -10.0211 7 -0.322888 -0.314029 -0.314604 -0.314584 -0.314585 -0.314585 -0.314585 -0.314585 -0.314585 -0.314582 -0.314602 -0.309714 -0.328456 -0.334276 -0.348688 -0.442442 -0.348689 -0.334276 -0.328457 -0.309714 -0.314602 -0.314582 -0.314585 -0.314585 -0.314585 -0.314585 -0.314585 -0.314584 -0.314604 -0.314029 -0.322887 
1.4 -10.0482 8 -0.322889 -0.314029 -0.314603 -0.314583 -0.314584 -0.314584 -0.314584 -0.314584 -0.314584 -0.314576 -0.314629 -0.307579 -0.337629 -0.334854 -0.351017 -0.449558 -0.351018 -0.334855 -0.33763 -0.307579 -0.314629 -0.314576 -0.314584 -0.314584 -0.314584 -0.314584 -0.314584 -0.314583 -0.314603 -0.314029 -0.322887 
1.5 -10.0616 8 -0.322889 -0.314027 -0.314602 -0.314582 -0.314583 -0.314583 -0.314583 -0.314583 -0.314583 -0.314568 -0.314227 -0.308577 -0.336451 -0.336538 -0.353867 -0.455141 -0.353867 -0.336539 -0.336452 -0.308577 -0.314227 -0.314568 -0.314583 -0.314583 -0.314583 -0.314583 -0.314583 -0.314582 -0.314602 -0.314028 -0.322887 
1.6 -10.0772 8 -0.322888 -0.314026 -0.314601 -0.31458 -0.314582 -0.314581 -0.314581 -0.314581 -0.314581 -0.314564 -0.312963 -0.314093 -0.332598 -0.33859 -0.357227 -0.459173 -0.357228 -0.338591 -0.3326 -0.314093 -0.312963 -0.314564 -0.314581 -0.314581 -0.314581 -0.314581 -0.314582 -0.31458 -0.314601 -0.314026 -0.322886 
1.7 -10.1007 8 -0.322886 -0.314025 -0.3146 -0.314579 -0.31458 -0.31458 -0.31458 -0.31458 -0.314579 -0.314578 -0.310917 -0.3234 -0.329721 -0.340866 -0.36104 -0.461691 -0.361041 -0.340866 -0.329722 -0.3234 -0.310917 -0.314578 -0.314579 -0.31458 -0.31458 -0.31458 -0.31458 -0.314579 -0.3146 -0.314025 -0.322885 
1.8 -10.1282 8 -0.322885 -0.314025 -0.3146 -0.314579 -0.314581 -0.31458 -0.31458 -0.31458 -0.314575 -0.314622 -0.308449 -0.333846 -0.328188 -0.3434 -0.365225 -0.462774 -0.365226 -0.3434 -0.32819 -0.333847 -0.308449 -0.314622 -0.314575 -0.31458 -0.31458 -0.31458 -0.314581 -0.314579 -0.3146 -0.314025 -0.322884 
1.9 -10.1524 8 -0.322884 -0.314026 -0.314601 -0.31458 -0.314582 -0.314581 -0.314581 -0.314582 -0.31457 -0.314529 -0.307603 -0.339923 -0.327965 -0.346244 -0.369682 -0.462539 -0.369684 -0.346244 -0.327966 -0.339924 -0.307603 -0.314529 -0.31457 -0.314582 -0.314581 -0.314581 -0.314582 -0.31458 -0.314601 -0.314026 -0.322884 
2 -10.1636 8 -0.322884 -0.314028 -0.314602 -0.314582 -0.314583 -0.314583 -0.314583 -0.314583 -0.314565 -0.313814 -0.310124 -0.336197 -0.328367 -0.349432 -0.374302 -0.461139 -0.374304 -0.349431 -0.328369 -0.336198 -0.310124 -0.313814 -0.314565 -0.314583 -0.314583 -0.314583 -0.314583 -0.314582 -0.314602 -0.314028 -0.322884 
2.1 -10.1827 8 -0.322886 -0.314029 -0.314603 -0.314583 -0.314584 -0.314584 -0.314584 -0.314584 -0.31457 -0.312214 -0.317338 -0.332608 -0.328874 -0.352945 -0.378969 -0.45875 -0.378971 -0.352944 -0.328876 -0.332609 -0.317338 -0.312214 -0.31457 -0.314584 -0.314584 -0.314584 -0.314584 -0.314583 -0.314603 -0.314029 -0.322885 
2.2 -10.2082 9 -0.322888 -0.314029 -0.314604 -0.314584 -0.314585 -0.314585 -0.314585 -0.314582 -0.314597 -0.309951 -0.327335 -0.330166 -0.329514 -0.356744 -0.383566 -0.455567 -0.383568 -0.356743 -0.329516 -0.330168 -0.327335 -0.30995 -0.314597 -0.314582 -0.314585 -0.314585 -0.314585 -0.314584 -0.314604 -0.31403 -0.322886 
2.3 -10.2356 10 -0.322889 -0.314029 -0.314603 -0.314583 -0.314584 -0.314584 -0.314584 -0.314577 -0.314632 -0.307681 -0.336916 -0.329102 -0.330366 -0.36078 -0.387983 -0.451788 -0.387985 -0.360778 -0.330367 -0.329103 -0.336918 -0.307681 -0.314632 -0.314577 -0.314584 -0.314584 -0.314584 -0.314583 -0.314603 -0.314029 -0.322887 
2.4 -10.2507 10 -0.322889 -0.314027 -0.314602 -0.314582 -0.314583 -0.314583 -0.314583 -0.314568 -0.314281 -0.308427 -0.336819 -0.328972 -0.331513 -0.364994 -0.39212 -0.447612 -0.392123 -0.364992 -0.331515 -0.328974 -0.33682 -0.308427 -0.314281 -0.314568 -0.314583 -0.314583 -0.314583 -0.314582 -0.314602 -0.314027 -0.322887 
2.5 -10.2656 11 -0.322889 -0.314025 -0.3146 -0.31458 -0.314581 -0.314581 -0.314581 -0.314563 -0.313097 -0.313471 -0.33292 -0.329058 -0.332999 -0.369326 -0.395894 -0.443228 -0.395897 -0.369324 -0.333001 -0.32906 -0.332922 -0.313471 -0.313097 -0.314563 -0.314581 -0.314581 -0.314581 -0.31458 -0.3146 -0.314025 -0.322887 
2.6 -10.2884 12 -0.322887 -0.314024 -0.314599 -0.314579 -0.31458 -0.31458 -0.314579 -0.314576 -0.311115 -0.322447 -0.329875 -0.329183 -0.334834 -0.373708 -0.39924 -0.438808 -0.399243 -0.373706 -0.334836 -0.329184 -0.329877 -0.322448 -0.311115 -0.314576 -0.314579 -0.31458 -0.31458 -0.314579 -0.314599 -0.314025 -0.322886 
2.7 -10.3157 13 -0.322885 -0.314025 -0.3146 -0.31458 -0.314581 -0.314581 -0.314576 -0.314618 -0.308667 -0.332796 -0.32808 -0.329401 -0.337015 -0.378071 -0.402114 -0.434499 -0.402117 -0.378069 -0.337016 -0.329403 -0.328081 -0.332797 -0.308667 -0.314618 -0.314576 -0.314581 -0.314581 -0.31458 -0.3146 -0.314025 -0.322885 
2.8 -10.3409 14 -0.322884 -0.314026 -0.314601 -0.314581 -0.314582 -0.314582 -0.314571 -0.314564 -0.307476 -0.339661 -0.327547 -0.329792 -0.33953 -0.382343 -0.404494 -0.430426 -0.404497 -0.382341 -0.33953 -0.329794 -0.327548 -0.339662 -0.307476 -0.314564 -0.314571 -0.314582 -0.314582 -0.314581 -0.314601 -0.314026 -0.322884 
2.9 -10.3518 14 -0.322884 -0.314028 -0.314602 -0.314582 -0.314583 -0.314584 -0.314566 -0.313928 -0.309593 -0.336006 -0.327591 -0.330423 -0.34236 -0.386457 -0.40638 -0.426684 -0.406382 -0.386456 -0.34236 -0.330425 -0.327593 -0.336007 -0.309593 -0.313928 -0.314566 -0.314584 -0.314583 -0.314582 -0.314603 -0.314028 -0.322884 
3 -10.3702 15 -0.322885 -0.31403 -0.314604 -0.314583 -0.314585 -0.314584 -0.314568 -0.312398 -0.316485 -0.332149 -0.327611 -0.331317 -0.34548 -0.390349 -0.407789 -0.423338 -0.407792 -0.390348 -0.345479 -0.331319 -0.327612 -0.33215 -0.316486 -0.312398 -0.314568 -0.314584 -0.314585 -0.314583 -0.314604 -0.314029 -0.322885 
3.1 -10.3954 16 -0.322887 -0.31403 -0.314604 -0.314584 -0.314585 -0.314582 -0.314593 -0.310171 -0.326415 -0.329368 -0.3276 -0.332478 -0.348854 -0.393961 -0.408759 -0.420426 -0.40876 -0.393961 -0.348852 -0.332481 -0.327602 -0.329369 -0.326415 -0.310171 -0.314593 -0.314582 -0.314585 -0.314584 -0.314604 -0.31403 -0.322886 
3.2 -10.4229 16 -0.322888 -0.314028 -0.314603 -0.314583 -0.314584 -0.314577 -0.314633 -0.30781 -0.336327 -0.327908 -0.327623 -0.333903 -0.35244 -0.397245 -0.409337 -0.417962 -0.409338 -0.397246 -0.352438 -0.333906 -0.327624 -0.327909 -0.336328 -0.30781 -0.314633 -0.314577 -0.314584 -0.314583 -0.314603 -0.314028 -0.322887 
3.3 -10.44 17 -0.322889 -0.314026 -0.314601 -0.314581 -0.314582 -0.314569 -0.314334 -0.308298 -0.337482 -0.327392 -0.327753 -0.335587 -0.356191 -0.400163 -0.409583 -0.415936 -0.409583 -0.400165 -0.356188 -0.335589 -0.327754 -0.327394 -0.337483 -0.308298 -0.314334 -0.314569 -0.314582 -0.314581 -0.314601 -0.314027 -0.322887 
3.4 -10.4541 18 -0.322889 -0.314025 -0.3146 -0.31458 -0.314581 -0.314563 -0.313238 -0.312847 -0.33359 -0.327094 -0.328036 -0.33752 -0.360053 -0.402687 -0.409561 -0.414322 -0.40956 -0.40269 -0.36005 -0.337522 -0.328038 -0.327095 -0.333591 -0.312847 -0.313238 -0.314563 -0.314581 -0.31458 -0.3146 -0.314025 -0.322887 
3.5 -10.4762 19 -0.322888 -0.314024 -0.3146 -0.314579 -0.314579 -0.314574 -0.311327 -0.321485 -0.330456 -0.326767 -0.328487 -0.33969 -0.363973 -0.404802 -0.409338 -0.41308 -0.409336 -0.404807 -0.363968 -0.339692 -0.328489 -0.326768 -0.330457 -0.321485 -0.311327 -0.314574 -0.314579 -0.314579 -0.314599 -0.314024 -0.322886 
3.6 -10.5032 19 -0.322886 -0.314025 -0.3146 -0.31458 -0.314577 -0.314613 -0.308909 -0.33176 -0.328532 -0.326453 -0.329113 -0.342081 -0.367892 -0.406504 -0.40898 -0.412159 -0.408977 -0.40651 -0.367887 -0.342083 -0.329115 -0.326455 -0.328533 -0.331761 -0.308908 -0.314614 -0.314577 -0.31458 -0.3146 -0.314025 -0.322885 
3.7 -10.5291 21 -0.322885 -0.314027 -0.314601 -0.314581 -0.314572 -0.31459 -0.307407 -0.339341 -0.327881 -0.326222 -0.32992 -0.344674 -0.371755 -0.407802 -0.408546 -0.411506 -0.408542 -0.407808 -0.37175 -0.344676 -0.329922 -0.326224 -0.327883 -0.339342 -0.307407 -0.31459 -0.314572 -0.314581 -0.314601 -0.314027 -0.322884 
3.8 -10.5401 22 -0.322884 -0.314029 -0.314603 -0.314583 -0.314567 -0.314024 -0.309177 -0.335999 -0.32784 -0.32614 -0.330915 -0.347447 -0.375505 -0.408714 -0.408089 -0.411068 -0.408084 -0.408722 -0.3755 -0.347448 -0.330917 -0.326141 -0.327842 -0.335999 -0.309177 -0.314024 -0.314567 -0.314583 -0.314603 -0.314029 -0.322884 
3.9 -10.5578 23 -0.322884 -0.31403 -0.314604 -0.314583 -0.314568 -0.31256 -0.315749 -0.332044 -0.32775 -0.326225 -0.332104 -0.350374 -0.379092 -0.409271 -0.407654 -0.410793 -0.407648 -0.409279 -0.379087 -0.350375 -0.332105 -0.326227 -0.327752 -0.332044 -0.315749 -0.31256 -0.314568 -0.314583 -0.314604 -0.31403 -0.322884 
4 -10.5826 24 -0.322886 -0.31403 -0.314603 -0.314581 -0.314589 -0.310372 -0.325578 -0.329128 -0.327577 -0.326479 -0.333488 -0.353427 -0.382468 -0.40951 -0.407273 -0.410635 -0.407267 -0.409519 -0.382463 -0.353428 -0.33349 -0.326481 -0.327579 -0.329128 -0.325579 -0.310372 -0.314589 -0.314581 -0.314603 -0.31403 -0.322885 
4.1 -10.6103 26 -0.322888 -0.314028 -0.314602 -0.314576 -0.314632 -0.30795 -0.335724 -0.327514 -0.327372 -0.326898 -0.33507 -0.356577 -0.385592 -0.409477 -0.40697 -0.410556 -0.406963 -0.409486 -0.385587 -0.356577 -0.335072 -0.326899 -0.327375 -0.327514 -0.335725 -0.30795 -0.314632 -0.314576 -0.314602 -0.314028 -0.322886 
4.2 -10.6294 27 -0.322889 -0.314026 -0.314601 -0.314568 -0.314386 -0.308149 -0.338189 -0.326905 -0.327202 -0.327477 -0.336849 -0.359791 -0.38843 -0.409219 -0.406755 -0.410526 -0.406747 -0.409228 -0.388426 -0.359791 -0.336851 -0.327478 -0.327206 -0.326905 -0.338191 -0.308149 -0.314386 -0.314568 -0.314601 -0.314026 -0.322887 
4.3 -10.6426 28 -0.322889 -0.314024 -0.3146 -0.314562 -0.313385 -0.312177 -0.334281 -0.326571 -0.327109 -0.328213 -0.338819 -0.363034 -0.390959 -0.40879 -0.406631 -0.410523 -0.406624 -0.408798 -0.390955 -0.363033 -0.338821 -0.328213 -0.327113 -0.32657 -0.334282 -0.312177 -0.313385 -0.314562 -0.3146 -0.314025 -0.322887 
4.4 -10.664 29 -0.322889 -0.314024 -0.314599 -0.31457 -0.311551 -0.320458 -0.331017 -0.326189 -0.327101 -0.329101 -0.340976 -0.366269 -0.393163 -0.408239 -0.406594 -0.410533 -0.406586 -0.408247 -0.39316 -0.366267 -0.340978 -0.329101 -0.327106 -0.326188 -0.331019 -0.320459 -0.311551 -0.31457 -0.314599 -0.314024 -0.322887 
4.5 -10.6906 31 -0.322887 -0.314025 -0.314597 -0.314608 -0.309168 -0.330662 -0.328933 -0.325791 -0.327178 -0.330138 -0.343308 -0.369458 -0.395037 -0.407616 -0.40663 -0.410551 -0.406623 -0.407624 -0.395035 -0.369456 -0.34331 -0.330137 -0.327184 -0.32579 -0.328934 -0.330663 -0.309168 -0.314608 -0.314597 -0.314025 -0.322886 
4.6 -10.7171 33 -0.322885 -0.314027 -0.314592 -0.314608 -0.307403 -0.338863 -0.328139 -0.32544 -0.327341 -0.33132 -0.345801 -0.372565 -0.396587 -0.406966 -0.406724 -0.410573 -0.406717 -0.406972 -0.396586 -0.372563 -0.345803 -0.331319 -0.327347 -0.325438 -0.32814 -0.338864 -0.307403 -0.314608 -0.314592 -0.314027 -0.322885 
4.7 -10.7285 35 -0.322884 -0.314029 -0.314587 -0.314102 -0.308878 -0.336034 -0.328006 -0.325196 -0.327593 -0.332646 -0.348437 -0.375552 -0.397825 -0.406327 -0.406857 -0.410603 -0.406851 -0.406332 -0.397826 -0.375549 -0.348439 -0.332644 -0.327599 -0.325194 -0.328007 -0.336035 -0.308878 -0.314102 -0.314587 -0.314029 -0.322884 
4.8 -10.7455 36 -0.322884 -0.31403 -0.314586 -0.312703 -0.315118 -0.332057 -0.32784 -0.325077 -0.327937 -0.334113 -0.351194 -0.378386 -0.398775 -0.40573 -0.407011 -0.410646 -0.407006 -0.405734 -0.398777 -0.378383 -0.351196 -0.334112 -0.327944 -0.325075 -0.327841 -0.332059 -0.315118 -0.312703 -0.314586 -0.31403 -0.322884 
4.9 -10.77 38 -0.322885 -0.314028 -0.314605 -0.310557 -0.324805 -0.329084 -0.32758 -0.325076 -0.328379 -0.335723 -0.354044 -0.381035 -0.399466 -0.4052 -0.407169 -0.410707 -0.407165 -0.405202 -0.399469 -0.381032 -0.354046 -0.335721 -0.328387 -0.325074 -0.327581 -0.329085 -0.324806 -0.310557 -0.314605 -0.314028 -0.322884 
5 -10.7977 40 -0.322887 -0.314022 -0.314649 -0.3081 -0.335097 -0.327401 -0.327274 -0.325185 -0.328925 -0.337474 -0.356959 -0.383475 -0.399933 -0.404751 -0.407317 -0.410789 -0.407314 -0.404752 -0.399937 -0.383472 -0.35696 -0.337471 -0.328933 -0.325183 -0.327275 -0.327402 -0.335098 -0.3081 -0.314649 -0.314022 -0.322886 
5.1 -10.8188 43 -0.322889 -0.314013 -0.314457 -0.307974 -0.338846 -0.326791 -0.326985 -0.325393 -0.329581 -0.339364 -0.359904 -0.385686 -0.400212 -0.404393 -0.407444 -0.410895 -0.407442 -0.404392 -0.400217 -0.385683 -0.359905 -0.339362 -0.329589 -0.325391 -0.326985 -0.326792 -0.338848 -0.307974 -0.314457 -0.314014 -0.322887 
5.2 -10.8312 43 -0.322889 -0.314006 -0.313554 -0.311473 -0.334912 -0.326526 -0.326756 -0.325691 -0.330354 -0.341391 -0.362845 -0.387655 -0.400344 -0.404125 -0.407546 -0.411022 -0.407544 -0.404123 -0.400349 -0.387651 -0.362846 -0.341389 -0.330362 -0.325689 -0.326756 -0.326527 -0.334913 -0.311473 -0.313553 -0.314007 -0.322887 
5.3 -10.8518 47 -0.322889 -0.314013 -0.311799 -0.319391 -0.331482 -0.326204 -0.326594 -0.326071 -0.331253 -0.343548 -0.365746 -0.389374 -0.400366 -0.403945 -0.407619 -0.411169 -0.407619 -0.403941 -0.400372 -0.389371 -0.365747 -0.343546 -0.331261 -0.32607 -0.326594 -0.326205 -0.331483 -0.319392 -0.311799 -0.314013 -0.322886 
5.4 -10.878 48 -0.322885 -0.314048 -0.309455 -0.329527 -0.329201 -0.325846 -0.326495 -0.326526 -0.332286 -0.345827 -0.368573 -0.390846 -0.400315 -0.403842 -0.407667 -0.411326 -0.407667 -0.403838 -0.400321 -0.390843 -0.368573 -0.345825 -0.332293 -0.326526 -0.326495 -0.325847 -0.329202 -0.329528 -0.309455 -0.314048 -0.322883 
5.5 -10.9049 51 -0.322878 -0.314066 -0.307477 -0.338268 -0.328221 -0.32551 -0.326453 -0.327052 -0.333458 -0.348214 -0.371293 -0.392077 -0.400224 -0.403807 -0.407694 -0.411486 -0.407695 -0.403801 -0.40023 -0.392074 -0.371292 -0.348212 -0.333465 -0.327052 -0.326453 -0.32551 -0.328222 -0.338269 -0.307477 -0.314066 -0.322877 
5.6 -10.9171 53 -0.322869 -0.313616 -0.308693 -0.336159 -0.32796 -0.325254 -0.326465 -0.327646 -0.334777 -0.350692 -0.373876 -0.393081 -0.400121 -0.403824 -0.407709 -0.411637 -0.40771 -0.403819 -0.400127 -0.393079 -0.373875 -0.350691 -0.334783 -0.327647 -0.326465 -0.325255 -0.327961 -0.33616 -0.308693 -0.313616 -0.322869 
5.7 -10.9335 56 -0.322866 -0.312285 -0.314574 -0.332203 -0.327705 -0.325096 -0.32653 -0.32831 -0.336242 -0.353243 -0.376297 -0.393876 -0.400028 -0.403882 -0.407719 -0.411767 -0.407721 -0.403876 -0.400033 -0.393875 -0.376296 -0.353242 -0.336247 -0.328311 -0.32653 -0.325097 -0.327706 -0.332205 -0.314574 -0.312285 -0.322866 
5.8 -10.9575 58 -0.322884 -0.31019 -0.32407 -0.32921 -0.327361 -0.325028 -0.326645 -0.329047 -0.337855 -0.355842 -0.378536 -0.394485 -0.399961 -0.403968 -0.407734 -0.411866 -0.407736 -0.403962 -0.399966 -0.394485 -0.378534 -0.355841 -0.337859 -0.329049 -0.326645 -0.325028 -0.327362 -0.329211 -0.324071 -0.31019 -0.322884 
5.9 -10.9852 60 -0.322932 -0.307724 -0.334431 -0.327492 -0.326973 -0.325037 -0.326812 -0.329864 -0.33961 -0.358464 -0.380577 -0.394935 -0.399932 -0.404072 -0.407761 -0.411924 -0.407764 -0.404067 -0.399936 -0.394935 -0.380575 -0.358464 -0.339613 -0.329867 -0.326812 -0.325037 -0.326974 -0.327493 -0.334432 -0.307724 -0.322931 
6 -11.008 63 -0.322796 -0.307246 -0.339363 -0.326912 -0.326607 -0.325112 -0.327031 -0.330769 -0.341499 -0.361082 -0.382413 -0.395251 -0.399945 -0.404186 -0.407806 -0.411933 -0.407809 -0.404182 -0.399948 -0.395251 -0.38241 -0.361083 -0.341502 -0.330773 -0.327032 -0.325112 -0.326608 -0.326913 -0.339364 -0.307247 -0.322794 
6.1 -11.0197 66 -0.321991 -0.310244 -0.335423 -0.326747 -0.326309 -0.32524 -0.327307 -0.331771 -0.343511 -0.363669 -0.384039 -0.395461 -0.400002 -0.404306 -0.407873 -0.411889 -0.407875 -0.404302 -0.400004 -0.395462 -0.384036 -0.363671 -0.343513 -0.331775 -0.327307 -0.32524 -0.32631 -0.326748 -0.335425 -0.310244 -0.321989 
6.2 -11.0395 70 -0.320314 -0.317811 -0.331808 -0.326516 -0.326086 -0.325412 -0.327644 -0.332878 -0.345632 -0.366197 -0.38546 -0.395592 -0.400099 -0.404429 -0.407962 -0.411791 -0.407963 -0.404426 -0.4001 -0.395595 -0.385456 -0.366199 -0.345633 -0.332882 -0.327645 -0.325411 -0.326087 -0.326517 -0.33181 -0.317812 -0.320312 
6.3 -11.0653 73 -0.318009 -0.327883 -0.329313 -0.326228 -0.325933 -0.325618 -0.32805 -0.334098 -0.347843 -0.36864 -0.386681 -0.39567 -0.40023 -0.404554 -0.408071 -0.411641 -0.408072 -0.404552 -0.40023 -0.395672 -0.386677 -0.368643 -0.347843 -0.334102 -0.328051 -0.325617 -0.325934 -0.326229 -0.329314 -0.327884 -0.318007 
6.4 -11.0924 77 -0.315862 -0.337078 -0.328123 -0.325937 -0.32584 -0.325852 -0.328533 -0.335435 -0.350124 -0.370974 -0.387716 -0.395715 -0.400388 -0.404685 -0.408196 -0.411444 -0.408196 -0.404684 -0.400386 -0.395718 -0.387712 -0.370977 -0.350124 -0.33544 -0.328535 -0.325851 -0.325841 -0.325938 -0.328125 -0.337079 -0.315861 
6.5 -11.1063 82 -0.316675 -0.33589 -0.327718 -0.325701 -0.325801 -0.326111 -0.3291 -0.336894 -0.352455 -0.373177 -0.388581 -0.395747 -0.400563 -0.404823 -0.408331 -0.411208 -0.408331 -0.404823 -0.40056 -0.395751 -0.388576 -0.37318 -0.352454 -0.336899 -0.329103 -0.326109 -0.325802 -0.325702 -0.327719 -0.335891 -0.316674 
6.6 -11.1235 86 -0.321719 -0.331918 -0.327371 -0.32554 -0.325807 -0.326393 -0.329761 -0.338475 -0.354812 -0.375232 -0.389295 -0.395782 -0.400747 -0.404972 -0.408469 -0.410944 -0.408469 -0.404973 -0.400743 -0.395787 -0.389289 -0.375235 -0.354811 -0.338478 -0.329764 -0.326391 -0.325808 -0.325541 -0.327372 -0.33192 -0.321718 
6.7 -11.1502 91 -0.330698 -0.328767 -0.326941 -0.325446 -0.325852 -0.326701 -0.330521 -0.340173 -0.357172 -0.377124 -0.389877 -0.395831 -0.400934 -0.405135 -0.408602 -0.410662 -0.408602 -0.405137 -0.400929 -0.395836 -0.389871 -0.377128 -0.357171 -0.340176 -0.330525 -0.326699 -0.325853 -0.325447 -0.326942 -0.328769 -0.330699 
6.8 -11.1829 95 -0.341532 -0.326767 -0.326465 -0.325407 -0.325929 -0.327042 -0.331387 -0.341983 -0.359514 -0.378846 -0.39035 -0.395901 -0.401117 -0.405315 -0.408723 -0.410373 -0.408722 -0.405318 -0.401111 -0.395907 -0.390344 -0.37885 -0.359513 -0.341986 -0.331391 -0.327039 -0.32593 -0.325408 -0.326467 -0.326768 -0.341533 
6.9 -11.2091 99 -0.347981 -0.325848 -0.326 -0.325409 -0.326035 -0.327422 -0.332362 -0.343897 -0.361815 -0.380391 -0.390735 -0.395998 -0.401293 -0.405513 -0.408824 -0.410089 -0.408823 -0.405516 -0.401286 -0.396004 -0.390729 -0.380395 -0.361814 -0.343899 -0.332366 -0.32742 -0.326036 -0.32541 -0.326001 -0.325849 -0.347982 
7 -11.2111 106 -0.341886 -0.325272 -0.325583 -0.325442 -0.326165 -0.327852 -0.333448 -0.3459 -0.364054 -0.38176 -0.391053 -0.396122 -0.401459 -0.405727 -0.408901 -0.409819 -0.4089 -0.405731 -0.401452 -0.396129 -0.391047 -0.381764 -0.364054 -0.345902 -0.333453 -0.327849 -0.326166 -0.325443 -0.325584 -0.325273 -0.341888 
7.1 -11.2111 109 -0.335023 -0.324478 -0.325207 -0.325492 -0.32632 -0.328341 -0.334645 -0.347978 -0.366214 -0.382957 -0.391322 -0.396273 -0.401616 -0.405955 -0.40895 -0.409572 -0.408949 -0.405959 -0.401608 -0.39628 -0.391316 -0.382961 -0.366214 -0.34798 -0.334651 -0.328339 -0.326321 -0.325493 -0.325209 -0.324479 -0.335024 
7.2 -11.2111 114 -0.328326 -0.323484 -0.324849 -0.32555 -0.326501 -0.3289 -0.335953 -0.350115 -0.368276 -0.383989 -0.39156 -0.396448 -0.401767 -0.406193 -0.40897 -0.409354 -0.408969 -0.406198 -0.401758 -0.396455 -0.391553 -0.383993 -0.368276 -0.350115 -0.335959 -0.328898 -0.326502 -0.325551 -0.324851 -0.323485 -0.328328 
7.3 -11.2111 120 -0.321806 -0.322344 -0.324483 -0.325606 -0.326711 -0.329539 -0.337367 -0.35229 -0.370227 -0.384869 -0.391781 -0.396642 -0.401914 -0.406436 -0.408962 -0.409169 -0.408961 -0.40644 -0.401905 -0.396649 -0.391774 -0.384873 -0.370227 -0.35229 -0.337373 -0.329537 -0.326712 -0.325606 -0.324484 -0.322345 -0.321808 
7.4 -11.2111 126 -0.31545 -0.321109 -0.324082 -0.325649 -0.326954 -0.330265 -0.338883 -0.354484 -0.372055 -0.385611 -0.391995 -0.396851 -0.402061 -0.406675 -0.408928 -0.409017 -0.408928 -0.406679 -0.402052 -0.396858 -0.391987 -0.385615 -0.372056 -0.354484 -0.338889 -0.330263 -0.326955 -0.325649 -0.324083 -0.321109 -0.315452 
7.5 -11.2111 130 -0.309247 -0.319822 -0.323623 -0.325674 -0.327235 -0.331086 -0.340495 -0.356675 -0.373752 -0.386231 -0.39221 -0.39707 -0.402213 -0.406904 -0.408873 -0.408899 -0.408873 -0.406908 -0.402205 -0.397077 -0.392203 -0.386235 -0.373753 -0.356675 -0.3405 -0.331084 -0.327236 -0.325674 -0.323624 -0.319823 -0.309249 
7.6 -11.2111 137 -0.303189 -0.318521 -0.323086 -0.325675 -0.327558 -0.332006 -0.342193 -0.358843 -0.375313 -0.386748 -0.392434 -0.397296 -0.402375 -0.407114 -0.408803 -0.408811 -0.408802 -0.407118 -0.402367 -0.397303 -0.392426 -0.386752 -0.375313 -0.358843 -0.342198 -0.332005 -0.327558 -0.325675 -0.323088 -0.318522 -0.303191 
7.7 -11.2111 143 -0.297273 -0.317233 -0.322459 -0.325648 -0.327927 -0.333029 -0.34397 -0.360967 -0.376734 -0.38718 -0.392666 -0.397525 -0.40255 -0.4073 -0.408723 -0.408751 -0.408722 -0.407303 -0.402543 -0.397531 -0.392659 -0.387184 -0.376734 -0.360968 -0.343975 -0.333029 -0.327928 -0.325648 -0.32246 -0.317234 -0.297276 
7.8 -11.2111 150 -0.2915 -0.315975 -0.321733 -0.325591 -0.328347 -0.334155 -0.345814 -0.363027 -0.378017 -0.387546 -0.39291 -0.397755 -0.40274 -0.407454 -0.408639 -0.408714 -0.408639 -0.407457 -0.402733 -0.397761 -0.392902 -0.38755 -0.378017 -0.363029 -0.345818 -0.334155 -0.328348 -0.325591 -0.321734 -0.315976 -0.291502 
7.9 -11.2111 157 -0.285873 -0.314754 -0.32091 -0.325502 -0.32882 -0.335383 -0.347714 -0.365007 -0.379165 -0.387862 -0.393162 -0.397985 -0.402945 -0.407573 -0.408559 -0.408694 -0.408559 -0.407576 -0.402939 -0.39799 -0.393155 -0.387866 -0.379164 -0.365009 -0.347717 -0.335383 -0.32882 -0.325502 -0.320911 -0.314754 -0.285875 
8 -11.2111 163 -0.280401 -0.313565 -0.319997 -0.325381 -0.329348 -0.336708 -0.349656 -0.36689 -0.380184 -0.388145 -0.393421 -0.398216 -0.403166 -0.407654 -0.408486 -0.408687 -0.408485 -0.407657 -0.40316 -0.39822 -0.393414 -0.38815 -0.380183 -0.366893 -0.349658 -0.33671 -0.329347 -0.325382 -0.319998 -0.313565 -0.280404 
8.1 -11.2111 170 -0.275095 -0.312396 -0.319009 -0.325227 -0.32993 -0.338126 -0.351626 -0.368664 -0.381083 -0.388409 -0.393683 -0.398448 -0.403398 -0.407697 -0.408424 -0.408689 -0.408424 -0.407699 -0.403393 -0.398452 -0.393677 -0.388413 -0.381081 -0.368668 -0.351627 -0.338128 -0.329929 -0.325228 -0.31901 -0.312397 -0.275098 
