time energy SvN bondDim localEnergy 
0 -11.6808 0.11136 2 4 8 8 8 8 8 8 8 8 8 8 8 8 8 8 8 8 8 8 8 8 8 8 8 8 8 8 8 4 2 -0.417644 -0.365823 -0.375783 -0.374218 -0.374512 -0.374464 -0.374473 -0.374471 -0.374472 -0.374472 -0.374472 -0.374473 -0.374481 -0.374493 -0.3747 -0.374903 -0.3747 -0.374493 -0.374481 -0.374473 -0.374472 -0.374472 -0.374472 -0.374471 -0.374473 -0.374464 -0.374512 -0.374218 -0.375783 -0.365823 -0.417644 
0.1 -11.6808 0.111383 2 4 8 7 8 8 8 8 8 8 8 8 8 8 8 8 8 8 8 8 8 8 8 8 8 8 8 7 8 4 2 -0.417644 -0.365823 -0.375783 -0.374218 -0.374512 -0.374464 -0.374473 -0.374471 -0.374472 -0.374472 -0.374472 -0.374473 -0.374481 -0.374493 -0.374708 -0.374918 -0.374708 -0.374493 -0.374481 -0.374473 -0.374472 -0.374472 -0.374472 -0.374471 -0.374473 -0.374464 -0.374512 -0.374218 -0.375783 -0.365823 -0.417644 
0.2 -11.681 0.111489 2 4 8 7 8 8 8 8 8 8 8 8 8 8 8 8 8 8 8 8 8 8 8 8 8 8 8 7 8 4 2 -0.417644 -0.365823 -0.375783 -0.374218 -0.374512 -0.374464 -0.374473 -0.374471 -0.374472 -0.374472 -0.374472 -0.374473 -0.374482 -0.374497 -0.374744 -0.374986 -0.374744 -0.374497 -0.374482 -0.374473 -0.374472 -0.374472 -0.374472 -0.374471 -0.374473 -0.374464 -0.374512 -0.374218 -0.375783 -0.365823 -0.417644 
0.3 -11.6814 0.111765 2 4 8 7 8 8 8 8 8 8 8 8 8 8 8 8 8 8 8 8 8 8 8 8 8 8 8 7 8 4 2 -0.417644 -0.365823 -0.375783 -0.374218 -0.374512 -0.374464 -0.374473 -0.374471 -0.374472 -0.374472 -0.374472 -0.374474 -0.374484 -0.374506 -0.374839 -0.37516 -0.374839 -0.374506 -0.374484 -0.374474 -0.374472 -0.374472 -0.374472 -0.374471 -0.374473 -0.374464 -0.374512 -0.374218 -0.375783 -0.365823 -0.417644 
0.4 -11.6822 0.112342 2 4 8 7 8 8 8 8 8 8 8 8 8 8 8 8 8 8 8 8 8 8 8 8 8 8 8 7 8 4 2 -0.417644 -0.365823 -0.375783 -0.374218 -0.374512 -0.374464 -0.374473 -0.374471 -0.374472 -0.374472 -0.374473 -0.374475 -0.374489 -0.374526 -0.375035 -0.375519 -0.375035 -0.374526 -0.374489 -0.374475 -0.374473 -0.374472 -0.374472 -0.374471 -0.374473 -0.374464 -0.374512 -0.374218 -0.375783 -0.365823 -0.417644 
0.5 -11.6836 0.113413 2 4 8 7 8 7 8 8 8 8 8 8 8 8 8 8 8 8 8 8 8 8 8 8 8 7 8 7 8 4 2 -0.417644 -0.365823 -0.375783 -0.374218 -0.374512 -0.374464 -0.374473 -0.374471 -0.374472 -0.374472 -0.374473 -0.374477 -0.374499 -0.374563 -0.375394 -0.376169 -0.375394 -0.374563 -0.374499 -0.374477 -0.374473 -0.374472 -0.374472 -0.374471 -0.374473 -0.374464 -0.374512 -0.374218 -0.375783 -0.365823 -0.417644 
0.6 -11.6861 0.115255 2 4 8 7 8 7 8 8 8 8 8 8 8 8 8 8 8 8 8 8 8 8 8 8 8 7 8 7 8 4 2 -0.417644 -0.365823 -0.375783 -0.374218 -0.374512 -0.374464 -0.374473 -0.374471 -0.374472 -0.374472 -0.374474 -0.374481 -0.374516 -0.37463 -0.375996 -0.377248 -0.375996 -0.37463 -0.374516 -0.374481 -0.374474 -0.374472 -0.374472 -0.374471 -0.374473 -0.374464 -0.374512 -0.374218 -0.375783 -0.365823 -0.417644 
0.7 -11.69 0.118263 2 4 8 7 8 7 8 8 8 8 8 8 8 7 8 8 8 7 8 8 8 8 8 8 8 7 8 7 8 4 2 -0.417644 -0.365823 -0.375783 -0.374218 -0.374512 -0.374464 -0.374473 -0.374472 -0.374472 -0.374473 -0.374476 -0.374488 -0.374547 -0.374746 -0.376945 -0.378918 -0.376945 -0.374746 -0.374547 -0.374488 -0.374476 -0.374473 -0.374472 -0.374472 -0.374473 -0.374464 -0.374512 -0.374218 -0.375783 -0.365823 -0.417644 
0.8 -11.6957 0.122958 2 4 8 7 8 7 8 8 8 8 8 8 7 7 7 7 7 7 7 8 8 8 8 8 8 7 8 7 8 4 2 -0.417644 -0.365823 -0.375783 -0.374218 -0.374512 -0.374464 -0.374473 -0.374472 -0.374472 -0.374473 -0.374479 -0.374499 -0.374599 -0.374945 -0.378353 -0.381326 -0.378353 -0.374945 -0.374599 -0.374499 -0.374479 -0.374473 -0.374472 -0.374472 -0.374473 -0.374464 -0.374512 -0.374218 -0.375783 -0.365823 -0.417644 
0.9 -11.7038 0.129966 2 4 8 7 8 7 8 8 8 8 8 7 7 7 7 7 7 7 7 7 8 8 8 8 8 7 8 7 8 4 2 -0.417644 -0.365823 -0.375783 -0.374218 -0.374512 -0.374464 -0.374473 -0.374472 -0.374472 -0.374475 -0.374483 -0.374519 -0.374687 -0.375279 -0.380313 -0.384546 -0.380313 -0.375279 -0.374687 -0.374519 -0.374483 -0.374475 -0.374472 -0.374472 -0.374473 -0.374464 -0.374512 -0.374218 -0.375783 -0.365823 -0.417644 
1 -11.7143 0.139933 2 4 8 7 8 7 8 8 8 8 8 7 7 7 7 7 7 7 7 7 8 8 8 8 8 7 8 7 8 4 2 -0.417644 -0.365823 -0.375783 -0.374218 -0.374512 -0.374464 -0.374473 -0.374472 -0.374473 -0.374477 -0.374491 -0.374551 -0.374835 -0.375826 -0.382852 -0.388515 -0.382852 -0.375826 -0.374835 -0.374551 -0.374491 -0.374477 -0.374473 -0.374472 -0.374473 -0.374464 -0.374512 -0.374218 -0.375783 -0.365823 -0.417644 
1.1 -11.7273 0.153383 2 4 8 7 8 7 8 8 8 8 7 7 7 7 7 7 7 7 7 7 7 8 8 8 8 7 8 7 8 4 2 -0.417644 -0.365823 -0.375783 -0.374218 -0.374512 -0.374464 -0.374473 -0.374472 -0.374474 -0.37448 -0.374504 -0.374604 -0.375082 -0.376683 -0.385901 -0.393024 -0.385901 -0.376683 -0.375082 -0.374604 -0.374504 -0.37448 -0.374474 -0.374472 -0.374473 -0.374464 -0.374512 -0.374218 -0.375783 -0.365823 -0.417644 
1.2 -11.7423 0.170566 2 4 8 7 8 7 8 8 8 8 7 7 7 7 6 6 6 7 7 7 7 8 8 8 8 7 8 7 8 4 2 -0.417644 -0.365823 -0.375783 -0.374218 -0.374512 -0.374464 -0.374473 -0.374472 -0.374475 -0.374485 -0.374526 -0.374694 -0.375487 -0.377942 -0.389283 -0.397784 -0.389283 -0.377942 -0.375487 -0.374694 -0.374526 -0.374485 -0.374475 -0.374472 -0.374473 -0.374464 -0.374512 -0.374218 -0.375783 -0.365823 -0.417644 
1.3 -11.7591 0.191381 2 4 8 7 8 7 8 8 8 8 7 7 7 7 6 6 6 7 7 7 7 8 8 8 8 7 8 7 8 4 2 -0.417644 -0.365823 -0.375783 -0.374218 -0.374512 -0.374464 -0.374473 -0.374473 -0.374477 -0.374494 -0.374562 -0.374846 -0.376135 -0.379647 -0.392757 -0.402527 -0.392757 -0.379647 -0.376135 -0.374846 -0.374562 -0.374494 -0.374477 -0.374473 -0.374473 -0.374464 -0.374512 -0.374218 -0.375783 -0.365823 -0.417644 
1.4 -11.7772 0.215401 2 4 8 7 8 7 8 8 8 8 7 7 7 6 6 6 6 6 7 7 7 8 8 8 8 7 8 7 8 4 2 -0.417644 -0.365823 -0.375783 -0.374218 -0.374512 -0.374464 -0.374473 -0.374474 -0.374481 -0.374508 -0.374623 -0.375102 -0.377122 -0.381752 -0.396088 -0.407061 -0.396088 -0.381752 -0.377122 -0.375102 -0.374623 -0.374508 -0.374481 -0.374474 -0.374473 -0.374464 -0.374512 -0.374218 -0.375783 -0.365823 -0.417644 
1.5 -11.7961 0.241972 2 4 8 7 8 7 8 8 8 8 7 7 7 6 6 6 6 6 7 7 7 8 8 8 8 7 8 7 8 4 2 -0.417644 -0.365823 -0.375783 -0.374218 -0.374512 -0.374464 -0.374474 -0.374475 -0.374487 -0.374532 -0.374725 -0.375525 -0.378529 -0.384118 -0.399115 -0.411282 -0.399116 -0.384118 -0.378529 -0.375525 -0.374725 -0.374532 -0.374487 -0.374475 -0.374474 -0.374464 -0.374512 -0.374218 -0.375783 -0.365823 -0.417644 
1.6 -11.8157 0.27035 2 4 8 7 8 7 8 8 8 8 7 7 7 6 6 6 6 6 7 7 7 8 8 8 8 7 8 7 8 4 2 -0.417644 -0.365823 -0.375783 -0.374218 -0.374512 -0.374464 -0.374474 -0.374477 -0.374496 -0.374572 -0.374898 -0.376203 -0.380371 -0.386548 -0.401776 -0.415147 -0.401776 -0.386548 -0.380371 -0.376203 -0.374898 -0.374572 -0.374496 -0.374477 -0.374474 -0.374464 -0.374512 -0.374218 -0.375783 -0.365823 -0.417644 
1.7 -11.8356 0.299813 2 4 8 7 8 7 8 8 8 7 7 7 7 6 6 6 6 6 7 7 7 7 8 8 8 7 8 7 8 4 2 -0.417644 -0.365823 -0.375783 -0.374218 -0.374512 -0.374465 -0.374475 -0.374481 -0.374512 -0.37464 -0.375187 -0.37723 -0.382567 -0.388855 -0.404087 -0.418644 -0.404087 -0.388855 -0.382567 -0.37723 -0.375187 -0.37464 -0.374512 -0.374481 -0.374475 -0.374465 -0.374512 -0.374218 -0.375783 -0.365823 -0.417644 
1.8 -11.8558 0.329741 2 4 8 7 8 7 8 8 8 7 7 7 7 6 6 6 6 6 7 7 7 7 8 8 8 7 8 7 8 4 2 -0.417644 -0.365823 -0.375783 -0.374218 -0.374513 -0.374465 -0.374477 -0.374488 -0.374539 -0.374754 -0.375662 -0.378673 -0.384944 -0.390924 -0.406106 -0.421779 -0.406106 -0.390924 -0.384944 -0.378673 -0.375662 -0.374754 -0.374539 -0.374488 -0.374477 -0.374465 -0.374513 -0.374218 -0.375783 -0.365823 -0.417644 
1.9 -11.8762 0.35966 2 4 8 7 8 7 8 8 8 7 7 7 7 6 7 7 7 6 7 7 7 7 8 8 8 7 8 7 8 4 2 -0.417644 -0.365823 -0.375783 -0.374218 -0.374513 -0.374466 -0.37448 -0.374499 -0.374585 -0.374946 -0.376413 -0.380529 -0.387281 -0.392728 -0.407905 -0.424558 -0.407905 -0.392728 -0.387281 -0.380529 -0.376413 -0.374946 -0.374585 -0.374499 -0.37448 -0.374466 -0.374513 -0.374218 -0.375783 -0.365823 -0.417644 
2 -11.8967 0.389248 2 4 8 7 8 7 8 8 7 7 7 7 7 7 7 8 7 7 7 7 7 7 7 8 8 7 8 7 8 4 2 -0.417644 -0.365823 -0.375783 -0.374218 -0.374513 -0.374467 -0.374484 -0.374517 -0.374661 -0.375268 -0.377534 -0.382691 -0.389388 -0.394304 -0.409549 -0.426985 -0.409549 -0.394304 -0.389388 -0.382691 -0.377534 -0.375268 -0.374661 -0.374517 -0.374484 -0.374467 -0.374513 -0.374218 -0.375783 -0.365823 -0.417644 
2.1 -11.9172 0.418318 2 4 8 7 8 7 8 8 7 7 7 7 7 7 8 8 8 7 7 7 7 7 7 8 8 7 8 7 8 4 2 -0.417644 -0.365823 -0.375783 -0.374218 -0.374513 -0.374469 -0.374491 -0.374547 -0.374789 -0.375794 -0.379079 -0.384967 -0.391159 -0.395725 -0.411088 -0.429065 -0.411088 -0.395725 -0.391159 -0.384967 -0.379079 -0.375794 -0.374789 -0.374547 -0.374491 -0.374469 -0.374513 -0.374218 -0.375783 -0.365823 -0.417644 
2.2 -11.9379 0.446789 2 4 8 7 8 7 8 7 7 7 7 7 7 8 8 8 8 8 7 7 7 7 7 7 8 7 8 7 8 4 2 -0.417644 -0.365823 -0.375783 -0.374218 -0.374514 -0.374472 -0.374504 -0.374598 -0.375005 -0.376617 -0.381021 -0.387136 -0.392578 -0.397063 -0.412556 -0.4308 -0.412556 -0.397064 -0.392578 -0.387136 -0.381021 -0.376617 -0.375005 -0.374598 -0.374504 -0.374472 -0.374514 -0.374218 -0.375783 -0.365823 -0.417644 
2.3 -11.9585 0.474651 2 4 8 7 8 7 8 7 7 7 7 7 7 8 8 8 8 8 7 7 7 7 7 7 8 7 8 7 8 4 2 -0.417644 -0.365823 -0.375783 -0.374219 -0.374516 -0.374477 -0.374524 -0.374683 -0.375365 -0.377825 -0.383232 -0.38902 -0.393693 -0.398386 -0.413972 -0.432197 -0.413972 -0.398386 -0.393693 -0.389021 -0.383232 -0.377825 -0.375365 -0.374683 -0.374524 -0.374477 -0.374516 -0.374219 -0.375783 -0.365823 -0.417644 
2.4 -11.9792 0.501929 2 4 8 7 8 7 8 7 7 7 7 7 7 8 8 8 8 8 8 7 7 7 7 7 8 7 8 7 8 4 2 -0.417644 -0.365823 -0.375783 -0.374219 -0.374518 -0.374485 -0.374558 -0.374827 -0.375949 -0.379459 -0.385503 -0.390533 -0.394584 -0.399738 -0.415345 -0.433264 -0.415345 -0.399738 -0.394584 -0.390534 -0.385503 -0.379459 -0.375949 -0.374827 -0.374558 -0.374485 -0.374518 -0.374219 -0.375783 -0.365823 -0.417644 
2.5 -11.9999 0.52866 2 4 8 7 8 7 8 7 7 7 7 7 8 8 8 8 8 8 8 7 7 7 7 7 8 7 8 7 8 4 2 -0.417644 -0.365823 -0.375784 -0.37422 -0.374521 -0.374499 -0.374615 -0.37507 -0.376852 -0.381468 -0.387616 -0.391675 -0.395332 -0.40115 -0.416673 -0.434015 -0.416673 -0.40115 -0.395332 -0.391675 -0.387616 -0.381468 -0.376852 -0.37507 -0.374615 -0.374499 -0.374521 -0.37422 -0.375784 -0.365823 -0.417644 
2.6 -12.0206 0.554872 2 4 8 7 8 7 8 7 7 7 7 7 8 8 9 9 9 8 8 7 7 7 7 7 8 7 8 7 8 4 2 -0.417644 -0.365823 -0.375784 -0.374222 -0.374527 -0.374521 -0.374711 -0.375472 -0.378154 -0.383701 -0.389408 -0.3925 -0.396012 -0.402637 -0.417951 -0.434468 -0.417951 -0.402637 -0.396012 -0.392501 -0.389408 -0.383701 -0.378154 -0.375472 -0.374711 -0.374521 -0.374527 -0.374222 -0.375784 -0.365823 -0.417644 
2.7 -12.0413 0.580582 2 4 8 7 8 7 8 7 7 7 7 8 8 9 9 10 9 9 8 8 7 7 7 7 8 7 8 7 8 4 2 -0.417644 -0.365824 -0.375784 -0.374224 -0.374536 -0.374559 -0.374872 -0.376118 -0.37988 -0.385942 -0.39081 -0.393091 -0.396681 -0.404199 -0.41917 -0.434646 -0.41917 -0.404199 -0.396681 -0.393091 -0.39081 -0.385942 -0.37988 -0.376118 -0.374872 -0.374559 -0.374536 -0.374224 -0.375784 -0.365824 -0.417644 
2.8 -12.062 0.605797 2 4 8 7 8 7 8 7 7 7 7 8 8 9 10 10 10 9 8 8 7 7 7 7 8 7 8 7 8 4 2 -0.417644 -0.365824 -0.375785 -0.374228 -0.374551 -0.374623 -0.375144 -0.377103 -0.381955 -0.387979 -0.391834 -0.393528 -0.397381 -0.40583 -0.420318 -0.434577 -0.420318 -0.405831 -0.397381 -0.393528 -0.391834 -0.387979 -0.381956 -0.377103 -0.375144 -0.374623 -0.374551 -0.374228 -0.375785 -0.365824 -0.417644 
2.9 -12.0828 0.630521 2 4 8 7 8 7 8 7 7 7 7 8 9 10 10 10 10 10 9 8 7 7 7 7 8 7 8 7 8 4 2 -0.417644 -0.365824 -0.375787 -0.374234 -0.374577 -0.374731 -0.375592 -0.3785 -0.384211 -0.389666 -0.392541 -0.393881 -0.398143 -0.407516 -0.421385 -0.43429 -0.421385 -0.407516 -0.398143 -0.393881 -0.392541 -0.389666 -0.384211 -0.3785 -0.375592 -0.374731 -0.374577 -0.374234 -0.375787 -0.365824 -0.417644 
3 -12.1035 0.654765 2 4 8 7 8 7 8 7 7 7 8 8 9 10 10 11 10 10 9 8 8 7 7 7 8 7 8 7 8 4 2 -0.417644 -0.365825 -0.37579 -0.374244 -0.374619 -0.374913 -0.376306 -0.380313 -0.386424 -0.390955 -0.39301 -0.394206 -0.398984 -0.409239 -0.42236 -0.433819 -0.42236 -0.409239 -0.398984 -0.394206 -0.39301 -0.390955 -0.386424 -0.380313 -0.376306 -0.374913 -0.374619 -0.374244 -0.37579 -0.365825 -0.417644 
3.1 -12.1242 0.678554 2 4 8 7 8 7 8 7 7 7 8 8 10 10 11 11 11 10 10 8 8 7 7 7 8 7 8 7 8 4 2 -0.417645 -0.365826 -0.375794 -0.374261 -0.374691 -0.375217 -0.377378 -0.382446 -0.388392 -0.39187 -0.393317 -0.394543 -0.399913 -0.410977 -0.423235 -0.433198 -0.423235 -0.410977 -0.399913 -0.394543 -0.393317 -0.39187 -0.388392 -0.382446 -0.377378 -0.375217 -0.374691 -0.374261 -0.375794 -0.365826 -0.417645 
3.2 -12.1449 0.701932 2 4 8 7 8 7 8 7 7 7 8 9 10 11 12 12 12 11 10 9 8 7 7 7 8 7 8 7 8 4 2 -0.417645 -0.365827 -0.375801 -0.37429 -0.374812 -0.375716 -0.378871 -0.38471 -0.389991 -0.392479 -0.393526 -0.394922 -0.400935 -0.412709 -0.424004 -0.432462 -0.424004 -0.412709 -0.400935 -0.394922 -0.393526 -0.392479 -0.389991 -0.38471 -0.378871 -0.375716 -0.374812 -0.37429 -0.375801 -0.365827 -0.417645 
3.3 -12.1657 0.724957 2 4 8 7 8 7 8 7 7 8 8 9 10 11 13 13 13 11 10 9 8 8 7 7 8 7 8 7 8 4 2 -0.417647 -0.36583 -0.375812 -0.374337 -0.375016 -0.376501 -0.380767 -0.386882 -0.39119 -0.392858 -0.393687 -0.395363 -0.402046 -0.414412 -0.424662 -0.431644 -0.424662 -0.414412 -0.402046 -0.395363 -0.393687 -0.392858 -0.39119 -0.386882 -0.380767 -0.376501 -0.375016 -0.374337 -0.375812 -0.36583 -0.417646 
3.4 -12.1864 0.7477 2 4 8 7 8 7 8 7 7 8 9 10 10 12 13 13 13 12 10 10 9 8 7 7 8 7 8 7 8 4 2 -0.417648 -0.365834 -0.375832 -0.374418 -0.375356 -0.377664 -0.382947 -0.388773 -0.392026 -0.39308 -0.393838 -0.395878 -0.40324 -0.416065 -0.425209 -0.430775 -0.425209 -0.416065 -0.40324 -0.395878 -0.393838 -0.39308 -0.392026 -0.388774 -0.382947 -0.377664 -0.375356 -0.374418 -0.375832 -0.365834 -0.417648 
3.5 -12.2071 0.770234 2 4 8 7 8 7 8 7 8 8 9 10 11 13 14 14 14 13 11 10 9 8 8 7 8 7 8 7 8 4 2 -0.417651 -0.365842 -0.375864 -0.374553 -0.375911 -0.37925 -0.385211 -0.390281 -0.392569 -0.393206 -0.394002 -0.396475 -0.404509 -0.417648 -0.425647 -0.429885 -0.425647 -0.417648 -0.404509 -0.396476 -0.394002 -0.393206 -0.392569 -0.390281 -0.385211 -0.37925 -0.375911 -0.374553 -0.375864 -0.365842 -0.417651 
3.6 -12.2279 0.792628 2 4 8 7 8 7 8 7 8 8 10 10 11 13 15 16 15 13 11 10 10 8 8 7 8 7 8 7 8 4 2 -0.417655 -0.365854 -0.375918 -0.374782 -0.376773 -0.381223 -0.387334 -0.391391 -0.392896 -0.39328 -0.394199 -0.397159 -0.40584 -0.419142 -0.425979 -0.429001 -0.425979 -0.419142 -0.40584 -0.397159 -0.394199 -0.393281 -0.392896 -0.391391 -0.387334 -0.381223 -0.376773 -0.374782 -0.375918 -0.365854 -0.417655 
3.7 -12.2486 0.81494 2 4 8 7 8 7 8 7 8 9 10 11 13 15 16 16 16 15 13 11 10 9 8 7 8 7 8 7 8 4 2 -0.417663 -0.365874 -0.37601 -0.375162 -0.378029 -0.383441 -0.389146 -0.39215 -0.393077 -0.393335 -0.39444 -0.39793 -0.40722 -0.420532 -0.426212 -0.428144 -0.426212 -0.420532 -0.40722 -0.39793 -0.39444 -0.393335 -0.393077 -0.39215 -0.389146 -0.383441 -0.378029 -0.375162 -0.37601 -0.365874 -0.417663 
3.8 -12.2693 0.837214 2 4 8 7 8 7 8 8 8 9 10 11 13 15 16 18 16 16 13 11 10 9 8 8 8 7 8 7 8 4 2 -0.417675 -0.365908 -0.376164 -0.375775 -0.379709 -0.385692 -0.390563 -0.392633 -0.393166 -0.393392 -0.394734 -0.398786 -0.408634 -0.421805 -0.426355 -0.427332 -0.426355 -0.421805 -0.408634 -0.398787 -0.394734 -0.393392 -0.393166 -0.392633 -0.390563 -0.385692 -0.379709 -0.375775 -0.376164 -0.365908 -0.417675 
3.9 -12.29 0.85948 2 4 8 7 8 7 8 8 8 10 10 12 15 16 18 18 18 16 15 12 10 10 8 8 8 7 8 7 8 4 2 -0.417696 -0.365965 -0.376422 -0.376717 -0.381752 -0.387758 -0.391589 -0.392915 -0.393205 -0.393465 -0.395086 -0.399727 -0.410067 -0.42295 -0.426417 -0.426581 -0.426417 -0.42295 -0.410067 -0.399727 -0.395086 -0.393465 -0.393205 -0.392915 -0.391589 -0.387758 -0.381752 -0.376717 -0.376422 -0.365965 -0.417695 
4 -12.3108 0.881758 2 4 8 7 8 7 8 8 9 10 11 13 15 18 19 19 19 18 15 13 11 10 9 8 8 7 8 7 8 4 2 -0.417729 -0.366062 -0.37685 -0.378065 -0.383998 -0.389485 -0.39228 -0.393062 -0.393222 -0.393566 -0.395499 -0.400746 -0.411503 -0.42396 -0.426409 -0.425901 -0.426409 -0.42396 -0.411503 -0.400746 -0.395499 -0.393565 -0.393222 -0.393062 -0.39228 -0.389485 -0.383998 -0.378065 -0.37685 -0.366062 -0.417729 
4.1 -12.3315 0.904063 2 4 8 7 8 7 8 8 9 10 11 13 17 18 19 20 19 18 17 13 11 10 9 8 8 7 8 7 8 4 2 -0.417786 -0.366224 -0.377535 -0.379831 -0.386225 -0.390812 -0.392711 -0.393125 -0.393234 -0.393698 -0.395978 -0.401839 -0.412925 -0.424832 -0.426344 -0.425298 -0.426344 -0.424832 -0.412925 -0.401839 -0.395978 -0.393698 -0.393234 -0.393125 -0.392711 -0.390812 -0.386225 -0.379831 -0.377535 -0.366224 -0.417786 
4.2 -12.3522 0.926406 2 4 8 7 8 7 8 8 10 10 13 15 18 19 20 21 20 19 18 15 13 10 10 8 8 7 8 7 8 4 2 -0.41788 -0.366497 -0.37857 -0.381932 -0.388226 -0.391757 -0.392956 -0.393142 -0.393255 -0.393867 -0.396523 -0.402999 -0.414317 -0.425564 -0.426231 -0.424778 -0.426231 -0.425564 -0.414317 -0.402999 -0.396524 -0.393867 -0.393255 -0.393142 -0.392956 -0.391757 -0.388226 -0.381932 -0.37857 -0.366497 -0.417879 
4.3 -12.3729 0.948798 2 4 8 7 8 7 8 9 10 11 13 15 18 20 21 21 21 20 18 15 13 11 10 9 8 7 8 7 8 4 2 -0.418036 -0.366946 -0.380024 -0.384188 -0.389867 -0.392382 -0.393079 -0.393138 -0.393291 -0.394076 -0.397138 -0.404218 -0.415665 -0.426159 -0.426084 -0.424339 -0.426084 -0.426158 -0.415665 -0.404217 -0.397138 -0.394076 -0.393291 -0.393138 -0.393079 -0.392382 -0.389867 -0.384188 -0.380024 -0.366947 -0.418036 
4.4 -12.3936 0.971254 2 4 8 7 8 8 8 9 10 11 14 17 19 21 22 22 22 21 19 17 14 11 10 9 8 8 8 7 8 4 2 -0.418295 -0.367657 -0.381889 -0.386374 -0.391105 -0.392764 -0.393126 -0.393129 -0.393345 -0.394327 -0.397821 -0.405485 -0.416953 -0.42662 -0.425913 -0.423981 -0.425913 -0.42662 -0.416954 -0.405484 -0.397822 -0.394327 -0.393345 -0.393129 -0.393126 -0.392764 -0.391105 -0.386375 -0.381889 -0.367657 -0.418295 
4.5 -12.4142 0.993786 2 4 8 7 8 8 9 10 10 13 15 18 20 21 23 23 23 21 20 18 15 13 10 10 9 8 8 7 8 4 2 -0.418721 -0.368714 -0.384056 -0.388295 -0.391973 -0.392976 -0.393131 -0.393125 -0.393422 -0.394623 -0.398574 -0.406791 -0.41817 -0.426955 -0.425727 -0.423701 -0.425727 -0.426955 -0.418171 -0.40679 -0.398575 -0.394623 -0.393422 -0.393125 -0.393132 -0.392976 -0.391973 -0.388295 -0.384056 -0.368714 -0.418721 
4.6 -12.4347 1.01641 2 4 8 7 8 8 9 10 11 13 16 19 20 22 24 25 24 22 20 19 16 13 11 10 9 8 8 7 8 4 2 -0.419403 -0.370163 -0.386329 -0.389836 -0.392537 -0.393076 -0.393119 -0.393131 -0.393522 -0.394966 -0.399397 -0.408125 -0.419304 -0.427173 -0.425536 -0.423492 -0.425537 -0.427173 -0.419305 -0.408123 -0.399397 -0.394966 -0.393522 -0.393131 -0.393119 -0.393076 -0.392537 -0.389836 -0.386329 -0.370163 -0.419403 
4.7 -12.455 1.03912 2 4 8 7 8 8 10 10 12 15 17 19 21 24 26 27 26 23 21 19 17 15 12 10 10 8 8 7 8 4 2 -0.420447 -0.371967 -0.38848 -0.390975 -0.392875 -0.393109 -0.393102 -0.39315 -0.393646 -0.39536 -0.400286 -0.409473 -0.420346 -0.427286 -0.425348 -0.423348 -0.425348 -0.427285 -0.420348 -0.409471 -0.400287 -0.39536 -0.393646 -0.39315 -0.393102 -0.393109 -0.392875 -0.390975 -0.38848 -0.371967 -0.420447 
4.8 -12.475 1.06193 2 4 8 7 8 9 10 11 13 15 18 20 22 25 28 28 28 25 22 20 18 15 13 11 10 9 8 7 8 4 2 -0.421943 -0.373985 -0.390326 -0.391753 -0.393055 -0.393107 -0.393089 -0.393182 -0.393796 -0.395807 -0.401239 -0.410823 -0.421289 -0.427303 -0.425167 -0.423263 -0.425167 -0.427302 -0.421292 -0.410821 -0.40124 -0.395807 -0.393796 -0.393182 -0.393089 -0.393107 -0.393055 -0.391753 -0.390326 -0.373985 -0.421943 
4.9 -12.4943 1.08483 2 4 8 8 8 9 10 11 13 17 19 21 23 26 28 28 28 27 23 21 19 17 13 11 10 9 8 8 8 4 2 -0.423913 -0.375996 -0.391774 -0.392242 -0.393134 -0.39309 -0.393083 -0.393229 -0.393975 -0.396309 -0.402253 -0.412162 -0.422129 -0.42724 -0.424999 -0.42323 -0.424999 -0.427239 -0.422131 -0.412159 -0.402255 -0.396309 -0.393975 -0.393229 -0.393083 -0.39309 -0.393134 -0.392242 -0.391774 -0.375996 -0.423913 
5 -12.5125 1.10779 2 4 8 8 8 10 10 12 15 18 20 22 25 28 30 30 30 28 25 21 20 18 15 12 10 10 8 8 8 4 2 -0.426258 -0.377763 -0.392814 -0.392519 -0.393152 -0.393069 -0.393086 -0.393289 -0.394185 -0.39687 -0.403322 -0.413476 -0.422862 -0.427109 -0.424847 -0.423241 -0.424848 -0.427108 -0.422865 -0.413473 -0.403323 -0.39687 -0.394185 -0.393289 -0.393086 -0.393069 -0.393152 -0.392519 -0.392814 -0.377763 -0.426258 
5.1 -12.5291 1.1308 2 4 8 8 9 10 11 13 15 18 20 22 26 29 31 32 31 30 26 22 20 18 15 13 11 10 9 8 8 4 2 -0.428751 -0.379108 -0.393496 -0.392651 -0.393137 -0.393053 -0.393099 -0.393364 -0.394428 -0.397491 -0.40444 -0.414752 -0.423488 -0.426924 -0.424714 -0.42329 -0.424714 -0.426922 -0.423491 -0.414748 -0.404441 -0.397491 -0.394428 -0.393364 -0.393099 -0.393053 -0.393137 -0.392651 -0.393496 -0.379108 -0.428751 
5.2 -12.5435 1.15384 2 4 8 8 9 10 11 13 17 19 21 24 28 30 33 34 32 30 28 25 21 19 17 13 11 10 9 8 8 4 2 -0.431082 -0.379944 -0.393886 -0.392691 -0.393107 -0.393043 -0.39312 -0.393454 -0.394708 -0.398173 -0.405598 -0.415978 -0.42401 -0.426697 -0.424599 -0.42337 -0.4246 -0.426695 -0.424013 -0.415974 -0.405599 -0.398173 -0.394707 -0.393454 -0.39312 -0.393043 -0.393107 -0.392691 -0.393887 -0.379944 -0.431082 
5.3 -12.5555 1.17689 2 4 8 9 10 10 13 15 18 20 22 25 29 32 34 35 34 32 29 26 22 20 18 15 13 10 10 9 8 4 2 -0.432961 -0.38027 -0.394052 -0.392677 -0.393073 -0.393041 -0.393149 -0.393561 -0.395028 -0.398918 -0.406787 -0.417142 -0.42443 -0.42644 -0.424504 -0.423475 -0.424504 -0.426439 -0.424434 -0.417139 -0.406789 -0.398918 -0.395028 -0.393561 -0.393149 -0.393041 -0.393073 -0.392677 -0.394052 -0.38027 -0.432961 
5.4 -12.565 1.19994 2 4 8 9 10 11 13 16 19 21 23 28 31 34 37 37 37 34 31 28 23 21 19 16 13 11 10 9 8 4 2 -0.434201 -0.380145 -0.394046 -0.392634 -0.39304 -0.393045 -0.393186 -0.393686 -0.395392 -0.399723 -0.407999 -0.418235 -0.424756 -0.426166 -0.424427 -0.4236 -0.424428 -0.426164 -0.424759 -0.418232 -0.408 -0.399723 -0.395392 -0.393687 -0.393186 -0.393046 -0.39304 -0.392634 -0.394046 -0.380145 -0.434201 
5.5 -12.572 1.22299 2 4 8 10 10 11 14 17 19 21 25 28 32 35 38 40 38 35 32 28 25 21 19 17 14 11 10 10 8 4 2 -0.434761 -0.379654 -0.393903 -0.392578 -0.393009 -0.393056 -0.393231 -0.393833 -0.395803 -0.400589 -0.409222 -0.419248 -0.424993 -0.425884 -0.424368 -0.423739 -0.424368 -0.425882 -0.424997 -0.419245 -0.409223 -0.400589 -0.395803 -0.393834 -0.39323 -0.393056 -0.393009 -0.392578 -0.393903 -0.379654 -0.434761 
5.6 -12.577 1.24603 2 4 8 10 10 13 15 18 20 22 26 30 34 37 40 42 40 37 34 30 26 22 20 18 15 13 10 10 8 4 2 -0.434706 -0.378892 -0.393644 -0.392516 -0.39298 -0.39307 -0.393283 -0.394004 -0.396264 -0.401511 -0.410445 -0.420174 -0.42515 -0.425602 -0.424324 -0.423888 -0.424324 -0.4256 -0.425154 -0.420171 -0.410446 -0.401511 -0.396264 -0.394005 -0.393282 -0.393071 -0.39298 -0.392517 -0.393644 -0.378892 -0.434706 
5.7 -12.5805 1.26907 2 4 8 10 11 13 16 19 21 24 28 31 35 40 43 44 43 40 35 31 28 25 21 19 17 13 11 10 8 4 2 -0.43416 -0.377951 -0.393278 -0.392452 -0.392952 -0.393087 -0.393345 -0.394203 -0.396779 -0.402485 -0.411657 -0.421008 -0.425237 -0.425328 -0.424294 -0.424043 -0.424294 -0.425327 -0.42524 -0.421005 -0.411658 -0.402486 -0.396778 -0.394203 -0.393343 -0.393088 -0.392952 -0.392452 -0.393278 -0.377951 -0.43416 
5.8 -12.5828 1.2921 2 4 8 10 12 15 18 19 22 25 29 34 37 42 46 46 46 42 37 34 29 25 22 19 18 15 12 10 8 4 2 -0.433252 -0.376914 -0.392807 -0.392382 -0.392921 -0.393107 -0.393417 -0.394432 -0.397348 -0.403507 -0.412847 -0.421747 -0.425262 -0.425068 -0.424277 -0.4242 -0.424277 -0.425067 -0.425264 -0.421745 -0.412847 -0.403508 -0.397348 -0.394433 -0.393415 -0.393108 -0.392921 -0.392382 -0.392807 -0.376914 -0.433252 
5.9 -12.5843 1.31511 2 4 8 11 13 15 18 20 23 28 30 34 41 45 47 49 47 46 41 34 30 28 22 20 18 15 13 11 8 4 2 -0.432093 -0.375854 -0.392228 -0.392302 -0.392886 -0.393128 -0.393501 -0.394695 -0.397973 -0.40457 -0.414004 -0.422391 -0.425235 -0.424826 -0.424271 -0.424356 -0.424271 -0.424826 -0.425237 -0.422389 -0.414004 -0.40457 -0.397973 -0.394696 -0.3935 -0.39313 -0.392886 -0.392302 -0.392228 -0.375854 -0.432093 
6 -12.5852 1.33812 2 4 8 11 14 16 19 21 25 28 32 37 42 46 50 50 50 46 42 37 32 28 25 21 19 16 14 11 8 4 2 -0.430766 -0.374831 -0.391538 -0.392207 -0.392845 -0.393151 -0.393601 -0.394996 -0.398655 -0.405666 -0.415117 -0.42294 -0.425167 -0.424606 -0.424274 -0.424508 -0.424273 -0.424606 -0.425168 -0.422939 -0.415117 -0.405667 -0.398654 -0.394997 -0.393599 -0.393152 -0.392844 -0.392207 -0.391538 -0.374831 -0.430766 
6.1 -12.5858 1.36111 2 4 8 13 15 18 20 22 26 30 34 39 45 50 52 53 52 50 46 39 34 30 26 22 20 18 15 13 8 4 2 -0.429328 -0.373895 -0.390734 -0.392088 -0.392794 -0.393176 -0.393718 -0.395337 -0.399392 -0.406788 -0.416178 -0.423396 -0.425066 -0.42441 -0.424284 -0.424653 -0.424284 -0.42441 -0.425067 -0.423396 -0.416177 -0.406788 -0.399392 -0.395339 -0.393716 -0.393177 -0.392794 -0.392088 -0.390734 -0.373895 -0.429328 
6.2 -12.5862 1.38408 2 4 8 13 16 18 20 23 28 31 35 41 46 50 54 56 54 50 46 41 35 31 28 23 20 18 16 13 8 4 2 -0.427815 -0.373084 -0.389817 -0.391938 -0.392731 -0.393203 -0.393855 -0.395722 -0.400185 -0.407925 -0.417177 -0.423765 -0.424942 -0.424238 -0.424302 -0.424789 -0.424302 -0.424239 -0.424941 -0.423766 -0.417176 -0.407925 -0.400184 -0.395724 -0.393853 -0.393204 -0.392731 -0.391938 -0.389817 -0.373084 -0.427815 
6.3 -12.5864 1.40702 2 4 8 14 17 19 21 25 28 33 37 44 50 54 56 59 56 54 50 44 37 33 28 25 21 19 17 14 8 4 2 -0.426252 -0.372423 -0.388791 -0.391749 -0.392656 -0.393233 -0.394014 -0.396153 -0.401029 -0.409069 -0.418109 -0.424051 -0.424801 -0.424091 -0.424326 -0.424914 -0.424325 -0.424092 -0.4248 -0.424053 -0.418107 -0.409069 -0.401029 -0.396155 -0.394012 -0.393233 -0.392656 -0.391749 -0.388792 -0.372423 -0.426252 
6.4 -12.5865 1.42992 2 4 8 14 18 20 22 26 30 34 40 46 51 57 60 61 60 57 50 46 40 34 30 26 22 20 18 14 8 4 2 -0.424653 -0.371928 -0.387668 -0.391513 -0.392565 -0.393266 -0.394198 -0.396633 -0.401923 -0.410209 -0.418966 -0.424262 -0.424652 -0.423968 -0.424354 -0.425026 -0.424353 -0.42397 -0.42465 -0.424264 -0.418964 -0.410209 -0.401922 -0.396635 -0.394196 -0.393267 -0.392565 -0.391512 -0.387668 -0.371928 -0.424653 
6.5 -12.5866 1.45279 2 4 8 15 19 21 23 28 31 37 42 48 54 58 62 64 62 59 54 48 42 37 31 28 23 21 19 15 8 4 2 -0.423027 -0.371604 -0.386459 -0.391222 -0.392456 -0.393305 -0.39441 -0.397161 -0.402861 -0.411336 -0.419745 -0.424404 -0.4245 -0.42387 -0.424387 -0.425124 -0.424386 -0.423872 -0.424498 -0.424407 -0.419743 -0.411336 -0.40286 -0.397163 -0.394409 -0.393305 -0.392457 -0.391222 -0.386459 -0.371604 -0.423027 
6.6 -12.5867 1.47561 2 4 8 16 20 21 25 30 34 39 46 50 57 61 65 67 65 61 57 50 46 40 34 30 25 21 20 16 8 4 2 -0.421382 -0.371445 -0.385185 -0.390872 -0.392328 -0.393349 -0.394652 -0.397741 -0.403838 -0.41244 -0.420444 -0.424486 -0.424351 -0.423793 -0.424423 -0.425208 -0.424422 -0.423795 -0.424347 -0.42449 -0.420441 -0.412441 -0.403837 -0.397743 -0.394651 -0.393348 -0.392329 -0.390872 -0.385185 -0.371445 -0.421382 
6.7 -12.5867 1.49841 2 4 8 16 20 23 27 31 34 41 46 53 59 64 68 69 68 64 59 53 47 41 35 31 27 23 20 16 8 4 2 -0.419726 -0.371438 -0.383867 -0.390457 -0.392178 -0.393399 -0.394927 -0.398371 -0.404847 -0.413513 -0.42106 -0.424516 -0.424208 -0.423737 -0.424462 -0.425277 -0.424461 -0.42374 -0.424204 -0.424521 -0.421058 -0.413513 -0.404847 -0.398373 -0.394926 -0.393398 -0.392179 -0.390457 -0.383867 -0.371438 -0.419726 
6.8 -12.5867 1.52116 2 4 8 16 21 24 28 32 37 43 50 55 61 68 73 74 73 68 62 55 50 44 37 32 28 24 21 16 8 4 2 -0.418069 -0.371562 -0.38253 -0.389976 -0.392004 -0.393456 -0.395236 -0.399051 -0.405883 -0.414544 -0.421596 -0.424504 -0.424075 -0.4237 -0.424503 -0.42533 -0.424502 -0.423703 -0.42407 -0.424509 -0.421593 -0.414544 -0.405882 -0.399053 -0.395235 -0.393454 -0.392005 -0.389975 -0.382531 -0.371562 -0.418069 
6.9 -12.5867 1.54389 2 4 8 16 22 26 30 34 40 46 51 57 64 71 75 77 75 71 64 57 51 46 40 34 30 26 22 16 8 4 2 -0.416419 -0.371793 -0.381201 -0.389426 -0.391803 -0.39352 -0.395581 -0.399779 -0.406937 -0.415526 -0.422052 -0.424456 -0.423953 -0.423681 -0.424545 -0.425369 -0.424544 -0.423684 -0.423948 -0.424461 -0.422049 -0.415526 -0.406936 -0.399781 -0.39558 -0.393518 -0.391805 -0.389425 -0.381201 -0.371793 -0.416419 
7 -12.5867 1.56658 2 4 8 16 23 28 31 35 42 48 54 61 68 74 80 82 80 74 68 61 54 48 43 36 31 28 23 16 8 4 2 -0.414789 -0.3721 -0.379903 -0.38881 -0.391573 -0.393592 -0.395963 -0.400554 -0.408001 -0.416453 -0.422433 -0.424381 -0.423845 -0.423677 -0.424588 -0.425393 -0.424587 -0.423681 -0.42384 -0.424387 -0.422429 -0.416453 -0.408 -0.400556 -0.395963 -0.39359 -0.391575 -0.388809 -0.379903 -0.3721 -0.414789 
7.1 -12.5867 1.58924 2 4 8 16 24 29 33 38 45 50 57 63 71 78 83 85 83 78 71 63 57 50 44 38 32 29 24 16 8 4 2 -0.41319 -0.372452 -0.378663 -0.388133 -0.391312 -0.393673 -0.396382 -0.401371 -0.409067 -0.417317 -0.422741 -0.424286 -0.423752 -0.423687 -0.42463 -0.425404 -0.424629 -0.423691 -0.423746 -0.424292 -0.422738 -0.417318 -0.409065 -0.401374 -0.396382 -0.393671 -0.391314 -0.388132 -0.378663 -0.372452 -0.41319 
7.2 -12.5867 1.61186 2 4 8 16 25 31 34 40 46 54 59 67 75 82 87 89 87 82 75 67 59 54 46 40 34 31 25 16 8 4 2 -0.411634 -0.372819 -0.3775 -0.387401 -0.391018 -0.393762 -0.39684 -0.402228 -0.410125 -0.418116 -0.422984 -0.424177 -0.423673 -0.42371 -0.424672 -0.425404 -0.42467 -0.423714 -0.423667 -0.424183 -0.42298 -0.418117 -0.410123 -0.40223 -0.39684 -0.39376 -0.391019 -0.387401 -0.3775 -0.372819 -0.411635 
7.3 -12.5867 1.63445 2 4 8 16 26 32 37 43 50 55 62 70 78 86 93 94 93 86 78 70 62 55 50 43 37 32 26 16 8 4 2 -0.410133 -0.37317 -0.376433 -0.386625 -0.390688 -0.39386 -0.397335 -0.403119 -0.411167 -0.418845 -0.423166 -0.42406 -0.423609 -0.423744 -0.424711 -0.425393 -0.424709 -0.423748 -0.423603 -0.424067 -0.423163 -0.418846 -0.411165 -0.403121 -0.397335 -0.393858 -0.390689 -0.386625 -0.376433 -0.373169 -0.410134 
