time energy maxBondDim localEnergy 
0 -13.9973 50 -0.65232 -0.295568 -0.563806 -0.340079 -0.535523 -0.359352 -0.52136 -0.369979 -0.513118 -0.376378 -0.5081 -0.380244 -0.505174 -0.382338 -0.503816 -0.383003 -0.503816 -0.382338 -0.505174 -0.380244 -0.5081 -0.376378 -0.513118 -0.369979 -0.52136 -0.359352 -0.535523 -0.340079 -0.563806 -0.295568 -0.65232 
0 -10.4395 5 -0.352039 -0.334061 -0.335845 -0.335729 -0.33574 -0.335739 -0.335739 -0.335739 -0.335739 -0.335739 -0.335739 -0.335739 -0.33574 -0.33571 -0.336275 -0.336882 -0.336275 -0.33571 -0.33574 -0.335739 -0.335739 -0.335739 -0.335739 -0.335739 -0.335739 -0.335739 -0.33574 -0.335729 -0.335845 -0.334061 -0.352039 
0.1 -10.44 5 -0.352039 -0.334061 -0.335845 -0.335729 -0.33574 -0.335739 -0.335739 -0.335739 -0.335739 -0.335739 -0.335739 -0.335739 -0.33574 -0.335706 -0.336392 -0.337121 -0.336392 -0.335706 -0.33574 -0.335739 -0.335739 -0.335739 -0.335739 -0.335739 -0.335739 -0.335739 -0.33574 -0.335729 -0.335845 -0.334061 -0.352039 
0.2 -10.4423 5 -0.352039 -0.334061 -0.335845 -0.335729 -0.33574 -0.335739 -0.335739 -0.335739 -0.335739 -0.335739 -0.335739 -0.335739 -0.335738 -0.335684 -0.336973 -0.338284 -0.336973 -0.335684 -0.335738 -0.335739 -0.335739 -0.335739 -0.335739 -0.335739 -0.335739 -0.335739 -0.33574 -0.335729 -0.335845 -0.334061 -0.352039 
0.3 -10.4484 5 -0.35204 -0.334062 -0.335845 -0.33573 -0.33574 -0.33574 -0.33574 -0.33574 -0.33574 -0.33574 -0.33574 -0.335739 -0.335732 -0.335632 -0.338594 -0.341321 -0.338594 -0.335632 -0.335732 -0.335739 -0.33574 -0.33574 -0.33574 -0.33574 -0.33574 -0.33574 -0.33574 -0.33573 -0.335845 -0.334062 -0.352039 
0.4 -10.46 5 -0.35204 -0.334062 -0.335846 -0.33573 -0.335741 -0.33574 -0.33574 -0.33574 -0.33574 -0.33574 -0.33574 -0.335737 -0.335717 -0.335595 -0.341796 -0.346566 -0.341796 -0.335595 -0.335717 -0.335737 -0.33574 -0.33574 -0.33574 -0.33574 -0.33574 -0.33574 -0.335741 -0.33573 -0.335846 -0.334062 -0.35204 
0.5 -10.4763 5 -0.352041 -0.334062 -0.335846 -0.33573 -0.335741 -0.33574 -0.33574 -0.33574 -0.33574 -0.33574 -0.33574 -0.335733 -0.335684 -0.335824 -0.346585 -0.352945 -0.346586 -0.335824 -0.335684 -0.335733 -0.33574 -0.33574 -0.33574 -0.33574 -0.33574 -0.33574 -0.335741 -0.33573 -0.335846 -0.334062 -0.35204 
0.6 -10.4959 5 -0.352041 -0.334062 -0.335846 -0.33573 -0.335741 -0.33574 -0.33574 -0.33574 -0.33574 -0.33574 -0.335739 -0.335722 -0.335637 -0.336859 -0.352221 -0.359284 -0.352221 -0.33686 -0.335637 -0.335722 -0.335739 -0.33574 -0.33574 -0.33574 -0.33574 -0.33574 -0.335741 -0.33573 -0.335846 -0.334062 -0.35204 
0.7 -10.517 5 -0.352041 -0.334062 -0.335846 -0.33573 -0.335741 -0.33574 -0.33574 -0.33574 -0.33574 -0.33574 -0.335736 -0.335697 -0.335684 -0.339192 -0.357409 -0.365299 -0.357409 -0.339192 -0.335684 -0.335697 -0.335736 -0.33574 -0.33574 -0.33574 -0.33574 -0.33574 -0.335741 -0.33573 -0.335846 -0.334062 -0.35204 
0.8 -10.5385 5 -0.352041 -0.334062 -0.335846 -0.33573 -0.335741 -0.33574 -0.33574 -0.33574 -0.33574 -0.335739 -0.33573 -0.335649 -0.336192 -0.342745 -0.361286 -0.37106 -0.361286 -0.342745 -0.336192 -0.335649 -0.33573 -0.335739 -0.33574 -0.33574 -0.33574 -0.33574 -0.335741 -0.33573 -0.335846 -0.334062 -0.35204 
0.9 -10.5604 5 -0.35204 -0.334061 -0.335845 -0.33573 -0.33574 -0.33574 -0.33574 -0.33574 -0.335739 -0.335737 -0.335715 -0.335602 -0.337742 -0.346696 -0.364023 -0.376607 -0.364023 -0.346696 -0.337742 -0.335602 -0.335715 -0.335737 -0.335739 -0.33574 -0.33574 -0.33574 -0.33574 -0.33573 -0.335845 -0.334062 -0.35204 
1 -10.5823 5 -0.35204 -0.334061 -0.335845 -0.335729 -0.33574 -0.335739 -0.335739 -0.335739 -0.335739 -0.335734 -0.335682 -0.33574 -0.340645 -0.349868 -0.366145 -0.38193 -0.366146 -0.349868 -0.340646 -0.33574 -0.335682 -0.335734 -0.335739 -0.335739 -0.335739 -0.335739 -0.33574 -0.335729 -0.335845 -0.334061 -0.35204 
1.1 -10.6043 5 -0.35204 -0.334061 -0.335845 -0.335729 -0.33574 -0.335739 -0.335739 -0.335739 -0.335738 -0.335725 -0.335628 -0.336538 -0.344533 -0.351828 -0.368008 -0.387001 -0.368008 -0.351829 -0.344534 -0.336538 -0.335628 -0.335725 -0.335738 -0.335739 -0.335739 -0.335739 -0.33574 -0.335729 -0.335845 -0.334061 -0.352039 
1.2 -10.6264 6 -0.352039 -0.334061 -0.335845 -0.335729 -0.33574 -0.335739 -0.335739 -0.335739 -0.335736 -0.335705 -0.335615 -0.338543 -0.348317 -0.352976 -0.369785 -0.391773 -0.369786 -0.352976 -0.348317 -0.338543 -0.335615 -0.335705 -0.335736 -0.335739 -0.335739 -0.335739 -0.33574 -0.335729 -0.335845 -0.334061 -0.352039 
1.3 -10.6484 6 -0.352039 -0.334061 -0.335845 -0.335729 -0.33574 -0.335739 -0.335739 -0.335738 -0.335731 -0.335663 -0.33593 -0.341841 -0.350946 -0.353789 -0.371563 -0.396198 -0.371564 -0.35379 -0.350947 -0.341841 -0.33593 -0.335663 -0.335731 -0.335738 -0.335739 -0.335739 -0.33574 -0.335729 -0.335845 -0.334061 -0.352039 
1.4 -10.6705 7 -0.352039 -0.334061 -0.335845 -0.335729 -0.33574 -0.335739 -0.335739 -0.335738 -0.33572 -0.335609 -0.337126 -0.345774 -0.352346 -0.354543 -0.373385 -0.400229 -0.373386 -0.354543 -0.352346 -0.345774 -0.337126 -0.335609 -0.33572 -0.335738 -0.335739 -0.335739 -0.33574 -0.335729 -0.335845 -0.334061 -0.352039 
1.5 -10.6926 8 -0.352039 -0.334062 -0.335845 -0.33573 -0.33574 -0.33574 -0.335739 -0.335735 -0.335693 -0.335667 -0.339638 -0.349123 -0.353011 -0.355367 -0.37527 -0.403827 -0.37527 -0.355367 -0.353011 -0.349123 -0.339639 -0.335667 -0.335693 -0.335735 -0.335739 -0.33574 -0.33574 -0.33573 -0.335845 -0.334062 -0.352039 
1.6 -10.7146 8 -0.35204 -0.334062 -0.335846 -0.33573 -0.335741 -0.33574 -0.335739 -0.335729 -0.335643 -0.336234 -0.343293 -0.351148 -0.35335 -0.356325 -0.37722 -0.406965 -0.37722 -0.356325 -0.35335 -0.351149 -0.343293 -0.336234 -0.335643 -0.335729 -0.335739 -0.33574 -0.335741 -0.33573 -0.335846 -0.334062 -0.352039 
1.7 -10.7368 8 -0.35204 -0.334062 -0.335846 -0.33573 -0.335741 -0.33574 -0.335738 -0.335713 -0.335604 -0.337889 -0.347159 -0.352083 -0.353574 -0.357446 -0.379229 -0.409627 -0.379229 -0.357447 -0.353575 -0.352083 -0.347159 -0.337889 -0.335604 -0.335713 -0.335738 -0.33574 -0.335741 -0.33573 -0.335846 -0.334062 -0.352039 
1.8 -10.7589 8 -0.35204 -0.334062 -0.335846 -0.33573 -0.335741 -0.33574 -0.335734 -0.335678 -0.335787 -0.34088 -0.350047 -0.352432 -0.353792 -0.358741 -0.381284 -0.411809 -0.381284 -0.358741 -0.353793 -0.352432 -0.350047 -0.34088 -0.335787 -0.335678 -0.335734 -0.33574 -0.335741 -0.33573 -0.335846 -0.334062 -0.35204 
1.9 -10.7809 8 -0.352041 -0.334062 -0.335846 -0.33573 -0.335741 -0.335739 -0.335725 -0.335622 -0.336691 -0.344754 -0.351606 -0.352519 -0.354063 -0.360206 -0.383365 -0.413521 -0.383365 -0.360206 -0.354064 -0.352519 -0.351607 -0.344754 -0.336692 -0.335622 -0.335725 -0.335739 -0.335741 -0.33573 -0.335846 -0.334062 -0.35204 
2 -10.8031 9 -0.352041 -0.334062 -0.335846 -0.33573 -0.33574 -0.335736 -0.335703 -0.335625 -0.338843 -0.348367 -0.35226 -0.352504 -0.354422 -0.361834 -0.385449 -0.414782 -0.385449 -0.361834 -0.354422 -0.352504 -0.35226 -0.348367 -0.338843 -0.335625 -0.335703 -0.335736 -0.33574 -0.33573 -0.335846 -0.334062 -0.35204 
2.1 -10.8251 10 -0.352041 -0.334061 -0.335845 -0.33573 -0.33574 -0.335731 -0.335658 -0.336002 -0.342254 -0.350742 -0.352461 -0.35247 -0.35489 -0.363611 -0.387509 -0.415624 -0.387509 -0.363611 -0.354891 -0.35247 -0.352461 -0.350742 -0.342254 -0.336002 -0.335658 -0.335731 -0.33574 -0.33573 -0.335845 -0.334062 -0.35204 
2.2 -10.8472 10 -0.352041 -0.334061 -0.335845 -0.335729 -0.335738 -0.335718 -0.335606 -0.337322 -0.346186 -0.351896 -0.352459 -0.35246 -0.355483 -0.365519 -0.389518 -0.416085 -0.389518 -0.365519 -0.355483 -0.35246 -0.352459 -0.351896 -0.346186 -0.337322 -0.335606 -0.335718 -0.335738 -0.335729 -0.335845 -0.334061 -0.35204 
2.3 -10.8694 10 -0.35204 -0.334061 -0.335845 -0.335729 -0.335735 -0.335688 -0.335692 -0.339974 -0.349407 -0.35233 -0.352374 -0.352501 -0.356209 -0.367536 -0.391449 -0.41621 -0.391449 -0.367537 -0.356209 -0.352501 -0.352374 -0.352331 -0.349407 -0.339974 -0.335693 -0.335688 -0.335735 -0.335729 -0.335845 -0.334061 -0.35204 
2.4 -10.8914 11 -0.35204 -0.334061 -0.335845 -0.335728 -0.335727 -0.335636 -0.336347 -0.343704 -0.351285 -0.352422 -0.352268 -0.352609 -0.357073 -0.369641 -0.393277 -0.416048 -0.393277 -0.369641 -0.357073 -0.352609 -0.352268 -0.352423 -0.351285 -0.343705 -0.336347 -0.335636 -0.335727 -0.335728 -0.335845 -0.334061 -0.352039 
2.5 -10.9136 12 -0.352039 -0.334061 -0.335845 -0.335726 -0.33571 -0.335606 -0.338141 -0.347512 -0.352115 -0.352361 -0.352174 -0.352793 -0.358078 -0.371808 -0.39498 -0.41565 -0.394979 -0.371809 -0.358078 -0.352794 -0.352174 -0.352361 -0.352116 -0.347512 -0.338142 -0.335606 -0.33571 -0.335726 -0.335845 -0.334061 -0.352039 
2.6 -10.9356 13 -0.352039 -0.334061 -0.335845 -0.335723 -0.335673 -0.335836 -0.341261 -0.350251 -0.352391 -0.352239 -0.352109 -0.353063 -0.359222 -0.374013 -0.396538 -0.415069 -0.396538 -0.374014 -0.359222 -0.353063 -0.352109 -0.352239 -0.352391 -0.350252 -0.341261 -0.335836 -0.335673 -0.335723 -0.335845 -0.334061 -0.352039 
2.7 -10.9577 14 -0.352039 -0.334062 -0.335844 -0.335713 -0.335617 -0.336853 -0.345169 -0.351682 -0.352409 -0.352104 -0.352084 -0.353422 -0.3605 -0.376231 -0.397939 -0.414353 -0.397938 -0.376232 -0.3605 -0.353423 -0.352084 -0.352104 -0.352409 -0.351682 -0.345169 -0.336853 -0.335617 -0.335713 -0.335844 -0.334062 -0.352039 
2.8 -10.9798 15 -0.352039 -0.334062 -0.335842 -0.335689 -0.335639 -0.339148 -0.348683 -0.352258 -0.352314 -0.351979 -0.352105 -0.353876 -0.361904 -0.378436 -0.399173 -0.413547 -0.399172 -0.378437 -0.361903 -0.353876 -0.352105 -0.351979 -0.352315 -0.352259 -0.348684 -0.339149 -0.335639 -0.335689 -0.335842 -0.334062 -0.352039 
2.9 -11.0019 15 -0.352039 -0.334062 -0.335836 -0.335643 -0.336087 -0.342663 -0.350913 -0.352414 -0.352178 -0.351878 -0.352178 -0.354425 -0.363423 -0.380606 -0.400237 -0.412693 -0.400236 -0.380607 -0.363423 -0.354426 -0.352178 -0.351878 -0.352178 -0.352414 -0.350913 -0.342663 -0.336087 -0.335643 -0.335837 -0.334062 -0.352039 
3 -11.024 17 -0.35204 -0.33406 -0.335823 -0.335595 -0.337539 -0.346578 -0.351966 -0.352378 -0.352036 -0.351806 -0.352304 -0.355073 -0.365047 -0.382718 -0.401131 -0.411826 -0.401129 -0.382719 -0.365047 -0.355073 -0.352304 -0.351807 -0.352037 -0.352378 -0.351967 -0.346578 -0.337539 -0.335595 -0.335823 -0.33406 -0.352039 
3.1 -11.0461 18 -0.35204 -0.334057 -0.335791 -0.335716 -0.340329 -0.349668 -0.352349 -0.35226 -0.351908 -0.351768 -0.352486 -0.35582 -0.36676 -0.384752 -0.401861 -0.410973 -0.40186 -0.384754 -0.36676 -0.35582 -0.352486 -0.351768 -0.351908 -0.35226 -0.35235 -0.349668 -0.340329 -0.335716 -0.335791 -0.334057 -0.352039 
3.2 -11.0681 18 -0.352039 -0.334049 -0.335737 -0.336465 -0.344126 -0.351411 -0.352416 -0.352117 -0.351801 -0.351764 -0.352726 -0.356667 -0.368546 -0.38669 -0.402438 -0.410157 -0.402436 -0.386692 -0.368547 -0.356667 -0.352726 -0.351764 -0.351801 -0.352117 -0.352416 -0.351412 -0.344126 -0.336465 -0.335737 -0.334049 -0.352039 
3.3 -11.0903 19 -0.352038 -0.334029 -0.335717 -0.338401 -0.347866 -0.352162 -0.352341 -0.351975 -0.35172 -0.351794 -0.353026 -0.357614 -0.370389 -0.388516 -0.402875 -0.409392 -0.402873 -0.388518 -0.370389 -0.357614 -0.353027 -0.351794 -0.35172 -0.351975 -0.352341 -0.352162 -0.347866 -0.338401 -0.335717 -0.334029 -0.352037 
3.4 -11.1123 20 -0.352034 -0.333989 -0.336001 -0.341642 -0.35046 -0.352399 -0.352208 -0.35185 -0.351666 -0.351857 -0.35339 -0.358661 -0.372269 -0.390217 -0.403187 -0.408688 -0.403184 -0.390219 -0.372269 -0.35866 -0.35339 -0.351857 -0.351667 -0.35185 -0.352209 -0.352399 -0.35046 -0.341642 -0.336001 -0.333989 -0.352033 
3.5 -11.1345 21 -0.352023 -0.333934 -0.337135 -0.34557 -0.351775 -0.352399 -0.352063 -0.351746 -0.351638 -0.351953 -0.353819 -0.359805 -0.374167 -0.391784 -0.403393 -0.40805 -0.40339 -0.391785 -0.374168 -0.359804 -0.353819 -0.351953 -0.351639 -0.351747 -0.352063 -0.352399 -0.351775 -0.34557 -0.337135 -0.333934 -0.352022 
3.6 -11.1566 22 -0.351999 -0.333979 -0.339575 -0.348974 -0.35229 -0.352295 -0.351925 -0.351668 -0.351634 -0.352081 -0.354317 -0.361044 -0.376065 -0.393209 -0.40351 -0.407476 -0.403506 -0.39321 -0.376067 -0.361044 -0.354317 -0.352081 -0.351635 -0.351668 -0.351925 -0.352296 -0.352291 -0.348974 -0.339575 -0.333979 -0.351998 
3.7 -11.1786 24 -0.351954 -0.334502 -0.343183 -0.351059 -0.352418 -0.352155 -0.351806 -0.351614 -0.351652 -0.352243 -0.354887 -0.362375 -0.377943 -0.394489 -0.403557 -0.406963 -0.403553 -0.39449 -0.377945 -0.362373 -0.354888 -0.352243 -0.351652 -0.351614 -0.351806 -0.352155 -0.352418 -0.351059 -0.343183 -0.334503 -0.351953 
3.8 -11.2008 26 -0.351924 -0.336082 -0.347064 -0.352018 -0.352369 -0.35201 -0.35171 -0.351581 -0.351688 -0.35244 -0.355534 -0.363789 -0.379783 -0.395624 -0.403551 -0.406506 -0.403547 -0.395625 -0.379785 -0.363788 -0.355535 -0.35244 -0.351689 -0.351582 -0.35171 -0.35201 -0.352369 -0.352018 -0.347064 -0.336082 -0.351924 
3.9 -11.223 27 -0.35212 -0.338991 -0.350011 -0.352353 -0.352246 -0.351878 -0.351638 -0.351569 -0.351743 -0.352675 -0.356259 -0.365281 -0.381568 -0.396616 -0.403509 -0.406098 -0.403505 -0.396617 -0.38157 -0.365279 -0.356261 -0.352674 -0.351744 -0.351569 -0.351638 -0.351878 -0.352246 -0.352353 -0.350012 -0.338991 -0.35212 
4 -11.2452 27 -0.353045 -0.342807 -0.351616 -0.352396 -0.3521 -0.351766 -0.351588 -0.351571 -0.351814 -0.352952 -0.357067 -0.366838 -0.383281 -0.397471 -0.403445 -0.405731 -0.403441 -0.397472 -0.383284 -0.366836 -0.357068 -0.352951 -0.351815 -0.351572 -0.351588 -0.351767 -0.3521 -0.352396 -0.351617 -0.342807 -0.353045 
4.1 -11.2675 29 -0.355207 -0.346395 -0.352281 -0.352308 -0.351958 -0.351678 -0.351558 -0.351587 -0.351903 -0.353275 -0.357957 -0.368451 -0.38491 -0.398198 -0.40337 -0.405397 -0.403366 -0.398198 -0.384913 -0.368448 -0.357958 -0.353273 -0.351904 -0.351587 -0.351558 -0.351679 -0.351958 -0.352308 -0.352281 -0.346396 -0.355208 
4.2 -11.2886 32 -0.358549 -0.348714 -0.352466 -0.352169 -0.351832 -0.351614 -0.351545 -0.351613 -0.35201 -0.353649 -0.35893 -0.370105 -0.386443 -0.398805 -0.403294 -0.405091 -0.40329 -0.398805 -0.386446 -0.370102 -0.358932 -0.353647 -0.352011 -0.351613 -0.351545 -0.351614 -0.351832 -0.352169 -0.352466 -0.348714 -0.358549 
4.3 -11.3072 33 -0.362163 -0.349693 -0.352426 -0.352018 -0.351728 -0.351571 -0.351544 -0.351646 -0.352137 -0.354079 -0.359985 -0.371785 -0.38787 -0.399305 -0.403222 -0.404808 -0.403219 -0.399305 -0.387874 -0.371783 -0.359987 -0.354078 -0.352138 -0.351647 -0.351544 -0.351571 -0.351728 -0.352019 -0.352426 -0.349693 -0.362164 
4.4 -11.3213 35 -0.364514 -0.349787 -0.352276 -0.351877 -0.351647 -0.351546 -0.351551 -0.351687 -0.352289 -0.354571 -0.361119 -0.373477 -0.389187 -0.39971 -0.40316 -0.404544 -0.403157 -0.399709 -0.389191 -0.373475 -0.361121 -0.354569 -0.352289 -0.351688 -0.351551 -0.351546 -0.351647 -0.351877 -0.352277 -0.349788 -0.364514 
4.5 -11.3302 36 -0.364717 -0.349357 -0.352067 -0.351753 -0.351587 -0.351535 -0.351565 -0.351736 -0.352468 -0.355129 -0.362327 -0.375164 -0.390389 -0.400033 -0.403108 -0.404298 -0.403106 -0.400032 -0.390393 -0.375162 -0.362329 -0.355128 -0.352469 -0.351737 -0.351565 -0.351535 -0.351588 -0.351753 -0.352067 -0.349358 -0.364718 
4.6 -11.3348 39 -0.363143 -0.348594 -0.351813 -0.351649 -0.351548 -0.351534 -0.351583 -0.351793 -0.35268 -0.355757 -0.363604 -0.376831 -0.391477 -0.400287 -0.403066 -0.404068 -0.403065 -0.400285 -0.39148 -0.376829 -0.363607 -0.355756 -0.35268 -0.351794 -0.351583 -0.351535 -0.351548 -0.35165 -0.351814 -0.348594 -0.363143 
4.7 -11.3369 41 -0.360564 -0.34761 -0.351515 -0.351565 -0.351523 -0.35154 -0.351603 -0.351861 -0.352928 -0.356458 -0.364943 -0.378462 -0.392451 -0.400484 -0.403034 -0.403857 -0.403034 -0.400482 -0.392454 -0.378461 -0.364945 -0.356456 -0.352928 -0.351862 -0.351603 -0.35154 -0.351523 -0.351566 -0.351515 -0.347611 -0.360565 
4.8 -11.3379 44 -0.357543 -0.346491 -0.351161 -0.351497 -0.351509 -0.35155 -0.351626 -0.351942 -0.353218 -0.357234 -0.366334 -0.380044 -0.393316 -0.400636 -0.403009 -0.403664 -0.403009 -0.400633 -0.393319 -0.380043 -0.366335 -0.357232 -0.353218 -0.351943 -0.351625 -0.35155 -0.35151 -0.351497 -0.351161 -0.346491 -0.357544 
4.9 -11.3383 46 -0.35437 -0.345306 -0.350738 -0.351436 -0.351502 -0.35156 -0.351651 -0.352038 -0.353554 -0.358084 -0.367767 -0.381563 -0.394078 -0.400752 -0.402987 -0.403493 -0.402988 -0.400749 -0.39408 -0.381563 -0.367769 -0.358083 -0.353554 -0.35204 -0.35165 -0.351561 -0.351502 -0.351436 -0.350738 -0.345307 -0.354371 
5 -11.3384 49 -0.351167 -0.344122 -0.35023 -0.351376 -0.351497 -0.351571 -0.35168 -0.352155 -0.353941 -0.359009 -0.369232 -0.383009 -0.394744 -0.400842 -0.402966 -0.403345 -0.402968 -0.400838 -0.394746 -0.383009 -0.369233 -0.359008 -0.35394 -0.352157 -0.351679 -0.351571 -0.351497 -0.351376 -0.35023 -0.344122 -0.351167 
5.1 -11.3385 51 -0.347973 -0.342993 -0.349625 -0.351307 -0.35149 -0.35158 -0.351714 -0.352295 -0.354382 -0.360005 -0.370718 -0.384372 -0.395322 -0.400912 -0.402944 -0.403221 -0.402946 -0.400907 -0.395324 -0.384374 -0.370719 -0.360005 -0.354381 -0.352297 -0.351713 -0.35158 -0.351491 -0.351307 -0.349625 -0.342993 -0.347974 
5.2 -11.3385 53 -0.344794 -0.341967 -0.348912 -0.351218 -0.351478 -0.351588 -0.351756 -0.352462 -0.354882 -0.36107 -0.372212 -0.385648 -0.395823 -0.400967 -0.402917 -0.403122 -0.402921 -0.400962 -0.395824 -0.385649 -0.372212 -0.36107 -0.354879 -0.352465 -0.351755 -0.351588 -0.351479 -0.351218 -0.348913 -0.341967 -0.344794 
5.3 -11.3385 56 -0.341622 -0.34108 -0.348087 -0.3511 -0.351458 -0.351596 -0.351806 -0.352659 -0.355442 -0.362199 -0.373702 -0.38683 -0.396255 -0.401012 -0.402886 -0.40305 -0.40289 -0.401007 -0.396255 -0.386832 -0.373702 -0.362199 -0.355439 -0.352662 -0.351806 -0.351596 -0.351459 -0.3511 -0.348088 -0.34108 -0.341623 
5.4 -11.3385 59 -0.338452 -0.340356 -0.34715 -0.350941 -0.351427 -0.351603 -0.351869 -0.352891 -0.356065 -0.363384 -0.375176 -0.387917 -0.396628 -0.40105 -0.402849 -0.403002 -0.402854 -0.401045 -0.396628 -0.38792 -0.375175 -0.363385 -0.356062 -0.352895 -0.351868 -0.351602 -0.351428 -0.350941 -0.347151 -0.340356 -0.338452 
5.5 -11.3385 62 -0.335278 -0.339808 -0.346108 -0.350732 -0.351384 -0.35161 -0.351946 -0.353161 -0.356753 -0.36462 -0.376623 -0.388909 -0.396951 -0.401082 -0.402807 -0.402977 -0.402813 -0.401077 -0.39695 -0.388913 -0.376622 -0.364622 -0.35675 -0.353165 -0.351945 -0.351609 -0.351385 -0.350731 -0.346108 -0.339808 -0.335279 
5.6 -11.3385 64 -0.332103 -0.339431 -0.344974 -0.350462 -0.351325 -0.351618 -0.352039 -0.353473 -0.357507 -0.365898 -0.378031 -0.389809 -0.397232 -0.401109 -0.402761 -0.402973 -0.402768 -0.401103 -0.397231 -0.389813 -0.37803 -0.3659 -0.357503 -0.353477 -0.352038 -0.351617 -0.351327 -0.350462 -0.344975 -0.339431 -0.332104 
5.7 -11.3385 69 -0.328933 -0.339214 -0.343769 -0.350125 -0.351249 -0.351627 -0.352151 -0.35383 -0.358326 -0.367209 -0.379391 -0.39062 -0.397479 -0.40113 -0.402714 -0.402986 -0.40272 -0.401125 -0.397477 -0.390625 -0.37939 -0.367212 -0.358321 -0.353833 -0.35215 -0.351626 -0.351251 -0.350124 -0.34377 -0.339214 -0.328934 
5.8 -11.3385 72 -0.325779 -0.339129 -0.342519 -0.349711 -0.351153 -0.351638 -0.352284 -0.354234 -0.359209 -0.368543 -0.380695 -0.391348 -0.397698 -0.401146 -0.402666 -0.403013 -0.402673 -0.401141 -0.397696 -0.391352 -0.380694 -0.368546 -0.359204 -0.354238 -0.352283 -0.351637 -0.351155 -0.34971 -0.34252 -0.339129 -0.32578 
