time energy SvN bondDim localEnergy 
0 -12.7147 0.188175 2 4 8 10 10 10 10 10 10 10 10 10 10 10 10 10 10 10 10 10 10 10 10 10 10 10 10 10 8 4 2 -0.491956 -0.377379 -0.414347 -0.403258 -0.406913 -0.405785 -0.406153 -0.406038 -0.406076 -0.406064 -0.406068 -0.406066 -0.406067 -0.406067 -0.406067 -0.406067 -0.406067 -0.406067 -0.406067 -0.406066 -0.406068 -0.406064 -0.406076 -0.406038 -0.406153 -0.405785 -0.406913 -0.403258 -0.414347 -0.377379 -0.491956 
0.1 -12.7147 0.188175 2 4 8 10 10 10 10 10 10 10 10 10 10 10 10 10 10 10 10 10 10 10 10 10 10 10 10 10 8 4 2 -0.491956 -0.377379 -0.414347 -0.403258 -0.406913 -0.405785 -0.406153 -0.406038 -0.406076 -0.406064 -0.406068 -0.406066 -0.406067 -0.406067 -0.406067 -0.406067 -0.406067 -0.406067 -0.406067 -0.406066 -0.406068 -0.406064 -0.406076 -0.406038 -0.406153 -0.405785 -0.406913 -0.403258 -0.414347 -0.377379 -0.491956 
0.2 -12.7147 0.188175 2 4 8 10 10 10 10 10 10 10 10 10 10 10 10 10 10 10 10 10 10 10 10 10 10 10 10 10 8 4 2 -0.491956 -0.377379 -0.414347 -0.403258 -0.406913 -0.405785 -0.406153 -0.406038 -0.406076 -0.406064 -0.406068 -0.406066 -0.406067 -0.406067 -0.406067 -0.406067 -0.406067 -0.406067 -0.406067 -0.406066 -0.406068 -0.406064 -0.406076 -0.406038 -0.406153 -0.405785 -0.406913 -0.403258 -0.414347 -0.377379 -0.491956 
0.3 -12.7147 0.188175 2 4 8 10 10 10 10 10 10 10 10 10 10 10 10 10 10 10 10 10 10 10 10 10 10 10 10 10 8 4 2 -0.491956 -0.377379 -0.414347 -0.403258 -0.406913 -0.405785 -0.406153 -0.406038 -0.406076 -0.406064 -0.406068 -0.406066 -0.406067 -0.406067 -0.406067 -0.406067 -0.406067 -0.406067 -0.406067 -0.406066 -0.406068 -0.406064 -0.406076 -0.406038 -0.406153 -0.405785 -0.406913 -0.403258 -0.414347 -0.377379 -0.491956 
0.4 -12.7147 0.188175 2 4 8 10 10 10 10 10 10 10 10 10 10 10 10 10 10 10 10 10 10 10 10 10 10 10 10 10 8 4 2 -0.491956 -0.377379 -0.414347 -0.403258 -0.406913 -0.405785 -0.406153 -0.406038 -0.406076 -0.406064 -0.406068 -0.406066 -0.406067 -0.406067 -0.406067 -0.406067 -0.406067 -0.406067 -0.406067 -0.406066 -0.406068 -0.406064 -0.406076 -0.406038 -0.406153 -0.405785 -0.406913 -0.403258 -0.414347 -0.377379 -0.491956 
0.5 -12.7147 0.188175 2 4 8 10 10 10 10 10 10 10 10 10 10 10 10 10 10 10 10 10 10 10 10 10 10 10 10 10 8 4 2 -0.491956 -0.377379 -0.414347 -0.403258 -0.406913 -0.405785 -0.406153 -0.406038 -0.406076 -0.406064 -0.406068 -0.406066 -0.406067 -0.406067 -0.406067 -0.406067 -0.406067 -0.406067 -0.406067 -0.406066 -0.406068 -0.406064 -0.406076 -0.406038 -0.406153 -0.405785 -0.406913 -0.403258 -0.414347 -0.377379 -0.491956 
0.6 -12.7147 0.188176 2 4 8 10 10 10 10 10 10 10 10 10 10 10 10 10 10 10 10 10 10 10 10 10 10 10 10 10 8 4 2 -0.491956 -0.377379 -0.414347 -0.403258 -0.406913 -0.405785 -0.406153 -0.406038 -0.406076 -0.406064 -0.406068 -0.406066 -0.406067 -0.406067 -0.406067 -0.406067 -0.406067 -0.406067 -0.406067 -0.406066 -0.406068 -0.406064 -0.406076 -0.406038 -0.406153 -0.405785 -0.406913 -0.403258 -0.414347 -0.377379 -0.491956 
0.7 -12.7147 0.188186 2 4 8 10 10 10 10 10 10 10 10 10 10 10 10 10 10 10 10 10 10 10 10 10 10 10 10 10 8 4 2 -0.491956 -0.377379 -0.414347 -0.403258 -0.406913 -0.405785 -0.406153 -0.406038 -0.406076 -0.406064 -0.406068 -0.406066 -0.406067 -0.406066 -0.406069 -0.406072 -0.406069 -0.406066 -0.406067 -0.406066 -0.406068 -0.406064 -0.406076 -0.406038 -0.406153 -0.405785 -0.406913 -0.403258 -0.414347 -0.377379 -0.491956 
0.8 -12.7147 0.188255 2 4 8 10 10 10 10 10 10 10 10 10 10 10 10 10 10 10 10 10 10 10 10 10 10 10 10 10 8 4 2 -0.491956 -0.377379 -0.414347 -0.403258 -0.406913 -0.405785 -0.406153 -0.406038 -0.406076 -0.406064 -0.406068 -0.406066 -0.406067 -0.40606 -0.40608 -0.406107 -0.40608 -0.40606 -0.406067 -0.406066 -0.406068 -0.406064 -0.406076 -0.406038 -0.406153 -0.405785 -0.406913 -0.403258 -0.414347 -0.377379 -0.491956 
0.9 -12.715 0.188727 2 4 8 10 10 10 10 10 10 10 10 10 10 10 10 10 10 10 10 10 10 10 10 10 10 10 10 10 8 4 2 -0.491956 -0.377379 -0.414347 -0.403258 -0.406913 -0.405785 -0.406153 -0.406038 -0.406076 -0.406064 -0.406068 -0.406066 -0.406067 -0.406019 -0.406154 -0.406328 -0.406154 -0.406019 -0.406067 -0.406066 -0.406068 -0.406064 -0.406076 -0.406038 -0.406153 -0.405785 -0.406913 -0.403258 -0.414347 -0.377379 -0.491956 
1 -12.716 0.191001 2 4 8 10 10 10 10 10 10 10 10 10 10 10 10 10 10 10 10 10 10 10 10 10 10 10 10 10 8 4 2 -0.491956 -0.377379 -0.414347 -0.403258 -0.406913 -0.405785 -0.406153 -0.406038 -0.406076 -0.406064 -0.406068 -0.406066 -0.406065 -0.405822 -0.40644 -0.40711 -0.40644 -0.405822 -0.406065 -0.406066 -0.406068 -0.406064 -0.406076 -0.406038 -0.406153 -0.405785 -0.406913 -0.403258 -0.414347 -0.377379 -0.491956 
1.1 -12.7174 0.197193 2 4 8 10 10 10 10 10 10 10 10 10 10 10 10 10 10 10 10 10 10 10 10 10 10 10 10 10 8 4 2 -0.491956 -0.377379 -0.414347 -0.403258 -0.406913 -0.405785 -0.406153 -0.406038 -0.406076 -0.406064 -0.406068 -0.406065 -0.406054 -0.405305 -0.407018 -0.408458 -0.407018 -0.405305 -0.406054 -0.406065 -0.406068 -0.406064 -0.406076 -0.406038 -0.406153 -0.405785 -0.406913 -0.403258 -0.414347 -0.377379 -0.491956 
1.2 -12.7194 0.20833 2 4 8 10 10 10 10 10 10 10 10 10 10 10 10 10 10 10 10 10 10 10 10 10 10 10 10 10 8 4 2 -0.491956 -0.377379 -0.414347 -0.403258 -0.406913 -0.405785 -0.406153 -0.406038 -0.406076 -0.406064 -0.406068 -0.406062 -0.405982 -0.404508 -0.407878 -0.410457 -0.407878 -0.404508 -0.405982 -0.406062 -0.406068 -0.406064 -0.406076 -0.406038 -0.406153 -0.405785 -0.406913 -0.403258 -0.414347 -0.377379 -0.491956 
1.3 -12.7213 0.22407 2 4 8 10 10 10 10 10 10 10 10 10 10 10 10 10 10 10 10 10 10 10 10 10 10 10 10 10 8 4 2 -0.491956 -0.377379 -0.414347 -0.403258 -0.406913 -0.405785 -0.406153 -0.406038 -0.406076 -0.406064 -0.406067 -0.406051 -0.405696 -0.403737 -0.408661 -0.41294 -0.408661 -0.403737 -0.405696 -0.406051 -0.406067 -0.406064 -0.406076 -0.406038 -0.406153 -0.405785 -0.406913 -0.403258 -0.414347 -0.377379 -0.491956 
1.4 -12.7231 0.243597 2 4 8 10 10 10 10 10 10 10 10 10 10 10 10 10 10 10 10 10 10 10 10 10 10 10 10 10 8 4 2 -0.491956 -0.377379 -0.414347 -0.403258 -0.406913 -0.405785 -0.406153 -0.406038 -0.406076 -0.406064 -0.406066 -0.406013 -0.405076 -0.403251 -0.409419 -0.415543 -0.409419 -0.403251 -0.405076 -0.406013 -0.406066 -0.406064 -0.406076 -0.406038 -0.406153 -0.405785 -0.406913 -0.403258 -0.414347 -0.377379 -0.491956 
1.5 -12.7253 0.266007 2 4 8 10 10 10 10 10 10 10 10 10 10 10 10 10 10 10 10 10 10 10 10 10 10 10 10 10 8 4 2 -0.491956 -0.377379 -0.414347 -0.403258 -0.406913 -0.405785 -0.406153 -0.406038 -0.406076 -0.406063 -0.406061 -0.405857 -0.404283 -0.403023 -0.41042 -0.418075 -0.41042 -0.403023 -0.404283 -0.405857 -0.406061 -0.406063 -0.406076 -0.406038 -0.406153 -0.405785 -0.406913 -0.403258 -0.414347 -0.377379 -0.491956 
1.6 -12.7272 0.290448 2 4 8 10 10 10 10 10 10 10 10 10 10 10 10 10 10 10 10 10 10 10 10 10 10 10 10 10 8 4 2 -0.491956 -0.377379 -0.414347 -0.403258 -0.406913 -0.405785 -0.406153 -0.406038 -0.406076 -0.406063 -0.406045 -0.405412 -0.403612 -0.402726 -0.411586 -0.420479 -0.411586 -0.402726 -0.403612 -0.405412 -0.406045 -0.406063 -0.406076 -0.406038 -0.406153 -0.405785 -0.406913 -0.403258 -0.414347 -0.377379 -0.491956 
1.7 -12.7292 0.316186 2 4 8 10 10 10 10 10 10 10 10 10 10 10 10 10 10 10 10 10 10 10 10 10 10 10 10 10 8 4 2 -0.491956 -0.377379 -0.414347 -0.403258 -0.406913 -0.405785 -0.406153 -0.406038 -0.406075 -0.40606 -0.405982 -0.404637 -0.403255 -0.402638 -0.412782 -0.422728 -0.412782 -0.402638 -0.403255 -0.404637 -0.405982 -0.40606 -0.406075 -0.406038 -0.406153 -0.405785 -0.406913 -0.403258 -0.414347 -0.377379 -0.491956 
1.8 -12.7314 0.342638 2 4 8 10 10 10 10 10 10 10 10 10 10 10 10 10 10 10 10 10 10 10 10 10 10 10 10 10 8 4 2 -0.491956 -0.377379 -0.414347 -0.403258 -0.406913 -0.405785 -0.406153 -0.406038 -0.406075 -0.406051 -0.40574 -0.403787 -0.402965 -0.402891 -0.413969 -0.424795 -0.413969 -0.402891 -0.402965 -0.403787 -0.40574 -0.406051 -0.406075 -0.406038 -0.406153 -0.405785 -0.406913 -0.403258 -0.414347 -0.377379 -0.491956 
1.9 -12.7333 0.369374 2 4 8 10 10 10 10 10 10 10 10 10 10 10 10 10 10 10 10 10 10 10 10 10 10 10 10 10 8 4 2 -0.491956 -0.377379 -0.414347 -0.403258 -0.406913 -0.405785 -0.406153 -0.406038 -0.406074 -0.406024 -0.405165 -0.40313 -0.402585 -0.403366 -0.415142 -0.426665 -0.415142 -0.403366 -0.402585 -0.40313 -0.405165 -0.406024 -0.406074 -0.406038 -0.406153 -0.405785 -0.406913 -0.403258 -0.414347 -0.377379 -0.491956 
2 -12.7355 0.396103 2 4 8 10 10 10 10 10 10 10 10 10 10 10 10 10 10 10 10 10 10 10 10 10 10 10 10 10 8 4 2 -0.491956 -0.377379 -0.414347 -0.403258 -0.406913 -0.405785 -0.406153 -0.406038 -0.406069 -0.405914 -0.404329 -0.402742 -0.402446 -0.40397 -0.416296 -0.428321 -0.416296 -0.40397 -0.402446 -0.402742 -0.404329 -0.405914 -0.406069 -0.406038 -0.406153 -0.405785 -0.406913 -0.403258 -0.414347 -0.377379 -0.491956 
2.1 -12.7375 0.422648 2 4 8 10 10 10 10 10 10 10 10 10 10 10 10 10 10 10 10 10 10 10 10 10 10 10 10 10 8 4 2 -0.491956 -0.377379 -0.414347 -0.403258 -0.406913 -0.405785 -0.406153 -0.406037 -0.406057 -0.405559 -0.403524 -0.402246 -0.402552 -0.404688 -0.417429 -0.429755 -0.417429 -0.404688 -0.402552 -0.402246 -0.403524 -0.405559 -0.406057 -0.406037 -0.406153 -0.405785 -0.406913 -0.403258 -0.414347 -0.377379 -0.491956 
2.2 -12.7395 0.448914 2 4 8 10 10 10 10 10 10 10 10 10 10 10 10 10 10 10 10 10 10 10 10 10 10 10 10 10 8 4 2 -0.491956 -0.377379 -0.414347 -0.403258 -0.406913 -0.405785 -0.406153 -0.406035 -0.406012 -0.404855 -0.402985 -0.401765 -0.402771 -0.405519 -0.418535 -0.430961 -0.418536 -0.405519 -0.402771 -0.401765 -0.402985 -0.404855 -0.406012 -0.406035 -0.406153 -0.405785 -0.406913 -0.403258 -0.414347 -0.377379 -0.491956 
2.3 -12.7418 0.474856 2 4 8 10 10 10 10 10 10 10 10 10 10 10 10 10 10 10 10 10 10 10 10 10 10 10 10 10 8 4 2 -0.491956 -0.377379 -0.414347 -0.403258 -0.406913 -0.405785 -0.406153 -0.406029 -0.405833 -0.403992 -0.402604 -0.40154 -0.403052 -0.406458 -0.419609 -0.431939 -0.419609 -0.406458 -0.403052 -0.40154 -0.402604 -0.403992 -0.405833 -0.406029 -0.406153 -0.405785 -0.406913 -0.403258 -0.414347 -0.377379 -0.491956 
2.4 -12.7437 0.500453 2 4 8 10 10 10 10 10 10 10 10 10 10 10 10 10 10 10 10 10 10 10 10 10 10 10 10 10 8 4 2 -0.491956 -0.377379 -0.414347 -0.403258 -0.406913 -0.405785 -0.406152 -0.406009 -0.40535 -0.403255 -0.402056 -0.401482 -0.403394 -0.407499 -0.420644 -0.432693 -0.420644 -0.407499 -0.403394 -0.401482 -0.402056 -0.403255 -0.40535 -0.406009 -0.406152 -0.405785 -0.406913 -0.403258 -0.414347 -0.377379 -0.491956 
2.5 -12.7458 0.525692 2 4 8 10 10 10 10 10 10 10 10 10 10 10 10 10 10 10 10 10 10 10 10 10 10 10 10 10 8 4 2 -0.491956 -0.377379 -0.414347 -0.403258 -0.406913 -0.405785 -0.406149 -0.405933 -0.40455 -0.402808 -0.401649 -0.401481 -0.403803 -0.408633 -0.421632 -0.433231 -0.421632 -0.408633 -0.403803 -0.401481 -0.401649 -0.402808 -0.40455 -0.405933 -0.406149 -0.405785 -0.406913 -0.403258 -0.414347 -0.377379 -0.491956 
2.6 -12.7479 0.550557 2 4 8 10 10 10 10 10 10 10 10 10 10 10 10 10 10 10 10 10 10 10 10 10 10 10 10 10 8 4 2 -0.491956 -0.377379 -0.414347 -0.403258 -0.406913 -0.405785 -0.406139 -0.405659 -0.403706 -0.402348 -0.401476 -0.401513 -0.404286 -0.409848 -0.422566 -0.433563 -0.422566 -0.409848 -0.404286 -0.401513 -0.401476 -0.402348 -0.403706 -0.405659 -0.406139 -0.405785 -0.406913 -0.403258 -0.414347 -0.377379 -0.491956 
2.7 -12.7498 0.575026 2 4 8 10 10 10 10 10 10 10 10 10 10 10 10 10 10 10 10 10 10 10 10 10 10 10 10 10 8 4 2 -0.491956 -0.377379 -0.414347 -0.403258 -0.406913 -0.405783 -0.406108 -0.405043 -0.403075 -0.401793 -0.401408 -0.401585 -0.404846 -0.411128 -0.423439 -0.433707 -0.423439 -0.411128 -0.404846 -0.401585 -0.401408 -0.401793 -0.403075 -0.405043 -0.406108 -0.405783 -0.406913 -0.403258 -0.414347 -0.377379 -0.491956 
2.8 -12.7521 0.599083 2 4 8 10 10 10 10 10 10 10 10 10 10 10 10 10 10 10 10 10 10 10 10 10 10 10 10 10 8 4 2 -0.491956 -0.377379 -0.414347 -0.403258 -0.406913 -0.405778 -0.405981 -0.40419 -0.402685 -0.401457 -0.401364 -0.401704 -0.405485 -0.41246 -0.424243 -0.433678 -0.424243 -0.41246 -0.405485 -0.401704 -0.401364 -0.401457 -0.402685 -0.40419 -0.405981 -0.405778 -0.406913 -0.403258 -0.414347 -0.377379 -0.491956 
2.9 -12.754 0.622716 2 4 8 10 10 10 10 10 10 10 10 10 10 10 10 10 10 10 10 10 10 10 10 10 10 10 10 10 8 4 2 -0.491956 -0.377379 -0.414347 -0.403258 -0.406912 -0.405764 -0.40559 -0.403395 -0.402148 -0.401308 -0.401337 -0.401879 -0.406205 -0.413824 -0.424975 -0.433498 -0.424975 -0.413824 -0.406205 -0.401879 -0.401337 -0.401308 -0.402149 -0.403395 -0.40559 -0.405764 -0.406912 -0.403258 -0.414347 -0.377379 -0.491956 
3 -12.7561 0.64593 2 4 8 10 10 10 10 10 10 10 10 10 10 10 11 11 11 10 10 10 10 10 10 10 10 10 10 10 8 4 2 -0.491956 -0.377379 -0.414347 -0.403258 -0.40691 -0.405712 -0.404855 -0.402876 -0.401655 -0.401214 -0.401332 -0.402116 -0.407002 -0.415203 -0.425628 -0.433187 -0.425628 -0.415203 -0.407002 -0.402116 -0.401332 -0.401214 -0.401655 -0.402876 -0.404855 -0.405712 -0.40691 -0.403258 -0.414347 -0.377379 -0.491956 
3.1 -12.7583 0.668747 2 4 8 10 10 10 10 10 10 10 10 10 10 10 11 11 11 10 10 10 10 10 10 10 10 10 10 10 8 4 2 -0.491956 -0.377379 -0.414347 -0.403257 -0.406902 -0.405508 -0.403994 -0.402467 -0.401401 -0.40113 -0.401355 -0.40242 -0.407872 -0.41658 -0.426201 -0.43277 -0.426201 -0.41658 -0.407872 -0.40242 -0.401355 -0.40113 -0.401401 -0.402467 -0.403994 -0.405508 -0.406902 -0.403257 -0.414347 -0.377379 -0.491956 
3.2 -12.7602 0.691205 2 4 8 10 10 10 10 10 10 10 10 10 10 11 12 13 12 11 10 10 10 10 10 10 10 10 10 10 8 4 2 -0.491956 -0.377379 -0.414347 -0.403256 -0.40688 -0.404987 -0.403283 -0.401895 -0.40128 -0.401055 -0.401411 -0.402796 -0.40881 -0.417936 -0.426692 -0.432268 -0.426692 -0.417936 -0.40881 -0.402796 -0.401411 -0.401055 -0.40128 -0.401895 -0.403283 -0.404987 -0.40688 -0.403256 -0.414347 -0.377379 -0.491956 
3.3 -12.7624 0.713357 2 4 8 10 10 10 10 10 10 10 10 10 10 11 13 13 13 11 10 10 10 10 10 10 10 10 10 10 8 4 2 -0.491956 -0.377379 -0.414347 -0.403253 -0.406792 -0.404167 -0.402858 -0.401487 -0.401185 -0.400994 -0.401505 -0.403245 -0.409808 -0.419255 -0.427101 -0.431703 -0.427101 -0.419255 -0.409808 -0.403246 -0.401505 -0.400994 -0.401185 -0.401487 -0.402858 -0.404167 -0.406792 -0.403253 -0.414347 -0.377379 -0.491956 
3.4 -12.7645 0.735262 2 4 8 10 10 10 10 10 10 10 10 10 11 13 13 14 13 13 11 10 10 10 10 10 10 10 10 10 8 4 2 -0.491956 -0.377379 -0.414347 -0.403242 -0.406486 -0.403335 -0.402371 -0.401296 -0.401094 -0.400952 -0.401642 -0.40377 -0.410857 -0.420522 -0.427431 -0.431098 -0.427431 -0.420522 -0.410857 -0.40377 -0.401642 -0.400952 -0.401094 -0.401296 -0.402371 -0.403335 -0.406486 -0.403242 -0.414347 -0.377379 -0.491956 
3.5 -12.7664 0.756979 2 4 8 10 10 10 10 10 10 10 10 10 11 13 15 15 15 13 11 10 10 10 10 10 10 10 10 10 8 4 2 -0.491956 -0.377379 -0.414345 -0.403206 -0.405832 -0.402737 -0.401825 -0.401187 -0.401011 -0.400932 -0.401825 -0.404368 -0.411947 -0.421723 -0.427686 -0.430472 -0.427686 -0.421723 -0.411947 -0.404368 -0.401825 -0.400932 -0.401011 -0.401187 -0.401825 -0.402737 -0.405832 -0.403206 -0.414345 -0.377379 -0.491956 
3.6 -12.7686 0.77856 2 4 8 10 10 10 10 10 10 10 10 10 12 13 16 16 16 13 12 10 10 10 10 10 10 10 10 10 8 4 2 -0.491956 -0.377378 -0.414339 -0.403061 -0.40497 -0.402351 -0.401507 -0.401087 -0.400939 -0.400939 -0.402057 -0.40504 -0.413065 -0.422845 -0.427869 -0.429842 -0.427869 -0.422845 -0.413065 -0.40504 -0.402057 -0.400939 -0.400939 -0.401087 -0.401507 -0.402351 -0.40497 -0.403061 -0.414339 -0.377378 -0.491956 
3.7 -12.7706 0.800048 2 4 8 10 10 10 10 10 10 10 10 11 13 15 16 16 16 15 13 11 10 10 10 10 10 10 10 10 8 4 2 -0.491956 -0.377378 -0.414323 -0.402638 -0.404191 -0.4018 -0.401359 -0.400992 -0.400881 -0.400975 -0.40234 -0.405781 -0.414201 -0.423879 -0.427987 -0.429226 -0.427987 -0.423879 -0.414201 -0.405781 -0.40234 -0.400975 -0.400881 -0.400992 -0.401359 -0.4018 -0.404191 -0.402638 -0.414323 -0.377378 -0.491956 
3.8 -12.7727 0.821474 2 4 8 10 10 10 10 10 10 10 10 11 13 16 18 18 18 16 13 11 10 10 10 10 10 10 10 10 8 4 2 -0.491956 -0.377375 -0.414261 -0.401882 -0.403695 -0.401332 -0.401254 -0.400903 -0.40084 -0.401042 -0.402675 -0.406589 -0.415343 -0.424817 -0.428047 -0.428636 -0.428047 -0.424817 -0.415343 -0.406589 -0.402675 -0.401042 -0.40084 -0.400903 -0.401254 -0.401332 -0.403695 -0.401882 -0.414261 -0.377375 -0.491956 
3.9 -12.7749 0.842861 2 4 8 10 10 10 10 10 10 10 11 13 15 17 18 19 18 17 15 13 11 10 10 10 10 10 10 10 8 4 2 -0.491955 -0.377368 -0.414027 -0.401037 -0.403255 -0.401099 -0.401153 -0.400824 -0.400818 -0.401143 -0.403063 -0.407457 -0.416479 -0.425654 -0.428056 -0.428083 -0.428056 -0.425654 -0.416479 -0.407457 -0.403063 -0.401143 -0.400818 -0.400824 -0.401153 -0.401099 -0.403255 -0.401037 -0.414027 -0.377368 -0.491955 
4 -12.7767 0.864225 2 4 8 10 10 10 10 10 10 10 11 13 16 18 19 19 19 18 16 13 11 10 10 10 10 10 10 10 8 4 2 -0.491954 -0.377345 -0.413457 -0.400376 -0.402668 -0.400982 -0.401055 -0.400757 -0.400817 -0.401278 -0.403507 -0.408381 -0.417596 -0.426386 -0.428022 -0.427577 -0.428022 -0.426386 -0.417596 -0.408381 -0.403507 -0.401278 -0.400817 -0.400757 -0.401055 -0.400982 -0.402668 -0.400376 -0.413457 -0.377345 -0.491954 
4.1 -12.7789 0.88558 2 4 8 10 10 10 10 10 10 10 12 15 17 19 20 20 20 19 17 15 12 10 10 10 10 10 10 10 8 4 2 -0.491949 -0.377253 -0.412601 -0.399996 -0.402267 -0.400884 -0.400965 -0.400706 -0.400837 -0.401448 -0.404005 -0.409354 -0.418684 -0.427012 -0.427952 -0.427122 -0.427952 -0.427012 -0.418684 -0.409354 -0.404005 -0.401448 -0.400837 -0.400706 -0.400965 -0.400884 -0.402267 -0.399996 -0.412601 -0.377253 -0.491949 
4.2 -12.781 0.906941 2 4 8 10 10 10 10 10 10 11 13 16 18 19 20 21 20 19 18 16 13 11 10 10 10 10 10 10 8 4 2 -0.491935 -0.376946 -0.411744 -0.399522 -0.402069 -0.400787 -0.400884 -0.400671 -0.400879 -0.401656 -0.404559 -0.410369 -0.419731 -0.427533 -0.427855 -0.426724 -0.427856 -0.427533 -0.419731 -0.410369 -0.404559 -0.401656 -0.400879 -0.400671 -0.400884 -0.400787 -0.402069 -0.399522 -0.411744 -0.376946 -0.491935 
4.3 -12.783 0.928326 2 4 8 10 10 10 10 10 10 11 13 16 19 20 21 22 21 20 19 16 13 12 10 10 10 10 10 10 8 4 2 -0.491887 -0.376328 -0.411111 -0.399035 -0.401938 -0.400696 -0.400815 -0.400652 -0.400942 -0.401901 -0.405168 -0.411417 -0.420729 -0.427951 -0.427738 -0.426383 -0.427738 -0.427951 -0.420729 -0.411417 -0.405168 -0.401901 -0.400942 -0.400652 -0.400815 -0.400696 -0.401938 -0.399035 -0.411111 -0.376328 -0.491887 
4.4 -12.7853 0.949752 2 4 8 10 10 10 10 10 11 13 15 18 19 21 22 23 22 21 19 18 15 13 11 10 10 10 10 10 8 4 2 -0.491695 -0.375581 -0.410612 -0.398783 -0.401815 -0.400613 -0.400759 -0.400649 -0.401027 -0.402186 -0.405831 -0.41249 -0.421669 -0.428272 -0.427608 -0.426101 -0.427608 -0.428271 -0.421669 -0.41249 -0.405831 -0.402186 -0.401027 -0.400649 -0.400759 -0.400613 -0.401815 -0.398783 -0.410612 -0.375581 -0.491695 
4.5 -12.7872 0.971235 2 4 8 10 10 10 10 10 11 13 16 18 20 22 23 24 23 22 20 18 16 13 11 10 10 10 10 10 8 4 2 -0.491166 -0.375005 -0.409888 -0.39868 -0.401693 -0.400541 -0.400717 -0.400662 -0.401135 -0.402513 -0.406547 -0.413578 -0.422543 -0.4285 -0.42747 -0.425876 -0.42747 -0.4285 -0.422543 -0.413578 -0.406547 -0.402513 -0.401135 -0.400662 -0.400717 -0.400541 -0.401693 -0.39868 -0.409888 -0.375005 -0.491166 
4.6 -12.7892 0.992789 2 4 8 10 10 10 10 10 12 15 17 19 21 23 26 26 26 23 21 19 17 15 12 10 10 10 10 10 8 4 2 -0.490244 -0.374784 -0.409239 -0.398603 -0.401575 -0.400482 -0.400688 -0.40069 -0.401265 -0.402883 -0.407313 -0.414672 -0.423346 -0.428644 -0.42733 -0.425706 -0.42733 -0.428644 -0.423346 -0.414672 -0.407313 -0.402883 -0.401265 -0.40069 -0.400688 -0.400482 -0.401575 -0.398603 -0.409239 -0.374784 -0.490244 
4.7 -12.7915 1.01442 2 4 8 10 10 10 10 11 13 16 18 20 22 24 26 27 26 24 22 20 18 16 13 11 10 10 10 10 8 4 2 -0.489117 -0.37464 -0.408794 -0.398524 -0.401461 -0.400437 -0.400672 -0.400732 -0.40142 -0.403297 -0.408127 -0.415761 -0.424073 -0.428711 -0.427192 -0.425587 -0.427193 -0.428711 -0.424073 -0.415761 -0.408126 -0.403297 -0.40142 -0.400732 -0.400672 -0.400437 -0.401461 -0.398524 -0.408794 -0.37464 -0.489117 
4.8 -12.7937 1.03613 2 4 8 10 10 10 10 11 13 16 19 20 23 26 28 28 28 26 23 20 19 16 13 11 10 10 10 10 8 4 2 -0.487915 -0.37442 -0.408437 -0.398445 -0.401353 -0.400406 -0.400666 -0.400788 -0.4016 -0.403758 -0.408984 -0.416836 -0.424722 -0.428711 -0.427061 -0.425514 -0.427062 -0.428711 -0.424721 -0.416837 -0.408984 -0.403758 -0.4016 -0.400788 -0.400666 -0.400406 -0.401353 -0.398445 -0.408437 -0.37442 -0.487915 
4.9 -12.7961 1.0579 2 4 8 10 10 10 10 13 15 18 19 21 24 28 28 30 28 28 24 21 19 18 15 12 10 10 10 10 8 4 2 -0.486602 -0.374382 -0.408083 -0.398374 -0.401252 -0.400389 -0.400671 -0.400857 -0.401808 -0.404266 -0.40988 -0.417887 -0.42529 -0.428653 -0.42694 -0.425484 -0.42694 -0.428653 -0.425289 -0.417887 -0.40988 -0.404267 -0.401808 -0.400857 -0.400671 -0.400389 -0.401252 -0.398374 -0.408083 -0.374382 -0.486602 
5 -12.7975 1.07973 2 4 8 10 10 10 11 13 16 18 20 22 26 28 30 30 30 28 26 22 20 18 16 13 11 10 10 10 8 4 2 -0.484625 -0.374451 -0.407712 -0.398314 -0.401157 -0.400383 -0.400684 -0.400939 -0.402046 -0.404824 -0.410809 -0.418904 -0.425778 -0.428546 -0.426829 -0.425492 -0.426829 -0.428546 -0.425778 -0.418904 -0.410809 -0.404824 -0.402045 -0.400939 -0.400684 -0.400383 -0.401157 -0.398314 -0.407712 -0.374451 -0.484624 
5.1 -12.7978 1.1016 2 4 8 10 10 10 11 14 17 19 21 24 28 30 31 32 31 30 28 24 21 19 17 14 12 10 10 10 8 4 2 -0.482201 -0.374458 -0.407316 -0.39827 -0.401068 -0.400388 -0.400704 -0.401036 -0.402316 -0.40543 -0.411765 -0.419878 -0.426188 -0.4284 -0.426731 -0.425531 -0.426731 -0.4284 -0.426188 -0.419879 -0.411764 -0.40543 -0.402316 -0.401036 -0.400705 -0.400388 -0.401068 -0.39827 -0.407316 -0.374458 -0.482201 
5.2 -12.7979 1.1235 2 4 8 10 10 11 13 15 18 20 22 25 28 31 34 34 34 31 28 25 22 20 18 15 13 11 10 10 8 4 2 -0.479759 -0.374358 -0.406883 -0.398244 -0.400982 -0.4004 -0.400732 -0.401149 -0.402621 -0.406084 -0.41274 -0.420802 -0.426523 -0.428224 -0.426646 -0.425599 -0.426646 -0.428224 -0.426522 -0.420802 -0.412739 -0.406085 -0.402621 -0.401149 -0.400732 -0.4004 -0.400982 -0.398244 -0.406883 -0.374358 -0.479759 
5.3 -12.7979 1.14541 2 4 8 10 10 11 13 16 19 20 23 27 30 34 35 37 35 34 30 27 23 20 19 16 13 11 10 10 8 4 2 -0.477403 -0.374174 -0.406403 -0.398235 -0.400899 -0.400418 -0.400766 -0.401279 -0.402964 -0.406786 -0.413726 -0.421668 -0.426786 -0.428027 -0.426574 -0.425688 -0.426574 -0.428027 -0.426785 -0.421668 -0.413726 -0.406787 -0.402964 -0.401279 -0.400766 -0.400418 -0.400899 -0.398235 -0.406403 -0.374174 -0.477403 
5.4 -12.7979 1.16733 2 4 8 10 10 12 15 18 19 21 25 28 31 34 37 38 37 34 31 28 25 21 19 18 15 12 10 10 8 4 2 -0.475136 -0.373939 -0.405867 -0.398241 -0.400817 -0.400439 -0.400807 -0.401429 -0.403348 -0.407533 -0.414715 -0.42247 -0.426982 -0.427815 -0.426516 -0.425796 -0.426516 -0.427816 -0.426982 -0.42247 -0.414715 -0.407534 -0.403348 -0.401429 -0.400808 -0.400439 -0.400817 -0.398241 -0.405867 -0.373939 -0.475136 
5.5 -12.7979 1.18925 2 4 8 10 11 13 15 18 20 22 26 30 34 37 40 40 40 37 34 30 26 22 20 18 16 13 11 10 8 4 2 -0.472942 -0.373692 -0.405265 -0.398257 -0.400733 -0.400462 -0.400856 -0.401602 -0.403773 -0.408322 -0.415699 -0.423204 -0.427118 -0.427598 -0.42647 -0.425918 -0.42647 -0.427598 -0.427117 -0.423204 -0.415699 -0.408322 -0.403773 -0.401601 -0.400857 -0.400462 -0.400733 -0.398257 -0.405265 -0.373693 -0.472942 
5.6 -12.7979 1.21118 2 4 8 10 11 13 17 19 21 24 28 31 34 39 42 43 42 39 34 31 28 24 21 19 16 13 11 10 8 4 2 -0.470803 -0.373468 -0.404592 -0.398278 -0.400646 -0.400487 -0.400915 -0.401799 -0.404242 -0.40915 -0.416669 -0.423867 -0.427198 -0.42738 -0.426436 -0.426048 -0.426436 -0.42738 -0.427198 -0.423866 -0.416669 -0.40915 -0.404242 -0.401798 -0.400915 -0.400486 -0.400646 -0.398278 -0.404592 -0.373468 -0.470803 
5.7 -12.7979 1.2331 2 4 8 11 13 15 18 20 22 25 28 32 37 41 44 46 44 41 37 32 28 25 22 20 18 15 13 11 8 4 2 -0.468703 -0.373295 -0.403842 -0.398298 -0.400554 -0.400511 -0.400983 -0.402023 -0.404755 -0.41001 -0.417617 -0.424456 -0.427231 -0.427167 -0.426414 -0.426185 -0.426413 -0.427167 -0.427231 -0.424455 -0.417617 -0.41001 -0.404756 -0.402023 -0.400984 -0.400511 -0.400554 -0.398298 -0.403842 -0.373295 -0.468703 
5.8 -12.7979 1.25503 2 4 8 12 13 16 19 20 23 28 30 34 39 43 46 46 46 43 39 34 30 28 23 20 19 16 13 12 8 4 2 -0.466628 -0.373201 -0.403015 -0.398309 -0.400456 -0.400534 -0.401064 -0.402278 -0.405314 -0.410898 -0.418534 -0.424971 -0.427223 -0.426964 -0.426401 -0.426323 -0.4264 -0.426964 -0.427223 -0.42497 -0.418535 -0.410898 -0.405314 -0.402277 -0.401065 -0.400534 -0.400457 -0.398309 -0.403015 -0.373201 -0.466628 
5.9 -12.7979 1.27695 2 4 8 12 15 17 19 21 25 28 32 37 41 46 48 50 48 46 41 37 32 28 25 21 19 17 15 12 8 4 2 -0.464567 -0.373204 -0.402112 -0.398303 -0.400352 -0.400558 -0.40116 -0.402565 -0.405917 -0.411808 -0.419414 -0.425413 -0.42718 -0.426774 -0.426397 -0.42646 -0.426396 -0.426774 -0.427181 -0.425412 -0.419415 -0.411807 -0.405917 -0.402564 -0.40116 -0.400557 -0.400352 -0.398303 -0.402112 -0.373204 -0.464567 
6 -12.7979 1.29886 2 4 8 13 15 18 20 22 26 30 34 38 43 48 50 51 50 48 44 38 34 30 26 22 20 18 15 13 8 4 2 -0.462512 -0.373317 -0.401138 -0.398272 -0.400239 -0.40058 -0.401271 -0.402887 -0.406563 -0.412733 -0.420249 -0.425784 -0.427109 -0.426599 -0.426401 -0.426594 -0.4264 -0.426599 -0.427111 -0.425782 -0.420251 -0.412731 -0.406564 -0.402886 -0.401272 -0.40058 -0.400239 -0.398272 -0.401138 -0.373317 -0.462512 
6.1 -12.7979 1.32074 2 4 8 14 17 19 21 24 28 31 35 41 46 50 54 54 54 50 46 41 35 31 28 24 21 19 17 14 8 4 2 -0.460461 -0.373544 -0.400101 -0.398209 -0.400118 -0.400604 -0.401402 -0.403246 -0.407251 -0.413665 -0.421034 -0.426087 -0.427018 -0.426443 -0.426412 -0.426721 -0.426411 -0.426442 -0.42702 -0.426084 -0.421036 -0.413663 -0.407252 -0.403245 -0.401402 -0.400604 -0.400118 -0.398209 -0.400101 -0.373544 -0.46046 
6.2 -12.7979 1.34261 2 4 8 14 17 19 22 25 29 34 37 42 48 52 55 56 55 52 48 42 37 34 29 25 22 19 17 14 8 4 2 -0.458412 -0.373883 -0.399013 -0.398108 -0.399987 -0.400628 -0.401552 -0.403643 -0.407978 -0.414596 -0.421763 -0.426326 -0.42691 -0.426305 -0.426429 -0.42684 -0.426428 -0.426305 -0.426913 -0.426322 -0.421767 -0.414594 -0.407979 -0.403642 -0.401553 -0.400628 -0.399987 -0.398108 -0.399013 -0.373883 -0.458412 
6.3 -12.7979 1.36444 2 4 8 15 19 20 23 27 30 34 40 46 50 54 58 59 58 54 50 46 40 34 30 27 23 20 19 15 8 4 2 -0.45637 -0.374324 -0.397887 -0.397963 -0.399846 -0.400654 -0.401725 -0.404079 -0.40874 -0.415521 -0.422434 -0.426505 -0.426793 -0.426187 -0.426451 -0.426948 -0.42645 -0.426186 -0.426796 -0.4265 -0.422438 -0.415518 -0.408741 -0.404079 -0.401725 -0.400654 -0.399846 -0.397963 -0.397887 -0.374324 -0.45637 
6.4 -12.7979 1.38624 2 4 8 16 20 21 24 28 32 37 42 47 52 57 61 62 61 57 53 46 42 37 32 28 24 21 20 16 8 4 2 -0.454339 -0.374853 -0.396742 -0.39777 -0.399694 -0.400683 -0.401923 -0.404556 -0.409533 -0.41643 -0.423043 -0.426629 -0.426671 -0.426088 -0.426478 -0.427045 -0.426477 -0.426088 -0.426674 -0.426624 -0.423047 -0.416427 -0.409535 -0.404555 -0.401922 -0.400683 -0.399693 -0.39777 -0.396742 -0.374853 -0.454339 
6.5 -12.7979 1.408 2 4 8 16 20 22 26 30 34 39 44 50 55 61 63 65 64 61 55 50 44 39 34 30 26 22 20 16 8 4 2 -0.45233 -0.375449 -0.395595 -0.397526 -0.399528 -0.400715 -0.402145 -0.405072 -0.410353 -0.417316 -0.423589 -0.426706 -0.426547 -0.426009 -0.426509 -0.427129 -0.426507 -0.426009 -0.426551 -0.4267 -0.423593 -0.417313 -0.410355 -0.405072 -0.402145 -0.400716 -0.399528 -0.397526 -0.395595 -0.375449 -0.45233 
