time energy maxBondDim localEnergy 
0 -13.9973 50 -0.65232 -0.295568 -0.563806 -0.340079 -0.535523 -0.359352 -0.52136 -0.369979 -0.513118 -0.376378 -0.5081 -0.380244 -0.505174 -0.382338 -0.503816 -0.383003 -0.503816 -0.382338 -0.505174 -0.380244 -0.5081 -0.376378 -0.513118 -0.369979 -0.52136 -0.359352 -0.535523 -0.340079 -0.563806 -0.295568 -0.65232 
0 -10.4401 5 -0.352039 -0.334061 -0.335845 -0.335729 -0.33574 -0.335739 -0.335739 -0.335739 -0.335739 -0.33574 -0.335741 -0.335748 -0.335774 -0.335861 -0.336386 -0.336852 -0.336386 -0.335861 -0.335774 -0.335748 -0.335741 -0.33574 -0.335739 -0.335739 -0.335739 -0.335739 -0.33574 -0.335729 -0.335845 -0.334061 -0.352039 
0.1 -10.4403 5 -0.352039 -0.334061 -0.335845 -0.335729 -0.33574 -0.335739 -0.335739 -0.335739 -0.335739 -0.33574 -0.335742 -0.335749 -0.335777 -0.335872 -0.33644 -0.336943 -0.33644 -0.335872 -0.335777 -0.335749 -0.335742 -0.33574 -0.335739 -0.335739 -0.335739 -0.335739 -0.33574 -0.335729 -0.335845 -0.334061 -0.352039 
0.2 -10.4413 5 -0.352039 -0.334061 -0.335845 -0.335729 -0.33574 -0.335739 -0.335739 -0.335739 -0.335739 -0.33574 -0.335743 -0.335753 -0.33579 -0.33592 -0.336674 -0.337333 -0.336674 -0.33592 -0.33579 -0.335753 -0.335743 -0.33574 -0.335739 -0.335739 -0.335739 -0.335739 -0.33574 -0.335729 -0.335845 -0.334061 -0.352039 
0.3 -10.4437 5 -0.35204 -0.334062 -0.335845 -0.33573 -0.33574 -0.33574 -0.33574 -0.33574 -0.33574 -0.335741 -0.335746 -0.335762 -0.335823 -0.336039 -0.337239 -0.33827 -0.337239 -0.336039 -0.335823 -0.335762 -0.335746 -0.335741 -0.33574 -0.33574 -0.33574 -0.33574 -0.33574 -0.33573 -0.335845 -0.334062 -0.352039 
0.4 -10.4483 5 -0.35204 -0.334062 -0.335846 -0.33573 -0.335741 -0.33574 -0.33574 -0.33574 -0.335741 -0.335743 -0.33575 -0.335779 -0.335887 -0.336272 -0.338311 -0.340027 -0.338311 -0.336272 -0.335887 -0.335779 -0.33575 -0.335743 -0.335741 -0.33574 -0.33574 -0.33574 -0.335741 -0.33573 -0.335846 -0.334062 -0.35204 
0.5 -10.4558 5 -0.352041 -0.334062 -0.335846 -0.33573 -0.335741 -0.33574 -0.33574 -0.335741 -0.335742 -0.335745 -0.335759 -0.33581 -0.336001 -0.336677 -0.340075 -0.342874 -0.340075 -0.336677 -0.336001 -0.33581 -0.335759 -0.335745 -0.335742 -0.335741 -0.33574 -0.33574 -0.335741 -0.33573 -0.335846 -0.334062 -0.35204 
0.6 -10.467 5 -0.352041 -0.334062 -0.335846 -0.33573 -0.335741 -0.33574 -0.33574 -0.335741 -0.335743 -0.335749 -0.335773 -0.335861 -0.336191 -0.337336 -0.34271 -0.34703 -0.34271 -0.337337 -0.336191 -0.335861 -0.335773 -0.335749 -0.335743 -0.335741 -0.33574 -0.33574 -0.335741 -0.33573 -0.335846 -0.334062 -0.35204 
0.7 -10.4828 5 -0.352041 -0.334062 -0.335846 -0.33573 -0.335741 -0.33574 -0.33574 -0.335741 -0.335744 -0.335755 -0.335795 -0.335944 -0.336498 -0.338366 -0.346349 -0.352578 -0.346349 -0.338366 -0.336498 -0.335944 -0.335795 -0.335755 -0.335744 -0.335741 -0.33574 -0.33574 -0.335741 -0.33573 -0.335846 -0.334062 -0.35204 
0.8 -10.5033 5 -0.352041 -0.334062 -0.335846 -0.33573 -0.335741 -0.33574 -0.33574 -0.335742 -0.335746 -0.335764 -0.335831 -0.336078 -0.336987 -0.33992 -0.351016 -0.359374 -0.351017 -0.339921 -0.336987 -0.336078 -0.335831 -0.335764 -0.335746 -0.335742 -0.33574 -0.33574 -0.335741 -0.33573 -0.335846 -0.334062 -0.35204 
0.9 -10.5287 5 -0.35204 -0.334061 -0.335845 -0.33573 -0.33574 -0.33574 -0.33574 -0.335742 -0.33575 -0.33578 -0.33589 -0.336295 -0.337758 -0.342173 -0.356566 -0.367023 -0.356567 -0.342173 -0.337758 -0.336295 -0.33589 -0.33578 -0.33575 -0.335742 -0.33574 -0.33574 -0.33574 -0.33573 -0.335845 -0.334062 -0.35204 
1 -10.5584 5 -0.35204 -0.334061 -0.335845 -0.335729 -0.33574 -0.33574 -0.335741 -0.335744 -0.335757 -0.335806 -0.335986 -0.336645 -0.338952 -0.345264 -0.36267 -0.374989 -0.36267 -0.345264 -0.338952 -0.336645 -0.335986 -0.335806 -0.335757 -0.335744 -0.335741 -0.33574 -0.33574 -0.335729 -0.335845 -0.334061 -0.35204 
1.1 -10.5917 5 -0.35204 -0.334061 -0.335845 -0.335729 -0.33574 -0.335739 -0.335741 -0.335747 -0.335768 -0.335848 -0.336143 -0.337208 -0.340746 -0.349222 -0.368876 -0.382764 -0.368876 -0.349223 -0.340746 -0.337208 -0.336143 -0.335848 -0.335768 -0.335747 -0.335741 -0.335739 -0.33574 -0.335729 -0.335845 -0.334061 -0.352039 
1.2 -10.6276 5 -0.352039 -0.334061 -0.335845 -0.335729 -0.33574 -0.33574 -0.335742 -0.335752 -0.335787 -0.335918 -0.3364 -0.3381 -0.343317 -0.353901 -0.374732 -0.390003 -0.374733 -0.353902 -0.343318 -0.3381 -0.3364 -0.335918 -0.335787 -0.335752 -0.335742 -0.33574 -0.33574 -0.335729 -0.335845 -0.334061 -0.352039 
1.3 -10.6655 5 -0.352039 -0.334061 -0.335845 -0.335729 -0.33574 -0.33574 -0.335745 -0.33576 -0.335818 -0.336033 -0.336818 -0.339478 -0.346774 -0.358975 -0.37992 -0.396539 -0.37992 -0.358975 -0.346774 -0.339478 -0.336818 -0.336033 -0.335818 -0.33576 -0.335745 -0.33574 -0.33574 -0.335729 -0.335845 -0.334061 -0.352039 
1.4 -10.7047 5 -0.352039 -0.334061 -0.335845 -0.335729 -0.335741 -0.335742 -0.335749 -0.335774 -0.33587 -0.336222 -0.337487 -0.341525 -0.351074 -0.364019 -0.384306 -0.402337 -0.384306 -0.364019 -0.351074 -0.341525 -0.337487 -0.336222 -0.33587 -0.335774 -0.335749 -0.335742 -0.335741 -0.335729 -0.335845 -0.334061 -0.352039 
1.5 -10.7448 5 -0.352039 -0.334062 -0.335846 -0.33573 -0.335741 -0.335744 -0.335755 -0.335797 -0.335954 -0.336531 -0.338541 -0.344399 -0.355981 -0.368648 -0.387921 -0.407437 -0.387921 -0.368648 -0.355981 -0.344399 -0.338541 -0.336531 -0.335954 -0.335797 -0.335755 -0.335744 -0.335741 -0.33573 -0.335846 -0.334062 -0.352039 
1.6 -10.7855 6 -0.35204 -0.334062 -0.335846 -0.33573 -0.335742 -0.335747 -0.335766 -0.335835 -0.336093 -0.337029 -0.340149 -0.348157 -0.361096 -0.372623 -0.390894 -0.411899 -0.390895 -0.372623 -0.361096 -0.348157 -0.340149 -0.337029 -0.336093 -0.335835 -0.335766 -0.335747 -0.335742 -0.33573 -0.335846 -0.334062 -0.352039 
1.7 -10.8266 6 -0.35204 -0.334062 -0.335846 -0.335731 -0.335744 -0.335751 -0.335782 -0.335897 -0.33632 -0.337823 -0.34249 -0.352682 -0.36597 -0.375883 -0.393385 -0.415784 -0.393385 -0.375883 -0.36597 -0.352682 -0.34249 -0.337823 -0.33632 -0.335897 -0.335782 -0.335751 -0.335744 -0.335731 -0.335846 -0.334062 -0.352039 
1.8 -10.8679 7 -0.35204 -0.334062 -0.335846 -0.335732 -0.335746 -0.335759 -0.33581 -0.335998 -0.336688 -0.33906 -0.345694 -0.357667 -0.370239 -0.378507 -0.395545 -0.419136 -0.395545 -0.378507 -0.370239 -0.357667 -0.345694 -0.33906 -0.336688 -0.335998 -0.33581 -0.335759 -0.335746 -0.335732 -0.335846 -0.334062 -0.35204 
1.9 -10.9094 8 -0.352041 -0.334062 -0.335847 -0.335732 -0.335749 -0.335771 -0.335855 -0.336164 -0.337281 -0.340917 -0.349761 -0.362675 -0.373714 -0.38064 -0.397494 -0.421989 -0.397494 -0.380641 -0.373715 -0.362675 -0.349762 -0.340917 -0.337281 -0.336164 -0.335855 -0.335771 -0.335749 -0.335732 -0.335847 -0.334062 -0.35204 
2 -10.951 8 -0.352041 -0.334062 -0.335847 -0.335734 -0.335754 -0.335791 -0.335928 -0.336435 -0.338219 -0.343565 -0.354502 -0.367271 -0.376386 -0.382446 -0.399321 -0.424366 -0.399321 -0.382446 -0.376386 -0.367271 -0.354503 -0.343565 -0.338219 -0.336435 -0.335928 -0.335791 -0.335754 -0.335734 -0.335847 -0.334062 -0.35204 
2.1 -10.9926 8 -0.352041 -0.334062 -0.335847 -0.335736 -0.335763 -0.335823 -0.33605 -0.336874 -0.339662 -0.347095 -0.35955 -0.371149 -0.378362 -0.384066 -0.40108 -0.426284 -0.40108 -0.384067 -0.378362 -0.371149 -0.35955 -0.347095 -0.339662 -0.336874 -0.33605 -0.335823 -0.335763 -0.335736 -0.335847 -0.334062 -0.35204 
2.2 -11.0343 8 -0.352041 -0.334062 -0.335848 -0.335739 -0.335777 -0.335877 -0.336248 -0.337578 -0.341793 -0.35144 -0.36445 -0.374187 -0.379802 -0.385613 -0.4028 -0.427762 -0.4028 -0.385613 -0.379802 -0.374188 -0.36445 -0.35144 -0.341793 -0.337578 -0.336248 -0.335877 -0.335777 -0.335739 -0.335848 -0.334062 -0.35204 
2.3 -11.076 8 -0.352041 -0.334062 -0.335849 -0.335745 -0.335801 -0.335965 -0.336572 -0.338681 -0.344762 -0.356341 -0.368802 -0.376424 -0.380873 -0.387162 -0.404493 -0.428823 -0.404493 -0.387162 -0.380873 -0.376425 -0.368802 -0.356341 -0.344762 -0.338681 -0.336572 -0.335965 -0.335801 -0.335745 -0.335849 -0.334062 -0.35204 
2.4 -11.1177 9 -0.352041 -0.334063 -0.335852 -0.335756 -0.33584 -0.336111 -0.337096 -0.340357 -0.34861 -0.361383 -0.372362 -0.377992 -0.381719 -0.388761 -0.406155 -0.429493 -0.406155 -0.388761 -0.381719 -0.377992 -0.372362 -0.361383 -0.34861 -0.340357 -0.337096 -0.336111 -0.33584 -0.335756 -0.335852 -0.334063 -0.35204 
2.5 -11.1594 9 -0.352041 -0.334064 -0.335857 -0.335774 -0.335905 -0.33635 -0.337929 -0.342783 -0.3532 -0.366114 -0.375072 -0.379053 -0.382455 -0.390435 -0.407775 -0.429803 -0.407774 -0.390435 -0.382455 -0.379053 -0.375072 -0.366115 -0.353201 -0.342783 -0.337929 -0.33635 -0.335905 -0.335774 -0.335857 -0.334064 -0.35204 
2.6 -11.2012 10 -0.352041 -0.334066 -0.335865 -0.335803 -0.336012 -0.336737 -0.339222 -0.34608 -0.358207 -0.370184 -0.37701 -0.379766 -0.383163 -0.392191 -0.409335 -0.429792 -0.409335 -0.392191 -0.383164 -0.379766 -0.37701 -0.370185 -0.358207 -0.34608 -0.339222 -0.336737 -0.336012 -0.335803 -0.335865 -0.334066 -0.352041 
2.7 -11.2429 10 -0.352042 -0.33407 -0.335878 -0.33585 -0.336187 -0.33736 -0.341156 -0.350228 -0.363184 -0.373419 -0.378321 -0.380261 -0.383904 -0.394022 -0.410817 -0.4295 -0.410817 -0.394022 -0.383905 -0.380261 -0.378321 -0.373419 -0.363185 -0.350228 -0.341156 -0.33736 -0.336187 -0.33585 -0.335878 -0.33407 -0.352042 
2.8 -11.2846 10 -0.352044 -0.334076 -0.335899 -0.335929 -0.336473 -0.338343 -0.343894 -0.355019 -0.367705 -0.375816 -0.379167 -0.380639 -0.384716 -0.395915 -0.412202 -0.428973 -0.412202 -0.395915 -0.384716 -0.380639 -0.379167 -0.375816 -0.367705 -0.355019 -0.343894 -0.338344 -0.336473 -0.335929 -0.335899 -0.334076 -0.352044 
2.9 -11.3264 11 -0.352047 -0.334086 -0.335934 -0.336057 -0.336935 -0.339851 -0.347517 -0.360068 -0.371477 -0.377486 -0.379693 -0.380973 -0.385622 -0.397849 -0.413474 -0.428257 -0.413474 -0.39785 -0.385622 -0.380973 -0.379694 -0.377486 -0.371477 -0.360068 -0.347517 -0.339851 -0.336935 -0.336057 -0.335934 -0.334086 -0.352047 
3 -11.3681 12 -0.352053 -0.334101 -0.335991 -0.336267 -0.337674 -0.342064 -0.351936 -0.364922 -0.374395 -0.378584 -0.380017 -0.381315 -0.386635 -0.399803 -0.414619 -0.427398 -0.414619 -0.399803 -0.386635 -0.381315 -0.380017 -0.378584 -0.374395 -0.364922 -0.351937 -0.342065 -0.337674 -0.336267 -0.335991 -0.334101 -0.352052 
3.1 -11.4099 13 -0.352062 -0.334125 -0.336085 -0.336608 -0.338829 -0.345127 -0.356873 -0.36919 -0.376506 -0.379266 -0.380225 -0.381697 -0.387759 -0.401751 -0.415626 -0.426439 -0.415626 -0.401751 -0.387759 -0.381697 -0.380225 -0.379266 -0.376506 -0.36919 -0.356874 -0.345127 -0.338829 -0.336608 -0.336085 -0.334125 -0.352061 
3.2 -11.4516 13 -0.352076 -0.334166 -0.336239 -0.337158 -0.340576 -0.349063 -0.361903 -0.37265 -0.377943 -0.379667 -0.380378 -0.382143 -0.388991 -0.403668 -0.416489 -0.425423 -0.416488 -0.403669 -0.388991 -0.382144 -0.380378 -0.379667 -0.377943 -0.37265 -0.361904 -0.349063 -0.340576 -0.337158 -0.336239 -0.334166 -0.352075 
3.3 -11.4934 14 -0.352099 -0.334232 -0.33649 -0.338031 -0.34309 -0.353715 -0.366579 -0.375258 -0.378865 -0.379891 -0.380519 -0.382667 -0.390326 -0.405532 -0.417206 -0.424386 -0.417206 -0.405532 -0.390326 -0.382667 -0.380519 -0.379891 -0.378865 -0.375258 -0.366579 -0.353716 -0.34309 -0.338031 -0.33649 -0.334233 -0.352098 
3.4 -11.5351 16 -0.352137 -0.334342 -0.336898 -0.339382 -0.34648 -0.35874 -0.370565 -0.377101 -0.379422 -0.380012 -0.380675 -0.383277 -0.391752 -0.407319 -0.41778 -0.42336 -0.417779 -0.407319 -0.391752 -0.383277 -0.380675 -0.380012 -0.379422 -0.377101 -0.370565 -0.35874 -0.34648 -0.339382 -0.336898 -0.334342 -0.352136 
3.5 -11.5769 16 -0.352199 -0.334522 -0.337552 -0.341393 -0.350709 -0.363688 -0.373707 -0.378327 -0.379735 -0.380081 -0.380865 -0.383978 -0.393257 -0.409009 -0.418217 -0.422373 -0.418216 -0.40901 -0.393257 -0.383978 -0.380865 -0.380082 -0.379735 -0.378328 -0.373708 -0.363688 -0.350709 -0.341393 -0.337552 -0.334523 -0.352198 
3.6 -11.6186 18 -0.3523 -0.334817 -0.338584 -0.344222 -0.355546 -0.36814 -0.376019 -0.379096 -0.379898 -0.380134 -0.381099 -0.384773 -0.394826 -0.410585 -0.418526 -0.421445 -0.418525 -0.410586 -0.394826 -0.384773 -0.3811 -0.380134 -0.379898 -0.379096 -0.376019 -0.36814 -0.355547 -0.344222 -0.338584 -0.334817 -0.3523 
3.7 -11.6603 18 -0.352467 -0.335293 -0.340159 -0.347935 -0.360597 -0.371823 -0.377616 -0.379547 -0.379973 -0.38019 -0.381388 -0.385661 -0.396441 -0.412032 -0.418719 -0.420593 -0.418718 -0.412033 -0.396441 -0.38566 -0.381388 -0.38019 -0.379973 -0.379547 -0.377616 -0.371823 -0.360597 -0.347935 -0.340159 -0.335293 -0.352467 
3.8 -11.7019 19 -0.35274 -0.336053 -0.34246 -0.352425 -0.365405 -0.37465 -0.378655 -0.379791 -0.380005 -0.380263 -0.381735 -0.386641 -0.398085 -0.413339 -0.418812 -0.419825 -0.418811 -0.41334 -0.398085 -0.38664 -0.381735 -0.380263 -0.380005 -0.379791 -0.378655 -0.37465 -0.365405 -0.352425 -0.34246 -0.336053 -0.35274 
3.9 -11.7436 20 -0.353183 -0.337238 -0.345621 -0.357392 -0.369595 -0.376681 -0.379291 -0.379908 -0.380021 -0.380361 -0.382145 -0.38771 -0.399737 -0.414498 -0.418819 -0.419148 -0.418818 -0.414499 -0.399737 -0.38771 -0.382145 -0.380362 -0.380021 -0.379908 -0.379291 -0.376681 -0.369595 -0.357392 -0.345621 -0.337238 -0.353183 
4 -11.7851 21 -0.353897 -0.339019 -0.34965 -0.362403 -0.372964 -0.378054 -0.379653 -0.379955 -0.380036 -0.380489 -0.382623 -0.388864 -0.401379 -0.415506 -0.418758 -0.418562 -0.418757 -0.415506 -0.401379 -0.388864 -0.382623 -0.380489 -0.380036 -0.379955 -0.379653 -0.378054 -0.372964 -0.362403 -0.34965 -0.339019 -0.353897 
4.1 -11.8264 21 -0.355024 -0.341562 -0.354369 -0.367017 -0.375486 -0.378927 -0.379841 -0.379967 -0.38006 -0.38065 -0.383171 -0.390097 -0.402993 -0.416361 -0.418644 -0.418065 -0.418643 -0.416361 -0.402993 -0.390097 -0.383171 -0.380651 -0.38006 -0.379967 -0.379841 -0.378928 -0.375486 -0.367017 -0.354369 -0.341563 -0.355024 
4.2 -11.8674 23 -0.356756 -0.344956 -0.359416 -0.370916 -0.377256 -0.379449 -0.379925 -0.379967 -0.380099 -0.380847 -0.383792 -0.391402 -0.404558 -0.417066 -0.418492 -0.417652 -0.418492 -0.417066 -0.404559 -0.391402 -0.383792 -0.380848 -0.380098 -0.379967 -0.379925 -0.379449 -0.377256 -0.370916 -0.359417 -0.344956 -0.356756 
4.3 -11.908 24 -0.35931 -0.349131 -0.364339 -0.373964 -0.378427 -0.379736 -0.379953 -0.379966 -0.380153 -0.381084 -0.384489 -0.392769 -0.40606 -0.417627 -0.418317 -0.417316 -0.418317 -0.417627 -0.406061 -0.392769 -0.384489 -0.381085 -0.380153 -0.379966 -0.379953 -0.379736 -0.378427 -0.373964 -0.36434 -0.349131 -0.35931 
4.4 -11.9476 25 -0.362867 -0.353823 -0.368728 -0.376189 -0.379155 -0.379878 -0.379954 -0.379971 -0.380226 -0.381363 -0.385263 -0.394188 -0.407482 -0.418053 -0.418132 -0.417049 -0.418132 -0.418052 -0.407483 -0.394188 -0.385262 -0.381364 -0.380226 -0.379972 -0.379954 -0.379878 -0.379155 -0.376189 -0.368728 -0.353823 -0.362867 
4.5 -11.9857 27 -0.367472 -0.358606 -0.372328 -0.377713 -0.379577 -0.379936 -0.379947 -0.379986 -0.380318 -0.381688 -0.386114 -0.395646 -0.408811 -0.418354 -0.417946 -0.416842 -0.417947 -0.418353 -0.408812 -0.395646 -0.386113 -0.381689 -0.380318 -0.379986 -0.379947 -0.379936 -0.379577 -0.377714 -0.372329 -0.358607 -0.367472 
4.6 -12.0216 28 -0.372952 -0.363009 -0.375069 -0.378696 -0.379802 -0.37995 -0.37994 -0.38001 -0.380431 -0.382063 -0.387041 -0.39713 -0.410036 -0.418544 -0.417768 -0.416687 -0.417769 -0.418542 -0.410038 -0.39713 -0.38704 -0.382065 -0.38043 -0.38001 -0.37994 -0.37995 -0.379802 -0.378696 -0.375069 -0.363009 -0.372952 
4.7 -12.0542 30 -0.378884 -0.366648 -0.377016 -0.379289 -0.379906 -0.379945 -0.379939 -0.380044 -0.380567 -0.382493 -0.388043 -0.398625 -0.41115 -0.418636 -0.417603 -0.416576 -0.417605 -0.418633 -0.411151 -0.398625 -0.388042 -0.382495 -0.380566 -0.380044 -0.379939 -0.379945 -0.379906 -0.379289 -0.377017 -0.366648 -0.378884 
4.8 -12.0826 31 -0.384683 -0.36932 -0.378307 -0.379618 -0.379942 -0.379935 -0.379945 -0.380088 -0.380728 -0.382982 -0.389116 -0.400116 -0.412145 -0.418645 -0.417457 -0.416502 -0.41746 -0.418641 -0.412148 -0.400117 -0.389114 -0.382984 -0.380727 -0.380088 -0.379945 -0.379935 -0.379942 -0.379618 -0.378307 -0.36932 -0.384683 
4.9 -12.1061 33 -0.38977 -0.370998 -0.379092 -0.379778 -0.379944 -0.379927 -0.379957 -0.380141 -0.380917 -0.383533 -0.390255 -0.401588 -0.413021 -0.418586 -0.417331 -0.416459 -0.417334 -0.418582 -0.413024 -0.401588 -0.390253 -0.383535 -0.380917 -0.380142 -0.379957 -0.379927 -0.379944 -0.379778 -0.379092 -0.370999 -0.38977 
5 -12.1247 34 -0.393749 -0.371783 -0.379503 -0.379836 -0.379932 -0.379924 -0.379975 -0.380206 -0.38114 -0.38415 -0.391453 -0.403025 -0.413777 -0.418473 -0.417225 -0.416441 -0.417229 -0.418469 -0.41378 -0.403026 -0.391451 -0.384152 -0.381139 -0.380206 -0.379975 -0.379924 -0.379932 -0.379836 -0.379503 -0.371783 -0.393748 
5.1 -12.1387 37 -0.396476 -0.371833 -0.379641 -0.379836 -0.379916 -0.379926 -0.379998 -0.380282 -0.381398 -0.384834 -0.392701 -0.404414 -0.414417 -0.418321 -0.417139 -0.416446 -0.417144 -0.418316 -0.414419 -0.404414 -0.3927 -0.384836 -0.381398 -0.380282 -0.379997 -0.379927 -0.379917 -0.379837 -0.379641 -0.371833 -0.396475 
5.2 -12.1488 39 -0.398028 -0.371327 -0.379575 -0.379805 -0.379902 -0.379933 -0.380025 -0.380373 -0.381698 -0.385588 -0.393992 -0.405739 -0.414944 -0.418142 -0.417072 -0.416468 -0.417077 -0.418137 -0.414947 -0.40574 -0.39399 -0.38559 -0.381698 -0.380373 -0.380024 -0.379934 -0.379903 -0.379805 -0.379575 -0.371327 -0.398027 
5.3 -12.1557 41 -0.398602 -0.370431 -0.379348 -0.379755 -0.37989 -0.379943 -0.380056 -0.38048 -0.382043 -0.386412 -0.395313 -0.406991 -0.415367 -0.417947 -0.417019 -0.416507 -0.417025 -0.417941 -0.41537 -0.406991 -0.395312 -0.386413 -0.382043 -0.38048 -0.380056 -0.379943 -0.379891 -0.379755 -0.379348 -0.370431 -0.398602 
5.4 -12.1604 45 -0.39843 -0.369292 -0.378981 -0.379692 -0.379879 -0.379955 -0.380093 -0.380607 -0.382437 -0.387304 -0.396654 -0.408158 -0.415694 -0.417746 -0.41698 -0.416559 -0.416986 -0.41774 -0.415697 -0.408158 -0.396653 -0.387304 -0.382438 -0.380607 -0.380092 -0.379955 -0.37988 -0.379692 -0.378981 -0.369292 -0.39843 
5.5 -12.1634 45 -0.397722 -0.368031 -0.378484 -0.379615 -0.379866 -0.379967 -0.380135 -0.380758 -0.382884 -0.388261 -0.398002 -0.409232 -0.415936 -0.417546 -0.416951 -0.416624 -0.416957 -0.41754 -0.415938 -0.409233 -0.398001 -0.388261 -0.382885 -0.380758 -0.380135 -0.379968 -0.379867 -0.379615 -0.378485 -0.368031 -0.397722 
5.6 -12.1654 49 -0.396642 -0.366746 -0.377859 -0.37952 -0.379849 -0.37998 -0.380185 -0.380936 -0.383387 -0.38928 -0.399344 -0.410209 -0.416103 -0.417354 -0.416931 -0.416698 -0.416937 -0.417348 -0.416105 -0.41021 -0.399344 -0.38928 -0.383389 -0.380935 -0.380185 -0.37998 -0.37985 -0.379519 -0.37786 -0.366746 -0.396642 
5.7 -12.1666 50 -0.395312 -0.365517 -0.377105 -0.379399 -0.379825 -0.379992 -0.380245 -0.381144 -0.383949 -0.390356 -0.400669 -0.411084 -0.416207 -0.417173 -0.416916 -0.416781 -0.416922 -0.417168 -0.416208 -0.411085 -0.400669 -0.390355 -0.383951 -0.381143 -0.380244 -0.379992 -0.379826 -0.379398 -0.377105 -0.365517 -0.395312 
5.8 -12.1673 52 -0.393813 -0.364402 -0.376222 -0.379244 -0.37979 -0.380005 -0.380316 -0.381387 -0.384571 -0.391481 -0.401963 -0.411857 -0.416258 -0.417007 -0.416906 -0.416871 -0.416912 -0.417002 -0.416259 -0.411858 -0.401963 -0.391479 -0.384574 -0.381386 -0.380315 -0.380005 -0.379791 -0.379244 -0.376222 -0.364402 -0.393813 
5.9 -12.1678 56 -0.392199 -0.363442 -0.375213 -0.379047 -0.379741 -0.380017 -0.380402 -0.381668 -0.385256 -0.392648 -0.403215 -0.412529 -0.416268 -0.416857 -0.4169 -0.416966 -0.416905 -0.416853 -0.416268 -0.41253 -0.403216 -0.392646 -0.385259 -0.381667 -0.380401 -0.380017 -0.379743 -0.379047 -0.375213 -0.363442 -0.392199 
6 -12.168 59 -0.390503 -0.362665 -0.374087 -0.378799 -0.379676 -0.38003 -0.380504 -0.381991 -0.386002 -0.393849 -0.404415 -0.413103 -0.416246 -0.416724 -0.416897 -0.417063 -0.416902 -0.416721 -0.416246 -0.413105 -0.404415 -0.393846 -0.386005 -0.38199 -0.380503 -0.380029 -0.379678 -0.378799 -0.374087 -0.362665 -0.390503 
6.1 -12.1682 60 -0.388748 -0.362083 -0.372856 -0.378491 -0.379592 -0.380043 -0.380625 -0.382358 -0.386809 -0.395073 -0.405552 -0.413584 -0.416202 -0.416608 -0.416896 -0.41716 -0.416901 -0.416605 -0.4162 -0.413586 -0.405553 -0.39507 -0.386813 -0.382357 -0.380624 -0.380043 -0.379594 -0.378491 -0.372856 -0.362083 -0.388748 
6.2 -12.1683 64 -0.386951 -0.361696 -0.371539 -0.378117 -0.379486 -0.380058 -0.380768 -0.382773 -0.387676 -0.39631 -0.40662 -0.413978 -0.416143 -0.416507 -0.416899 -0.417255 -0.416903 -0.416505 -0.41614 -0.413981 -0.40662 -0.396306 -0.387679 -0.382773 -0.380767 -0.380058 -0.379487 -0.378117 -0.37154 -0.361695 -0.386951 
6.3 -12.1684 67 -0.385125 -0.36149 -0.370161 -0.377669 -0.379354 -0.380074 -0.380935 -0.383239 -0.388599 -0.397549 -0.40761 -0.414295 -0.416075 -0.416421 -0.416906 -0.417346 -0.416909 -0.41642 -0.416072 -0.414298 -0.407611 -0.397546 -0.388602 -0.383238 -0.380934 -0.380074 -0.379355 -0.377669 -0.370161 -0.36149 -0.385125 
6.4 -12.1684 70 -0.383283 -0.361446 -0.368749 -0.377143 -0.379193 -0.380091 -0.38113 -0.383756 -0.389573 -0.39878 -0.408519 -0.414542 -0.416005 -0.416348 -0.416916 -0.41743 -0.416919 -0.416348 -0.416001 -0.414545 -0.40852 -0.398777 -0.389577 -0.383756 -0.381128 -0.380092 -0.379193 -0.377144 -0.368749 -0.361445 -0.383283 
6.5 -12.1684 74 -0.381439 -0.361533 -0.367332 -0.376537 -0.379 -0.380111 -0.381353 -0.384327 -0.390595 -0.399992 -0.409344 -0.414728 -0.415936 -0.416287 -0.416931 -0.417507 -0.416933 -0.416287 -0.415932 -0.414731 -0.409344 -0.399989 -0.390598 -0.384327 -0.381351 -0.380111 -0.379 -0.376538 -0.367332 -0.361533 -0.38144 
6.6 -12.1684 78 -0.379607 -0.361719 -0.365941 -0.375851 -0.378771 -0.380131 -0.381608 -0.384952 -0.391658 -0.401176 -0.410083 -0.414862 -0.415871 -0.416236 -0.41695 -0.417573 -0.416951 -0.416237 -0.415867 -0.414866 -0.410083 -0.401173 -0.39166 -0.384953 -0.381606 -0.380132 -0.37877 -0.375853 -0.365941 -0.361719 -0.379608 
