time energy maxBondDim localEnergy 
0 -13.9973 50 -0.65232 -0.295568 -0.563806 -0.340079 -0.535523 -0.359352 -0.52136 -0.369979 -0.513118 -0.376378 -0.5081 -0.380244 -0.505174 -0.382338 -0.503816 -0.383003 -0.503816 -0.382338 -0.505174 -0.380244 -0.5081 -0.376378 -0.513118 -0.369979 -0.52136 -0.359352 -0.535523 -0.340079 -0.563806 -0.295568 -0.65232 
0 -9.76928 4 -0.322884 -0.314025 -0.314599 -0.314579 -0.31458 -0.31458 -0.31458 -0.31458 -0.31458 -0.31458 -0.31458 -0.31458 -0.314581 -0.314538 -0.315016 -0.315549 -0.315016 -0.314538 -0.314581 -0.31458 -0.31458 -0.31458 -0.31458 -0.31458 -0.31458 -0.31458 -0.31458 -0.314579 -0.314599 -0.314025 -0.322884 
0.1 -9.77154 4 -0.322885 -0.314025 -0.3146 -0.31458 -0.314581 -0.314581 -0.314581 -0.314581 -0.314581 -0.314581 -0.314581 -0.314581 -0.314582 -0.314484 -0.315592 -0.316752 -0.315592 -0.314484 -0.314582 -0.314581 -0.314581 -0.314581 -0.314581 -0.314581 -0.314581 -0.314581 -0.314581 -0.31458 -0.3146 -0.314025 -0.322884 
0.2 -9.78159 4 -0.322886 -0.314027 -0.314601 -0.314581 -0.314582 -0.314582 -0.314582 -0.314582 -0.314582 -0.314582 -0.314582 -0.314582 -0.314584 -0.314134 -0.318529 -0.321589 -0.318529 -0.314134 -0.314584 -0.314582 -0.314582 -0.314582 -0.314582 -0.314582 -0.314582 -0.314582 -0.314582 -0.314581 -0.314601 -0.314027 -0.322885 
0.3 -9.79678 4 -0.322888 -0.314028 -0.314603 -0.314583 -0.314584 -0.314584 -0.314584 -0.314584 -0.314584 -0.314584 -0.314584 -0.314583 -0.314591 -0.313149 -0.324488 -0.326783 -0.324489 -0.313149 -0.314591 -0.314583 -0.314584 -0.314584 -0.314584 -0.314584 -0.314584 -0.314584 -0.314584 -0.314583 -0.314603 -0.314028 -0.322886 
0.4 -9.81682 4 -0.322889 -0.314029 -0.314604 -0.314584 -0.314585 -0.314585 -0.314585 -0.314585 -0.314585 -0.314585 -0.314585 -0.314583 -0.31461 -0.311437 -0.333381 -0.332398 -0.333383 -0.311437 -0.31461 -0.314583 -0.314585 -0.314585 -0.314585 -0.314585 -0.314585 -0.314585 -0.314585 -0.314584 -0.314604 -0.314029 -0.322887 
0.5 -9.84104 4 -0.322889 -0.314029 -0.314604 -0.314583 -0.314585 -0.314585 -0.314585 -0.314585 -0.314585 -0.314585 -0.314585 -0.31458 -0.314645 -0.309279 -0.34358 -0.340482 -0.343582 -0.309279 -0.314645 -0.31458 -0.314585 -0.314585 -0.314585 -0.314585 -0.314585 -0.314585 -0.314585 -0.314583 -0.314604 -0.314029 -0.322887 
0.6 -9.86606 4 -0.322889 -0.314028 -0.314603 -0.314582 -0.314583 -0.314583 -0.314583 -0.314583 -0.314583 -0.314583 -0.314584 -0.314573 -0.314666 -0.307441 -0.352155 -0.352018 -0.352157 -0.307441 -0.314666 -0.314573 -0.314584 -0.314583 -0.314583 -0.314583 -0.314583 -0.314583 -0.314583 -0.314582 -0.314602 -0.314028 -0.322887 
0.7 -9.88815 4 -0.322887 -0.314026 -0.314601 -0.314581 -0.314582 -0.314582 -0.314582 -0.314582 -0.314582 -0.314582 -0.314582 -0.314565 -0.314493 -0.307762 -0.355689 -0.366791 -0.355691 -0.307762 -0.314493 -0.314565 -0.314582 -0.314582 -0.314582 -0.314582 -0.314582 -0.314582 -0.314582 -0.314581 -0.314601 -0.314026 -0.322886 
0.8 -9.90541 4 -0.322885 -0.314025 -0.3146 -0.314579 -0.314581 -0.314581 -0.314581 -0.314581 -0.314581 -0.314581 -0.314581 -0.314559 -0.313776 -0.311445 -0.353161 -0.383221 -0.353163 -0.311445 -0.313776 -0.314559 -0.314581 -0.314581 -0.314581 -0.314581 -0.314581 -0.314581 -0.314581 -0.314579 -0.3146 -0.314025 -0.322885 
0.9 -9.92446 4 -0.322884 -0.314025 -0.314599 -0.314579 -0.31458 -0.31458 -0.31458 -0.31458 -0.31458 -0.31458 -0.31458 -0.314566 -0.312306 -0.318693 -0.348696 -0.399631 -0.348697 -0.318694 -0.312306 -0.314566 -0.31458 -0.31458 -0.31458 -0.31458 -0.31458 -0.31458 -0.31458 -0.314579 -0.314599 -0.314025 -0.322884 
1 -9.94808 4 -0.322884 -0.314026 -0.3146 -0.31458 -0.314581 -0.314581 -0.314581 -0.314581 -0.314581 -0.314581 -0.314579 -0.314595 -0.310237 -0.328499 -0.344929 -0.415242 -0.34493 -0.3285 -0.310237 -0.314595 -0.314579 -0.314581 -0.314581 -0.314581 -0.314581 -0.314581 -0.314581 -0.31458 -0.3146 -0.314026 -0.322884 
1.1 -9.97385 4 -0.322885 -0.314027 -0.314602 -0.314582 -0.314583 -0.314583 -0.314583 -0.314583 -0.314583 -0.314583 -0.314575 -0.314632 -0.308122 -0.338434 -0.342711 -0.42972 -0.342712 -0.338435 -0.308121 -0.314632 -0.314575 -0.314583 -0.314583 -0.314583 -0.314583 -0.314583 -0.314583 -0.314582 -0.314602 -0.314027 -0.322885 
1.2 -9.99806 5 -0.322887 -0.314029 -0.314603 -0.314583 -0.314584 -0.314584 -0.314584 -0.314584 -0.314584 -0.314584 -0.31457 -0.314551 -0.307483 -0.345196 -0.342188 -0.442874 -0.342189 -0.345197 -0.307483 -0.314551 -0.31457 -0.314584 -0.314584 -0.314584 -0.314584 -0.314584 -0.314584 -0.314583 -0.314603 -0.314029 -0.322886 
1.3 -10.0168 5 -0.322888 -0.314029 -0.314604 -0.314584 -0.314585 -0.314585 -0.314585 -0.314585 -0.314585 -0.314585 -0.314565 -0.314022 -0.309969 -0.346027 -0.342948 -0.454555 -0.342949 -0.346028 -0.30997 -0.314022 -0.314565 -0.314585 -0.314585 -0.314585 -0.314585 -0.314585 -0.314585 -0.314584 -0.314604 -0.314029 -0.322887 
1.4 -10.0349 6 -0.322889 -0.314029 -0.314603 -0.314583 -0.314584 -0.314584 -0.314584 -0.314584 -0.314584 -0.314584 -0.314566 -0.312765 -0.315878 -0.343864 -0.344488 -0.464599 -0.344488 -0.343865 -0.315878 -0.312765 -0.314566 -0.314584 -0.314584 -0.314584 -0.314584 -0.314584 -0.314584 -0.314583 -0.314603 -0.314029 -0.322887 
1.5 -10.0573 7 -0.322889 -0.314027 -0.314602 -0.314582 -0.314583 -0.314583 -0.314583 -0.314583 -0.314583 -0.314581 -0.314585 -0.310842 -0.324583 -0.34201 -0.346634 -0.472838 -0.346634 -0.342011 -0.324584 -0.310842 -0.314585 -0.314581 -0.314583 -0.314583 -0.314583 -0.314583 -0.314583 -0.314582 -0.314602 -0.314028 -0.322887 
1.6 -10.0826 7 -0.322888 -0.314026 -0.314601 -0.31458 -0.314582 -0.314581 -0.314581 -0.314581 -0.314581 -0.314576 -0.31462 -0.308681 -0.3339 -0.341573 -0.349391 -0.479157 -0.349391 -0.341574 -0.333901 -0.308681 -0.31462 -0.314576 -0.314581 -0.314581 -0.314581 -0.314581 -0.314582 -0.31458 -0.314601 -0.314026 -0.322886 
1.7 -10.1073 8 -0.322886 -0.314025 -0.3146 -0.314579 -0.31458 -0.31458 -0.31458 -0.31458 -0.314581 -0.314569 -0.31459 -0.307484 -0.340671 -0.342809 -0.352777 -0.483508 -0.352777 -0.34281 -0.340673 -0.307484 -0.31459 -0.314569 -0.314581 -0.31458 -0.31458 -0.31458 -0.31458 -0.314579 -0.3146 -0.314025 -0.322885 
1.8 -10.1273 8 -0.322885 -0.314025 -0.3146 -0.314579 -0.314581 -0.31458 -0.31458 -0.31458 -0.314581 -0.314562 -0.314209 -0.309195 -0.341597 -0.34538 -0.356782 -0.485913 -0.356782 -0.345381 -0.341599 -0.309195 -0.314209 -0.314562 -0.314581 -0.31458 -0.31458 -0.31458 -0.314581 -0.314579 -0.3146 -0.314025 -0.322884 
1.9 -10.1448 8 -0.322884 -0.314026 -0.314601 -0.31458 -0.314582 -0.314581 -0.314582 -0.314581 -0.314581 -0.314562 -0.313147 -0.314313 -0.338151 -0.348664 -0.361342 -0.486464 -0.361342 -0.348665 -0.338152 -0.314314 -0.313147 -0.314562 -0.314581 -0.314581 -0.314582 -0.314581 -0.314582 -0.31458 -0.314601 -0.314026 -0.322884 
2 -10.1662 8 -0.322884 -0.314028 -0.314602 -0.314582 -0.314583 -0.314583 -0.314583 -0.314583 -0.314582 -0.314579 -0.311363 -0.322624 -0.334211 -0.352312 -0.366344 -0.485309 -0.366344 -0.352314 -0.334213 -0.322625 -0.311363 -0.314579 -0.314582 -0.314583 -0.314583 -0.314583 -0.314583 -0.314582 -0.314602 -0.314028 -0.322884 
2.1 -10.1913 8 -0.322886 -0.314029 -0.314603 -0.314583 -0.314584 -0.314584 -0.314584 -0.314584 -0.31458 -0.314615 -0.309174 -0.332341 -0.331288 -0.356257 -0.371649 -0.482641 -0.371649 -0.356258 -0.331289 -0.332343 -0.309173 -0.314615 -0.31458 -0.314584 -0.314584 -0.314584 -0.314584 -0.314583 -0.314603 -0.314029 -0.322885 
2.2 -10.2169 8 -0.322888 -0.314029 -0.314604 -0.314584 -0.314585 -0.314585 -0.314585 -0.314585 -0.314575 -0.314623 -0.30749 -0.340555 -0.329791 -0.360503 -0.377104 -0.478689 -0.377103 -0.360505 -0.329792 -0.340557 -0.307489 -0.314623 -0.314575 -0.314585 -0.314585 -0.314585 -0.314585 -0.314584 -0.314604 -0.31403 -0.322886 
2.3 -10.2388 8 -0.322889 -0.314029 -0.314603 -0.314583 -0.314584 -0.314584 -0.314584 -0.314584 -0.314567 -0.314373 -0.308277 -0.343712 -0.329546 -0.365068 -0.382554 -0.473704 -0.382553 -0.365069 -0.329547 -0.343714 -0.308277 -0.314373 -0.314567 -0.314584 -0.314584 -0.314584 -0.314584 -0.314583 -0.314603 -0.314029 -0.322887 
2.4 -10.2561 9 -0.322889 -0.314027 -0.314602 -0.314582 -0.314583 -0.314583 -0.314583 -0.314583 -0.314562 -0.313512 -0.31237 -0.341431 -0.330001 -0.369937 -0.387851 -0.467951 -0.387851 -0.369938 -0.330002 -0.341432 -0.31237 -0.313512 -0.314562 -0.314583 -0.314583 -0.314583 -0.314583 -0.314582 -0.314602 -0.314027 -0.322887 
2.5 -10.2762 9 -0.322889 -0.314025 -0.3146 -0.31458 -0.314581 -0.314581 -0.314581 -0.31458 -0.31457 -0.311906 -0.319807 -0.337844 -0.330783 -0.375052 -0.39286 -0.461695 -0.39286 -0.375053 -0.330783 -0.337846 -0.319807 -0.311905 -0.31457 -0.31458 -0.314581 -0.314581 -0.314581 -0.31458 -0.3146 -0.314025 -0.322887 
2.6 -10.3005 10 -0.322887 -0.314024 -0.314599 -0.314579 -0.31458 -0.31458 -0.31458 -0.314577 -0.3146 -0.30978 -0.32919 -0.335016 -0.331845 -0.380327 -0.397465 -0.455189 -0.397464 -0.380328 -0.331846 -0.335017 -0.329192 -0.30978 -0.3146 -0.314577 -0.31458 -0.31458 -0.31458 -0.314579 -0.314599 -0.314025 -0.322886 
2.7 -10.3261 11 -0.322885 -0.314025 -0.3146 -0.31458 -0.314581 -0.314581 -0.314581 -0.314572 -0.314626 -0.307828 -0.337832 -0.333538 -0.333246 -0.385666 -0.401571 -0.448669 -0.401571 -0.385667 -0.333247 -0.33354 -0.337833 -0.307828 -0.314626 -0.314572 -0.314581 -0.314581 -0.314581 -0.31458 -0.3146 -0.314025 -0.322885 
2.8 -10.3493 11 -0.322884 -0.314026 -0.314601 -0.314581 -0.314582 -0.314582 -0.314582 -0.314567 -0.314479 -0.307822 -0.342257 -0.333377 -0.335064 -0.390966 -0.405112 -0.442342 -0.405112 -0.390967 -0.335065 -0.333378 -0.342259 -0.307822 -0.314479 -0.314567 -0.314582 -0.314582 -0.314582 -0.314581 -0.314601 -0.314026 -0.322884 
2.9 -10.3672 12 -0.322884 -0.314028 -0.314602 -0.314582 -0.314583 -0.314583 -0.314584 -0.314563 -0.313809 -0.311056 -0.340591 -0.334001 -0.337355 -0.396128 -0.408049 -0.43638 -0.408049 -0.396128 -0.337356 -0.334002 -0.340593 -0.311057 -0.313809 -0.314563 -0.314584 -0.314583 -0.314583 -0.314582 -0.314603 -0.314028 -0.322884 
3 -10.3861 13 -0.322885 -0.31403 -0.314604 -0.314583 -0.314585 -0.314584 -0.314584 -0.314569 -0.312389 -0.317741 -0.336581 -0.334909 -0.340132 -0.401053 -0.41037 -0.43092 -0.41037 -0.401053 -0.340133 -0.33491 -0.336582 -0.317742 -0.312389 -0.314569 -0.314584 -0.314584 -0.314585 -0.314583 -0.314604 -0.314029 -0.322885 
3.1 -10.4096 13 -0.322887 -0.31403 -0.314604 -0.314584 -0.314585 -0.314585 -0.314582 -0.314595 -0.310353 -0.326927 -0.332933 -0.335961 -0.343375 -0.405651 -0.412092 -0.426062 -0.412092 -0.405651 -0.343376 -0.335962 -0.332935 -0.326928 -0.310353 -0.314595 -0.314582 -0.314585 -0.314585 -0.314584 -0.314604 -0.31403 -0.322886 
3.2 -10.4353 14 -0.322888 -0.314028 -0.314603 -0.314583 -0.314584 -0.314584 -0.314577 -0.314629 -0.308227 -0.336211 -0.330473 -0.337181 -0.347043 -0.40984 -0.413252 -0.421866 -0.413252 -0.409839 -0.347045 -0.337181 -0.330475 -0.336213 -0.308227 -0.314629 -0.314577 -0.314584 -0.314584 -0.314583 -0.314603 -0.314028 -0.322887 
3.3 -10.4596 15 -0.322889 -0.314026 -0.314601 -0.314581 -0.314582 -0.314582 -0.314569 -0.314556 -0.30747 -0.342289 -0.329308 -0.338633 -0.351083 -0.413549 -0.413907 -0.418358 -0.413909 -0.413548 -0.351085 -0.338633 -0.32931 -0.342291 -0.30747 -0.314556 -0.314569 -0.314582 -0.314582 -0.314581 -0.314601 -0.314027 -0.322887 
3.4 -10.4786 16 -0.322889 -0.314025 -0.3146 -0.31458 -0.314581 -0.314581 -0.314561 -0.314055 -0.309805 -0.342206 -0.329001 -0.340379 -0.355431 -0.416725 -0.41413 -0.415534 -0.414132 -0.416724 -0.355433 -0.34038 -0.329003 -0.342208 -0.309805 -0.314055 -0.314561 -0.314581 -0.314581 -0.31458 -0.3146 -0.314025 -0.322887 
3.5 -10.4966 16 -0.322888 -0.314024 -0.3146 -0.314579 -0.31458 -0.31458 -0.314562 -0.312833 -0.315566 -0.338618 -0.328999 -0.342449 -0.360015 -0.419331 -0.414001 -0.413362 -0.414003 -0.419328 -0.360017 -0.342449 -0.329 -0.338619 -0.315567 -0.312833 -0.314562 -0.31458 -0.31458 -0.314579 -0.314599 -0.314024 -0.322886 
3.6 -10.5189 17 -0.322886 -0.314025 -0.3146 -0.31458 -0.314581 -0.314579 -0.314582 -0.31093 -0.324226 -0.334938 -0.329089 -0.344836 -0.364755 -0.421346 -0.413604 -0.411793 -0.413607 -0.421343 -0.364758 -0.344837 -0.32909 -0.33494 -0.324227 -0.31093 -0.314582 -0.314579 -0.314581 -0.31458 -0.3146 -0.314025 -0.322885 
3.7 -10.5444 17 -0.322885 -0.314027 -0.314601 -0.314581 -0.314582 -0.314577 -0.31462 -0.308749 -0.333691 -0.332322 -0.329283 -0.347523 -0.369568 -0.422771 -0.413023 -0.410761 -0.413026 -0.422767 -0.369571 -0.347523 -0.329285 -0.332323 -0.333692 -0.308748 -0.31462 -0.314577 -0.314582 -0.314581 -0.314601 -0.314027 -0.322884 
3.8 -10.5694 18 -0.322884 -0.314029 -0.314603 -0.314583 -0.314584 -0.314572 -0.314601 -0.307423 -0.340856 -0.331025 -0.329653 -0.350483 -0.374366 -0.423621 -0.412336 -0.410192 -0.41234 -0.423617 -0.374369 -0.350482 -0.329654 -0.331026 -0.340858 -0.307423 -0.314601 -0.314572 -0.314584 -0.314583 -0.314603 -0.314029 -0.322884 
3.9 -10.59 19 -0.322884 -0.31403 -0.314604 -0.314584 -0.314585 -0.314566 -0.31425 -0.308916 -0.342282 -0.330727 -0.330277 -0.353683 -0.379066 -0.423931 -0.411614 -0.410008 -0.411617 -0.423926 -0.379069 -0.353683 -0.330278 -0.330729 -0.342284 -0.308916 -0.31425 -0.314566 -0.314585 -0.314584 -0.314604 -0.31403 -0.322884 
4 -10.6074 21 -0.322886 -0.31403 -0.314603 -0.314583 -0.314585 -0.314565 -0.31323 -0.313779 -0.339015 -0.330831 -0.331208 -0.357091 -0.383585 -0.423747 -0.410914 -0.410133 -0.410918 -0.423742 -0.383589 -0.35709 -0.33121 -0.330832 -0.339017 -0.313779 -0.31323 -0.314565 -0.314585 -0.314583 -0.314604 -0.31403 -0.322885 
4.1 -10.6285 21 -0.322888 -0.314028 -0.314602 -0.314582 -0.314582 -0.314577 -0.31148 -0.321849 -0.335017 -0.331006 -0.332466 -0.360666 -0.38785 -0.42313 -0.410283 -0.410496 -0.410287 -0.423126 -0.387854 -0.360665 -0.332468 -0.331008 -0.335018 -0.32185 -0.31148 -0.314577 -0.314582 -0.314582 -0.314602 -0.314028 -0.322886 
4.2 -10.6534 23 -0.322889 -0.314026 -0.314601 -0.314581 -0.314578 -0.31461 -0.309301 -0.331406 -0.331877 -0.331214 -0.334052 -0.364366 -0.391795 -0.42215 -0.409754 -0.411031 -0.409759 -0.422145 -0.391799 -0.364365 -0.334054 -0.331215 -0.331878 -0.331407 -0.309301 -0.31461 -0.314578 -0.314581 -0.314601 -0.314026 -0.322887 
4.3 -10.679 23 -0.322889 -0.314024 -0.3146 -0.31458 -0.314571 -0.314621 -0.307556 -0.339575 -0.330014 -0.331501 -0.33596 -0.368146 -0.395366 -0.420881 -0.409347 -0.411685 -0.409352 -0.420876 -0.39537 -0.368144 -0.335962 -0.331503 -0.330016 -0.339577 -0.307556 -0.314621 -0.314571 -0.31458 -0.3146 -0.314025 -0.322887 
4.4 -10.7011 25 -0.322889 -0.314024 -0.3146 -0.314579 -0.314564 -0.314393 -0.308189 -0.342807 -0.329251 -0.331938 -0.338179 -0.371955 -0.398522 -0.419401 -0.409069 -0.41241 -0.409074 -0.419396 -0.398526 -0.371953 -0.33818 -0.331939 -0.329252 -0.342808 -0.308189 -0.314393 -0.314564 -0.314579 -0.3146 -0.314024 -0.322887 
4.5 -10.7186 26 -0.322887 -0.314025 -0.3146 -0.31458 -0.314561 -0.313572 -0.312119 -0.340389 -0.329006 -0.332576 -0.340692 -0.375744 -0.401233 -0.417789 -0.408918 -0.413172 -0.408923 -0.417784 -0.401238 -0.375742 -0.340693 -0.332578 -0.329007 -0.340391 -0.31212 -0.313572 -0.314561 -0.31458 -0.3146 -0.314025 -0.322886 
4.6 -10.7384 27 -0.322885 -0.314027 -0.314602 -0.314581 -0.314571 -0.312003 -0.319429 -0.33642 -0.328849 -0.333436 -0.34348 -0.379462 -0.403488 -0.416118 -0.408882 -0.413944 -0.408886 -0.416114 -0.403492 -0.37946 -0.343481 -0.333437 -0.32885 -0.336421 -0.31943 -0.312003 -0.314571 -0.314581 -0.314602 -0.314027 -0.322885 
4.7 -10.7626 27 -0.322884 -0.314029 -0.314603 -0.31458 -0.314602 -0.309891 -0.328813 -0.333065 -0.328693 -0.334517 -0.346515 -0.383061 -0.405285 -0.414457 -0.408944 -0.414706 -0.408948 -0.414453 -0.40529 -0.383059 -0.346516 -0.334518 -0.328695 -0.333066 -0.328814 -0.309891 -0.314602 -0.31458 -0.314603 -0.314029 -0.322884 
4.8 -10.7883 30 -0.322884 -0.31403 -0.314604 -0.314576 -0.314631 -0.307891 -0.337639 -0.33094 -0.328577 -0.335814 -0.349767 -0.386491 -0.406641 -0.412865 -0.409082 -0.415447 -0.409086 -0.412861 -0.406645 -0.38649 -0.349767 -0.335816 -0.328578 -0.330941 -0.337641 -0.307891 -0.314631 -0.314576 -0.314604 -0.31403 -0.322884 
4.9 -10.8118 31 -0.322885 -0.31403 -0.314603 -0.314568 -0.314501 -0.307716 -0.342458 -0.33002 -0.328568 -0.337322 -0.353198 -0.38971 -0.407582 -0.411392 -0.409276 -0.416157 -0.409279 -0.411389 -0.407586 -0.389708 -0.353198 -0.337323 -0.32857 -0.330022 -0.34246 -0.307716 -0.314501 -0.314568 -0.314603 -0.314029 -0.322885 
5 -10.8299 33 -0.322887 -0.314028 -0.314602 -0.314562 -0.313864 -0.310756 -0.341111 -0.329777 -0.32873 -0.339033 -0.356768 -0.392677 -0.408145 -0.410075 -0.409503 -0.41683 -0.409506 -0.410072 -0.408149 -0.392675 -0.356768 -0.339035 -0.328731 -0.329778 -0.341112 -0.310756 -0.313864 -0.314562 -0.314602 -0.314028 -0.322886 
5.1 -10.8486 33 -0.322888 -0.314026 -0.3146 -0.314564 -0.312481 -0.317241 -0.337175 -0.329685 -0.329092 -0.340944 -0.360432 -0.395357 -0.408379 -0.408941 -0.409745 -0.417462 -0.409747 -0.408939 -0.408383 -0.395355 -0.360432 -0.340946 -0.329093 -0.329686 -0.337176 -0.317242 -0.312481 -0.314565 -0.3146 -0.314026 -0.322887 
5.2 -10.8718 35 -0.322889 -0.314024 -0.314597 -0.314587 -0.310469 -0.326308 -0.333496 -0.329579 -0.329662 -0.343046 -0.364144 -0.397724 -0.408337 -0.408005 -0.409987 -0.418047 -0.409989 -0.408003 -0.408341 -0.397722 -0.364144 -0.343048 -0.329663 -0.329581 -0.333497 -0.326309 -0.310469 -0.314587 -0.314597 -0.314025 -0.322887 
5.3 -10.8974 38 -0.322889 -0.314024 -0.314593 -0.314623 -0.308328 -0.335608 -0.330948 -0.329472 -0.330438 -0.345331 -0.367855 -0.399758 -0.408076 -0.407271 -0.410219 -0.418579 -0.410221 -0.407269 -0.408079 -0.399757 -0.367854 -0.345333 -0.330439 -0.329473 -0.330949 -0.335609 -0.308328 -0.314623 -0.314593 -0.314024 -0.322887 
5.4 -10.922 40 -0.322888 -0.314025 -0.314588 -0.314565 -0.307448 -0.341874 -0.329656 -0.329419 -0.331419 -0.347788 -0.371514 -0.401449 -0.407653 -0.406733 -0.410436 -0.41905 -0.410437 -0.406732 -0.407656 -0.401449 -0.371513 -0.34779 -0.33142 -0.32942 -0.329658 -0.341875 -0.307448 -0.314565 -0.314588 -0.314026 -0.322886 
5.5 -10.9413 40 -0.322886 -0.314028 -0.314583 -0.314098 -0.30962 -0.342016 -0.329189 -0.329482 -0.332602 -0.350405 -0.375073 -0.402797 -0.407125 -0.40638 -0.410637 -0.419452 -0.410637 -0.406379 -0.407128 -0.402797 -0.375072 -0.350406 -0.332603 -0.329483 -0.329191 -0.342017 -0.30962 -0.314098 -0.314583 -0.314028 -0.322885 
5.6 -10.9591 43 -0.322885 -0.314029 -0.314585 -0.312917 -0.315209 -0.338396 -0.328965 -0.329692 -0.333984 -0.353164 -0.378485 -0.40381 -0.406544 -0.406194 -0.410823 -0.419773 -0.410824 -0.406194 -0.406547 -0.40381 -0.378483 -0.353166 -0.333986 -0.329693 -0.328967 -0.338397 -0.31521 -0.312917 -0.314585 -0.314029 -0.322884 
5.7 -10.9812 45 -0.322884 -0.314028 -0.314603 -0.311043 -0.323772 -0.334552 -0.328732 -0.330054 -0.335564 -0.356047 -0.381705 -0.404506 -0.405957 -0.406153 -0.411002 -0.420005 -0.411002 -0.406153 -0.405959 -0.404506 -0.381704 -0.356048 -0.335566 -0.330054 -0.328734 -0.334553 -0.323773 -0.311043 -0.314603 -0.314028 -0.322884 
5.8 -11.0066 47 -0.322884 -0.314024 -0.314639 -0.308853 -0.333284 -0.331709 -0.328475 -0.330562 -0.337336 -0.35903 -0.384697 -0.404909 -0.405401 -0.406236 -0.411179 -0.420136 -0.411179 -0.406236 -0.405402 -0.404909 -0.384696 -0.359031 -0.337338 -0.330562 -0.328478 -0.33171 -0.333286 -0.308853 -0.314639 -0.314024 -0.322884 
5.9 -11.0318 50 -0.322886 -0.314016 -0.314625 -0.307426 -0.340687 -0.330148 -0.328245 -0.331211 -0.339295 -0.362086 -0.387427 -0.405053 -0.404906 -0.40642 -0.411362 -0.420159 -0.411362 -0.40642 -0.404907 -0.405053 -0.387426 -0.362087 -0.339297 -0.331211 -0.328248 -0.330149 -0.340689 -0.307426 -0.314625 -0.314016 -0.322885 
6 -11.0527 51 -0.322888 -0.314007 -0.314299 -0.308742 -0.34249 -0.329567 -0.328106 -0.331996 -0.341432 -0.365185 -0.389871 -0.404974 -0.404493 -0.406684 -0.411556 -0.420068 -0.411557 -0.406684 -0.404494 -0.404974 -0.389871 -0.365185 -0.341435 -0.331996 -0.328108 -0.329568 -0.342491 -0.308742 -0.314299 -0.314008 -0.322886 
6.1 -11.07 53 -0.322889 -0.314004 -0.313319 -0.313412 -0.339377 -0.329361 -0.328098 -0.332915 -0.343737 -0.368291 -0.392013 -0.404713 -0.404175 -0.407012 -0.411767 -0.419863 -0.411768 -0.407011 -0.404176 -0.404713 -0.392014 -0.368291 -0.34374 -0.332915 -0.3281 -0.329362 -0.339378 -0.313412 -0.313318 -0.314004 -0.322887 
6.2 -11.0909 56 -0.322889 -0.314017 -0.311605 -0.321331 -0.335379 -0.329172 -0.328231 -0.333971 -0.346196 -0.371369 -0.393847 -0.404313 -0.403955 -0.407388 -0.411997 -0.419544 -0.411998 -0.407387 -0.403957 -0.404313 -0.393847 -0.371368 -0.346199 -0.33397 -0.328234 -0.329173 -0.33538 -0.321332 -0.311605 -0.314017 -0.322886 
6.3 -11.1157 58 -0.322885 -0.314052 -0.309438 -0.330858 -0.332188 -0.328944 -0.328503 -0.335163 -0.348794 -0.374381 -0.395372 -0.403816 -0.403833 -0.407801 -0.412243 -0.41912 -0.412244 -0.407799 -0.403835 -0.403815 -0.395374 -0.374379 -0.348797 -0.335163 -0.328505 -0.328946 -0.332189 -0.33086 -0.309438 -0.314052 -0.322883 
6.4 -11.1413 60 -0.322878 -0.31407 -0.307634 -0.339164 -0.330256 -0.328714 -0.328907 -0.336495 -0.351509 -0.377288 -0.396601 -0.403262 -0.403799 -0.408244 -0.412502 -0.418602 -0.412504 -0.408242 -0.403802 -0.40326 -0.396603 -0.377285 -0.351513 -0.336495 -0.328909 -0.328717 -0.330256 -0.339166 -0.307634 -0.31407 -0.322876 
6.5 -11.1637 63 -0.322869 -0.313866 -0.308103 -0.342707 -0.329429 -0.328543 -0.329437 -0.337971 -0.35432 -0.380055 -0.397551 -0.402687 -0.403844 -0.408711 -0.412767 -0.418004 -0.412769 -0.408708 -0.403847 -0.402685 -0.397554 -0.380051 -0.354323 -0.337971 -0.329439 -0.328545 -0.329429 -0.342709 -0.308103 -0.313866 -0.322868 
6.6 -11.1812 66 -0.322863 -0.313084 -0.311854 -0.340453 -0.329126 -0.328474 -0.330092 -0.339594 -0.357198 -0.382647 -0.398246 -0.402124 -0.403953 -0.409198 -0.41303 -0.417346 -0.413033 -0.409195 -0.403957 -0.402121 -0.39825 -0.382643 -0.357202 -0.339594 -0.330092 -0.328477 -0.329126 -0.340455 -0.311854 -0.313084 -0.322863 
6.7 -11.2008 69 -0.322871 -0.311552 -0.319006 -0.33645 -0.328889 -0.32852 -0.330869 -0.341366 -0.360116 -0.385037 -0.398715 -0.4016 -0.404112 -0.409703 -0.413281 -0.416648 -0.413284 -0.409699 -0.404117 -0.401596 -0.39872 -0.385032 -0.36012 -0.341366 -0.330869 -0.328524 -0.328889 -0.336451 -0.319007 -0.311552 -0.322871 
6.8 -11.2248 72 -0.322901 -0.309458 -0.328343 -0.33299 -0.328609 -0.328677 -0.331769 -0.343287 -0.363041 -0.387199 -0.398993 -0.401135 -0.404308 -0.410223 -0.41351 -0.415933 -0.413513 -0.410218 -0.404314 -0.40113 -0.398999 -0.387194 -0.363044 -0.343288 -0.331768 -0.328681 -0.328609 -0.332991 -0.328345 -0.309458 -0.322901 
6.9 -11.2506 76 -0.322937 -0.307422 -0.337289 -0.330733 -0.328309 -0.328933 -0.332794 -0.345356 -0.36594 -0.389118 -0.399114 -0.400745 -0.40453 -0.410753 -0.413708 -0.415223 -0.413712 -0.410747 -0.404536 -0.40074 -0.39912 -0.389113 -0.365943 -0.345357 -0.332793 -0.328938 -0.328308 -0.330735 -0.337291 -0.307422 -0.322936 
7 -11.2744 81 -0.32283 -0.307097 -0.342425 -0.329682 -0.328045 -0.329281 -0.333946 -0.347565 -0.368781 -0.390782 -0.399112 -0.40044 -0.404768 -0.411289 -0.413867 -0.414538 -0.413871 -0.411283 -0.404775 -0.400434 -0.399119 -0.390777 -0.368784 -0.347567 -0.333943 -0.329286 -0.328045 -0.329683 -0.342426 -0.307097 -0.322828 
7.1 -11.2927 84 -0.322237 -0.309963 -0.341355 -0.329319 -0.327871 -0.329713 -0.335226 -0.349905 -0.371532 -0.392188 -0.399023 -0.400224 -0.405016 -0.411822 -0.413982 -0.413898 -0.413986 -0.411817 -0.405023 -0.400218 -0.39903 -0.392184 -0.371534 -0.349907 -0.335223 -0.329719 -0.327871 -0.32932 -0.341356 -0.309964 -0.322235 
7.2 -11.3112 88 -0.3209 -0.316274 -0.337465 -0.329103 -0.327807 -0.330229 -0.336638 -0.35236 -0.374164 -0.393341 -0.398877 -0.400099 -0.405271 -0.412346 -0.414049 -0.413317 -0.414053 -0.41234 -0.405278 -0.400093 -0.398884 -0.393337 -0.374166 -0.352363 -0.336633 -0.330235 -0.327807 -0.329104 -0.337467 -0.316276 -0.320898 
7.3 -11.3341 94 -0.318916 -0.325249 -0.333746 -0.328849 -0.327851 -0.330827 -0.338182 -0.35491 -0.37665 -0.39425 -0.398703 -0.400062 -0.405531 -0.412847 -0.41407 -0.412809 -0.414074 -0.412842 -0.405538 -0.400056 -0.398709 -0.394246 -0.376651 -0.354914 -0.338177 -0.330834 -0.32785 -0.32885 -0.333748 -0.325251 -0.318914 
7.4 -11.3596 97 -0.316756 -0.334593 -0.331132 -0.328559 -0.327991 -0.33151 -0.339859 -0.357533 -0.378969 -0.394931 -0.398524 -0.400107 -0.405798 -0.413315 -0.414047 -0.412382 -0.41405 -0.41331 -0.405805 -0.400101 -0.39853 -0.394928 -0.378969 -0.357538 -0.339853 -0.331517 -0.327991 -0.32856 -0.331133 -0.334595 -0.316755 
7.5 -11.3843 103 -0.315752 -0.341075 -0.329778 -0.328284 -0.328218 -0.332284 -0.341666 -0.360201 -0.381103 -0.395405 -0.398359 -0.400228 -0.406075 -0.413737 -0.413985 -0.41204 -0.413987 -0.413733 -0.40608 -0.400223 -0.398364 -0.395404 -0.381102 -0.360207 -0.34166 -0.332291 -0.328218 -0.328285 -0.329779 -0.341076 -0.315752 
7.6 -11.4046 106 -0.317681 -0.341493 -0.329273 -0.328079 -0.328525 -0.333154 -0.343598 -0.362885 -0.383038 -0.395698 -0.398222 -0.400417 -0.406364 -0.414101 -0.413892 -0.411785 -0.413893 -0.414097 -0.406369 -0.400413 -0.398226 -0.395698 -0.383036 -0.362891 -0.343591 -0.333162 -0.328525 -0.32808 -0.329274 -0.341495 -0.317681 
7.7 -11.424 113 -0.322864 -0.337871 -0.329023 -0.327972 -0.328906 -0.33413 -0.345647 -0.365554 -0.384768 -0.395837 -0.398123 -0.400667 -0.406668 -0.414394 -0.413776 -0.411614 -0.413776 -0.414392 -0.406672 -0.400664 -0.398126 -0.395838 -0.384765 -0.36556 -0.34564 -0.334138 -0.328906 -0.327972 -0.329024 -0.337873 -0.322865 
7.8 -11.449 118 -0.331242 -0.333828 -0.328748 -0.32796 -0.329358 -0.33522 -0.3478 -0.368176 -0.38629 -0.395851 -0.398068 -0.400969 -0.406991 -0.414608 -0.413647 -0.411523 -0.413647 -0.414606 -0.406994 -0.400968 -0.39807 -0.395853 -0.386287 -0.368183 -0.347793 -0.335227 -0.329359 -0.327961 -0.328748 -0.33383 -0.331243 
7.9 -11.4792 121 -0.341343 -0.330656 -0.328413 -0.328034 -0.329882 -0.336431 -0.350043 -0.370721 -0.387608 -0.395769 -0.398058 -0.401318 -0.407333 -0.414735 -0.413514 -0.411505 -0.413513 -0.414735 -0.407334 -0.401318 -0.398058 -0.395772 -0.387603 -0.370728 -0.350036 -0.336438 -0.329883 -0.328035 -0.328413 -0.330658 -0.341344 
8 -11.5094 126 -0.350251 -0.328673 -0.328054 -0.328179 -0.330479 -0.337772 -0.35236 -0.37316 -0.388727 -0.395621 -0.398092 -0.401707 -0.407693 -0.414772 -0.413386 -0.411553 -0.413384 -0.414773 -0.407693 -0.401709 -0.398091 -0.395625 -0.388722 -0.373167 -0.352353 -0.337778 -0.330481 -0.32818 -0.328054 -0.328675 -0.350253 
8.1 -11.529 133 -0.352922 -0.327608 -0.327718 -0.328383 -0.331154 -0.339247 -0.354729 -0.375467 -0.389659 -0.395432 -0.398166 -0.402132 -0.408068 -0.414719 -0.41327 -0.411658 -0.413267 -0.414721 -0.408067 -0.402134 -0.398164 -0.395438 -0.389654 -0.375474 -0.354723 -0.339252 -0.331155 -0.328384 -0.327718 -0.32761 -0.352924 
8.2 -11.535 137 -0.348469 -0.326847 -0.327428 -0.328637 -0.33191 -0.340856 -0.35713 -0.37762 -0.390419 -0.395229 -0.398276 -0.402587 -0.408453 -0.414579 -0.41317 -0.411812 -0.413166 -0.414582 -0.408451 -0.402591 -0.398273 -0.395235 -0.390414 -0.377625 -0.357125 -0.34086 -0.331912 -0.328639 -0.327427 -0.326849 -0.348471 
8.3 -11.5362 143 -0.341674 -0.326007 -0.327174 -0.328935 -0.332755 -0.342598 -0.359541 -0.379599 -0.391024 -0.395031 -0.398418 -0.403068 -0.408841 -0.41436 -0.41309 -0.412006 -0.413086 -0.414364 -0.408838 -0.403073 -0.398413 -0.395037 -0.391019 -0.379604 -0.359537 -0.342601 -0.332757 -0.328936 -0.327173 -0.326009 -0.341676 
8.4 -11.5364 149 -0.334542 -0.325033 -0.326932 -0.32927 -0.333694 -0.344466 -0.36194 -0.381391 -0.391491 -0.394857 -0.398585 -0.403572 -0.409225 -0.414073 -0.413032 -0.412233 -0.413027 -0.414078 -0.409221 -0.403578 -0.398579 -0.394863 -0.391487 -0.381395 -0.361936 -0.344469 -0.333697 -0.329272 -0.326931 -0.325035 -0.334544 
8.5 -11.5365 155 -0.327494 -0.323958 -0.326677 -0.329639 -0.334734 -0.346452 -0.364303 -0.382988 -0.391842 -0.39472 -0.398773 -0.404094 -0.409596 -0.413731 -0.412994 -0.412485 -0.412989 -0.413736 -0.409591 -0.404101 -0.398768 -0.394726 -0.391838 -0.382991 -0.3643 -0.346453 -0.334737 -0.329642 -0.326676 -0.32396 -0.327496 
8.6 -11.5365 162 -0.320597 -0.322821 -0.326386 -0.330041 -0.335879 -0.348541 -0.366609 -0.384385 -0.392095 -0.394631 -0.39898 -0.40463 -0.409943 -0.413349 -0.412973 -0.412756 -0.412969 -0.413354 -0.409938 -0.404636 -0.398975 -0.394637 -0.392092 -0.384388 -0.366608 -0.348542 -0.335882 -0.330044 -0.326384 -0.322823 -0.320599 
8.7 -11.5365 169 -0.313859 -0.32166 -0.32604 -0.330473 -0.33713 -0.350717 -0.368839 -0.385585 -0.392272 -0.394597 -0.399204 -0.405173 -0.410259 -0.412944 -0.412968 -0.41304 -0.412964 -0.41295 -0.410254 -0.405179 -0.399199 -0.394601 -0.39227 -0.385586 -0.368838 -0.350717 -0.337134 -0.330477 -0.326039 -0.321662 -0.313861 
8.8 -11.5365 177 -0.307282 -0.320499 -0.32563 -0.330938 -0.338488 -0.35296 -0.370974 -0.386593 -0.392389 -0.394619 -0.399444 -0.405717 -0.410534 -0.412533 -0.412972 -0.413332 -0.412969 -0.412539 -0.41053 -0.405723 -0.39944 -0.394623 -0.392388 -0.386593 -0.370974 -0.352959 -0.338492 -0.330941 -0.325628 -0.320501 -0.307284 
8.9 -11.5365 185 -0.300871 -0.319356 -0.325151 -0.331434 -0.339949 -0.355249 -0.372996 -0.387418 -0.392466 -0.3947 -0.399702 -0.406255 -0.410763 -0.412133 -0.412982 -0.413626 -0.412979 -0.412138 -0.410759 -0.406261 -0.399698 -0.394703 -0.392466 -0.387418 -0.372997 -0.355247 -0.339953 -0.331438 -0.325149 -0.319358 -0.300873 
9 -11.5365 193 -0.294632 -0.318238 -0.324608 -0.331962 -0.341507 -0.35756 -0.374894 -0.388076 -0.392517 -0.394837 -0.399979 -0.406779 -0.410942 -0.411758 -0.412994 -0.413918 -0.412991 -0.411761 -0.410939 -0.406783 -0.399976 -0.394838 -0.392518 -0.388075 -0.374895 -0.357558 -0.34151 -0.331967 -0.324605 -0.31824 -0.294634 
9.1 -11.5365 202 -0.288576 -0.317142 -0.324011 -0.332524 -0.343152 -0.359869 -0.376654 -0.388583 -0.392555 -0.395026 -0.400277 -0.407279 -0.411068 -0.41142 -0.413004 -0.4142 -0.413002 -0.411423 -0.411065 -0.407282 -0.400276 -0.395026 -0.392557 -0.388581 -0.376656 -0.359867 -0.343155 -0.332529 -0.324008 -0.317144 -0.288579 
9.2 -11.5365 210 -0.282718 -0.316058 -0.323378 -0.333118 -0.344873 -0.362152 -0.378269 -0.388959 -0.392591 -0.395262 -0.4006 -0.407746 -0.411141 -0.411131 -0.413009 -0.414469 -0.413008 -0.411133 -0.41114 -0.407748 -0.4006 -0.395261 -0.392594 -0.388956 -0.378272 -0.362149 -0.344876 -0.333124 -0.323375 -0.31606 -0.282721 
9.3 -11.5365 220 -0.277074 -0.314971 -0.322733 -0.333743 -0.346654 -0.364383 -0.379733 -0.389224 -0.392634 -0.395541 -0.400949 -0.408173 -0.411165 -0.410896 -0.413009 -0.414717 -0.413009 -0.410897 -0.411165 -0.408174 -0.40095 -0.395538 -0.392638 -0.389221 -0.379736 -0.36438 -0.346657 -0.333749 -0.32273 -0.314972 -0.277077 
