time energy SvN bondDim localEnergy 
0 -10.4382 0.0530548 2 4 5 5 5 5 5 5 5 5 5 5 5 5 5 5 5 5 5 5 5 5 5 5 5 5 5 5 5 4 2 -0.352039 -0.334061 -0.335845 -0.335729 -0.33574 -0.335739 -0.335739 -0.335739 -0.335739 -0.335739 -0.335739 -0.335739 -0.335741 -0.335747 -0.335954 -0.336157 -0.335954 -0.335747 -0.335741 -0.335739 -0.335739 -0.335739 -0.335739 -0.335739 -0.335739 -0.335739 -0.33574 -0.335729 -0.335845 -0.334061 -0.352039 
0.1 -10.4383 0.0530922 2 4 5 5 5 5 5 5 5 5 5 5 5 5 5 5 5 5 5 5 5 5 5 5 5 5 5 5 5 4 2 -0.352039 -0.334061 -0.335845 -0.335729 -0.33574 -0.335739 -0.335739 -0.335739 -0.335739 -0.335739 -0.335739 -0.335739 -0.335741 -0.335748 -0.335972 -0.336192 -0.335972 -0.335748 -0.335741 -0.335739 -0.335739 -0.335739 -0.335739 -0.335739 -0.335739 -0.335739 -0.33574 -0.335729 -0.335845 -0.334061 -0.352039 
0.2 -10.4386 0.0532555 2 4 5 5 5 5 5 5 5 5 5 5 5 5 5 5 5 5 5 5 5 5 5 5 5 5 5 5 5 4 2 -0.352039 -0.334061 -0.335845 -0.335729 -0.33574 -0.335739 -0.335739 -0.335739 -0.335739 -0.335739 -0.335739 -0.33574 -0.335742 -0.335753 -0.336053 -0.336346 -0.336053 -0.335753 -0.335742 -0.33574 -0.335739 -0.335739 -0.335739 -0.335739 -0.335739 -0.335739 -0.33574 -0.335729 -0.335845 -0.334061 -0.352039 
0.3 -10.4394 0.0536614 2 4 5 5 5 5 5 5 5 5 5 5 5 5 5 5 5 5 5 5 5 5 5 5 5 5 5 5 5 4 2 -0.35204 -0.334062 -0.335845 -0.33573 -0.33574 -0.33574 -0.33574 -0.33574 -0.33574 -0.33574 -0.33574 -0.33574 -0.335744 -0.335763 -0.336252 -0.336725 -0.336252 -0.335763 -0.335744 -0.33574 -0.33574 -0.33574 -0.33574 -0.33574 -0.33574 -0.33574 -0.33574 -0.33573 -0.335845 -0.334062 -0.352039 
0.4 -10.441 0.0544616 2 4 5 5 5 5 5 5 5 5 5 5 5 5 5 5 5 5 5 5 5 5 5 5 5 5 5 5 5 4 2 -0.35204 -0.334062 -0.335846 -0.33573 -0.335741 -0.33574 -0.33574 -0.33574 -0.33574 -0.33574 -0.33574 -0.335741 -0.335748 -0.335783 -0.336639 -0.337461 -0.336639 -0.335783 -0.335748 -0.335741 -0.33574 -0.33574 -0.33574 -0.33574 -0.33574 -0.33574 -0.335741 -0.33573 -0.335846 -0.334062 -0.35204 
0.5 -10.4437 0.0558603 2 4 5 5 5 5 5 5 5 5 5 5 5 5 5 5 5 5 5 5 5 5 5 5 5 5 5 5 5 4 2 -0.352041 -0.334062 -0.335846 -0.33573 -0.335741 -0.33574 -0.33574 -0.33574 -0.33574 -0.33574 -0.33574 -0.335742 -0.335754 -0.335818 -0.337305 -0.338722 -0.337305 -0.335818 -0.335754 -0.335742 -0.33574 -0.33574 -0.33574 -0.33574 -0.33574 -0.33574 -0.335741 -0.33573 -0.335846 -0.334062 -0.35204 
0.6 -10.4479 0.0581464 2 4 5 5 5 5 5 5 5 5 5 5 5 5 5 5 5 5 5 5 5 5 5 5 5 5 5 5 5 4 2 -0.352041 -0.334062 -0.335846 -0.33573 -0.335741 -0.33574 -0.33574 -0.33574 -0.33574 -0.33574 -0.335741 -0.335743 -0.335764 -0.335877 -0.338366 -0.340716 -0.338366 -0.335877 -0.335764 -0.335743 -0.335741 -0.33574 -0.33574 -0.33574 -0.33574 -0.33574 -0.335741 -0.33573 -0.335846 -0.334062 -0.35204 
0.7 -10.4544 0.0617339 2 4 5 5 5 5 5 5 5 5 5 5 5 5 5 5 5 5 5 5 5 5 5 5 5 5 5 5 5 4 2 -0.352041 -0.334062 -0.335846 -0.33573 -0.335741 -0.33574 -0.33574 -0.33574 -0.33574 -0.33574 -0.335741 -0.335745 -0.335781 -0.335977 -0.339965 -0.343692 -0.339966 -0.335977 -0.335781 -0.335745 -0.335741 -0.33574 -0.33574 -0.33574 -0.33574 -0.33574 -0.335741 -0.33573 -0.335846 -0.334062 -0.35204 
0.8 -10.4636 0.0671965 2 4 5 5 5 5 5 5 5 5 5 5 5 5 5 5 5 5 5 5 5 5 5 5 5 5 5 5 5 4 2 -0.352041 -0.334062 -0.335846 -0.33573 -0.335741 -0.33574 -0.33574 -0.33574 -0.33574 -0.33574 -0.335741 -0.335748 -0.33581 -0.336149 -0.342268 -0.347897 -0.342268 -0.336149 -0.33581 -0.335748 -0.335741 -0.33574 -0.33574 -0.33574 -0.33574 -0.33574 -0.335741 -0.33573 -0.335846 -0.334062 -0.35204 
0.9 -10.4761 0.0752598 2 4 5 5 5 5 5 5 5 5 5 5 5 5 5 5 5 5 5 5 5 5 5 5 5 5 5 5 5 4 2 -0.35204 -0.334061 -0.335845 -0.33573 -0.33574 -0.33574 -0.33574 -0.33574 -0.33574 -0.33574 -0.335742 -0.335753 -0.335856 -0.33645 -0.345415 -0.353486 -0.345415 -0.33645 -0.335856 -0.335753 -0.335742 -0.33574 -0.33574 -0.33574 -0.33574 -0.33574 -0.33574 -0.33573 -0.335845 -0.334062 -0.35204 
1 -10.4924 0.0867155 2 4 5 5 5 5 5 5 5 5 5 5 5 5 5 5 5 5 5 5 5 5 5 5 5 5 5 5 5 4 2 -0.35204 -0.334061 -0.335845 -0.335729 -0.33574 -0.335739 -0.335739 -0.335739 -0.335739 -0.33574 -0.335743 -0.335762 -0.335934 -0.336976 -0.34947 -0.360404 -0.349471 -0.336976 -0.335934 -0.335762 -0.335743 -0.33574 -0.335739 -0.335739 -0.335739 -0.335739 -0.33574 -0.335729 -0.335845 -0.334061 -0.35204 
1.1 -10.5122 0.102251 2 4 5 5 5 5 5 5 5 5 5 5 5 5 5 5 5 5 5 5 5 5 5 5 5 5 5 5 5 4 2 -0.35204 -0.334061 -0.335845 -0.335729 -0.33574 -0.335739 -0.335739 -0.335739 -0.335739 -0.33574 -0.335745 -0.335777 -0.336064 -0.337868 -0.354363 -0.36835 -0.354363 -0.337868 -0.336064 -0.335777 -0.335745 -0.33574 -0.335739 -0.335739 -0.335739 -0.335739 -0.33574 -0.335729 -0.335845 -0.334061 -0.352039 
1.2 -10.5351 0.12225 2 4 5 5 5 5 5 5 5 5 5 5 5 5 5 5 5 5 5 5 5 5 5 5 5 5 5 5 5 4 2 -0.352039 -0.334061 -0.335845 -0.335729 -0.33574 -0.335739 -0.335739 -0.335739 -0.335739 -0.33574 -0.335748 -0.335803 -0.336283 -0.339306 -0.359873 -0.376866 -0.359873 -0.339307 -0.336283 -0.335803 -0.335748 -0.33574 -0.335739 -0.335739 -0.335739 -0.335739 -0.33574 -0.335729 -0.335845 -0.334061 -0.352039 
1.3 -10.5605 0.146659 2 4 5 5 5 5 5 5 5 5 5 5 5 5 5 5 5 5 5 5 5 5 5 5 5 5 5 5 5 4 2 -0.352039 -0.334061 -0.335845 -0.335729 -0.33574 -0.335739 -0.335739 -0.335739 -0.335739 -0.335741 -0.335754 -0.335847 -0.336657 -0.341462 -0.36566 -0.385508 -0.36566 -0.341463 -0.336657 -0.335847 -0.335754 -0.335741 -0.335739 -0.335739 -0.335739 -0.335739 -0.33574 -0.335729 -0.335845 -0.334061 -0.352039 
1.4 -10.5877 0.17499 2 4 5 5 5 5 5 5 5 5 5 5 5 5 5 5 5 5 5 5 5 5 5 5 5 5 5 5 5 4 2 -0.352039 -0.334061 -0.335845 -0.335729 -0.33574 -0.335739 -0.335739 -0.335739 -0.33574 -0.335743 -0.335765 -0.335922 -0.337286 -0.344437 -0.371334 -0.39395 -0.371334 -0.344437 -0.337286 -0.335922 -0.335765 -0.335743 -0.33574 -0.335739 -0.335739 -0.335739 -0.33574 -0.335729 -0.335845 -0.334061 -0.352039 
1.5 -10.6161 0.206423 2 4 5 5 5 5 5 5 5 5 5 5 5 5 5 5 5 5 5 5 5 5 5 5 5 5 5 5 5 4 2 -0.352039 -0.334062 -0.335845 -0.33573 -0.33574 -0.33574 -0.33574 -0.33574 -0.33574 -0.335746 -0.335782 -0.336052 -0.338317 -0.3482 -0.376554 -0.401998 -0.376554 -0.3482 -0.338317 -0.336052 -0.335782 -0.335746 -0.33574 -0.33574 -0.33574 -0.33574 -0.33574 -0.33573 -0.335845 -0.334062 -0.352039 
1.6 -10.6452 0.239975 2 4 5 5 5 5 5 5 5 5 5 5 5 5 5 5 5 5 5 5 5 5 5 5 5 5 5 5 5 4 2 -0.35204 -0.334062 -0.335846 -0.33573 -0.335741 -0.33574 -0.33574 -0.33574 -0.335741 -0.33575 -0.335811 -0.336277 -0.339924 -0.352579 -0.381116 -0.409544 -0.381116 -0.352579 -0.339924 -0.336277 -0.335811 -0.33575 -0.335741 -0.33574 -0.33574 -0.33574 -0.335741 -0.33573 -0.335846 -0.334062 -0.352039 
1.7 -10.6749 0.274645 2 4 5 5 5 5 5 5 5 5 5 5 5 5 5 5 5 5 5 5 5 5 5 5 5 5 5 5 5 4 2 -0.35204 -0.334062 -0.335846 -0.33573 -0.335741 -0.33574 -0.33574 -0.335741 -0.335743 -0.335757 -0.33586 -0.336665 -0.342261 -0.357277 -0.384985 -0.416528 -0.384985 -0.357278 -0.342261 -0.336665 -0.33586 -0.335757 -0.335743 -0.335741 -0.33574 -0.33574 -0.335741 -0.33573 -0.335846 -0.334062 -0.352039 
1.8 -10.7049 0.30954 2 4 5 5 5 5 5 5 5 5 5 5 5 5 5 5 5 5 5 5 5 5 5 5 5 5 5 5 5 4 2 -0.35204 -0.334062 -0.335846 -0.33573 -0.335741 -0.33574 -0.33574 -0.335741 -0.335744 -0.335767 -0.335943 -0.337325 -0.345396 -0.361947 -0.388253 -0.422905 -0.388253 -0.361947 -0.345396 -0.337325 -0.335943 -0.335767 -0.335744 -0.335741 -0.33574 -0.33574 -0.335741 -0.33573 -0.335846 -0.334062 -0.35204 
1.9 -10.7352 0.343949 2 4 5 5 5 5 5 5 5 5 5 5 5 5 5 5 5 5 5 5 5 5 5 5 5 5 5 5 5 4 2 -0.352041 -0.334062 -0.335846 -0.33573 -0.335741 -0.33574 -0.33574 -0.335741 -0.335747 -0.335786 -0.336085 -0.338407 -0.34926 -0.366281 -0.391071 -0.428643 -0.391071 -0.366281 -0.34926 -0.338408 -0.336085 -0.335786 -0.335747 -0.335741 -0.33574 -0.33574 -0.335741 -0.33573 -0.335846 -0.334062 -0.35204 
2 -10.7656 0.377375 2 4 5 5 5 5 5 5 5 5 5 5 5 5 6 6 6 5 5 5 5 5 5 5 5 5 5 5 5 4 2 -0.352041 -0.334062 -0.335846 -0.33573 -0.335741 -0.33574 -0.33574 -0.335741 -0.335751 -0.335816 -0.33633 -0.340086 -0.353637 -0.3701 -0.393594 -0.433711 -0.393594 -0.3701 -0.353637 -0.340087 -0.33633 -0.335816 -0.335751 -0.335741 -0.33574 -0.33574 -0.335741 -0.33573 -0.335846 -0.334062 -0.35204 
2.1 -10.7962 0.409536 2 4 5 5 5 5 5 5 5 5 5 5 5 5 6 6 6 5 5 5 5 5 5 5 5 5 5 5 5 4 2 -0.352041 -0.334061 -0.335845 -0.33573 -0.33574 -0.33574 -0.33574 -0.335742 -0.335757 -0.335868 -0.336753 -0.342506 -0.358193 -0.373377 -0.395951 -0.438083 -0.395951 -0.373377 -0.358193 -0.342506 -0.336753 -0.335868 -0.335757 -0.335742 -0.33574 -0.33574 -0.33574 -0.33573 -0.335845 -0.334062 -0.35204 
2.2 -10.8268 0.440333 2 4 5 5 5 5 5 5 5 5 5 5 5 6 7 7 7 6 5 5 5 5 5 5 5 5 5 5 5 4 2 -0.352041 -0.334061 -0.335845 -0.335729 -0.33574 -0.335739 -0.33574 -0.335743 -0.335769 -0.335958 -0.337468 -0.345714 -0.362555 -0.376202 -0.398239 -0.44174 -0.398239 -0.376203 -0.362555 -0.345715 -0.337468 -0.335958 -0.335769 -0.335743 -0.33574 -0.335739 -0.33574 -0.335729 -0.335845 -0.334061 -0.35204 
2.3 -10.8575 0.469803 2 4 5 5 5 5 5 5 5 5 5 5 5 6 7 8 7 6 5 5 5 5 5 5 5 5 5 5 5 4 2 -0.35204 -0.334061 -0.335845 -0.335729 -0.33574 -0.335739 -0.33574 -0.335746 -0.335788 -0.336112 -0.338632 -0.349619 -0.366408 -0.378717 -0.40052 -0.444671 -0.40052 -0.378717 -0.366409 -0.349619 -0.338632 -0.336112 -0.335788 -0.335746 -0.33574 -0.335739 -0.33574 -0.335729 -0.335845 -0.334061 -0.35204 
2.4 -10.8883 0.498062 2 4 5 5 5 5 5 5 5 5 5 5 5 7 8 8 8 7 5 5 5 5 5 5 5 5 5 5 5 4 2 -0.35204 -0.334061 -0.335845 -0.335729 -0.33574 -0.335739 -0.335741 -0.33575 -0.335822 -0.336379 -0.340417 -0.35398 -0.369581 -0.381061 -0.402828 -0.446877 -0.402828 -0.381062 -0.369581 -0.353981 -0.340417 -0.336379 -0.335822 -0.33575 -0.335741 -0.335739 -0.33574 -0.335729 -0.335845 -0.334061 -0.352039 
2.5 -10.9191 0.525254 2 4 5 5 5 5 5 5 5 5 5 5 5 7 8 8 8 7 5 5 5 5 5 5 5 5 5 5 5 4 2 -0.352039 -0.334061 -0.335845 -0.335729 -0.33574 -0.335739 -0.335742 -0.335758 -0.335879 -0.336837 -0.342957 -0.358453 -0.372061 -0.383356 -0.405173 -0.448377 -0.405173 -0.383356 -0.372061 -0.358453 -0.342957 -0.336837 -0.335879 -0.335758 -0.335742 -0.335739 -0.33574 -0.335729 -0.335845 -0.334061 -0.352039 
2.6 -10.95 0.551507 2 4 5 5 5 5 5 5 5 5 5 5 6 8 8 8 8 8 6 5 5 5 5 5 5 5 5 5 5 4 2 -0.352039 -0.334061 -0.335845 -0.335729 -0.33574 -0.33574 -0.335744 -0.335771 -0.335977 -0.33761 -0.346279 -0.362663 -0.373952 -0.385688 -0.407545 -0.449199 -0.407545 -0.385688 -0.373952 -0.362663 -0.346279 -0.33761 -0.335977 -0.335771 -0.335744 -0.33574 -0.33574 -0.335729 -0.335845 -0.334061 -0.352039 
2.7 -10.9808 0.57691 2 4 5 5 5 5 5 5 5 5 5 5 6 8 8 8 8 8 6 5 5 5 5 5 5 5 5 5 5 4 2 -0.352039 -0.334062 -0.335845 -0.33573 -0.33574 -0.335741 -0.335747 -0.335793 -0.336145 -0.338858 -0.350265 -0.36631 -0.375406 -0.388116 -0.409921 -0.449392 -0.40992 -0.388117 -0.375406 -0.36631 -0.350265 -0.338858 -0.336145 -0.335793 -0.335747 -0.335741 -0.33574 -0.33573 -0.335846 -0.334062 -0.352039 
2.8 -11.0117 0.601506 2 4 5 5 5 5 5 5 5 5 5 5 7 8 8 8 8 8 7 5 5 5 5 5 5 5 5 5 5 4 2 -0.352039 -0.334062 -0.335846 -0.33573 -0.335741 -0.335742 -0.335752 -0.33583 -0.336435 -0.340751 -0.354653 -0.369242 -0.376582 -0.390671 -0.412268 -0.449013 -0.412268 -0.390671 -0.376582 -0.369243 -0.354653 -0.340751 -0.336435 -0.33583 -0.335752 -0.335742 -0.335741 -0.33573 -0.335846 -0.334062 -0.352039 
2.9 -11.0426 0.625303 2 4 5 5 5 5 5 5 5 5 5 5 7 8 8 9 8 8 7 5 5 5 5 5 5 5 5 5 5 4 2 -0.352039 -0.334062 -0.335846 -0.33573 -0.335741 -0.335743 -0.335761 -0.335892 -0.336933 -0.343411 -0.359082 -0.371464 -0.377617 -0.39336 -0.414551 -0.448131 -0.414551 -0.39336 -0.377617 -0.371464 -0.359083 -0.343411 -0.336933 -0.335892 -0.335761 -0.335743 -0.335741 -0.33573 -0.335846 -0.334062 -0.352039 
3 -11.0735 0.648294 2 4 5 5 5 5 5 5 5 5 5 6 8 8 9 9 9 8 8 6 5 5 5 5 5 5 5 5 5 4 2 -0.35204 -0.334062 -0.335846 -0.33573 -0.335742 -0.335745 -0.335775 -0.335998 -0.337768 -0.346844 -0.363181 -0.373084 -0.378623 -0.396174 -0.416731 -0.446826 -0.416731 -0.396174 -0.378623 -0.373084 -0.363181 -0.346844 -0.337768 -0.335998 -0.335775 -0.335745 -0.335742 -0.33573 -0.335846 -0.334062 -0.352039 
3.1 -11.1044 0.670481 2 4 5 5 5 5 5 5 5 5 5 6 8 8 10 10 10 8 8 6 5 5 5 5 5 5 5 5 5 4 2 -0.35204 -0.334062 -0.335846 -0.33573 -0.335742 -0.335748 -0.335798 -0.33618 -0.339104 -0.350908 -0.366662 -0.374252 -0.379684 -0.399089 -0.418771 -0.445178 -0.418771 -0.399089 -0.379684 -0.374252 -0.366662 -0.350909 -0.339104 -0.33618 -0.335798 -0.335748 -0.335742 -0.33573 -0.335846 -0.334062 -0.35204 
3.2 -11.1353 0.691894 2 4 5 5 5 5 5 5 5 5 5 7 8 9 10 10 10 9 8 7 5 5 5 5 5 5 5 5 5 4 2 -0.352041 -0.334062 -0.335846 -0.33573 -0.335743 -0.335753 -0.335837 -0.336496 -0.341109 -0.355323 -0.369393 -0.375118 -0.380861 -0.402071 -0.420639 -0.443271 -0.420639 -0.402071 -0.380861 -0.375118 -0.369394 -0.355323 -0.341109 -0.336496 -0.335837 -0.335753 -0.335743 -0.33573 -0.335846 -0.334062 -0.35204 
3.3 -11.1662 0.712603 2 4 5 5 5 5 5 5 5 5 6 7 8 9 10 11 10 10 8 7 6 5 5 5 5 5 5 5 5 4 2 -0.352041 -0.334061 -0.335846 -0.33573 -0.335743 -0.335762 -0.335904 -0.337035 -0.34389 -0.359719 -0.371395 -0.375811 -0.382195 -0.405081 -0.422308 -0.441188 -0.422308 -0.405081 -0.382195 -0.375812 -0.371395 -0.359719 -0.34389 -0.337035 -0.335904 -0.335762 -0.335743 -0.33573 -0.335846 -0.334062 -0.35204 
3.4 -11.1972 0.732726 2 4 5 5 5 5 5 5 5 5 6 8 8 10 11 12 11 10 8 8 6 5 5 5 5 5 5 5 5 4 2 -0.352041 -0.334061 -0.335845 -0.33573 -0.335745 -0.335777 -0.336019 -0.337935 -0.347431 -0.363729 -0.372781 -0.376438 -0.383707 -0.408076 -0.423758 -0.439008 -0.423758 -0.408076 -0.383708 -0.376438 -0.372781 -0.363729 -0.347432 -0.337935 -0.336019 -0.335777 -0.335745 -0.33573 -0.335845 -0.334061 -0.35204 
3.5 -11.2281 0.75241 2 4 5 5 5 5 5 5 5 5 6 8 9 10 11 12 12 10 9 8 6 5 5 5 5 5 5 5 5 4 2 -0.352041 -0.334061 -0.335845 -0.33573 -0.335749 -0.335802 -0.336217 -0.339364 -0.351568 -0.367087 -0.373698 -0.377076 -0.385406 -0.411012 -0.424978 -0.436803 -0.424978 -0.411011 -0.385407 -0.377076 -0.373698 -0.367088 -0.351569 -0.339364 -0.336217 -0.335802 -0.335749 -0.33573 -0.335845 -0.334061 -0.35204 
3.6 -11.259 0.771823 2 4 5 5 5 5 5 5 5 5 7 8 9 11 13 13 13 11 9 8 7 5 5 5 5 5 5 5 5 4 2 -0.352041 -0.334061 -0.335845 -0.335731 -0.335754 -0.335844 -0.33656 -0.341483 -0.356002 -0.369686 -0.37429 -0.377785 -0.387289 -0.413844 -0.425961 -0.434636 -0.425962 -0.413844 -0.38729 -0.377785 -0.37429 -0.369686 -0.356002 -0.341484 -0.33656 -0.335844 -0.335754 -0.335731 -0.335845 -0.334061 -0.35204 
3.7 -11.2899 0.791127 2 4 5 5 5 5 5 5 5 6 8 8 10 11 13 13 13 11 10 8 8 6 5 5 5 5 5 5 5 4 2 -0.35204 -0.334061 -0.335846 -0.335732 -0.335764 -0.335917 -0.337146 -0.344386 -0.360355 -0.371561 -0.37468 -0.378605 -0.389343 -0.416532 -0.426713 -0.432562 -0.426713 -0.416532 -0.389344 -0.378605 -0.37468 -0.371562 -0.360355 -0.344387 -0.337146 -0.335917 -0.335764 -0.335732 -0.335845 -0.334061 -0.35204 
3.8 -11.3209 0.81046 2 4 5 5 5 5 5 5 5 6 8 8 10 12 14 14 14 12 10 8 8 6 5 5 5 5 5 5 5 4 2 -0.35204 -0.334061 -0.335846 -0.335735 -0.33578 -0.336043 -0.338116 -0.348034 -0.364271 -0.372833 -0.374966 -0.379561 -0.39155 -0.419039 -0.427243 -0.430626 -0.427244 -0.419038 -0.39155 -0.379561 -0.374966 -0.372833 -0.364271 -0.348035 -0.338116 -0.336043 -0.33578 -0.335735 -0.335846 -0.334061 -0.352039 
3.9 -11.3518 0.829926 2 4 5 5 5 5 5 5 5 7 8 9 10 13 15 15 15 13 10 9 8 7 5 5 5 5 5 5 5 4 2 -0.352039 -0.334062 -0.335847 -0.335739 -0.335808 -0.336259 -0.339641 -0.35224 -0.367503 -0.373647 -0.375225 -0.38067 -0.393883 -0.421333 -0.427569 -0.428861 -0.427569 -0.421332 -0.393884 -0.38067 -0.375225 -0.373647 -0.367504 -0.35224 -0.339642 -0.336259 -0.335808 -0.335739 -0.335847 -0.334062 -0.352039 
4 -11.3827 0.849585 2 4 5 5 5 5 5 5 5 7 8 9 11 13 15 17 15 13 11 9 8 7 5 5 5 5 5 5 5 4 2 -0.352039 -0.334062 -0.335848 -0.335746 -0.335855 -0.336632 -0.341879 -0.356686 -0.369969 -0.374141 -0.37551 -0.381936 -0.396315 -0.423387 -0.42771 -0.427291 -0.427711 -0.423386 -0.396315 -0.381936 -0.375511 -0.374141 -0.369969 -0.356686 -0.341879 -0.336632 -0.335855 -0.335746 -0.335848 -0.334062 -0.352039 
4.1 -11.4137 0.869464 2 4 5 5 5 5 5 5 6 8 8 10 11 14 17 17 17 14 11 10 8 8 6 5 5 5 5 5 5 4 2 -0.352039 -0.334063 -0.33585 -0.335756 -0.335934 -0.337267 -0.344903 -0.360994 -0.371719 -0.374431 -0.375863 -0.383361 -0.398812 -0.425183 -0.427694 -0.425931 -0.427694 -0.425182 -0.398813 -0.383361 -0.375863 -0.374431 -0.371719 -0.360994 -0.344903 -0.337267 -0.335934 -0.335756 -0.33585 -0.334063 -0.352039 
4.2 -11.4446 0.88956 2 4 5 5 5 5 5 5 6 8 8 10 13 16 18 18 17 16 13 10 8 8 6 5 5 5 5 5 5 4 2 -0.352039 -0.334063 -0.335852 -0.335774 -0.33607 -0.338311 -0.348652 -0.364816 -0.37288 -0.374608 -0.37631 -0.38494 -0.401342 -0.426706 -0.427546 -0.424784 -0.427546 -0.426706 -0.401342 -0.38494 -0.376311 -0.374608 -0.37288 -0.364816 -0.348652 -0.338311 -0.336071 -0.335774 -0.335852 -0.334063 -0.352039 
4.3 -11.4755 0.909862 2 4 5 5 5 5 5 5 7 8 9 10 13 16 18 18 18 16 13 10 9 8 7 5 5 5 5 5 5 4 2 -0.35204 -0.334064 -0.335856 -0.335804 -0.336305 -0.339937 -0.352917 -0.367931 -0.373596 -0.374739 -0.37687 -0.386664 -0.403869 -0.427953 -0.427296 -0.42385 -0.427296 -0.427952 -0.403869 -0.386664 -0.376871 -0.374739 -0.373597 -0.367932 -0.352917 -0.339937 -0.336306 -0.335804 -0.335856 -0.334064 -0.35204 
4.4 -11.5065 0.930356 2 4 5 5 5 5 5 5 7 8 10 11 14 18 19 19 19 18 14 11 10 8 7 5 5 5 5 5 5 4 2 -0.35204 -0.334064 -0.335863 -0.335854 -0.33671 -0.342293 -0.357366 -0.370279 -0.374001 -0.374874 -0.377554 -0.388522 -0.406358 -0.428922 -0.426971 -0.423119 -0.426971 -0.428922 -0.406358 -0.388522 -0.377554 -0.374874 -0.374001 -0.37028 -0.357366 -0.342293 -0.33671 -0.335854 -0.335863 -0.334064 -0.35204 
4.5 -11.5374 0.951037 2 4 5 5 5 5 5 6 8 8 10 12 14 18 20 20 20 18 15 12 10 8 8 6 5 5 5 5 5 4 2 -0.352041 -0.334066 -0.335874 -0.33594 -0.337397 -0.345436 -0.361618 -0.371927 -0.374205 -0.375047 -0.378369 -0.390499 -0.408776 -0.429623 -0.426598 -0.422578 -0.426598 -0.429623 -0.408776 -0.390499 -0.37837 -0.375047 -0.374205 -0.371927 -0.361618 -0.345436 -0.337397 -0.33594 -0.335874 -0.334066 -0.35204 
4.6 -11.5683 0.971914 2 4 5 5 5 5 5 6 8 9 10 13 16 19 21 21 21 19 16 13 10 9 8 6 5 5 5 5 5 4 2 -0.352042 -0.334068 -0.335893 -0.336087 -0.338519 -0.349281 -0.36534 -0.373005 -0.374292 -0.375279 -0.379319 -0.392579 -0.411091 -0.430069 -0.426201 -0.422212 -0.426201 -0.430069 -0.411091 -0.392579 -0.379319 -0.375279 -0.374292 -0.373006 -0.36534 -0.349282 -0.338519 -0.336087 -0.335893 -0.334068 -0.352041 
4.7 -11.5993 0.992999 2 4 5 5 5 5 5 7 8 9 11 13 17 19 21 22 21 19 17 13 11 9 8 7 5 5 5 5 5 4 2 -0.352043 -0.334072 -0.335925 -0.336343 -0.340249 -0.353598 -0.368335 -0.373658 -0.374325 -0.375586 -0.380405 -0.394741 -0.413275 -0.430278 -0.4258 -0.422 -0.4258 -0.430279 -0.413275 -0.394741 -0.380405 -0.375586 -0.374326 -0.373659 -0.368335 -0.353598 -0.340249 -0.336343 -0.335925 -0.334072 -0.352042 
4.8 -11.6302 1.01431 2 4 5 5 5 5 5 7 8 10 11 14 18 20 22 23 22 20 18 14 11 10 8 7 5 5 5 5 5 4 2 -0.352045 -0.334079 -0.33598 -0.336783 -0.342725 -0.358042 -0.370564 -0.374015 -0.37435 -0.375976 -0.381625 -0.396966 -0.415302 -0.430274 -0.425415 -0.421924 -0.425414 -0.430275 -0.415302 -0.396966 -0.381626 -0.375976 -0.37435 -0.374015 -0.370565 -0.358042 -0.342725 -0.336783 -0.335979 -0.334079 -0.352044 
4.9 -11.6611 1.03584 2 4 5 5 5 5 6 8 8 10 12 16 18 21 23 24 23 21 18 16 12 10 8 8 6 5 5 5 5 4 2 -0.352047 -0.334091 -0.336073 -0.337525 -0.345986 -0.362231 -0.37211 -0.374179 -0.374396 -0.376455 -0.382977 -0.39923 -0.417152 -0.430084 -0.425057 -0.421963 -0.425056 -0.430085 -0.417152 -0.399229 -0.382978 -0.376455 -0.374396 -0.374179 -0.37211 -0.362232 -0.345986 -0.337525 -0.336073 -0.334091 -0.352046 
5 -11.6921 1.05759 2 4 5 5 5 5 6 8 9 10 13 16 19 22 25 26 25 22 19 16 13 10 9 8 6 5 5 5 5 4 2 -0.352051 -0.334111 -0.336235 -0.33873 -0.349922 -0.36585 -0.373107 -0.374232 -0.374481 -0.377028 -0.384456 -0.401508 -0.418809 -0.429736 -0.424737 -0.422098 -0.424736 -0.429738 -0.418808 -0.401508 -0.384457 -0.377028 -0.374481 -0.374232 -0.373107 -0.365851 -0.349923 -0.33873 -0.336235 -0.334111 -0.35205 
5.1 -11.723 1.07951 2 4 5 5 5 5 7 8 9 11 14 18 20 23 27 27 27 23 20 18 14 11 9 8 7 5 5 5 5 4 2 -0.352057 -0.334146 -0.336514 -0.340568 -0.354283 -0.368726 -0.373698 -0.374231 -0.374617 -0.377698 -0.386055 -0.403776 -0.420261 -0.429262 -0.424461 -0.422311 -0.42446 -0.429263 -0.42026 -0.403776 -0.386056 -0.377698 -0.374618 -0.374231 -0.373698 -0.368726 -0.354284 -0.340568 -0.336514 -0.334146 -0.352057 
5.2 -11.754 1.10158 2 4 5 5 5 5 7 8 10 11 14 18 21 24 27 29 27 24 21 18 14 11 10 8 7 5 5 5 5 4 2 -0.352068 -0.334205 -0.336993 -0.343166 -0.358712 -0.370843 -0.374006 -0.374216 -0.374812 -0.378467 -0.387765 -0.406008 -0.421503 -0.428691 -0.424231 -0.422585 -0.42423 -0.428692 -0.421502 -0.406008 -0.387766 -0.378467 -0.374813 -0.374216 -0.374007 -0.370844 -0.358713 -0.343166 -0.336993 -0.334205 -0.352068 
5.3 -11.7849 1.12371 2 4 5 5 5 6 8 8 10 13 16 19 22 27 29 29 29 27 21 19 16 13 10 8 8 6 5 5 5 4 2 -0.352087 -0.334305 -0.337797 -0.346541 -0.362832 -0.372295 -0.374134 -0.374213 -0.37507 -0.379339 -0.389574 -0.408179 -0.422535 -0.428053 -0.424048 -0.422906 -0.424047 -0.428055 -0.422534 -0.408178 -0.389575 -0.379339 -0.37507 -0.374214 -0.374134 -0.372295 -0.362832 -0.346541 -0.337797 -0.334305 -0.352087 
5.4 -11.8159 1.14587 2 4 5 5 5 6 8 9 10 13 16 19 23 27 29 32 29 27 23 19 17 13 10 9 8 6 5 5 5 4 2 -0.352119 -0.334477 -0.33909 -0.350562 -0.366343 -0.37322 -0.374157 -0.374238 -0.375394 -0.380316 -0.39147 -0.410262 -0.42336 -0.427376 -0.42391 -0.42326 -0.423908 -0.427378 -0.42336 -0.410261 -0.391471 -0.380317 -0.375394 -0.374238 -0.374157 -0.37322 -0.366344 -0.350563 -0.33909 -0.334477 -0.352119 
5.5 -11.8468 1.168 2 4 5 5 5 7 8 9 11 14 18 20 24 29 32 33 32 29 24 20 18 14 11 9 8 7 5 5 5 4 2 -0.352173 -0.334774 -0.341041 -0.354958 -0.3691 -0.373758 -0.374129 -0.374299 -0.375787 -0.3814 -0.393437 -0.412236 -0.42399 -0.426686 -0.423813 -0.423636 -0.423811 -0.426688 -0.423989 -0.412235 -0.393438 -0.381401 -0.375787 -0.374299 -0.374129 -0.373759 -0.3691 -0.354958 -0.341042 -0.334774 -0.352173 
5.6 -11.8778 1.19006 2 4 5 5 5 7 8 10 11 14 18 21 26 30 33 35 33 30 25 21 18 14 11 10 8 7 5 5 5 4 2 -0.352263 -0.335283 -0.343765 -0.359362 -0.371106 -0.374031 -0.374086 -0.374399 -0.376251 -0.382592 -0.395457 -0.414078 -0.424436 -0.426005 -0.423751 -0.424024 -0.423749 -0.426007 -0.424436 -0.414077 -0.395458 -0.382592 -0.376251 -0.374399 -0.374086 -0.374032 -0.371106 -0.359362 -0.343765 -0.335283 -0.352263 
5.7 -11.9087 1.21206 2 4 5 5 6 8 8 10 13 16 19 22 27 31 35 36 35 31 27 22 19 16 13 10 8 8 6 5 5 4 2 -0.352416 -0.336135 -0.347257 -0.363402 -0.372466 -0.374135 -0.374052 -0.374541 -0.37679 -0.383891 -0.397511 -0.415772 -0.424717 -0.425351 -0.423721 -0.424415 -0.423719 -0.425353 -0.424716 -0.415771 -0.397512 -0.383892 -0.37679 -0.374541 -0.374052 -0.374136 -0.372466 -0.363403 -0.347257 -0.336135 -0.352415 
5.8 -11.9397 1.23398 2 4 5 5 6 8 9 10 13 17 20 23 28 33 37 38 37 33 28 23 20 17 13 10 9 8 6 5 5 4 2 -0.352674 -0.337493 -0.351362 -0.366801 -0.373321 -0.374142 -0.374039 -0.374726 -0.377408 -0.385296 -0.399578 -0.417303 -0.424851 -0.42474 -0.423716 -0.4248 -0.423714 -0.424742 -0.42485 -0.417302 -0.399578 -0.385297 -0.377407 -0.374726 -0.374039 -0.374143 -0.373321 -0.366802 -0.351362 -0.337493 -0.352673 
5.9 -11.9707 1.25586 2 4 5 5 7 8 9 11 14 18 21 25 30 34 39 40 39 34 30 24 21 18 14 11 9 8 7 5 5 4 2 -0.353111 -0.339519 -0.355791 -0.369437 -0.37381 -0.374103 -0.374054 -0.374955 -0.378109 -0.386801 -0.401635 -0.418659 -0.424859 -0.424183 -0.423731 -0.425173 -0.42373 -0.424185 -0.424858 -0.418658 -0.401635 -0.386803 -0.378108 -0.374955 -0.374054 -0.374103 -0.37381 -0.369437 -0.355791 -0.339519 -0.35311 
6 -12.0017 1.2777 2 4 5 6 8 8 10 11 15 18 21 27 31 36 41 42 41 37 31 27 21 18 15 11 10 8 8 6 5 4 2 -0.353842 -0.342307 -0.360169 -0.371332 -0.374048 -0.37405 -0.374099 -0.375229 -0.378897 -0.388402 -0.403662 -0.419835 -0.424763 -0.423688 -0.423764 -0.425527 -0.423762 -0.42369 -0.424763 -0.419834 -0.403661 -0.388404 -0.378897 -0.375229 -0.374099 -0.37405 -0.374049 -0.371333 -0.360169 -0.342308 -0.353841 
6.1 -12.0327 1.29953 2 4 5 6 8 8 10 13 16 19 22 28 33 38 43 45 43 38 33 28 22 19 16 13 10 8 8 6 5 4 2 -0.355031 -0.345825 -0.364131 -0.372602 -0.37413 -0.374005 -0.374175 -0.375551 -0.379776 -0.390089 -0.405636 -0.420828 -0.424585 -0.423259 -0.42381 -0.425857 -0.423808 -0.423261 -0.424585 -0.420828 -0.405634 -0.390091 -0.379776 -0.375551 -0.374175 -0.374005 -0.37413 -0.372602 -0.364132 -0.345826 -0.35503 
6.2 -12.0637 1.32134 2 4 5 7 8 9 10 13 17 20 24 29 34 40 45 47 45 41 34 29 24 20 17 13 10 9 8 7 5 4 2 -0.356878 -0.349887 -0.367421 -0.373388 -0.374122 -0.373978 -0.37428 -0.375925 -0.38075 -0.39185 -0.407537 -0.421641 -0.424347 -0.422899 -0.423867 -0.426156 -0.423865 -0.422901 -0.424347 -0.421641 -0.407535 -0.391853 -0.380749 -0.375925 -0.37428 -0.373978 -0.374122 -0.373389 -0.367422 -0.349888 -0.356877 
6.3 -12.0945 1.34313 2 4 5 7 8 10 11 14 18 21 25 30 36 43 47 49 47 43 37 30 25 21 18 14 11 10 8 7 5 4 2 -0.359565 -0.354176 -0.36994 -0.373827 -0.374072 -0.373974 -0.374415 -0.376356 -0.381819 -0.393672 -0.409346 -0.42228 -0.424068 -0.422608 -0.423932 -0.42642 -0.423931 -0.422609 -0.424068 -0.42228 -0.409343 -0.393675 -0.381818 -0.376356 -0.374415 -0.373974 -0.374072 -0.373827 -0.36994 -0.354177 -0.359564 
6.4 -12.1249 1.36489 2 4 6 8 8 10 12 16 19 22 27 32 37 45 49 52 49 45 38 31 27 22 19 16 12 10 8 8 6 4 2 -0.36318 -0.358303 -0.371729 -0.374031 -0.374011 -0.373993 -0.374578 -0.376849 -0.382984 -0.395539 -0.411045 -0.422753 -0.423765 -0.422381 -0.424006 -0.426646 -0.424005 -0.422382 -0.423765 -0.422755 -0.411041 -0.395543 -0.382984 -0.376849 -0.374578 -0.373993 -0.374011 -0.374031 -0.371729 -0.358303 -0.36318 
6.5 -12.1545 1.3866 2 4 6 8 8 10 13 16 19 22 28 34 40 47 52 54 52 47 40 34 28 22 19 17 13 10 8 8 6 4 2 -0.36765 -0.361901 -0.372907 -0.374089 -0.373957 -0.374035 -0.374773 -0.377411 -0.384244 -0.397434 -0.41262 -0.423075 -0.423455 -0.422217 -0.424086 -0.426829 -0.424086 -0.422218 -0.423454 -0.423077 -0.412615 -0.397438 -0.384244 -0.37741 -0.374773 -0.374035 -0.373957 -0.374089 -0.372907 -0.361902 -0.36765 
6.6 -12.1827 1.40824 2 4 7 8 9 11 13 18 20 24 29 35 42 49 54 56 54 49 42 35 30 24 20 18 13 11 9 8 7 4 2 -0.372707 -0.364724 -0.373614 -0.374064 -0.37392 -0.374097 -0.375 -0.378046 -0.385596 -0.399338 -0.41406 -0.42326 -0.423149 -0.422111 -0.424172 -0.426968 -0.424172 -0.422111 -0.423149 -0.423262 -0.414054 -0.399342 -0.385596 -0.378046 -0.375 -0.374097 -0.37392 -0.374065 -0.373614 -0.364724 -0.372707 
6.7 -12.2087 1.42979 2 4 8 8 10 11 14 18 21 25 31 37 45 52 56 59 56 52 45 37 31 26 21 18 14 11 10 8 8 4 2 -0.377908 -0.366683 -0.373976 -0.374003 -0.373902 -0.374178 -0.375263 -0.37876 -0.387034 -0.401231 -0.415355 -0.423324 -0.422859 -0.422056 -0.424264 -0.427062 -0.424265 -0.422056 -0.422858 -0.423328 -0.415349 -0.401235 -0.387034 -0.37876 -0.375263 -0.374178 -0.373903 -0.374003 -0.373977 -0.366683 -0.377908 
6.8 -12.2317 1.45124 2 4 8 8 10 12 16 19 22 27 33 38 47 54 59 60 59 54 47 38 33 27 22 19 16 12 10 8 8 4 2 -0.382711 -0.367825 -0.374096 -0.373932 -0.373904 -0.374276 -0.375568 -0.379559 -0.388551 -0.403094 -0.416501 -0.423287 -0.422593 -0.422049 -0.424361 -0.427111 -0.424362 -0.422049 -0.422591 -0.423291 -0.416494 -0.403098 -0.388552 -0.379559 -0.375567 -0.374276 -0.373905 -0.373932 -0.374097 -0.367825 -0.382711 
6.9 -12.2513 1.47261 2 4 8 9 10 13 17 20 23 29 34 41 49 56 62 64 62 56 49 41 34 29 24 20 17 13 10 9 8 4 2 -0.386602 -0.368266 -0.374048 -0.373867 -0.373923 -0.374391 -0.375918 -0.380445 -0.390138 -0.404908 -0.417495 -0.423167 -0.422354 -0.422083 -0.424461 -0.427117 -0.424462 -0.422083 -0.422353 -0.423172 -0.417488 -0.404912 -0.390139 -0.380445 -0.375918 -0.374391 -0.373924 -0.373867 -0.374048 -0.368267 -0.386602 
7 -12.267 1.49389 2 4 8 10 11 14 18 20 24 30 35 43 52 59 64 67 64 59 52 43 35 30 24 20 18 14 11 10 8 4 2 -0.389243 -0.368149 -0.37388 -0.373815 -0.373956 -0.374525 -0.37632 -0.381421 -0.391784 -0.406655 -0.41834 -0.422982 -0.422148 -0.422155 -0.424563 -0.427081 -0.424565 -0.422154 -0.422147 -0.422987 -0.418333 -0.406658 -0.391785 -0.381421 -0.37632 -0.374525 -0.373957 -0.373815 -0.37388 -0.36815 -0.389244 
7.1 -12.2789 1.5151 2 4 8 10 11 14 18 21 27 31 38 45 53 61 68 69 68 61 53 45 38 31 27 21 18 14 11 10 8 4 2 -0.390535 -0.367609 -0.37362 -0.373775 -0.373999 -0.37468 -0.37678 -0.382487 -0.393476 -0.408317 -0.419039 -0.42275 -0.421976 -0.422258 -0.424665 -0.427008 -0.424667 -0.422257 -0.421974 -0.422756 -0.419031 -0.40832 -0.393478 -0.382487 -0.376779 -0.37468 -0.374 -0.373775 -0.37362 -0.367609 -0.390535 
7.2 -12.2877 1.53624 2 4 8 10 12 16 19 22 27 33 41 48 56 64 71 74 71 64 56 48 41 33 27 22 19 16 12 10 8 4 2 -0.390584 -0.366767 -0.373278 -0.373744 -0.374051 -0.37486 -0.377302 -0.383643 -0.395201 -0.40988 -0.419599 -0.422487 -0.421837 -0.422389 -0.424766 -0.426902 -0.424768 -0.422387 -0.421835 -0.422493 -0.419592 -0.409882 -0.395202 -0.383643 -0.377302 -0.374859 -0.374052 -0.373744 -0.373278 -0.366767 -0.390584 
7.3 -12.2938 1.55732 2 4 8 10 13 16 20 24 29 35 42 50 59 67 74 77 74 67 59 49 42 35 29 24 20 17 13 10 8 4 2 -0.389613 -0.365726 -0.372856 -0.373714 -0.374109 -0.375068 -0.377892 -0.384884 -0.396943 -0.411331 -0.42003 -0.422208 -0.421731 -0.422543 -0.424862 -0.426768 -0.424865 -0.422541 -0.421729 -0.422215 -0.420023 -0.411332 -0.396945 -0.384884 -0.377892 -0.375067 -0.374111 -0.373714 -0.372856 -0.365726 -0.389614 
7.4 -12.2979 1.57834 2 4 8 11 14 18 21 25 30 36 45 52 61 71 79 81 79 71 61 52 45 36 30 25 20 18 14 11 8 4 2 -0.387875 -0.364575 -0.372345 -0.373678 -0.374174 -0.37531 -0.378554 -0.386207 -0.398687 -0.41266 -0.420343 -0.421927 -0.421657 -0.422715 -0.424951 -0.426613 -0.424954 -0.422713 -0.421655 -0.421933 -0.420337 -0.412661 -0.398689 -0.386207 -0.378554 -0.375309 -0.374175 -0.373678 -0.372346 -0.364575 -0.387876 
7.5 -12.3007 1.5993 2 4 8 12 15 18 21 27 33 38 47 56 63 74 82 84 82 74 64 56 47 38 33 27 21 18 15 12 8 4 2 -0.385599 -0.363386 -0.371739 -0.373626 -0.374245 -0.37559 -0.379292 -0.387605 -0.400416 -0.41386 -0.420551 -0.421653 -0.421612 -0.422903 -0.425032 -0.426443 -0.425035 -0.422901 -0.42161 -0.421659 -0.420546 -0.41386 -0.400419 -0.387605 -0.379292 -0.375589 -0.374246 -0.373626 -0.371739 -0.363386 -0.385599 
7.6 -12.3024 1.62021 2 4 8 13 16 19 22 28 33 41 49 57 66 78 86 90 86 78 67 57 49 41 34 27 22 19 16 13 8 4 2 -0.382967 -0.362217 -0.371027 -0.373549 -0.374322 -0.375914 -0.380108 -0.389069 -0.402116 -0.414927 -0.420668 -0.421396 -0.421594 -0.423102 -0.425101 -0.426263 -0.425105 -0.4231 -0.421592 -0.421401 -0.420663 -0.414926 -0.402119 -0.38907 -0.380108 -0.375912 -0.374323 -0.373549 -0.371027 -0.362217 -0.382968 
7.7 -12.3035 1.64105 2 4 8 13 18 20 24 29 35 43 52 59 70 82 91 93 91 82 70 59 52 43 35 29 24 20 18 13 8 4 2 -0.380115 -0.361112 -0.370205 -0.373438 -0.374408 -0.376286 -0.381005 -0.390591 -0.403769 -0.415859 -0.420708 -0.421162 -0.421601 -0.423309 -0.425159 -0.426079 -0.425162 -0.423306 -0.421599 -0.421167 -0.420704 -0.415857 -0.403772 -0.390591 -0.381005 -0.376284 -0.374409 -0.373438 -0.370205 -0.361112 -0.380115 
7.8 -12.3042 1.66185 2 4 8 14 18 21 25 31 38 45 54 62 74 86 95 98 95 86 74 62 54 45 38 31 25 21 18 14 8 4 2 -0.377138 -0.360104 -0.369271 -0.373285 -0.374503 -0.37671 -0.381981 -0.392158 -0.405362 -0.416657 -0.420685 -0.420955 -0.42163 -0.423518 -0.425202 -0.425897 -0.425206 -0.423515 -0.42163 -0.42096 -0.420683 -0.416654 -0.405365 -0.392159 -0.381982 -0.376708 -0.374504 -0.373285 -0.36927 -0.360104 -0.377138 
7.9 -12.3046 1.68261 2 4 8 15 19 22 27 33 39 47 56 65 76 90 101 102 101 90 76 66 56 47 39 33 27 22 19 15 8 4 2 -0.374101 -0.359212 -0.368229 -0.373081 -0.374609 -0.37719 -0.383037 -0.393759 -0.40688 -0.417325 -0.420614 -0.42078 -0.421681 -0.423727 -0.425232 -0.425721 -0.425236 -0.423724 -0.421681 -0.420784 -0.420612 -0.417322 -0.406883 -0.39376 -0.383038 -0.377189 -0.374609 -0.373083 -0.368229 -0.359212 -0.374101 
8 -12.3049 1.70336 2 4 8 15 20 22 28 34 41 49 59 68 82 94 103 108 103 95 82 68 59 49 41 35 29 22 20 15 8 4 2 -0.371048 -0.358444 -0.36709 -0.372822 -0.374726 -0.37773 -0.384171 -0.39538 -0.408312 -0.417871 -0.420507 -0.420637 -0.421751 -0.423931 -0.425248 -0.425554 -0.425252 -0.423928 -0.421751 -0.42064 -0.420506 -0.417867 -0.408314 -0.395382 -0.384171 -0.377729 -0.374726 -0.372824 -0.36709 -0.358444 -0.371049 
8.1 -12.305 1.72412 2 4 8 16 20 24 29 35 44 52 62 71 84 99 111 113 111 99 84 71 62 52 44 35 29 24 20 16 8 4 2 -0.368012 -0.3578 -0.365869 -0.372502 -0.374855 -0.378332 -0.385377 -0.397008 -0.409646 -0.418301 -0.420376 -0.420527 -0.421839 -0.424127 -0.425251 -0.425401 -0.425254 -0.424123 -0.421839 -0.420529 -0.420376 -0.418297 -0.409648 -0.397009 -0.385378 -0.37833 -0.374854 -0.372504 -0.365868 -0.357801 -0.368013 
8.2 -12.3051 1.74491 2 4 8 16 21 27 31 38 45 56 64 75 89 103 114 119 115 103 90 75 64 56 45 38 31 27 21 16 8 4 2 -0.365015 -0.35727 -0.364586 -0.372117 -0.374996 -0.378996 -0.386651 -0.398627 -0.410875 -0.418627 -0.420231 -0.420448 -0.421942 -0.42431 -0.425242 -0.425262 -0.425245 -0.424307 -0.421943 -0.420449 -0.420233 -0.418623 -0.410876 -0.398629 -0.386652 -0.378995 -0.374995 -0.372119 -0.364585 -0.35727 -0.365015 
8.3 -12.3052 1.76574 2 4 8 16 22 28 33 41 49 57 67 80 92 111 120 125 120 111 93 80 67 57 49 41 33 28 22 16 8 4 2 -0.362075 -0.356835 -0.363265 -0.371666 -0.375149 -0.379724 -0.387986 -0.400225 -0.411992 -0.41886 -0.420083 -0.4204 -0.42206 -0.424478 -0.425223 -0.425139 -0.425226 -0.424475 -0.422062 -0.4204 -0.420085 -0.418855 -0.411993 -0.400227 -0.387988 -0.379722 -0.375148 -0.371669 -0.363264 -0.356835 -0.362075 
8.4 -12.3052 1.78663 2 4 8 16 24 29 35 42 50 59 70 82 97 114 127 131 127 115 98 82 70 59 51 42 35 29 24 16 8 4 2 -0.359208 -0.356473 -0.361932 -0.371151 -0.375313 -0.380514 -0.389374 -0.401786 -0.412994 -0.419011 -0.419939 -0.42038 -0.422191 -0.424628 -0.425196 -0.425032 -0.425198 -0.424625 -0.422193 -0.420379 -0.419942 -0.419007 -0.412994 -0.401789 -0.389375 -0.380512 -0.375311 -0.371154 -0.361931 -0.356473 -0.359208 
8.5 -12.3052 1.80756 2 4 8 16 24 30 36 44 53 62 74 88 103 120 132 137 132 120 103 88 74 62 52 44 36 30 24 16 8 4 2 -0.356429 -0.356157 -0.360615 -0.370574 -0.375486 -0.381363 -0.390804 -0.403298 -0.413879 -0.419093 -0.419805 -0.420387 -0.422333 -0.424758 -0.425163 -0.424942 -0.425165 -0.424755 -0.422336 -0.420385 -0.419808 -0.41909 -0.413878 -0.4033 -0.390806 -0.381362 -0.375484 -0.370577 -0.360613 -0.356157 -0.356429 
8.6 -12.3052 1.82854 2 4 8 16 26 33 38 46 55 65 78 92 109 125 138 142 139 126 111 92 79 66 56 47 38 33 26 16 8 4 2 -0.353751 -0.355858 -0.359338 -0.369941 -0.375668 -0.38227 -0.392266 -0.404747 -0.414648 -0.41912 -0.419684 -0.420418 -0.422484 -0.424866 -0.425127 -0.424867 -0.425128 -0.424863 -0.422487 -0.420416 -0.419688 -0.419116 -0.414646 -0.40475 -0.392268 -0.382268 -0.375665 -0.369945 -0.359336 -0.355859 -0.353751 
8.7 -12.3052 1.84956 2 4 8 16 26 34 41 49 59 69 82 95 114 131 144 148 144 131 114 96 82 69 59 49 41 34 26 16 8 4 2 -0.351187 -0.355549 -0.358126 -0.369263 -0.375855 -0.383228 -0.393747 -0.406123 -0.415305 -0.419101 -0.419582 -0.420471 -0.422642 -0.42495 -0.425089 -0.424807 -0.425089 -0.424948 -0.422644 -0.420469 -0.419586 -0.419099 -0.415302 -0.406126 -0.39375 -0.383226 -0.375852 -0.369267 -0.358124 -0.35555 -0.351188 
8.8 -12.3052 1.87059 2 4 8 16 27 36 43 52 61 72 86 102 119 137 150 153 151 137 120 102 87 73 61 52 43 36 27 16 8 4 2 -0.34875 -0.355202 -0.356999 -0.36855 -0.376048 -0.384231 -0.395234 -0.407415 -0.415853 -0.41905 -0.4195 -0.420545 -0.422803 -0.425012 -0.425051 -0.424761 -0.425051 -0.425011 -0.422805 -0.420542 -0.419503 -0.419048 -0.41585 -0.407418 -0.395237 -0.38423 -0.376044 -0.368554 -0.356996 -0.355204 -0.348751 
8.9 -12.3052 1.89163 2 4 8 16 27 37 46 54 63 75 90 106 125 143 156 162 156 143 126 106 91 76 63 54 46 37 27 16 8 4 2 -0.34645 -0.354795 -0.355972 -0.367817 -0.376243 -0.385272 -0.396713 -0.408615 -0.416301 -0.418975 -0.419439 -0.420637 -0.422965 -0.425052 -0.425016 -0.424726 -0.425015 -0.425051 -0.422967 -0.420634 -0.419442 -0.418975 -0.416296 -0.408618 -0.396717 -0.385271 -0.37624 -0.367821 -0.355969 -0.354796 -0.34645 
9 -12.3052 1.91267 2 4 8 16 29 40 48 56 66 80 95 111 130 149 164 168 164 149 131 112 95 81 67 57 49 40 29 16 8 4 2 -0.344295 -0.354306 -0.355056 -0.367081 -0.376441 -0.386341 -0.39817 -0.409717 -0.416655 -0.418887 -0.419399 -0.420746 -0.423125 -0.425071 -0.424983 -0.424703 -0.424981 -0.425071 -0.423127 -0.420744 -0.419402 -0.418887 -0.41665 -0.40972 -0.398174 -0.38634 -0.376437 -0.367086 -0.355053 -0.354308 -0.344295 
