time energy maxBondDim localEnergy 
0 -13.9973 50 -0.65232 -0.295568 -0.563806 -0.340079 -0.535523 -0.359352 -0.52136 -0.369979 -0.513118 -0.376378 -0.5081 -0.380244 -0.505174 -0.382338 -0.503816 -0.383003 -0.503816 -0.382338 -0.505174 -0.380244 -0.5081 -0.376378 -0.513118 -0.369979 -0.52136 -0.359352 -0.535523 -0.340079 -0.563806 -0.295568 -0.65232 
0 -9.76928 4 -0.322884 -0.314025 -0.314599 -0.314579 -0.31458 -0.31458 -0.31458 -0.31458 -0.31458 -0.31458 -0.31458 -0.31458 -0.314581 -0.314538 -0.315016 -0.315549 -0.315016 -0.314538 -0.314581 -0.31458 -0.31458 -0.31458 -0.31458 -0.31458 -0.31458 -0.31458 -0.31458 -0.314579 -0.314599 -0.314025 -0.322884 
0.1 -9.77673 4 -0.322885 -0.314025 -0.3146 -0.31458 -0.314581 -0.314581 -0.314581 -0.314581 -0.314581 -0.314581 -0.314581 -0.314581 -0.314582 -0.314277 -0.31722 -0.319103 -0.31722 -0.314277 -0.314582 -0.314581 -0.314581 -0.314581 -0.314581 -0.314581 -0.314581 -0.314581 -0.314581 -0.31458 -0.3146 -0.314025 -0.322884 
0.2 -9.78856 4 -0.322886 -0.314027 -0.314601 -0.314581 -0.314582 -0.314582 -0.314582 -0.314582 -0.314582 -0.314582 -0.314582 -0.314582 -0.314587 -0.313281 -0.322768 -0.321781 -0.322769 -0.313281 -0.314587 -0.314582 -0.314582 -0.314582 -0.314582 -0.314582 -0.314582 -0.314582 -0.314582 -0.314581 -0.314601 -0.314027 -0.322885 
0.3 -9.809 4 -0.322888 -0.314028 -0.314603 -0.314583 -0.314584 -0.314584 -0.314584 -0.314584 -0.314584 -0.314584 -0.314584 -0.314582 -0.314605 -0.31143 -0.332362 -0.326668 -0.332363 -0.31143 -0.314605 -0.314582 -0.314584 -0.314584 -0.314584 -0.314584 -0.314584 -0.314584 -0.314584 -0.314583 -0.314603 -0.314028 -0.322886 
0.4 -9.83499 4 -0.322889 -0.314029 -0.314604 -0.314584 -0.314585 -0.314585 -0.314585 -0.314585 -0.314585 -0.314585 -0.314585 -0.31458 -0.314647 -0.309021 -0.343674 -0.334746 -0.343675 -0.309021 -0.314648 -0.31458 -0.314585 -0.314585 -0.314585 -0.314585 -0.314585 -0.314585 -0.314585 -0.314584 -0.314604 -0.314029 -0.322887 
0.5 -9.86171 4 -0.322889 -0.314029 -0.314604 -0.314583 -0.314585 -0.314585 -0.314585 -0.314585 -0.314585 -0.314585 -0.314585 -0.314574 -0.314712 -0.306582 -0.353471 -0.346641 -0.353472 -0.306582 -0.314712 -0.314574 -0.314585 -0.314585 -0.314585 -0.314585 -0.314585 -0.314585 -0.314585 -0.314583 -0.314604 -0.314029 -0.322887 
0.6 -9.8811 4 -0.322889 -0.314028 -0.314603 -0.314582 -0.314583 -0.314583 -0.314583 -0.314583 -0.314583 -0.314583 -0.314584 -0.314565 -0.31453 -0.306761 -0.355638 -0.361745 -0.35564 -0.306761 -0.31453 -0.314565 -0.314584 -0.314583 -0.314583 -0.314583 -0.314583 -0.314583 -0.314583 -0.314582 -0.314602 -0.314028 -0.322887 
0.7 -9.89341 4 -0.322887 -0.314026 -0.314601 -0.314581 -0.314582 -0.314582 -0.314582 -0.314582 -0.314582 -0.314582 -0.314582 -0.314558 -0.313621 -0.310769 -0.350654 -0.377868 -0.350655 -0.310769 -0.313621 -0.314558 -0.314582 -0.314582 -0.314582 -0.314582 -0.314582 -0.314582 -0.314582 -0.314581 -0.314601 -0.314026 -0.322886 
0.8 -9.91401 4 -0.322885 -0.314025 -0.3146 -0.314579 -0.314581 -0.314581 -0.314581 -0.314581 -0.314581 -0.314581 -0.31458 -0.314565 -0.311841 -0.319387 -0.346303 -0.39351 -0.346304 -0.319387 -0.311841 -0.314565 -0.31458 -0.314581 -0.314581 -0.314581 -0.314581 -0.314581 -0.314581 -0.314579 -0.3146 -0.314025 -0.322885 
0.9 -9.9403 4 -0.322884 -0.314025 -0.314599 -0.314579 -0.31458 -0.31458 -0.31458 -0.31458 -0.31458 -0.31458 -0.314577 -0.314603 -0.309442 -0.330453 -0.343338 -0.408335 -0.343339 -0.330453 -0.309442 -0.314603 -0.314577 -0.31458 -0.31458 -0.31458 -0.31458 -0.31458 -0.31458 -0.314579 -0.314599 -0.314025 -0.322884 
1 -9.96779 4 -0.322884 -0.314026 -0.3146 -0.31458 -0.314581 -0.314581 -0.314581 -0.314581 -0.314581 -0.314581 -0.314573 -0.31467 -0.30691 -0.340998 -0.342098 -0.422134 -0.342099 -0.340999 -0.30691 -0.31467 -0.314573 -0.314581 -0.314581 -0.314581 -0.314581 -0.314581 -0.314581 -0.31458 -0.3146 -0.314026 -0.322884 
1.1 -9.98795 5 -0.322885 -0.314027 -0.314602 -0.314582 -0.314583 -0.314583 -0.314583 -0.314583 -0.314583 -0.314583 -0.314566 -0.314499 -0.306886 -0.344664 -0.342386 -0.434763 -0.342388 -0.344665 -0.306886 -0.314499 -0.314566 -0.314583 -0.314583 -0.314583 -0.314583 -0.314583 -0.314583 -0.314582 -0.314602 -0.314027 -0.322885 
1.2 -10.0003 6 -0.322887 -0.314029 -0.314603 -0.314583 -0.314584 -0.314584 -0.314584 -0.314584 -0.314584 -0.314584 -0.314561 -0.313605 -0.310586 -0.341262 -0.343496 -0.446061 -0.343497 -0.341263 -0.310586 -0.313605 -0.314561 -0.314584 -0.314584 -0.314584 -0.314584 -0.314584 -0.314584 -0.314583 -0.314603 -0.314029 -0.322886 
1.3 -10.0209 6 -0.322888 -0.314029 -0.314604 -0.314584 -0.314585 -0.314585 -0.314585 -0.314585 -0.314585 -0.314584 -0.314569 -0.311844 -0.31875 -0.338663 -0.345077 -0.455826 -0.345078 -0.338665 -0.318751 -0.311844 -0.314569 -0.314584 -0.314585 -0.314585 -0.314585 -0.314585 -0.314585 -0.314584 -0.314604 -0.314029 -0.322887 
1.4 -10.047 7 -0.322889 -0.314029 -0.314603 -0.314583 -0.314584 -0.314584 -0.314584 -0.314584 -0.314584 -0.314581 -0.314605 -0.30947 -0.329171 -0.33753 -0.347188 -0.463887 -0.347189 -0.337531 -0.329172 -0.30947 -0.314605 -0.314581 -0.314584 -0.314584 -0.314584 -0.314584 -0.314584 -0.314583 -0.314603 -0.314029 -0.322887 
1.5 -10.0743 8 -0.322889 -0.314027 -0.314602 -0.314582 -0.314583 -0.314583 -0.314583 -0.314583 -0.314583 -0.314575 -0.314668 -0.306973 -0.338817 -0.33813 -0.349887 -0.470137 -0.349888 -0.338131 -0.338819 -0.306973 -0.314668 -0.314575 -0.314583 -0.314583 -0.314583 -0.314583 -0.314583 -0.314582 -0.314602 -0.314028 -0.322887 
1.6 -10.0942 8 -0.322888 -0.314026 -0.314601 -0.31458 -0.314582 -0.314581 -0.314581 -0.314581 -0.314582 -0.314565 -0.31449 -0.306998 -0.341343 -0.340222 -0.353207 -0.474539 -0.353208 -0.340223 -0.341344 -0.306998 -0.314491 -0.314565 -0.314582 -0.314581 -0.314581 -0.314581 -0.314582 -0.31458 -0.314601 -0.314026 -0.322886 
1.7 -10.1065 8 -0.322886 -0.314025 -0.3146 -0.314579 -0.31458 -0.31458 -0.31458 -0.31458 -0.314581 -0.314558 -0.31359 -0.310769 -0.336643 -0.343018 -0.357124 -0.477123 -0.357125 -0.343019 -0.336645 -0.31077 -0.31359 -0.314558 -0.314581 -0.31458 -0.31458 -0.31458 -0.31458 -0.314579 -0.3146 -0.314025 -0.322885 
1.8 -10.1271 8 -0.322885 -0.314025 -0.3146 -0.314579 -0.314581 -0.31458 -0.31458 -0.31458 -0.31458 -0.314565 -0.311819 -0.31905 -0.332525 -0.346076 -0.361555 -0.477977 -0.361556 -0.346077 -0.332526 -0.31905 -0.311819 -0.314565 -0.31458 -0.31458 -0.31458 -0.31458 -0.314581 -0.314579 -0.3146 -0.314025 -0.322884 
1.9 -10.1535 8 -0.322884 -0.314026 -0.314601 -0.31458 -0.314582 -0.314581 -0.314582 -0.314581 -0.314578 -0.314603 -0.30943 -0.329664 -0.329651 -0.349396 -0.366385 -0.477242 -0.366385 -0.349396 -0.329652 -0.329665 -0.30943 -0.314603 -0.314578 -0.314581 -0.314582 -0.314581 -0.314582 -0.31458 -0.314601 -0.314026 -0.322884 
2 -10.1811 8 -0.322884 -0.314028 -0.314602 -0.314582 -0.314583 -0.314583 -0.314583 -0.314583 -0.314574 -0.314669 -0.306907 -0.339625 -0.328282 -0.353009 -0.37148 -0.475096 -0.371481 -0.35301 -0.328284 -0.339627 -0.306907 -0.314669 -0.314574 -0.314583 -0.314583 -0.314583 -0.314583 -0.314582 -0.314602 -0.314028 -0.322884 
2.1 -10.2013 8 -0.322886 -0.314029 -0.314603 -0.314583 -0.314584 -0.314584 -0.314584 -0.314584 -0.314568 -0.314496 -0.306888 -0.342521 -0.328185 -0.356953 -0.3767 -0.471752 -0.376701 -0.356953 -0.328186 -0.342523 -0.306888 -0.314496 -0.314568 -0.314584 -0.314584 -0.314584 -0.314584 -0.314583 -0.314603 -0.314029 -0.322885 
2.2 -10.2136 8 -0.322888 -0.314029 -0.314604 -0.314584 -0.314585 -0.314585 -0.314585 -0.314585 -0.314562 -0.313599 -0.310591 -0.338126 -0.328626 -0.361229 -0.381903 -0.467444 -0.381903 -0.361229 -0.328627 -0.338127 -0.310591 -0.313599 -0.314562 -0.314585 -0.314585 -0.314585 -0.314585 -0.314584 -0.314604 -0.31403 -0.322886 
2.3 -10.2342 9 -0.322889 -0.314029 -0.314603 -0.314583 -0.314584 -0.314584 -0.314584 -0.314584 -0.314568 -0.311833 -0.318765 -0.334306 -0.329235 -0.365788 -0.386951 -0.462418 -0.386952 -0.365788 -0.329236 -0.334307 -0.318765 -0.311833 -0.314569 -0.314584 -0.314584 -0.314584 -0.314584 -0.314583 -0.314603 -0.314029 -0.322887 
2.4 -10.2604 10 -0.322889 -0.314027 -0.314602 -0.314582 -0.314583 -0.314583 -0.314583 -0.31458 -0.314603 -0.30945 -0.329219 -0.331716 -0.330063 -0.37056 -0.39172 -0.456918 -0.39172 -0.37056 -0.330063 -0.331717 -0.32922 -0.309449 -0.314603 -0.31458 -0.314583 -0.314583 -0.314583 -0.314582 -0.314602 -0.314027 -0.322887 
2.5 -10.2878 10 -0.322889 -0.314025 -0.3146 -0.31458 -0.314581 -0.314581 -0.314581 -0.314573 -0.314666 -0.306938 -0.338943 -0.330606 -0.331193 -0.375465 -0.396101 -0.451178 -0.396102 -0.375466 -0.331194 -0.330607 -0.338944 -0.306938 -0.314666 -0.314573 -0.314581 -0.314581 -0.314581 -0.31458 -0.3146 -0.314025 -0.322887 
2.6 -10.3079 11 -0.322887 -0.314024 -0.314599 -0.314579 -0.31458 -0.31458 -0.314581 -0.314564 -0.31449 -0.306939 -0.341547 -0.330728 -0.332714 -0.380421 -0.400008 -0.445414 -0.400008 -0.380422 -0.332715 -0.330729 -0.341548 -0.306939 -0.31449 -0.314564 -0.314581 -0.31458 -0.31458 -0.314579 -0.314599 -0.314025 -0.322886 
2.7 -10.3202 12 -0.322885 -0.314025 -0.3146 -0.31458 -0.314581 -0.314581 -0.314581 -0.314558 -0.313592 -0.310671 -0.336843 -0.331319 -0.334681 -0.38534 -0.40338 -0.439815 -0.403379 -0.385341 -0.334682 -0.33132 -0.336845 -0.310672 -0.313592 -0.314558 -0.314581 -0.314581 -0.314581 -0.31458 -0.3146 -0.314025 -0.322885 
2.8 -10.3409 13 -0.322884 -0.314026 -0.314601 -0.314581 -0.314582 -0.314582 -0.314581 -0.314567 -0.311824 -0.318892 -0.332663 -0.331974 -0.337098 -0.390137 -0.40618 -0.434538 -0.40618 -0.390138 -0.337099 -0.331975 -0.332665 -0.318893 -0.311824 -0.314567 -0.314581 -0.314582 -0.314582 -0.314581 -0.314601 -0.314026 -0.322884 
2.9 -10.3672 13 -0.322884 -0.314028 -0.314602 -0.314582 -0.314583 -0.314583 -0.31458 -0.314604 -0.309439 -0.329419 -0.329652 -0.332722 -0.339949 -0.394728 -0.4084 -0.429706 -0.4084 -0.394729 -0.33995 -0.332723 -0.329654 -0.32942 -0.309438 -0.314604 -0.31458 -0.314583 -0.314583 -0.314582 -0.314603 -0.314028 -0.322884 
3 -10.3947 14 -0.322885 -0.31403 -0.314604 -0.314583 -0.314585 -0.314585 -0.314576 -0.31467 -0.306921 -0.339255 -0.328051 -0.333629 -0.343204 -0.399034 -0.410057 -0.425406 -0.410056 -0.399035 -0.343205 -0.33363 -0.328052 -0.339256 -0.30692 -0.31467 -0.314576 -0.314585 -0.314585 -0.314583 -0.314604 -0.314029 -0.322885 
3.1 -10.4149 15 -0.322887 -0.31403 -0.314604 -0.314584 -0.314585 -0.314585 -0.314568 -0.314496 -0.306908 -0.341989 -0.327603 -0.334773 -0.346823 -0.402985 -0.411185 -0.421691 -0.411185 -0.402986 -0.346824 -0.334774 -0.327604 -0.341991 -0.306908 -0.314496 -0.314568 -0.314585 -0.314585 -0.314584 -0.314604 -0.31403 -0.322886 
3.2 -10.4272 16 -0.322888 -0.314028 -0.314603 -0.314583 -0.314584 -0.314584 -0.314561 -0.313597 -0.31062 -0.337403 -0.327555 -0.336204 -0.350757 -0.406519 -0.411841 -0.418581 -0.41184 -0.40652 -0.350757 -0.336205 -0.327556 -0.337404 -0.31062 -0.313597 -0.314561 -0.314584 -0.314584 -0.314583 -0.314603 -0.314028 -0.322887 
3.3 -10.4478 16 -0.322889 -0.314026 -0.314601 -0.314581 -0.314582 -0.314582 -0.314567 -0.311828 -0.318808 -0.333344 -0.32751 -0.337929 -0.354947 -0.409592 -0.412091 -0.416068 -0.41209 -0.409593 -0.354947 -0.33793 -0.327511 -0.333345 -0.318809 -0.311828 -0.314567 -0.314582 -0.314582 -0.314581 -0.314601 -0.314027 -0.322887 
3.4 -10.4741 17 -0.322889 -0.314025 -0.3146 -0.31458 -0.314581 -0.314578 -0.314601 -0.309442 -0.329285 -0.330455 -0.327505 -0.339939 -0.359325 -0.412169 -0.412011 -0.414119 -0.41201 -0.412171 -0.359325 -0.33994 -0.327506 -0.330456 -0.329286 -0.309442 -0.314601 -0.314578 -0.314581 -0.31458 -0.3146 -0.314025 -0.322887 
3.5 -10.5015 17 -0.322888 -0.314024 -0.3146 -0.314579 -0.31458 -0.314572 -0.314666 -0.306927 -0.339046 -0.328975 -0.327613 -0.34222 -0.36382 -0.414235 -0.411681 -0.412686 -0.411681 -0.414237 -0.36382 -0.342221 -0.327614 -0.328976 -0.339048 -0.306927 -0.314666 -0.314572 -0.31458 -0.314579 -0.314599 -0.314024 -0.322886 
3.6 -10.5217 18 -0.322886 -0.314025 -0.3146 -0.31458 -0.314581 -0.314564 -0.314491 -0.306923 -0.34169 -0.32864 -0.327921 -0.344755 -0.368354 -0.415788 -0.411181 -0.411707 -0.41118 -0.41579 -0.368354 -0.344756 -0.327922 -0.328642 -0.341691 -0.306923 -0.314491 -0.314564 -0.314581 -0.31458 -0.3146 -0.314025 -0.322885 
3.7 -10.534 19 -0.322885 -0.314027 -0.314601 -0.314581 -0.314582 -0.314559 -0.313594 -0.310646 -0.337009 -0.328685 -0.328488 -0.347524 -0.372852 -0.416842 -0.410582 -0.411111 -0.410582 -0.416843 -0.372852 -0.347525 -0.328489 -0.328686 -0.337011 -0.310646 -0.313594 -0.314559 -0.314582 -0.314581 -0.314601 -0.314027 -0.322884 
3.8 -10.5547 21 -0.322884 -0.314029 -0.314603 -0.314583 -0.314583 -0.314568 -0.311827 -0.318852 -0.332841 -0.328698 -0.329333 -0.350503 -0.377239 -0.417423 -0.409953 -0.410827 -0.409952 -0.417424 -0.377239 -0.350504 -0.329334 -0.3287 -0.332842 -0.318852 -0.311827 -0.314568 -0.314583 -0.314583 -0.314603 -0.314029 -0.322884 
3.9 -10.581 22 -0.322884 -0.31403 -0.314604 -0.314583 -0.314582 -0.314605 -0.309442 -0.329355 -0.329823 -0.328703 -0.330459 -0.353665 -0.381443 -0.417571 -0.409347 -0.410786 -0.409346 -0.417573 -0.381442 -0.353666 -0.33046 -0.328704 -0.329825 -0.329356 -0.309442 -0.314605 -0.314582 -0.314583 -0.314604 -0.31403 -0.322884 
4 -10.6085 23 -0.322886 -0.31403 -0.314603 -0.314583 -0.314576 -0.31467 -0.306925 -0.339157 -0.328192 -0.32876 -0.331867 -0.356978 -0.3854 -0.417338 -0.408808 -0.410925 -0.408807 -0.41734 -0.385399 -0.356979 -0.331867 -0.328761 -0.328193 -0.339158 -0.306924 -0.31467 -0.314576 -0.314583 -0.314604 -0.31403 -0.322885 
4.1 -10.6286 24 -0.322888 -0.314028 -0.314602 -0.314582 -0.314567 -0.314494 -0.306914 -0.341847 -0.32768 -0.328944 -0.333552 -0.360407 -0.389053 -0.416782 -0.408366 -0.411187 -0.408365 -0.416783 -0.389052 -0.360408 -0.333552 -0.328946 -0.327682 -0.341848 -0.306914 -0.314494 -0.314567 -0.314582 -0.314602 -0.314028 -0.322886 
4.2 -10.6409 25 -0.322889 -0.314026 -0.314601 -0.314581 -0.314559 -0.313594 -0.310629 -0.33721 -0.327524 -0.329306 -0.335508 -0.363913 -0.392356 -0.415965 -0.40804 -0.411528 -0.408039 -0.415967 -0.392356 -0.363915 -0.335509 -0.329307 -0.327525 -0.337211 -0.310629 -0.313594 -0.314559 -0.314581 -0.314601 -0.314026 -0.322887 
4.3 -10.6615 26 -0.322889 -0.314024 -0.3146 -0.314579 -0.314565 -0.311826 -0.318822 -0.333088 -0.327313 -0.329853 -0.337726 -0.367458 -0.395275 -0.414956 -0.407834 -0.411911 -0.407834 -0.414957 -0.395274 -0.367459 -0.337727 -0.329855 -0.327315 -0.333089 -0.318823 -0.311825 -0.314565 -0.314579 -0.3146 -0.314025 -0.322887 
4.4 -10.6878 27 -0.322889 -0.314024 -0.3146 -0.314576 -0.314601 -0.30944 -0.329308 -0.33012 -0.327073 -0.330585 -0.340191 -0.370998 -0.397787 -0.413819 -0.407745 -0.412311 -0.407745 -0.41382 -0.397786 -0.370999 -0.340191 -0.330586 -0.327074 -0.330121 -0.329309 -0.30944 -0.314601 -0.314576 -0.314599 -0.314024 -0.322887 
4.5 -10.7153 28 -0.322887 -0.314025 -0.3146 -0.314571 -0.314667 -0.306926 -0.339083 -0.328539 -0.326865 -0.331497 -0.342882 -0.37449 -0.399882 -0.412618 -0.407762 -0.412711 -0.407762 -0.412619 -0.399882 -0.374491 -0.342882 -0.331499 -0.326866 -0.32854 -0.339084 -0.306925 -0.314667 -0.314571 -0.3146 -0.314025 -0.322886 
4.6 -10.7354 30 -0.322885 -0.314027 -0.314602 -0.314565 -0.314493 -0.30692 -0.341742 -0.328078 -0.326764 -0.332588 -0.345776 -0.37789 -0.401565 -0.41141 -0.407865 -0.413101 -0.407865 -0.411411 -0.401565 -0.377892 -0.345776 -0.332589 -0.326765 -0.328079 -0.341743 -0.30692 -0.314493 -0.314565 -0.314602 -0.314027 -0.322885 
4.7 -10.7478 31 -0.322884 -0.314029 -0.314603 -0.31456 -0.313596 -0.31064 -0.337072 -0.327967 -0.326821 -0.333855 -0.348846 -0.381156 -0.402852 -0.410245 -0.408033 -0.413478 -0.408034 -0.410246 -0.402851 -0.381157 -0.348845 -0.333857 -0.326822 -0.327968 -0.337074 -0.31064 -0.313596 -0.31456 -0.314603 -0.314029 -0.322884 
4.8 -10.7684 33 -0.322884 -0.31403 -0.314603 -0.314568 -0.311829 -0.318841 -0.332912 -0.327791 -0.327047 -0.3353 -0.352059 -0.384246 -0.40377 -0.409164 -0.408245 -0.413841 -0.408245 -0.409165 -0.403769 -0.384247 -0.352058 -0.335301 -0.327048 -0.327793 -0.332914 -0.318842 -0.311829 -0.314568 -0.314603 -0.31403 -0.322884 
4.9 -10.7947 35 -0.322885 -0.314029 -0.3146 -0.314604 -0.309443 -0.329337 -0.3299 -0.327569 -0.32744 -0.33692 -0.35538 -0.387123 -0.404356 -0.408199 -0.408478 -0.414194 -0.408479 -0.408199 -0.404356 -0.387125 -0.355379 -0.336921 -0.327441 -0.32757 -0.329901 -0.329338 -0.309443 -0.314604 -0.3146 -0.314029 -0.322885 
5 -10.8222 36 -0.322887 -0.314028 -0.314593 -0.314667 -0.306925 -0.339127 -0.328267 -0.327356 -0.327998 -0.338715 -0.358771 -0.389754 -0.404655 -0.407371 -0.408714 -0.414536 -0.408716 -0.407371 -0.404654 -0.389756 -0.35877 -0.338716 -0.328 -0.327357 -0.328269 -0.339128 -0.306924 -0.314668 -0.314593 -0.314028 -0.322886 
5.1 -10.8423 38 -0.322888 -0.314026 -0.314584 -0.314491 -0.306914 -0.341803 -0.327746 -0.327222 -0.328721 -0.340681 -0.362191 -0.392114 -0.404716 -0.40669 -0.40894 -0.41487 -0.408941 -0.40669 -0.404715 -0.392116 -0.362191 -0.340682 -0.328723 -0.327223 -0.327747 -0.341804 -0.306914 -0.314491 -0.314584 -0.314026 -0.322887 
5.2 -10.8547 40 -0.322889 -0.314024 -0.314577 -0.313592 -0.310631 -0.33715 -0.327565 -0.32721 -0.329607 -0.342815 -0.365598 -0.394182 -0.404591 -0.40616 -0.409143 -0.415193 -0.409145 -0.406159 -0.404591 -0.394184 -0.365597 -0.342816 -0.329609 -0.327211 -0.327566 -0.337151 -0.310631 -0.313592 -0.314577 -0.314025 -0.322887 
5.3 -10.8753 41 -0.322889 -0.314024 -0.314584 -0.311824 -0.318827 -0.333008 -0.327312 -0.327325 -0.330658 -0.345112 -0.368948 -0.395948 -0.404333 -0.405774 -0.409321 -0.4155 -0.409323 -0.405774 -0.404333 -0.39595 -0.368948 -0.345112 -0.33066 -0.327326 -0.327313 -0.333009 -0.318827 -0.311824 -0.314584 -0.314024 -0.322887 
5.4 -10.9016 43 -0.322888 -0.314022 -0.314621 -0.30944 -0.329316 -0.330015 -0.327004 -0.32756 -0.331872 -0.347562 -0.372199 -0.397409 -0.403992 -0.405523 -0.409473 -0.415785 -0.409475 -0.405522 -0.403992 -0.397411 -0.372199 -0.347561 -0.331874 -0.327561 -0.327005 -0.330016 -0.329317 -0.30944 -0.314621 -0.314022 -0.322886 
5.5 -10.9291 47 -0.322886 -0.314019 -0.314688 -0.306925 -0.339096 -0.328403 -0.326698 -0.327907 -0.333249 -0.350153 -0.375312 -0.398572 -0.403612 -0.40539 -0.409602 -0.416037 -0.409604 -0.405389 -0.403612 -0.398573 -0.375312 -0.350151 -0.333252 -0.327908 -0.326699 -0.328404 -0.339098 -0.306925 -0.314688 -0.314019 -0.322885 
5.6 -10.9492 48 -0.322885 -0.314013 -0.314514 -0.306919 -0.341761 -0.327903 -0.326462 -0.328363 -0.334788 -0.352867 -0.378249 -0.39945 -0.403232 -0.405358 -0.409714 -0.416245 -0.409717 -0.405356 -0.403233 -0.399451 -0.37825 -0.352865 -0.334791 -0.328363 -0.326463 -0.327904 -0.341763 -0.306919 -0.314514 -0.314013 -0.322884 
5.7 -10.9616 50 -0.322884 -0.314007 -0.313616 -0.310638 -0.337097 -0.327742 -0.326341 -0.328923 -0.336487 -0.355683 -0.380979 -0.400065 -0.402885 -0.405409 -0.409819 -0.416398 -0.409822 -0.405407 -0.402886 -0.400066 -0.380981 -0.355681 -0.33649 -0.328924 -0.326342 -0.327743 -0.337098 -0.310638 -0.313616 -0.314007 -0.322884 
5.8 -10.9822 53 -0.322884 -0.314014 -0.311847 -0.318836 -0.332941 -0.327505 -0.326338 -0.32959 -0.338342 -0.358576 -0.383477 -0.400444 -0.402593 -0.405525 -0.409925 -0.416485 -0.409927 -0.405523 -0.402594 -0.400444 -0.383479 -0.358573 -0.338346 -0.329591 -0.326339 -0.327507 -0.332943 -0.318837 -0.311847 -0.314014 -0.322884 
5.9 -11.0085 54 -0.322883 -0.314048 -0.30946 -0.329329 -0.329932 -0.327209 -0.326447 -0.330364 -0.340349 -0.361514 -0.385723 -0.40062 -0.402372 -0.405692 -0.410039 -0.416496 -0.410042 -0.40569 -0.402374 -0.400619 -0.385726 -0.361511 -0.340352 -0.330365 -0.326448 -0.32721 -0.329934 -0.32933 -0.30946 -0.314048 -0.322882 
6 -11.0359 56 -0.322879 -0.314111 -0.306942 -0.339114 -0.328301 -0.326905 -0.326659 -0.331249 -0.342499 -0.364465 -0.387707 -0.400627 -0.40223 -0.405896 -0.410168 -0.416424 -0.41017 -0.405894 -0.402232 -0.400626 -0.387711 -0.364461 -0.342503 -0.33125 -0.32666 -0.326906 -0.328303 -0.339116 -0.306942 -0.314111 -0.322878 
6.1 -11.0561 60 -0.322873 -0.313935 -0.306933 -0.341785 -0.327779 -0.326661 -0.326968 -0.332251 -0.344782 -0.367394 -0.389426 -0.400502 -0.402167 -0.40613 -0.410314 -0.416268 -0.410318 -0.406128 -0.402169 -0.4005 -0.38943 -0.36739 -0.344785 -0.332252 -0.326969 -0.326662 -0.32778 -0.341786 -0.306933 -0.313935 -0.322871 
6.2 -11.0684 63 -0.322867 -0.313038 -0.31065 -0.337126 -0.327593 -0.326516 -0.327371 -0.333377 -0.347182 -0.370264 -0.390882 -0.400281 -0.402178 -0.406387 -0.41048 -0.416028 -0.410484 -0.406384 -0.402181 -0.400279 -0.390887 -0.370259 -0.347186 -0.333378 -0.327372 -0.326517 -0.327594 -0.337128 -0.31065 -0.313038 -0.322865 
6.3 -11.089 66 -0.322873 -0.311275 -0.318846 -0.332978 -0.327327 -0.326472 -0.327865 -0.334634 -0.349683 -0.37304 -0.392088 -0.399999 -0.402255 -0.406663 -0.410663 -0.415709 -0.410667 -0.40666 -0.402258 -0.399997 -0.392093 -0.373035 -0.349687 -0.334635 -0.327866 -0.326474 -0.327328 -0.332979 -0.318847 -0.311275 -0.322871 
6.4 -11.1154 70 -0.322908 -0.308896 -0.329338 -0.329976 -0.326999 -0.326518 -0.328451 -0.33603 -0.352264 -0.375687 -0.39306 -0.399688 -0.402386 -0.406957 -0.410858 -0.415321 -0.410862 -0.406954 -0.402389 -0.399685 -0.393065 -0.375682 -0.352267 -0.336031 -0.328452 -0.32652 -0.327 -0.329977 -0.329339 -0.308896 -0.322907 
6.5 -11.1429 72 -0.322974 -0.306386 -0.339122 -0.328352 -0.32666 -0.326643 -0.329128 -0.33757 -0.3549 -0.378176 -0.393819 -0.399374 -0.402556 -0.407271 -0.411058 -0.414877 -0.411062 -0.407268 -0.40256 -0.39937 -0.393825 -0.378171 -0.354903 -0.337571 -0.329129 -0.326644 -0.326662 -0.328354 -0.339124 -0.306386 -0.322974 
6.6 -11.163 75 -0.322803 -0.306383 -0.34179 -0.327838 -0.326378 -0.326837 -0.329901 -0.339257 -0.357566 -0.38048 -0.394392 -0.399081 -0.402754 -0.407603 -0.411256 -0.41439 -0.411259 -0.4076 -0.402757 -0.399077 -0.394398 -0.380475 -0.357568 -0.339259 -0.329902 -0.326838 -0.326379 -0.327839 -0.341791 -0.306382 -0.322803 
6.7 -11.1754 79 -0.321909 -0.310107 -0.337123 -0.327659 -0.326192 -0.327094 -0.330772 -0.341092 -0.360234 -0.382578 -0.394805 -0.398827 -0.402966 -0.407956 -0.411441 -0.41388 -0.411444 -0.407953 -0.40297 -0.398823 -0.394811 -0.382574 -0.360236 -0.341094 -0.330773 -0.327095 -0.326193 -0.327661 -0.337124 -0.310107 -0.321909 
6.8 -11.196 84 -0.320145 -0.318309 -0.332965 -0.327401 -0.326104 -0.327411 -0.331748 -0.34307 -0.362878 -0.384457 -0.395089 -0.398626 -0.403184 -0.408327 -0.411605 -0.413362 -0.411608 -0.408325 -0.403188 -0.398622 -0.395095 -0.384453 -0.362879 -0.343072 -0.331749 -0.327412 -0.326105 -0.327402 -0.332966 -0.318309 -0.320144 
6.9 -11.2222 88 -0.317763 -0.328796 -0.329953 -0.327077 -0.326102 -0.327786 -0.332833 -0.345183 -0.36547 -0.386106 -0.395271 -0.398485 -0.403401 -0.408714 -0.411742 -0.412854 -0.411745 -0.408712 -0.403404 -0.398481 -0.395277 -0.386103 -0.36547 -0.345185 -0.332834 -0.327787 -0.326103 -0.327078 -0.329954 -0.328797 -0.317762 
7 -11.2495 93 -0.315244 -0.33856 -0.328318 -0.32674 -0.326174 -0.32822 -0.334034 -0.347418 -0.367984 -0.387525 -0.395379 -0.398408 -0.403611 -0.409113 -0.411845 -0.412371 -0.411847 -0.409112 -0.403614 -0.398405 -0.395384 -0.387523 -0.367983 -0.347421 -0.334035 -0.328221 -0.326175 -0.326741 -0.328319 -0.338561 -0.315242 
7.1 -11.2699 97 -0.315176 -0.341211 -0.327791 -0.326454 -0.32631 -0.328717 -0.335354 -0.349758 -0.370397 -0.388718 -0.395437 -0.398397 -0.403815 -0.409517 -0.411911 -0.411927 -0.411912 -0.409516 -0.403817 -0.398394 -0.395442 -0.388717 -0.370395 -0.349761 -0.335355 -0.328718 -0.326311 -0.326456 -0.327793 -0.341213 -0.315173 
7.2 -11.2832 101 -0.318537 -0.336521 -0.3276 -0.32626 -0.326503 -0.329283 -0.336794 -0.352182 -0.372687 -0.389694 -0.395468 -0.398448 -0.404013 -0.409917 -0.411938 -0.411532 -0.411939 -0.409916 -0.404015 -0.398445 -0.395472 -0.389693 -0.372685 -0.352185 -0.336795 -0.329284 -0.326504 -0.326261 -0.327601 -0.336522 -0.318535 
7.3 -11.3064 105 -0.326348 -0.33226 -0.327323 -0.326157 -0.326747 -0.329928 -0.338355 -0.354667 -0.374837 -0.390468 -0.395489 -0.398558 -0.404209 -0.410302 -0.411929 -0.411194 -0.41193 -0.410303 -0.40421 -0.398555 -0.395493 -0.390468 -0.374834 -0.35467 -0.338356 -0.329929 -0.326748 -0.326158 -0.327325 -0.332261 -0.326347 
7.4 -11.3372 112 -0.336975 -0.329046 -0.326971 -0.32613 -0.327038 -0.330662 -0.340033 -0.357185 -0.376833 -0.391059 -0.395516 -0.398719 -0.404408 -0.410662 -0.411887 -0.410918 -0.411887 -0.410663 -0.404408 -0.398717 -0.395519 -0.39106 -0.376829 -0.357189 -0.340034 -0.330663 -0.32704 -0.326131 -0.326972 -0.329047 -0.336974 
7.5 -11.3713 116 -0.347952 -0.327109 -0.326586 -0.326166 -0.327377 -0.331494 -0.341823 -0.35971 -0.378665 -0.391491 -0.395558 -0.398925 -0.404616 -0.410985 -0.411818 -0.410706 -0.411817 -0.410988 -0.404615 -0.398924 -0.39556 -0.391492 -0.37866 -0.359715 -0.341823 -0.331495 -0.327378 -0.326167 -0.326587 -0.327111 -0.347952 
7.6 -11.3915 120 -0.350973 -0.326182 -0.326222 -0.326253 -0.327762 -0.332434 -0.343716 -0.362214 -0.380326 -0.391787 -0.395622 -0.399169 -0.404836 -0.41126 -0.411728 -0.410555 -0.411726 -0.411264 -0.404834 -0.399169 -0.395624 -0.391789 -0.38032 -0.362218 -0.343716 -0.332435 -0.327764 -0.326254 -0.326223 -0.326183 -0.350973 
7.7 -11.3925 126 -0.344096 -0.325469 -0.325905 -0.326379 -0.328199 -0.333492 -0.345702 -0.364667 -0.381813 -0.391973 -0.395712 -0.399446 -0.405075 -0.411479 -0.411626 -0.410462 -0.411623 -0.411484 -0.405072 -0.399447 -0.395713 -0.391976 -0.381808 -0.364672 -0.345701 -0.333493 -0.3282 -0.32638 -0.325907 -0.32547 -0.344097 
7.8 -11.3926 132 -0.336911 -0.324555 -0.325619 -0.326535 -0.328692 -0.334673 -0.347766 -0.367045 -0.383129 -0.392076 -0.395828 -0.39975 -0.405334 -0.411634 -0.411518 -0.410423 -0.411515 -0.411639 -0.40533 -0.399751 -0.395829 -0.39208 -0.383124 -0.367051 -0.347766 -0.334674 -0.328693 -0.326536 -0.32562 -0.324556 -0.336912 
7.9 -11.3926 137 -0.329898 -0.323479 -0.325335 -0.326713 -0.329247 -0.335981 -0.349895 -0.369323 -0.384278 -0.392121 -0.395969 -0.400076 -0.405615 -0.41172 -0.411413 -0.410432 -0.411409 -0.411726 -0.40561 -0.400078 -0.39597 -0.392124 -0.384272 -0.369328 -0.349895 -0.335981 -0.329249 -0.326714 -0.325336 -0.323479 -0.329899 
8 -11.3926 143 -0.323058 -0.322291 -0.325025 -0.326906 -0.329873 -0.337415 -0.352072 -0.371478 -0.385268 -0.39213 -0.396132 -0.400421 -0.405915 -0.411736 -0.411317 -0.410481 -0.411312 -0.411743 -0.40591 -0.400423 -0.396132 -0.392134 -0.385263 -0.371483 -0.352072 -0.337416 -0.329875 -0.326907 -0.325026 -0.322291 -0.32306 
8.1 -11.3926 150 -0.316382 -0.321038 -0.324666 -0.327109 -0.330576 -0.338975 -0.35428 -0.373493 -0.38611 -0.392125 -0.396313 -0.400782 -0.406232 -0.411683 -0.411233 -0.410564 -0.411228 -0.411691 -0.406226 -0.400785 -0.396312 -0.392128 -0.386105 -0.373498 -0.354279 -0.338976 -0.330578 -0.32711 -0.324667 -0.321039 -0.316383 
8.2 -11.3926 156 -0.309862 -0.31976 -0.324236 -0.327318 -0.331362 -0.340654 -0.356499 -0.375352 -0.386817 -0.392122 -0.396507 -0.401158 -0.406559 -0.411568 -0.411166 -0.410673 -0.411161 -0.411576 -0.406553 -0.401162 -0.396506 -0.392125 -0.386813 -0.375357 -0.356499 -0.340654 -0.331364 -0.327319 -0.324237 -0.31976 -0.309864 
8.3 -11.3926 162 -0.303495 -0.318485 -0.323723 -0.327532 -0.332236 -0.342442 -0.358713 -0.377046 -0.387404 -0.392137 -0.396711 -0.401547 -0.406891 -0.411398 -0.411116 -0.410804 -0.411111 -0.411405 -0.406884 -0.401551 -0.39671 -0.39214 -0.3874 -0.377051 -0.358712 -0.342443 -0.332238 -0.327533 -0.323724 -0.318486 -0.303497 
8.4 -11.3926 170 -0.297283 -0.317234 -0.323119 -0.32775 -0.333201 -0.344328 -0.360901 -0.378568 -0.387887 -0.39218 -0.396922 -0.401948 -0.407217 -0.411182 -0.411083 -0.410951 -0.411078 -0.411189 -0.407211 -0.401951 -0.396922 -0.392182 -0.387883 -0.378572 -0.360901 -0.344329 -0.333202 -0.327751 -0.32312 -0.317235 -0.297285 
8.5 -11.3926 178 -0.29123 -0.316016 -0.322426 -0.32797 -0.334256 -0.346298 -0.363046 -0.379918 -0.388281 -0.392257 -0.397139 -0.402358 -0.407529 -0.410934 -0.411065 -0.411109 -0.411061 -0.410941 -0.407523 -0.402361 -0.397139 -0.392259 -0.388278 -0.379921 -0.363046 -0.346299 -0.334257 -0.327972 -0.322427 -0.316016 -0.291232 
8.6 -11.3926 185 -0.285345 -0.314829 -0.321653 -0.328195 -0.3354 -0.348335 -0.36513 -0.381096 -0.388603 -0.392373 -0.397362 -0.402775 -0.407818 -0.410666 -0.41106 -0.411275 -0.411056 -0.410672 -0.407814 -0.402778 -0.397362 -0.392374 -0.388601 -0.381099 -0.36513 -0.348335 -0.335401 -0.328196 -0.321654 -0.314829 -0.285347 
8.7 -11.3926 195 -0.27964 -0.313664 -0.320815 -0.328424 -0.336629 -0.35042 -0.367136 -0.382111 -0.388869 -0.392528 -0.39759 -0.403196 -0.408077 -0.410393 -0.411063 -0.411445 -0.41106 -0.410398 -0.408073 -0.403198 -0.397591 -0.392529 -0.388868 -0.382114 -0.367137 -0.35042 -0.33663 -0.328425 -0.320816 -0.313664 -0.279642 
