time energy maxBondDim localEnergy 
0 -13.9973 50 -0.65232 -0.295568 -0.563806 -0.340079 -0.535523 -0.359352 -0.52136 -0.369979 -0.513118 -0.376378 -0.5081 -0.380244 -0.505174 -0.382338 -0.503816 -0.383003 -0.503816 -0.382338 -0.505174 -0.380244 -0.5081 -0.376378 -0.513118 -0.369979 -0.52136 -0.359352 -0.535523 -0.340079 -0.563806 -0.295568 -0.65232 
0 -9.76999 4 -0.322884 -0.314025 -0.314599 -0.314579 -0.31458 -0.31458 -0.31458 -0.31458 -0.314581 -0.314581 -0.314584 -0.314592 -0.31462 -0.314716 -0.315154 -0.315523 -0.315154 -0.314716 -0.31462 -0.314592 -0.314584 -0.314581 -0.314581 -0.31458 -0.31458 -0.31458 -0.31458 -0.314579 -0.314599 -0.314025 -0.322884 
0.1 -9.77099 4 -0.322885 -0.314025 -0.3146 -0.31458 -0.314581 -0.314581 -0.314581 -0.314581 -0.314581 -0.314582 -0.314585 -0.314597 -0.314637 -0.314774 -0.315382 -0.315888 -0.315382 -0.314774 -0.314637 -0.314597 -0.314585 -0.314582 -0.314581 -0.314581 -0.314581 -0.314581 -0.314581 -0.31458 -0.3146 -0.314025 -0.322884 
0.2 -9.77576 4 -0.322886 -0.314027 -0.314601 -0.314581 -0.314582 -0.314582 -0.314582 -0.314583 -0.314583 -0.314586 -0.314594 -0.314623 -0.314725 -0.31507 -0.316477 -0.317591 -0.316477 -0.31507 -0.314725 -0.314623 -0.314594 -0.314586 -0.314583 -0.314583 -0.314582 -0.314582 -0.314582 -0.314581 -0.314601 -0.314027 -0.322885 
0.3 -9.78846 4 -0.322888 -0.314028 -0.314603 -0.314583 -0.314584 -0.314584 -0.314584 -0.314585 -0.314587 -0.314594 -0.314619 -0.314706 -0.315004 -0.315977 -0.319383 -0.321843 -0.319384 -0.315977 -0.315004 -0.314706 -0.314619 -0.314594 -0.314587 -0.314585 -0.314584 -0.314584 -0.314584 -0.314583 -0.314603 -0.314028 -0.322886 
0.4 -9.81283 4 -0.322889 -0.314029 -0.314604 -0.314584 -0.314585 -0.314585 -0.314585 -0.314587 -0.314593 -0.314614 -0.314685 -0.314932 -0.315753 -0.318176 -0.324791 -0.328846 -0.324791 -0.318176 -0.315753 -0.314932 -0.314685 -0.314614 -0.314593 -0.314587 -0.314585 -0.314585 -0.314585 -0.314584 -0.314604 -0.314029 -0.322887 
0.5 -9.84882 4 -0.322889 -0.314029 -0.314604 -0.314583 -0.314585 -0.314585 -0.314586 -0.314591 -0.314607 -0.314664 -0.314861 -0.315521 -0.317557 -0.322421 -0.331967 -0.336717 -0.331968 -0.322421 -0.317557 -0.315521 -0.314861 -0.314664 -0.314607 -0.314591 -0.314586 -0.314585 -0.314585 -0.314583 -0.314604 -0.314029 -0.322887 
0.6 -9.89289 4 -0.322889 -0.314028 -0.314603 -0.314582 -0.314584 -0.314585 -0.314589 -0.314601 -0.314646 -0.3148 -0.315322 -0.316974 -0.321231 -0.328492 -0.338811 -0.343419 -0.338811 -0.328493 -0.321232 -0.316974 -0.315322 -0.3148 -0.314646 -0.314601 -0.314589 -0.314585 -0.314584 -0.314582 -0.314603 -0.314028 -0.322887 
0.7 -9.9413 4 -0.322887 -0.314026 -0.314601 -0.314581 -0.314583 -0.314586 -0.314596 -0.31463 -0.31475 -0.31516 -0.316485 -0.320098 -0.326941 -0.334647 -0.343833 -0.34849 -0.343833 -0.334647 -0.326941 -0.320099 -0.316486 -0.31516 -0.31475 -0.31463 -0.314596 -0.314586 -0.314583 -0.314581 -0.314601 -0.314026 -0.322886 
0.8 -9.99174 4 -0.322885 -0.314025 -0.3146 -0.31458 -0.314584 -0.314591 -0.314618 -0.314712 -0.315033 -0.316089 -0.319111 -0.325354 -0.333264 -0.339174 -0.347063 -0.352368 -0.347064 -0.339174 -0.333264 -0.325354 -0.319111 -0.316089 -0.315033 -0.314712 -0.314618 -0.314591 -0.314584 -0.31458 -0.3146 -0.314025 -0.322885 
0.9 -10.0431 5 -0.322884 -0.314025 -0.3146 -0.314582 -0.314589 -0.31461 -0.314683 -0.314934 -0.315771 -0.318266 -0.323859 -0.331714 -0.338259 -0.341825 -0.349155 -0.355548 -0.349156 -0.341825 -0.33826 -0.331714 -0.323859 -0.318267 -0.315771 -0.314934 -0.314683 -0.31461 -0.314589 -0.314582 -0.3146 -0.314025 -0.322884 
1 -10.0948 5 -0.322884 -0.314026 -0.314602 -0.314587 -0.314604 -0.314661 -0.314857 -0.315519 -0.317557 -0.322473 -0.330129 -0.337154 -0.341287 -0.343209 -0.350668 -0.358334 -0.350668 -0.343209 -0.341288 -0.337155 -0.330129 -0.322473 -0.317557 -0.315519 -0.314857 -0.314661 -0.314604 -0.314587 -0.314602 -0.314026 -0.322884 
1.1 -10.1466 6 -0.322886 -0.314029 -0.314607 -0.314599 -0.314645 -0.314798 -0.315319 -0.316968 -0.321214 -0.328517 -0.335963 -0.340637 -0.34283 -0.343943 -0.351927 -0.360867 -0.351928 -0.343944 -0.342831 -0.340638 -0.335963 -0.328517 -0.321214 -0.316968 -0.315319 -0.314798 -0.314645 -0.314599 -0.314607 -0.314029 -0.322885 
1.2 -10.1986 6 -0.322888 -0.314033 -0.314617 -0.314631 -0.314752 -0.315162 -0.316485 -0.320092 -0.326912 -0.33465 -0.339945 -0.342462 -0.343537 -0.344412 -0.353096 -0.363201 -0.353097 -0.344413 -0.343537 -0.342462 -0.339946 -0.334651 -0.326913 -0.320093 -0.316485 -0.315162 -0.314752 -0.314631 -0.314617 -0.314033 -0.322887 
1.3 -10.2505 7 -0.322892 -0.31404 -0.314642 -0.314715 -0.315037 -0.316092 -0.319112 -0.32535 -0.333227 -0.33914 -0.342122 -0.343293 -0.343846 -0.344814 -0.354246 -0.365346 -0.354246 -0.344814 -0.343846 -0.343293 -0.342123 -0.33914 -0.333228 -0.32535 -0.319112 -0.316092 -0.315037 -0.314715 -0.314642 -0.31404 -0.32289 
1.4 -10.3024 8 -0.322899 -0.314058 -0.314706 -0.314937 -0.315775 -0.31827 -0.323862 -0.331712 -0.338212 -0.341713 -0.343145 -0.343628 -0.343992 -0.345238 -0.355405 -0.367297 -0.355406 -0.345238 -0.343992 -0.343628 -0.343146 -0.341713 -0.338213 -0.331713 -0.323862 -0.31827 -0.315775 -0.314937 -0.314706 -0.314058 -0.322897 
1.5 -10.3543 8 -0.322914 -0.314107 -0.314879 -0.31552 -0.317559 -0.322476 -0.330132 -0.337154 -0.341223 -0.342963 -0.343568 -0.343741 -0.344086 -0.345724 -0.356582 -0.369049 -0.356582 -0.345725 -0.344087 -0.343742 -0.343569 -0.342963 -0.341223 -0.337155 -0.330132 -0.322476 -0.317559 -0.31552 -0.314879 -0.314107 -0.322912 
1.6 -10.4062 8 -0.322956 -0.31424 -0.315338 -0.316966 -0.321214 -0.328519 -0.335966 -0.340638 -0.342739 -0.343496 -0.343715 -0.343767 -0.344181 -0.346288 -0.357775 -0.370594 -0.357775 -0.346288 -0.344182 -0.343767 -0.343716 -0.343497 -0.342739 -0.340639 -0.335966 -0.328519 -0.321215 -0.316966 -0.315338 -0.31424 -0.322955 
1.7 -10.458 9 -0.323072 -0.314599 -0.316501 -0.320088 -0.326911 -0.334651 -0.339948 -0.342463 -0.343407 -0.343692 -0.343746 -0.343765 -0.344302 -0.346932 -0.358977 -0.371933 -0.358978 -0.346933 -0.344303 -0.343766 -0.343747 -0.343692 -0.343408 -0.342463 -0.339948 -0.334652 -0.326911 -0.320089 -0.316501 -0.314599 -0.323071 
1.8 -10.5098 9 -0.323383 -0.315523 -0.319128 -0.325345 -0.333225 -0.33914 -0.342124 -0.343292 -0.343663 -0.343741 -0.343734 -0.343763 -0.344461 -0.347656 -0.36018 -0.373066 -0.36018 -0.347656 -0.344462 -0.343763 -0.343734 -0.343741 -0.343663 -0.343293 -0.342124 -0.339141 -0.333226 -0.325345 -0.319128 -0.315523 -0.323382 
1.9 -10.5612 10 -0.324194 -0.317688 -0.323879 -0.331707 -0.33821 -0.341713 -0.343146 -0.343623 -0.343737 -0.343733 -0.343709 -0.343772 -0.344667 -0.348453 -0.361371 -0.374004 -0.361371 -0.348453 -0.344667 -0.343772 -0.343709 -0.343733 -0.343738 -0.343623 -0.343146 -0.341714 -0.33821 -0.331707 -0.32388 -0.317688 -0.324194 
2 -10.6118 10 -0.326149 -0.321861 -0.330151 -0.337149 -0.34122 -0.342963 -0.343568 -0.343728 -0.343738 -0.343706 -0.343685 -0.343799 -0.344924 -0.349318 -0.362538 -0.374757 -0.362539 -0.349318 -0.344924 -0.3438 -0.343685 -0.343706 -0.343739 -0.343729 -0.343568 -0.342963 -0.341221 -0.337149 -0.330152 -0.321861 -0.326149 
2.1 -10.66 11 -0.330127 -0.327832 -0.335987 -0.340632 -0.342736 -0.343496 -0.343713 -0.343741 -0.343713 -0.343676 -0.343667 -0.343849 -0.345237 -0.350242 -0.363671 -0.375341 -0.363671 -0.350242 -0.345237 -0.343849 -0.343668 -0.343677 -0.343714 -0.343742 -0.343714 -0.343496 -0.342737 -0.340633 -0.335988 -0.327832 -0.330127 
2.2 -10.7029 11 -0.336237 -0.333822 -0.339969 -0.342456 -0.343404 -0.343691 -0.343742 -0.34372 -0.343683 -0.343651 -0.343659 -0.343924 -0.345608 -0.351217 -0.364756 -0.375774 -0.364756 -0.351217 -0.345609 -0.343924 -0.34366 -0.343651 -0.343683 -0.34372 -0.343743 -0.343691 -0.343405 -0.342456 -0.33997 -0.333822 -0.336236 
2.3 -10.7363 13 -0.342768 -0.338054 -0.342143 -0.343284 -0.34366 -0.343739 -0.343726 -0.343689 -0.343655 -0.343631 -0.343661 -0.344026 -0.34604 -0.352233 -0.365784 -0.376076 -0.365784 -0.352233 -0.346041 -0.344026 -0.343661 -0.343632 -0.343655 -0.34369 -0.343727 -0.34374 -0.34366 -0.343284 -0.342144 -0.338055 -0.342768 
2.4 -10.7581 13 -0.347471 -0.340213 -0.343155 -0.343612 -0.343734 -0.343731 -0.343697 -0.34366 -0.343632 -0.343619 -0.343674 -0.344157 -0.346533 -0.35328 -0.366746 -0.376267 -0.366746 -0.35328 -0.346534 -0.344158 -0.343674 -0.343619 -0.343632 -0.34366 -0.343697 -0.343731 -0.343734 -0.343613 -0.343155 -0.340214 -0.347471 
2.5 -10.7701 14 -0.349691 -0.34087 -0.343551 -0.343715 -0.343735 -0.343703 -0.343666 -0.343635 -0.343615 -0.343613 -0.343697 -0.344321 -0.347087 -0.354349 -0.367634 -0.376366 -0.367634 -0.354349 -0.347088 -0.344321 -0.343698 -0.343614 -0.343615 -0.343635 -0.343667 -0.343704 -0.343735 -0.343715 -0.343551 -0.340871 -0.349691 
2.6 -10.776 16 -0.350111 -0.34064 -0.343644 -0.343723 -0.343709 -0.343672 -0.34364 -0.343616 -0.343604 -0.343613 -0.343733 -0.344519 -0.3477 -0.355429 -0.368444 -0.376395 -0.368444 -0.355429 -0.347701 -0.344519 -0.343734 -0.343614 -0.343604 -0.343617 -0.343641 -0.343673 -0.34371 -0.343723 -0.343644 -0.34064 -0.35011 
2.7 -10.7786 17 -0.349565 -0.339934 -0.343579 -0.343693 -0.343678 -0.343645 -0.34362 -0.343603 -0.343598 -0.343619 -0.343782 -0.344753 -0.348369 -0.356511 -0.369172 -0.37637 -0.369172 -0.356511 -0.34837 -0.344753 -0.343782 -0.34362 -0.343598 -0.343604 -0.34362 -0.343645 -0.343678 -0.343694 -0.343579 -0.339935 -0.349565 
2.8 -10.7797 18 -0.348586 -0.338996 -0.343413 -0.343651 -0.343648 -0.343623 -0.343605 -0.343595 -0.343596 -0.34363 -0.343845 -0.345026 -0.349092 -0.357585 -0.369818 -0.376307 -0.369818 -0.357585 -0.349092 -0.345027 -0.343845 -0.343631 -0.343596 -0.343596 -0.343606 -0.343624 -0.343648 -0.343651 -0.343414 -0.338997 -0.348585 
2.9 -10.7802 19 -0.347428 -0.337976 -0.343162 -0.343603 -0.343622 -0.343607 -0.343596 -0.343591 -0.343597 -0.343645 -0.343924 -0.34534 -0.349862 -0.358642 -0.370382 -0.37622 -0.370382 -0.358641 -0.349863 -0.345341 -0.343924 -0.343647 -0.343597 -0.343592 -0.343596 -0.343608 -0.343622 -0.343604 -0.343162 -0.337976 -0.347428 
3 -10.7804 20 -0.346189 -0.336975 -0.342822 -0.343552 -0.3436 -0.343597 -0.34359 -0.343591 -0.3436 -0.343666 -0.344022 -0.345698 -0.350675 -0.359672 -0.370869 -0.376119 -0.370869 -0.359672 -0.350676 -0.345699 -0.344021 -0.343668 -0.3436 -0.343591 -0.343591 -0.343597 -0.343601 -0.343553 -0.342823 -0.336975 -0.346189 
3.1 -10.7804 21 -0.344888 -0.336072 -0.342384 -0.343496 -0.343582 -0.34359 -0.343588 -0.343592 -0.343605 -0.343692 -0.34414 -0.3461 -0.351524 -0.360669 -0.371283 -0.376013 -0.371283 -0.360669 -0.351525 -0.346102 -0.344139 -0.343694 -0.343605 -0.343592 -0.343588 -0.343591 -0.343582 -0.343496 -0.342385 -0.336073 -0.344888 
3.2 -10.7805 22 -0.343512 -0.335332 -0.341839 -0.343431 -0.343565 -0.343587 -0.343587 -0.343594 -0.343611 -0.343725 -0.344282 -0.346549 -0.352402 -0.361625 -0.37163 -0.375906 -0.37163 -0.361625 -0.352402 -0.346551 -0.344281 -0.343727 -0.343611 -0.343595 -0.343588 -0.343588 -0.343565 -0.343432 -0.34184 -0.335333 -0.343512 
3.3 -10.7805 23 -0.342041 -0.334806 -0.34118 -0.343353 -0.343547 -0.343585 -0.343588 -0.343597 -0.343619 -0.343765 -0.34445 -0.347045 -0.353302 -0.362534 -0.371917 -0.375803 -0.371917 -0.362534 -0.353302 -0.347046 -0.344448 -0.343767 -0.343618 -0.343597 -0.343588 -0.343586 -0.343548 -0.343354 -0.34118 -0.334806 -0.342041 
3.4 -10.7805 24 -0.340456 -0.334532 -0.340403 -0.343256 -0.343526 -0.343584 -0.343589 -0.3436 -0.343629 -0.343814 -0.344647 -0.347586 -0.354214 -0.363392 -0.372152 -0.375706 -0.372152 -0.363392 -0.354214 -0.347588 -0.344645 -0.343817 -0.343628 -0.343601 -0.343589 -0.343585 -0.343526 -0.343256 -0.340404 -0.334532 -0.340456 
3.5 -10.7805 27 -0.338742 -0.334531 -0.339513 -0.343132 -0.343499 -0.343583 -0.34359 -0.343603 -0.343641 -0.343875 -0.344875 -0.348173 -0.355132 -0.364195 -0.372343 -0.375613 -0.372343 -0.364195 -0.355132 -0.348175 -0.344873 -0.343877 -0.34364 -0.343604 -0.34359 -0.343584 -0.343499 -0.343133 -0.339514 -0.334531 -0.338743 
3.6 -10.7805 28 -0.336895 -0.334811 -0.338521 -0.342976 -0.343463 -0.34358 -0.34359 -0.343606 -0.343656 -0.343948 -0.345138 -0.348802 -0.356048 -0.364941 -0.372497 -0.375524 -0.372497 -0.36494 -0.356047 -0.348805 -0.345136 -0.343951 -0.343655 -0.343607 -0.34359 -0.343581 -0.343463 -0.342976 -0.338522 -0.334811 -0.336896 
3.7 -10.7805 30 -0.334917 -0.33536 -0.337447 -0.342777 -0.343416 -0.343574 -0.34359 -0.34361 -0.343675 -0.344037 -0.345437 -0.349472 -0.356953 -0.365628 -0.372622 -0.375437 -0.372622 -0.365628 -0.356953 -0.349474 -0.345435 -0.34404 -0.343674 -0.343611 -0.34359 -0.343575 -0.343416 -0.342778 -0.337447 -0.33536 -0.334918 
