time energy maxBondDim localEnergy 
0 -13.9973 50 -0.65232 -0.295568 -0.563806 -0.340079 -0.535523 -0.359352 -0.52136 -0.369979 -0.513118 -0.376378 -0.5081 -0.380244 -0.505174 -0.382338 -0.503816 -0.383003 -0.503816 -0.382338 -0.505174 -0.380244 -0.5081 -0.376378 -0.513118 -0.369979 -0.52136 -0.359352 -0.535523 -0.340079 -0.563806 -0.295568 -0.65232 
0 -10.4394 5 -0.352039 -0.334061 -0.335845 -0.335729 -0.33574 -0.335739 -0.335739 -0.335739 -0.335739 -0.335739 -0.335739 -0.335738 -0.335742 -0.335667 -0.336235 -0.336893 -0.336235 -0.335667 -0.335742 -0.335738 -0.335739 -0.335739 -0.335739 -0.335739 -0.335739 -0.335739 -0.33574 -0.335729 -0.335845 -0.334061 -0.352039 
0.1 -10.4398 5 -0.352039 -0.334061 -0.335845 -0.335729 -0.33574 -0.335739 -0.335739 -0.335739 -0.335739 -0.335739 -0.335739 -0.335739 -0.335742 -0.335653 -0.336342 -0.337135 -0.336342 -0.335653 -0.335742 -0.335739 -0.335739 -0.335739 -0.335739 -0.335739 -0.335739 -0.335739 -0.33574 -0.335729 -0.335845 -0.334061 -0.352039 
0.2 -10.4419 5 -0.352039 -0.334061 -0.335845 -0.335729 -0.33574 -0.335739 -0.335739 -0.335739 -0.335739 -0.335739 -0.335739 -0.335739 -0.335743 -0.335578 -0.336879 -0.33831 -0.336879 -0.335578 -0.335743 -0.335739 -0.335739 -0.335739 -0.335739 -0.335739 -0.335739 -0.335739 -0.33574 -0.335729 -0.335845 -0.334061 -0.352039 
0.3 -10.4475 5 -0.35204 -0.334062 -0.335845 -0.33573 -0.33574 -0.33574 -0.33574 -0.33574 -0.33574 -0.33574 -0.33574 -0.335739 -0.335743 -0.33535 -0.33837 -0.341389 -0.33837 -0.33535 -0.335743 -0.335739 -0.33574 -0.33574 -0.33574 -0.33574 -0.33574 -0.33574 -0.33574 -0.33573 -0.335845 -0.334062 -0.352039 
0.4 -10.4577 5 -0.35204 -0.334062 -0.335846 -0.33573 -0.335741 -0.33574 -0.33574 -0.33574 -0.33574 -0.33574 -0.33574 -0.335739 -0.335746 -0.334825 -0.34131 -0.346759 -0.34131 -0.334825 -0.335746 -0.335739 -0.33574 -0.33574 -0.33574 -0.33574 -0.33574 -0.33574 -0.335741 -0.33573 -0.335846 -0.334062 -0.35204 
0.5 -10.4715 5 -0.352041 -0.334062 -0.335846 -0.33573 -0.335741 -0.33574 -0.33574 -0.33574 -0.33574 -0.33574 -0.33574 -0.335738 -0.335753 -0.333865 -0.345783 -0.353487 -0.345783 -0.333865 -0.335753 -0.335738 -0.33574 -0.33574 -0.33574 -0.33574 -0.33574 -0.33574 -0.335741 -0.33573 -0.335846 -0.334062 -0.35204 
0.6 -10.4873 5 -0.352041 -0.334062 -0.335846 -0.33573 -0.335741 -0.33574 -0.33574 -0.33574 -0.33574 -0.33574 -0.33574 -0.335735 -0.335764 -0.332449 -0.351503 -0.360723 -0.351503 -0.332449 -0.335764 -0.335735 -0.33574 -0.33574 -0.33574 -0.33574 -0.33574 -0.33574 -0.335741 -0.33573 -0.335846 -0.334062 -0.35204 
0.7 -10.5048 5 -0.352041 -0.334062 -0.335846 -0.33573 -0.335741 -0.33574 -0.33574 -0.33574 -0.33574 -0.33574 -0.33574 -0.335729 -0.335771 -0.330765 -0.357887 -0.368728 -0.357887 -0.330765 -0.335771 -0.335729 -0.33574 -0.33574 -0.33574 -0.33574 -0.33574 -0.33574 -0.335741 -0.33573 -0.335846 -0.334062 -0.35204 
0.8 -10.5233 5 -0.352041 -0.334062 -0.335846 -0.33573 -0.335741 -0.33574 -0.33574 -0.33574 -0.33574 -0.33574 -0.33574 -0.335719 -0.335738 -0.32928 -0.36398 -0.378168 -0.363981 -0.32928 -0.335738 -0.335719 -0.33574 -0.33574 -0.33574 -0.33574 -0.33574 -0.33574 -0.335741 -0.33573 -0.335846 -0.334062 -0.35204 
0.9 -10.5423 5 -0.35204 -0.334061 -0.335845 -0.33573 -0.33574 -0.33574 -0.33574 -0.33574 -0.33574 -0.33574 -0.33574 -0.335706 -0.335577 -0.328713 -0.36861 -0.389354 -0.36861 -0.328713 -0.335577 -0.335706 -0.33574 -0.33574 -0.33574 -0.33574 -0.33574 -0.33574 -0.33574 -0.33573 -0.335845 -0.334062 -0.35204 
1 -10.5606 5 -0.35204 -0.334061 -0.335845 -0.335729 -0.33574 -0.335739 -0.335739 -0.335739 -0.335739 -0.335739 -0.33574 -0.33569 -0.335141 -0.329732 -0.370906 -0.401982 -0.370907 -0.329732 -0.335141 -0.33569 -0.33574 -0.335739 -0.335739 -0.335739 -0.335739 -0.335739 -0.33574 -0.335729 -0.335845 -0.334061 -0.35204 
1.1 -10.578 5 -0.35204 -0.334061 -0.335845 -0.335729 -0.33574 -0.335739 -0.335739 -0.335739 -0.335739 -0.335739 -0.335739 -0.335675 -0.334289 -0.332565 -0.37096 -0.415295 -0.370961 -0.332565 -0.334289 -0.335675 -0.335739 -0.335739 -0.335739 -0.335739 -0.335739 -0.335739 -0.33574 -0.335729 -0.335845 -0.334061 -0.352039 
1.2 -10.5952 5 -0.352039 -0.334061 -0.335845 -0.335729 -0.33574 -0.335739 -0.335739 -0.335739 -0.335739 -0.335739 -0.335737 -0.335663 -0.332992 -0.337064 -0.369778 -0.428488 -0.369778 -0.337064 -0.332992 -0.335663 -0.335737 -0.335739 -0.335739 -0.335739 -0.335739 -0.335739 -0.33574 -0.335729 -0.335845 -0.334061 -0.352039 
1.3 -10.6133 5 -0.352039 -0.334061 -0.335845 -0.335729 -0.33574 -0.335739 -0.335739 -0.335739 -0.335739 -0.335739 -0.335732 -0.335646 -0.331425 -0.342766 -0.368491 -0.440964 -0.368491 -0.342766 -0.331425 -0.335646 -0.335732 -0.335739 -0.335739 -0.335739 -0.335739 -0.335739 -0.33574 -0.335729 -0.335845 -0.334061 -0.352039 
1.4 -10.6326 5 -0.352039 -0.334061 -0.335845 -0.335729 -0.33574 -0.335739 -0.335739 -0.335739 -0.335739 -0.335739 -0.335725 -0.335586 -0.330037 -0.348811 -0.36785 -0.452349 -0.36785 -0.348811 -0.330037 -0.335586 -0.335725 -0.335739 -0.335739 -0.335739 -0.335739 -0.335739 -0.33574 -0.335729 -0.335845 -0.334061 -0.352039 
1.5 -10.6523 6 -0.352039 -0.334062 -0.335845 -0.33573 -0.33574 -0.33574 -0.33574 -0.33574 -0.33574 -0.335739 -0.335713 -0.335391 -0.329518 -0.354059 -0.368172 -0.462415 -0.368172 -0.354059 -0.329518 -0.335391 -0.335713 -0.335739 -0.33574 -0.33574 -0.33574 -0.33574 -0.33574 -0.33573 -0.335845 -0.334062 -0.352039 
1.6 -10.6714 6 -0.35204 -0.334062 -0.335846 -0.33573 -0.335741 -0.33574 -0.33574 -0.33574 -0.33574 -0.335739 -0.335699 -0.334913 -0.330468 -0.357564 -0.36944 -0.471015 -0.369441 -0.357565 -0.330468 -0.334913 -0.335699 -0.335739 -0.33574 -0.33574 -0.33574 -0.33574 -0.335741 -0.33573 -0.335846 -0.334062 -0.352039 
1.7 -10.6893 7 -0.35204 -0.334062 -0.335846 -0.33573 -0.335741 -0.33574 -0.33574 -0.33574 -0.33574 -0.335738 -0.335685 -0.33402 -0.333036 -0.359287 -0.371479 -0.47804 -0.371479 -0.359288 -0.333036 -0.33402 -0.335685 -0.335738 -0.33574 -0.33574 -0.33574 -0.33574 -0.335741 -0.33573 -0.335846 -0.334062 -0.352039 
1.8 -10.7069 7 -0.35204 -0.334062 -0.335846 -0.33573 -0.335741 -0.33574 -0.33574 -0.33574 -0.33574 -0.335736 -0.335671 -0.332707 -0.33701 -0.360104 -0.374111 -0.483412 -0.374111 -0.360104 -0.337011 -0.332707 -0.335671 -0.335736 -0.33574 -0.33574 -0.33574 -0.33574 -0.335741 -0.33573 -0.335846 -0.334062 -0.35204 
1.9 -10.7252 8 -0.352041 -0.334062 -0.335846 -0.33573 -0.335741 -0.33574 -0.33574 -0.33574 -0.33574 -0.335732 -0.335647 -0.331187 -0.341846 -0.361026 -0.377224 -0.487088 -0.377224 -0.361027 -0.341846 -0.331187 -0.335647 -0.335732 -0.33574 -0.33574 -0.33574 -0.33574 -0.335741 -0.33573 -0.335846 -0.334062 -0.35204 
2 -10.7444 8 -0.352041 -0.334062 -0.335846 -0.33573 -0.335741 -0.33574 -0.33574 -0.33574 -0.335739 -0.335723 -0.335569 -0.329947 -0.346601 -0.362711 -0.38075 -0.489068 -0.38075 -0.362712 -0.346601 -0.329947 -0.335569 -0.335723 -0.335739 -0.33574 -0.33574 -0.33574 -0.335741 -0.33573 -0.335846 -0.334062 -0.35204 
2.1 -10.7639 8 -0.352041 -0.334061 -0.335845 -0.33573 -0.33574 -0.33574 -0.33574 -0.33574 -0.335739 -0.335712 -0.335336 -0.329698 -0.350112 -0.365404 -0.384629 -0.489408 -0.384629 -0.365404 -0.350112 -0.329698 -0.335336 -0.335712 -0.335739 -0.33574 -0.33574 -0.33574 -0.33574 -0.33573 -0.335845 -0.334062 -0.35204 
2.2 -10.7827 8 -0.352041 -0.334061 -0.335845 -0.335729 -0.33574 -0.335739 -0.335739 -0.335739 -0.335738 -0.335698 -0.334796 -0.331001 -0.351533 -0.369031 -0.38879 -0.488212 -0.38879 -0.369031 -0.351533 -0.331001 -0.334796 -0.335698 -0.335738 -0.335739 -0.335739 -0.335739 -0.33574 -0.335729 -0.335845 -0.334061 -0.35204 
2.3 -10.8003 8 -0.35204 -0.334061 -0.335845 -0.335729 -0.33574 -0.335739 -0.335739 -0.335739 -0.335737 -0.335685 -0.333825 -0.333965 -0.350997 -0.373365 -0.393144 -0.485629 -0.393144 -0.373365 -0.350997 -0.333965 -0.333825 -0.335685 -0.335737 -0.335739 -0.335739 -0.335739 -0.33574 -0.335729 -0.335845 -0.334061 -0.35204 
2.4 -10.818 8 -0.35204 -0.334061 -0.335845 -0.335729 -0.33574 -0.335739 -0.335739 -0.335739 -0.335734 -0.335673 -0.332435 -0.338363 -0.349466 -0.378187 -0.397584 -0.481844 -0.397584 -0.378188 -0.349467 -0.338363 -0.332435 -0.335673 -0.335734 -0.335739 -0.335739 -0.335739 -0.33574 -0.335729 -0.335845 -0.334061 -0.352039 
2.5 -10.8366 8 -0.352039 -0.334061 -0.335845 -0.335729 -0.33574 -0.335739 -0.335739 -0.335739 -0.335729 -0.335648 -0.330864 -0.343627 -0.347939 -0.38335 -0.401995 -0.477067 -0.401995 -0.38335 -0.347939 -0.343627 -0.330864 -0.335648 -0.335729 -0.335739 -0.335739 -0.335739 -0.33574 -0.335729 -0.335845 -0.334061 -0.352039 
2.6 -10.8563 8 -0.352039 -0.334061 -0.335845 -0.335729 -0.33574 -0.335739 -0.335739 -0.335739 -0.335721 -0.335563 -0.329625 -0.348791 -0.347035 -0.388757 -0.406259 -0.471524 -0.40626 -0.388757 -0.347035 -0.348792 -0.329625 -0.335563 -0.335721 -0.335739 -0.335739 -0.335739 -0.33574 -0.335729 -0.335845 -0.334061 -0.352039 
2.7 -10.8761 9 -0.352039 -0.334062 -0.335845 -0.33573 -0.33574 -0.33574 -0.33574 -0.335739 -0.335709 -0.335308 -0.329429 -0.352678 -0.346981 -0.394336 -0.410271 -0.465445 -0.410272 -0.394336 -0.346982 -0.352679 -0.329429 -0.335308 -0.335709 -0.335739 -0.33574 -0.33574 -0.33574 -0.33573 -0.335845 -0.334062 -0.352039 
2.8 -10.895 9 -0.352039 -0.334062 -0.335846 -0.33573 -0.335741 -0.33574 -0.33574 -0.335739 -0.335695 -0.334732 -0.330778 -0.354471 -0.347727 -0.400014 -0.413938 -0.459059 -0.413938 -0.400014 -0.347727 -0.354471 -0.330778 -0.334732 -0.335695 -0.335739 -0.33574 -0.33574 -0.335741 -0.33573 -0.335846 -0.334062 -0.352039 
2.9 -10.9128 10 -0.352039 -0.334062 -0.335846 -0.33573 -0.335741 -0.33574 -0.33574 -0.335738 -0.335682 -0.333722 -0.333719 -0.354371 -0.349112 -0.405703 -0.417184 -0.452582 -0.417185 -0.405703 -0.349113 -0.354371 -0.33372 -0.333722 -0.335682 -0.335738 -0.33574 -0.33574 -0.335741 -0.33573 -0.335846 -0.334062 -0.352039 
3 -10.9306 10 -0.35204 -0.334062 -0.335846 -0.33573 -0.335741 -0.33574 -0.33574 -0.335735 -0.335668 -0.332314 -0.337975 -0.353358 -0.351008 -0.411299 -0.419957 -0.446212 -0.419958 -0.411299 -0.351009 -0.353358 -0.337975 -0.332314 -0.335668 -0.335735 -0.33574 -0.33574 -0.335741 -0.33573 -0.335846 -0.334062 -0.352039 
3.1 -10.9494 11 -0.35204 -0.334062 -0.335846 -0.33573 -0.335741 -0.33574 -0.33574 -0.33573 -0.335637 -0.330781 -0.34291 -0.352388 -0.353358 -0.416693 -0.422225 -0.440122 -0.422226 -0.416692 -0.353358 -0.352388 -0.342911 -0.330781 -0.335637 -0.33573 -0.33574 -0.33574 -0.335741 -0.33573 -0.335846 -0.334062 -0.35204 
3.2 -10.969 12 -0.352041 -0.334062 -0.335846 -0.33573 -0.335741 -0.33574 -0.335739 -0.335721 -0.335535 -0.329672 -0.347504 -0.352029 -0.356146 -0.421773 -0.423978 -0.434458 -0.423979 -0.421772 -0.356147 -0.352029 -0.347505 -0.329672 -0.335535 -0.335721 -0.335739 -0.33574 -0.335741 -0.33573 -0.335846 -0.334062 -0.35204 
3.3 -10.9886 13 -0.352041 -0.334061 -0.335845 -0.33573 -0.33574 -0.335739 -0.335739 -0.335708 -0.335246 -0.329702 -0.350584 -0.352461 -0.359371 -0.426437 -0.425227 -0.429337 -0.425227 -0.426436 -0.359372 -0.352461 -0.350585 -0.329702 -0.335246 -0.335708 -0.335739 -0.335739 -0.33574 -0.33573 -0.335845 -0.334062 -0.35204 
3.4 -11.0072 13 -0.352041 -0.334061 -0.335845 -0.335729 -0.33574 -0.335739 -0.335738 -0.335694 -0.334615 -0.331328 -0.351447 -0.353597 -0.36302 -0.430595 -0.425999 -0.424842 -0.426 -0.430594 -0.36302 -0.353597 -0.351447 -0.331328 -0.334615 -0.335694 -0.335738 -0.335739 -0.33574 -0.335729 -0.335845 -0.334061 -0.35204 
3.5 -11.0249 14 -0.352041 -0.334061 -0.335845 -0.335729 -0.33574 -0.335739 -0.335737 -0.335681 -0.33354 -0.334558 -0.350434 -0.355257 -0.367056 -0.434173 -0.42634 -0.421029 -0.42634 -0.434173 -0.367056 -0.355257 -0.350434 -0.334558 -0.33354 -0.335681 -0.335737 -0.335739 -0.33574 -0.335729 -0.335845 -0.334061 -0.35204 
3.6 -11.0428 14 -0.352041 -0.334061 -0.335845 -0.335729 -0.33574 -0.335739 -0.335733 -0.335667 -0.332082 -0.339086 -0.34856 -0.357304 -0.371423 -0.437116 -0.426304 -0.417924 -0.426304 -0.437115 -0.371423 -0.357305 -0.348561 -0.339086 -0.332082 -0.335667 -0.335733 -0.335739 -0.33574 -0.335729 -0.335845 -0.334061 -0.35204 
3.7 -11.0617 15 -0.35204 -0.334061 -0.335845 -0.335729 -0.33574 -0.335739 -0.335728 -0.335634 -0.33054 -0.344242 -0.346736 -0.359678 -0.376043 -0.439387 -0.425955 -0.415527 -0.425955 -0.439387 -0.376043 -0.359678 -0.346736 -0.344242 -0.33054 -0.335634 -0.335728 -0.335739 -0.33574 -0.335729 -0.335845 -0.334061 -0.35204 
3.8 -11.0815 16 -0.35204 -0.334061 -0.335845 -0.335729 -0.33574 -0.335739 -0.335718 -0.335519 -0.329493 -0.348971 -0.34547 -0.362364 -0.380832 -0.44097 -0.42536 -0.413818 -0.42536 -0.44097 -0.380832 -0.362365 -0.34547 -0.348972 -0.329493 -0.335519 -0.335718 -0.335739 -0.33574 -0.335729 -0.335845 -0.334061 -0.352039 
3.9 -11.1012 16 -0.352039 -0.334062 -0.335846 -0.33573 -0.33574 -0.335739 -0.335706 -0.335202 -0.329646 -0.352109 -0.3449 -0.365367 -0.385697 -0.44187 -0.424586 -0.412758 -0.424586 -0.44187 -0.385697 -0.365368 -0.3449 -0.352109 -0.329646 -0.335202 -0.335706 -0.335739 -0.33574 -0.33573 -0.335846 -0.334062 -0.352039 
4 -11.1198 17 -0.352039 -0.334062 -0.335846 -0.33573 -0.33574 -0.335739 -0.335692 -0.334526 -0.331398 -0.35303 -0.344927 -0.368684 -0.390546 -0.44211 -0.423699 -0.412295 -0.423699 -0.44211 -0.390545 -0.368684 -0.344928 -0.35303 -0.331398 -0.334526 -0.335692 -0.335739 -0.33574 -0.33573 -0.335846 -0.334062 -0.352039 
4.1 -11.1375 17 -0.352039 -0.334062 -0.335846 -0.33573 -0.335741 -0.335738 -0.335679 -0.333407 -0.334706 -0.352174 -0.345389 -0.372293 -0.395288 -0.44173 -0.422757 -0.412366 -0.422757 -0.441731 -0.395287 -0.372293 -0.345389 -0.352175 -0.334706 -0.333407 -0.335679 -0.335738 -0.335741 -0.33573 -0.335846 -0.334062 -0.352039 
4.2 -11.1555 18 -0.352039 -0.334063 -0.335846 -0.33573 -0.335741 -0.335734 -0.335664 -0.331929 -0.339222 -0.350569 -0.34618 -0.376153 -0.399838 -0.440789 -0.421813 -0.412902 -0.421813 -0.44079 -0.399837 -0.376154 -0.34618 -0.350569 -0.339222 -0.331929 -0.335664 -0.335734 -0.335741 -0.33573 -0.335846 -0.334062 -0.352039 
4.3 -11.1745 19 -0.352039 -0.334062 -0.335846 -0.33573 -0.33574 -0.335728 -0.335624 -0.330426 -0.344215 -0.349079 -0.34727 -0.380211 -0.404119 -0.439356 -0.42091 -0.413833 -0.42091 -0.439356 -0.404118 -0.380212 -0.347271 -0.349079 -0.344216 -0.330426 -0.335624 -0.335728 -0.33574 -0.33573 -0.335846 -0.334062 -0.352039 
4.4 -11.1943 21 -0.35204 -0.334062 -0.335846 -0.33573 -0.33574 -0.335718 -0.335491 -0.329508 -0.348594 -0.348161 -0.348675 -0.384402 -0.408062 -0.43751 -0.420082 -0.415084 -0.420081 -0.437511 -0.408061 -0.384403 -0.348676 -0.348162 -0.348594 -0.329508 -0.335491 -0.335718 -0.33574 -0.33573 -0.335846 -0.334062 -0.352039 
4.5 -11.2139 21 -0.35204 -0.334062 -0.335845 -0.33573 -0.33574 -0.335705 -0.335136 -0.329871 -0.351216 -0.34791 -0.350423 -0.388659 -0.41161 -0.435339 -0.419353 -0.416587 -0.419352 -0.43534 -0.411609 -0.388659 -0.350424 -0.347911 -0.351217 -0.329871 -0.335136 -0.335705 -0.33574 -0.33573 -0.335845 -0.334062 -0.35204 
4.6 -11.2322 22 -0.352041 -0.334061 -0.335845 -0.335729 -0.335739 -0.33569 -0.334407 -0.331857 -0.35158 -0.348199 -0.352536 -0.392911 -0.414721 -0.432933 -0.418738 -0.418274 -0.418737 -0.432934 -0.41472 -0.392911 -0.352536 -0.348199 -0.351581 -0.331857 -0.334407 -0.33569 -0.335739 -0.335729 -0.335845 -0.334061 -0.35204 
4.7 -11.2499 23 -0.352041 -0.334061 -0.335845 -0.335729 -0.335737 -0.335677 -0.333231 -0.335391 -0.350244 -0.348852 -0.355015 -0.397089 -0.417364 -0.430382 -0.418245 -0.420082 -0.418243 -0.430384 -0.417363 -0.39709 -0.355015 -0.348852 -0.350244 -0.335391 -0.333231 -0.335677 -0.335737 -0.335729 -0.335845 -0.334061 -0.35204 
4.8 -11.268 25 -0.352041 -0.33406 -0.335845 -0.335729 -0.335733 -0.335661 -0.331719 -0.340088 -0.348242 -0.349759 -0.357845 -0.401128 -0.419524 -0.427774 -0.417874 -0.421953 -0.417872 -0.427776 -0.419522 -0.401128 -0.357845 -0.349759 -0.348243 -0.340088 -0.331719 -0.335661 -0.335733 -0.335729 -0.335845 -0.334061 -0.35204 
4.9 -11.2872 26 -0.352041 -0.334061 -0.335845 -0.335729 -0.335726 -0.335616 -0.330235 -0.345177 -0.34639 -0.350886 -0.360996 -0.404963 -0.421199 -0.425191 -0.417621 -0.423835 -0.417619 -0.425194 -0.421197 -0.404963 -0.360997 -0.350887 -0.34639 -0.345177 -0.330235 -0.335616 -0.335726 -0.335729 -0.335845 -0.334061 -0.35204 
5 -11.3071 26 -0.35204 -0.334061 -0.335845 -0.335729 -0.335716 -0.335467 -0.329417 -0.349536 -0.34509 -0.352243 -0.364429 -0.408536 -0.422401 -0.422709 -0.417476 -0.425678 -0.417473 -0.422711 -0.422399 -0.408536 -0.364429 -0.352244 -0.34509 -0.349536 -0.329417 -0.335467 -0.335716 -0.335729 -0.335845 -0.334061 -0.35204 
5.1 -11.3266 27 -0.35204 -0.334061 -0.335845 -0.335729 -0.335703 -0.335077 -0.329937 -0.352054 -0.3444 -0.353855 -0.368095 -0.411795 -0.423154 -0.42039 -0.417427 -0.427443 -0.417425 -0.420393 -0.423153 -0.411795 -0.368095 -0.353855 -0.3444 -0.352054 -0.329937 -0.335077 -0.335703 -0.335729 -0.335845 -0.334061 -0.352039 
5.2 -11.3449 28 -0.352039 -0.334062 -0.335846 -0.335729 -0.33569 -0.334299 -0.332081 -0.352337 -0.344178 -0.35574 -0.371943 -0.414697 -0.423494 -0.41829 -0.417464 -0.42909 -0.417461 -0.418293 -0.423493 -0.414697 -0.371943 -0.35574 -0.344179 -0.352338 -0.332081 -0.334299 -0.33569 -0.335729 -0.335846 -0.334062 -0.352039 
5.3 -11.3625 31 -0.352039 -0.334062 -0.335846 -0.335727 -0.335677 -0.333078 -0.33573 -0.351037 -0.344261 -0.357902 -0.375918 -0.417207 -0.423464 -0.416449 -0.417572 -0.430588 -0.417569 -0.416453 -0.423462 -0.417207 -0.375918 -0.357902 -0.344261 -0.351038 -0.33573 -0.333078 -0.335677 -0.335727 -0.335846 -0.334062 -0.352039 
5.4 -11.3808 31 -0.352039 -0.334063 -0.335846 -0.335723 -0.33566 -0.331551 -0.340455 -0.349186 -0.344553 -0.360331 -0.379961 -0.419299 -0.423115 -0.414898 -0.417741 -0.431909 -0.417738 -0.414902 -0.423113 -0.4193 -0.379962 -0.360331 -0.344554 -0.349187 -0.340455 -0.331551 -0.33566 -0.335723 -0.335846 -0.334062 -0.352039 
5.5 -11.4 33 -0.352039 -0.334063 -0.335846 -0.335716 -0.335606 -0.330117 -0.345432 -0.347551 -0.345036 -0.363006 -0.384014 -0.42096 -0.422502 -0.413655 -0.417959 -0.433028 -0.417956 -0.413658 -0.4225 -0.420961 -0.384014 -0.363005 -0.345037 -0.347551 -0.345433 -0.330117 -0.335606 -0.335716 -0.335846 -0.334062 -0.352039 
5.6 -11.4199 34 -0.352039 -0.334062 -0.335845 -0.335705 -0.335435 -0.329438 -0.349513 -0.346485 -0.34573 -0.365897 -0.388015 -0.422187 -0.421683 -0.412725 -0.41822 -0.433928 -0.418217 -0.412729 -0.421681 -0.422187 -0.388015 -0.365897 -0.345731 -0.346486 -0.349513 -0.329438 -0.335435 -0.335705 -0.335845 -0.334062 -0.352039 
5.7 -11.4392 36 -0.35204 -0.334062 -0.335845 -0.335691 -0.335005 -0.33016 -0.351631 -0.346011 -0.346668 -0.368974 -0.391907 -0.422985 -0.420716 -0.412107 -0.418515 -0.434593 -0.418513 -0.41211 -0.420715 -0.422986 -0.391907 -0.368974 -0.346669 -0.346011 -0.351632 -0.330161 -0.335005 -0.335691 -0.335845 -0.334062 -0.352039 
5.8 -11.4574 38 -0.35204 -0.334061 -0.335844 -0.335677 -0.334173 -0.332516 -0.351525 -0.345967 -0.347878 -0.372202 -0.395634 -0.423373 -0.419657 -0.411787 -0.418841 -0.435013 -0.418839 -0.41179 -0.419655 -0.423374 -0.395634 -0.372202 -0.347879 -0.345967 -0.351525 -0.332516 -0.334173 -0.335677 -0.335844 -0.334061 -0.35204 
5.9 -11.475 40 -0.352041 -0.334061 -0.335841 -0.335664 -0.3329 -0.336353 -0.349937 -0.346184 -0.349372 -0.375545 -0.399144 -0.423379 -0.418557 -0.411747 -0.419193 -0.435185 -0.419191 -0.41175 -0.418556 -0.42338 -0.399143 -0.375545 -0.349372 -0.346185 -0.349937 -0.336353 -0.3329 -0.335664 -0.335841 -0.334061 -0.35204 
6 -11.4934 42 -0.352041 -0.33406 -0.335837 -0.335645 -0.331353 -0.341202 -0.34789 -0.34657 -0.351147 -0.378964 -0.40239 -0.423037 -0.417464 -0.411964 -0.419567 -0.435109 -0.419566 -0.411966 -0.417462 -0.423038 -0.40239 -0.378964 -0.351148 -0.34657 -0.34789 -0.341203 -0.331353 -0.335645 -0.335837 -0.33406 -0.35204 
6.1 -11.5128 43 -0.352041 -0.33406 -0.33583 -0.335584 -0.329963 -0.346196 -0.346099 -0.347101 -0.353194 -0.382419 -0.405334 -0.422392 -0.416416 -0.412408 -0.419961 -0.43479 -0.41996 -0.412409 -0.416415 -0.422393 -0.405334 -0.382418 -0.353195 -0.347102 -0.346099 -0.346196 -0.329963 -0.335584 -0.33583 -0.33406 -0.35204 
6.2 -11.5327 44 -0.352041 -0.33406 -0.335819 -0.335392 -0.329411 -0.350166 -0.344869 -0.347796 -0.355496 -0.385867 -0.407944 -0.421492 -0.415446 -0.41305 -0.42037 -0.434241 -0.42037 -0.413051 -0.415445 -0.421493 -0.407944 -0.385867 -0.355496 -0.347796 -0.344869 -0.350167 -0.329411 -0.335392 -0.335819 -0.33406 -0.35204 
6.3 -11.5519 47 -0.35204 -0.33406 -0.335805 -0.334922 -0.33031 -0.352099 -0.344189 -0.34868 -0.358032 -0.389267 -0.410198 -0.420391 -0.41458 -0.41386 -0.420791 -0.43348 -0.420791 -0.413859 -0.414579 -0.420392 -0.410197 -0.389266 -0.358033 -0.348681 -0.344189 -0.3521 -0.33031 -0.334922 -0.335805 -0.334061 -0.35204 
6.4 -11.57 48 -0.35204 -0.33406 -0.335792 -0.334039 -0.332834 -0.351858 -0.34389 -0.349776 -0.36078 -0.392574 -0.412081 -0.419142 -0.413834 -0.414805 -0.421216 -0.432528 -0.421217 -0.414804 -0.413834 -0.419143 -0.41208 -0.392574 -0.36078 -0.349777 -0.34389 -0.351858 -0.332834 -0.334039 -0.335792 -0.33406 -0.352039 
6.5 -11.5877 51 -0.352039 -0.334058 -0.335779 -0.332723 -0.336795 -0.35026 -0.343811 -0.351092 -0.363713 -0.395748 -0.41359 -0.417801 -0.41322 -0.415855 -0.421639 -0.431415 -0.421641 -0.415853 -0.413221 -0.417802 -0.413589 -0.395748 -0.363713 -0.351093 -0.343811 -0.350261 -0.336795 -0.332723 -0.335779 -0.334058 -0.352039 
6.6 -11.6061 53 -0.352039 -0.334054 -0.335758 -0.33117 -0.341677 -0.34831 -0.343872 -0.352626 -0.366802 -0.398748 -0.414731 -0.41642 -0.412742 -0.416982 -0.422052 -0.43017 -0.422054 -0.41698 -0.412743 -0.416421 -0.41473 -0.398748 -0.366802 -0.352627 -0.343872 -0.348311 -0.341678 -0.33117 -0.335758 -0.334054 -0.352039 
6.7 -11.6256 56 -0.352039 -0.334046 -0.335686 -0.329845 -0.346565 -0.346674 -0.344059 -0.354368 -0.370015 -0.401535 -0.41552 -0.415049 -0.4124 -0.418159 -0.422445 -0.42883 -0.422448 -0.418155 -0.412401 -0.41505 -0.415518 -0.401535 -0.370014 -0.35437 -0.344059 -0.346674 -0.346565 -0.329845 -0.335687 -0.334046 -0.352039 
6.8 -11.6455 57 -0.352038 -0.334034 -0.335469 -0.329445 -0.350275 -0.345611 -0.344394 -0.356306 -0.373317 -0.404077 -0.415979 -0.413731 -0.412187 -0.419358 -0.422808 -0.427431 -0.422812 -0.419354 -0.412189 -0.413733 -0.415977 -0.404077 -0.373316 -0.356308 -0.344394 -0.345611 -0.350276 -0.329446 -0.335469 -0.334034 -0.352038 
6.9 -11.6646 59 -0.352038 -0.33402 -0.334955 -0.330545 -0.351863 -0.345079 -0.344907 -0.358427 -0.37667 -0.406345 -0.416139 -0.412505 -0.412099 -0.420557 -0.423133 -0.426011 -0.423137 -0.420552 -0.412101 -0.412507 -0.416138 -0.406345 -0.376669 -0.358429 -0.344907 -0.34508 -0.351863 -0.330545 -0.334955 -0.33402 -0.352038 
7 -11.6825 62 -0.352038 -0.334006 -0.334017 -0.333267 -0.351324 -0.344899 -0.345622 -0.360717 -0.380035 -0.408315 -0.416037 -0.411403 -0.412125 -0.421731 -0.42341 -0.424607 -0.423415 -0.421725 -0.412127 -0.411404 -0.416036 -0.408316 -0.380033 -0.360719 -0.345622 -0.344899 -0.351324 -0.333267 -0.334017 -0.334006 -0.352037 
7.1 -11.7002 65 -0.352036 -0.333993 -0.332656 -0.337389 -0.349543 -0.344911 -0.346549 -0.363161 -0.38337 -0.409973 -0.415713 -0.410448 -0.412254 -0.422858 -0.423633 -0.423256 -0.423639 -0.422852 -0.412257 -0.410449 -0.415712 -0.409974 -0.383368 -0.363163 -0.346549 -0.344912 -0.349543 -0.33739 -0.332656 -0.333993 -0.352035 
7.2 -11.7188 68 -0.352031 -0.333969 -0.331097 -0.342353 -0.347499 -0.345039 -0.347688 -0.365741 -0.386635 -0.411311 -0.41521 -0.409658 -0.412478 -0.423919 -0.423797 -0.421988 -0.423803 -0.423913 -0.412481 -0.409658 -0.415209 -0.411312 -0.386632 -0.365744 -0.347688 -0.34504 -0.3475 -0.342354 -0.331097 -0.333969 -0.352031 
7.3 -11.7385 71 -0.352023 -0.333888 -0.329839 -0.347199 -0.345806 -0.345269 -0.349035 -0.368441 -0.389788 -0.412327 -0.41457 -0.409043 -0.412786 -0.424893 -0.4239 -0.420834 -0.423905 -0.424887 -0.412789 -0.409044 -0.41457 -0.412328 -0.389785 -0.368444 -0.349035 -0.345269 -0.345806 -0.3472 -0.329839 -0.333888 -0.352022 
7.4 -11.7583 73 -0.352012 -0.333646 -0.329588 -0.350739 -0.344679 -0.345619 -0.350582 -0.371238 -0.392791 -0.41303 -0.413837 -0.408609 -0.413169 -0.425762 -0.42394 -0.419816 -0.423945 -0.425756 -0.413172 -0.408609 -0.413837 -0.413031 -0.392788 -0.371242 -0.350581 -0.34562 -0.34468 -0.35074 -0.329588 -0.333646 -0.352011 
7.5 -11.7773 76 -0.351998 -0.333091 -0.330873 -0.352103 -0.344051 -0.346115 -0.352319 -0.374109 -0.395607 -0.413435 -0.41305 -0.408354 -0.413617 -0.426509 -0.423921 -0.418953 -0.423926 -0.426504 -0.413621 -0.408354 -0.41305 -0.413437 -0.395604 -0.374113 -0.352319 -0.346115 -0.344051 -0.352103 -0.330873 -0.333092 -0.351997 
7.6 -11.7951 80 -0.351985 -0.332106 -0.333765 -0.351415 -0.343735 -0.346774 -0.354239 -0.377027 -0.398205 -0.413565 -0.412245 -0.408275 -0.414123 -0.42712 -0.423848 -0.418258 -0.423852 -0.427115 -0.414127 -0.408274 -0.412245 -0.413566 -0.398201 -0.377032 -0.354238 -0.346775 -0.343735 -0.351416 -0.333765 -0.332106 -0.351984 
7.7 -11.8129 83 -0.351972 -0.330715 -0.338007 -0.349613 -0.343584 -0.347604 -0.356331 -0.379964 -0.400557 -0.413447 -0.411454 -0.408362 -0.414679 -0.427583 -0.423729 -0.417738 -0.423732 -0.427579 -0.414682 -0.408361 -0.411454 -0.413448 -0.400552 -0.379969 -0.35633 -0.347605 -0.343584 -0.349613 -0.338007 -0.330715 -0.351971 
7.8 -11.8317 88 -0.351945 -0.329171 -0.342992 -0.347643 -0.34353 -0.348602 -0.358583 -0.382889 -0.402642 -0.413114 -0.410702 -0.408604 -0.415275 -0.427889 -0.423571 -0.417394 -0.423574 -0.427885 -0.415278 -0.408603 -0.410703 -0.413115 -0.402637 -0.382893 -0.358582 -0.348603 -0.34353 -0.347644 -0.342992 -0.329171 -0.351944 
7.9 -11.8514 92 -0.351852 -0.328005 -0.347718 -0.34607 -0.343566 -0.349761 -0.360983 -0.385767 -0.404447 -0.412602 -0.410012 -0.40899 -0.415904 -0.428031 -0.423385 -0.417224 -0.423387 -0.428029 -0.415907 -0.408988 -0.410013 -0.412603 -0.404442 -0.385771 -0.360982 -0.349762 -0.343566 -0.34607 -0.347718 -0.328005 -0.351852 
8 -11.8712 95 -0.351583 -0.327928 -0.350995 -0.345068 -0.343713 -0.351075 -0.363515 -0.388566 -0.405964 -0.41195 -0.409399 -0.409504 -0.416557 -0.42801 -0.423182 -0.41722 -0.423183 -0.428008 -0.416559 -0.409502 -0.409401 -0.41195 -0.40596 -0.38857 -0.363514 -0.351076 -0.343713 -0.345068 -0.350995 -0.327928 -0.351583 
8.1 -11.8901 100 -0.350983 -0.329419 -0.352041 -0.344543 -0.343997 -0.352537 -0.366159 -0.391251 -0.407194 -0.411195 -0.408875 -0.410132 -0.417222 -0.427827 -0.422971 -0.417372 -0.422971 -0.427826 -0.417224 -0.41013 -0.408877 -0.411195 -0.40719 -0.391255 -0.366158 -0.352539 -0.343997 -0.344543 -0.352041 -0.329419 -0.350983 
8.2 -11.9079 105 -0.349947 -0.332505 -0.351108 -0.344306 -0.344436 -0.354144 -0.368895 -0.393791 -0.408145 -0.410376 -0.408447 -0.410859 -0.41789 -0.42749 -0.422762 -0.417666 -0.422761 -0.427491 -0.417891 -0.410857 -0.40845 -0.410376 -0.408141 -0.393795 -0.368894 -0.354146 -0.344436 -0.344306 -0.351108 -0.332505 -0.349947 
8.3 -11.9258 110 -0.34853 -0.336889 -0.349174 -0.344213 -0.345035 -0.355891 -0.371697 -0.396155 -0.40883 -0.409528 -0.408119 -0.411668 -0.418548 -0.427011 -0.422561 -0.418086 -0.42256 -0.427012 -0.418549 -0.411666 -0.408122 -0.409527 -0.408827 -0.396158 -0.371696 -0.355892 -0.345035 -0.344213 -0.349174 -0.33689 -0.34853 
8.4 -11.9448 115 -0.347025 -0.341914 -0.347152 -0.344202 -0.345793 -0.357773 -0.374538 -0.398317 -0.409268 -0.408684 -0.407892 -0.412543 -0.419185 -0.426405 -0.422377 -0.418614 -0.422374 -0.426407 -0.419186 -0.412541 -0.407895 -0.408682 -0.409266 -0.398319 -0.374537 -0.357775 -0.345793 -0.344203 -0.347153 -0.341915 -0.347025 
8.5 -11.9648 119 -0.346007 -0.346532 -0.345557 -0.344268 -0.346705 -0.359786 -0.377389 -0.400254 -0.409484 -0.407873 -0.407763 -0.413469 -0.419789 -0.425692 -0.422213 -0.419232 -0.422209 -0.425695 -0.419789 -0.413466 -0.407767 -0.407871 -0.409482 -0.400256 -0.377388 -0.359787 -0.346705 -0.344269 -0.345557 -0.346533 -0.346007 
8.6 -11.9852 123 -0.346174 -0.349563 -0.344523 -0.34443 -0.347764 -0.361922 -0.380218 -0.40195 -0.409504 -0.40712 -0.407731 -0.414427 -0.420348 -0.424894 -0.422071 -0.419922 -0.422067 -0.424898 -0.420348 -0.414425 -0.407735 -0.407117 -0.409503 -0.401952 -0.380218 -0.361923 -0.347765 -0.34443 -0.344523 -0.349564 -0.346173 
8.7 -12.0051 128 -0.3479 -0.350322 -0.343934 -0.344711 -0.348968 -0.364172 -0.382994 -0.403395 -0.409358 -0.406447 -0.407791 -0.415402 -0.420851 -0.424036 -0.421953 -0.420663 -0.421949 -0.42404 -0.420851 -0.4154 -0.407794 -0.406443 -0.409359 -0.403396 -0.382994 -0.364174 -0.348968 -0.344711 -0.343934 -0.350323 -0.347899 
8.8 -12.0248 132 -0.351152 -0.349169 -0.343599 -0.345123 -0.350313 -0.366525 -0.385685 -0.404585 -0.409077 -0.405868 -0.407938 -0.416375 -0.421289 -0.423144 -0.421859 -0.421438 -0.421855 -0.423148 -0.421288 -0.416374 -0.407942 -0.405864 -0.409078 -0.404584 -0.385685 -0.366526 -0.350313 -0.345122 -0.343599 -0.349169 -0.351151 
8.9 -12.0455 139 -0.355694 -0.347087 -0.343379 -0.345669 -0.351796 -0.368965 -0.388259 -0.40552 -0.40869 -0.405398 -0.408169 -0.41733 -0.421653 -0.422244 -0.421786 -0.422227 -0.421782 -0.422248 -0.421652 -0.417329 -0.408173 -0.405393 -0.408692 -0.405519 -0.38826 -0.368966 -0.351797 -0.345668 -0.34338 -0.347087 -0.355694 
9 -12.0675 142 -0.360947 -0.344933 -0.343215 -0.346344 -0.353416 -0.371474 -0.39069 -0.406209 -0.408227 -0.405043 -0.408478 -0.418249 -0.421938 -0.421362 -0.421733 -0.423013 -0.421729 -0.421366 -0.421937 -0.418249 -0.408481 -0.405039 -0.408231 -0.406207 -0.390692 -0.371475 -0.353418 -0.346343 -0.343216 -0.344934 -0.360947 
9.1 -12.0895 148 -0.365763 -0.343167 -0.343097 -0.347141 -0.35517 -0.37403 -0.392952 -0.406665 -0.407716 -0.40481 -0.40886 -0.419115 -0.422142 -0.420521 -0.421697 -0.423777 -0.421694 -0.420526 -0.422141 -0.419115 -0.408862 -0.404805 -0.40772 -0.406662 -0.392954 -0.37403 -0.355172 -0.34714 -0.343097 -0.343168 -0.365763 
9.2 -12.1083 155 -0.368537 -0.341885 -0.343034 -0.348053 -0.357054 -0.376608 -0.395024 -0.406906 -0.407181 -0.404699 -0.40931 -0.419912 -0.422263 -0.419745 -0.421676 -0.424505 -0.421672 -0.419749 -0.422262 -0.419913 -0.409311 -0.404694 -0.407186 -0.406902 -0.395027 -0.376608 -0.357056 -0.348052 -0.343035 -0.341885 -0.368536 
9.3 -12.1213 161 -0.368102 -0.34095 -0.343037 -0.349074 -0.359061 -0.379182 -0.39689 -0.406953 -0.406645 -0.40471 -0.409822 -0.420623 -0.422303 -0.419051 -0.421666 -0.425178 -0.421663 -0.419055 -0.422302 -0.420625 -0.409822 -0.404705 -0.40665 -0.406949 -0.396893 -0.379181 -0.359063 -0.349073 -0.343038 -0.34095 -0.368102 
9.4 -12.1287 167 -0.364707 -0.340173 -0.343104 -0.350201 -0.361182 -0.381722 -0.398539 -0.406833 -0.406126 -0.404839 -0.410389 -0.421236 -0.422268 -0.418456 -0.421667 -0.425784 -0.421665 -0.418459 -0.422266 -0.421239 -0.410389 -0.404835 -0.406132 -0.406828 -0.398542 -0.381721 -0.361185 -0.350199 -0.343105 -0.340173 -0.364707 
9.5 -12.1322 174 -0.359459 -0.339435 -0.343225 -0.351428 -0.363406 -0.384201 -0.399965 -0.406571 -0.405641 -0.405081 -0.411006 -0.42174 -0.422163 -0.417971 -0.421677 -0.426309 -0.421675 -0.417974 -0.422161 -0.421743 -0.411004 -0.405078 -0.405647 -0.406565 -0.399969 -0.384199 -0.36341 -0.351426 -0.343226 -0.339435 -0.359459 
9.6 -12.1338 180 -0.353333 -0.338692 -0.343384 -0.352752 -0.365718 -0.386588 -0.401167 -0.406196 -0.405202 -0.405431 -0.411663 -0.422124 -0.421997 -0.417605 -0.421696 -0.426741 -0.421695 -0.417607 -0.421995 -0.422128 -0.41166 -0.405428 -0.405208 -0.40619 -0.401171 -0.386586 -0.365722 -0.35275 -0.343385 -0.338692 -0.353333 
9.7 -12.1345 188 -0.346898 -0.337945 -0.343565 -0.354168 -0.368099 -0.388857 -0.402148 -0.405736 -0.404819 -0.405879 -0.412352 -0.422384 -0.421781 -0.417361 -0.421723 -0.427071 -0.421723 -0.417362 -0.421779 -0.422388 -0.412348 -0.405877 -0.404825 -0.40573 -0.402152 -0.388855 -0.368103 -0.354166 -0.343566 -0.337945 -0.346898 
9.8 -12.1348 197 -0.340432 -0.337212 -0.343758 -0.355669 -0.370528 -0.390983 -0.402918 -0.405218 -0.404501 -0.406417 -0.413063 -0.422516 -0.421526 -0.417239 -0.42176 -0.427291 -0.42176 -0.417241 -0.421524 -0.422521 -0.413058 -0.406415 -0.404506 -0.405212 -0.402923 -0.39098 -0.370533 -0.355667 -0.34376 -0.337211 -0.340433 
9.9 -12.1349 202 -0.334066 -0.336508 -0.343959 -0.357246 -0.37298 -0.392943 -0.403489 -0.404669 -0.404252 -0.407035 -0.413784 -0.422522 -0.421242 -0.417237 -0.421807 -0.427397 -0.421807 -0.417239 -0.42124 -0.422527 -0.413779 -0.407035 -0.404257 -0.404663 -0.403494 -0.39294 -0.372985 -0.357243 -0.343961 -0.336508 -0.334066 
10 -12.1349 211 -0.32786 -0.335848 -0.34417 -0.358886 -0.37543 -0.39472 -0.403876 -0.404113 -0.404076 -0.407722 -0.414505 -0.422405 -0.420942 -0.417349 -0.421864 -0.427388 -0.421864 -0.41735 -0.42094 -0.422411 -0.414499 -0.407723 -0.40408 -0.404107 -0.403881 -0.394717 -0.375435 -0.358883 -0.344171 -0.335847 -0.32786 
10.1 -12.1349 221 -0.321848 -0.335234 -0.344398 -0.360574 -0.377848 -0.3963 -0.404097 -0.403571 -0.403975 -0.408468 -0.415212 -0.422175 -0.420636 -0.417567 -0.421932 -0.427264 -0.421933 -0.417568 -0.420634 -0.42218 -0.415206 -0.40847 -0.403978 -0.403566 -0.404102 -0.396297 -0.377853 -0.360571 -0.344399 -0.335234 -0.321849 
10.2 -12.1349 228 -0.316057 -0.334665 -0.344658 -0.362293 -0.380206 -0.397673 -0.404172 -0.403064 -0.40395 -0.40926 -0.415893 -0.421841 -0.420335 -0.417878 -0.422011 -0.42703 -0.422011 -0.417879 -0.420333 -0.421846 -0.415886 -0.409263 -0.403952 -0.403059 -0.404176 -0.39767 -0.380211 -0.362289 -0.344659 -0.334665 -0.316058 
10.3 -12.1349 239 -0.310509 -0.334129 -0.344967 -0.364021 -0.382475 -0.398834 -0.404122 -0.402606 -0.404001 -0.410086 -0.416536 -0.421419 -0.420046 -0.418273 -0.422099 -0.426694 -0.4221 -0.418273 -0.420045 -0.421424 -0.416529 -0.41009 -0.404002 -0.402603 -0.404126 -0.398831 -0.38248 -0.364018 -0.344968 -0.334129 -0.31051 
10.4 -12.1349 246 -0.305229 -0.333612 -0.345348 -0.365737 -0.384627 -0.399782 -0.403968 -0.402213 -0.404127 -0.410932 -0.417128 -0.420925 -0.419779 -0.418736 -0.422196 -0.426266 -0.422197 -0.418737 -0.419778 -0.420929 -0.417121 -0.410938 -0.404126 -0.40221 -0.403971 -0.39978 -0.384632 -0.365734 -0.345349 -0.333612 -0.30523 
10.5 -12.1349 256 -0.300243 -0.333093 -0.345821 -0.367416 -0.386636 -0.40052 -0.40373 -0.401894 -0.404328 -0.411786 -0.41766 -0.420376 -0.419539 -0.419253 -0.422298 -0.425758 -0.422299 -0.419255 -0.419537 -0.42038 -0.417653 -0.411792 -0.404325 -0.401893 -0.403732 -0.400519 -0.38664 -0.367414 -0.345822 -0.333093 -0.300244 
10.6 -12.1349 264 -0.295577 -0.332548 -0.346408 -0.369034 -0.388477 -0.401057 -0.403429 -0.401657 -0.4046 -0.412632 -0.418121 -0.419793 -0.41933 -0.419812 -0.422404 -0.425188 -0.422405 -0.419813 -0.419329 -0.419796 -0.418115 -0.412639 -0.404596 -0.401657 -0.40343 -0.401056 -0.38848 -0.369032 -0.346409 -0.332548 -0.295577 
10.7 -12.1349 274 -0.291258 -0.331952 -0.347128 -0.370567 -0.390129 -0.401401 -0.403084 -0.401507 -0.404942 -0.413457 -0.418505 -0.419196 -0.419155 -0.420396 -0.422509 -0.42457 -0.42251 -0.420397 -0.419155 -0.419198 -0.4185 -0.413465 -0.404936 -0.401508 -0.403084 -0.4014 -0.390132 -0.370566 -0.347128 -0.331952 -0.291259 
