time energy SvN bondDim localEnergy 
0 -12.7147 0.18818 2 4 8 10 10 10 10 10 10 10 10 10 10 10 10 10 10 10 10 10 10 10 10 10 10 10 10 10 8 4 2 -0.491956 -0.377379 -0.414347 -0.403258 -0.406913 -0.405785 -0.406153 -0.406038 -0.406076 -0.406064 -0.406068 -0.406066 -0.406067 -0.406066 -0.406067 -0.406069 -0.406067 -0.406066 -0.406067 -0.406066 -0.406068 -0.406064 -0.406076 -0.406038 -0.406153 -0.405785 -0.406913 -0.403258 -0.414347 -0.377379 -0.491956 
0.1 -12.7147 0.18818 2 4 8 10 10 10 10 10 10 10 10 10 10 10 10 10 10 10 10 10 10 10 10 10 10 10 10 10 8 4 2 -0.491956 -0.377379 -0.414347 -0.403258 -0.406913 -0.405785 -0.406153 -0.406038 -0.406076 -0.406064 -0.406068 -0.406066 -0.406067 -0.406066 -0.406067 -0.406069 -0.406067 -0.406066 -0.406067 -0.406066 -0.406068 -0.406064 -0.406076 -0.406038 -0.406153 -0.405785 -0.406913 -0.403258 -0.414347 -0.377379 -0.491956 
0.2 -12.7147 0.188181 2 4 8 10 10 10 10 10 10 10 10 10 10 10 10 10 10 10 10 10 10 10 10 10 10 10 10 10 8 4 2 -0.491956 -0.377379 -0.414347 -0.403258 -0.406913 -0.405785 -0.406153 -0.406038 -0.406076 -0.406064 -0.406068 -0.406066 -0.406067 -0.406066 -0.406068 -0.40607 -0.406068 -0.406066 -0.406067 -0.406066 -0.406068 -0.406064 -0.406076 -0.406038 -0.406153 -0.405785 -0.406913 -0.403258 -0.414347 -0.377379 -0.491956 
0.3 -12.7147 0.188186 2 4 8 10 10 10 10 10 10 10 10 10 10 10 10 10 10 10 10 10 10 10 10 10 10 10 10 10 8 4 2 -0.491956 -0.377379 -0.414347 -0.403258 -0.406913 -0.405785 -0.406153 -0.406038 -0.406076 -0.406064 -0.406068 -0.406066 -0.406067 -0.406066 -0.406069 -0.406072 -0.406069 -0.406066 -0.406067 -0.406066 -0.406068 -0.406064 -0.406076 -0.406038 -0.406153 -0.405785 -0.406913 -0.403258 -0.414347 -0.377379 -0.491956 
0.4 -12.7147 0.1882 2 4 8 10 10 10 10 10 10 10 10 10 10 10 10 10 10 10 10 10 10 10 10 10 10 10 10 10 8 4 2 -0.491956 -0.377379 -0.414347 -0.403258 -0.406913 -0.405785 -0.406153 -0.406038 -0.406076 -0.406064 -0.406068 -0.406066 -0.406067 -0.406065 -0.406071 -0.406079 -0.406071 -0.406065 -0.406067 -0.406066 -0.406068 -0.406064 -0.406076 -0.406038 -0.406153 -0.405785 -0.406913 -0.403258 -0.414347 -0.377379 -0.491956 
0.5 -12.7147 0.18824 2 4 8 10 10 10 10 10 10 10 10 10 10 10 10 10 10 10 10 10 10 10 10 10 10 10 10 10 8 4 2 -0.491956 -0.377379 -0.414347 -0.403258 -0.406913 -0.405785 -0.406153 -0.406038 -0.406076 -0.406064 -0.406068 -0.406066 -0.406067 -0.406061 -0.406078 -0.406099 -0.406078 -0.406061 -0.406067 -0.406066 -0.406068 -0.406064 -0.406076 -0.406038 -0.406153 -0.405785 -0.406913 -0.403258 -0.414347 -0.377379 -0.491956 
0.6 -12.7148 0.188349 2 4 8 10 10 10 10 10 10 10 10 10 10 10 10 10 10 10 10 10 10 10 10 10 10 10 10 10 8 4 2 -0.491956 -0.377379 -0.414347 -0.403258 -0.406913 -0.405785 -0.406153 -0.406038 -0.406076 -0.406064 -0.406068 -0.406066 -0.406067 -0.406052 -0.406096 -0.406154 -0.406096 -0.406052 -0.406067 -0.406066 -0.406068 -0.406064 -0.406076 -0.406038 -0.406153 -0.405785 -0.406913 -0.403258 -0.414347 -0.377379 -0.491956 
0.7 -12.715 0.188643 2 4 8 10 10 10 10 10 10 10 10 10 10 10 10 10 10 10 10 10 10 10 10 10 10 10 10 10 8 4 2 -0.491956 -0.377379 -0.414347 -0.403258 -0.406913 -0.405785 -0.406153 -0.406038 -0.406076 -0.406064 -0.406068 -0.406066 -0.406066 -0.406027 -0.406144 -0.406298 -0.406144 -0.406027 -0.406066 -0.406066 -0.406068 -0.406064 -0.406076 -0.406038 -0.406153 -0.405785 -0.406913 -0.403258 -0.414347 -0.377379 -0.491956 
0.8 -12.7154 0.189404 2 4 8 10 10 10 10 10 10 10 10 10 10 10 10 10 10 10 10 10 10 10 10 10 10 10 10 10 8 4 2 -0.491956 -0.377379 -0.414347 -0.403258 -0.406913 -0.405785 -0.406153 -0.406038 -0.406076 -0.406064 -0.406068 -0.406066 -0.406066 -0.405963 -0.406266 -0.406654 -0.406266 -0.405963 -0.406066 -0.406066 -0.406068 -0.406064 -0.406076 -0.406038 -0.406153 -0.405785 -0.406913 -0.403258 -0.414347 -0.377379 -0.491956 
0.9 -12.7164 0.191246 2 4 8 10 10 10 10 10 10 10 10 10 10 10 10 10 10 10 10 10 10 10 10 10 10 10 10 10 8 4 2 -0.491956 -0.377379 -0.414347 -0.403258 -0.406913 -0.405785 -0.406153 -0.406038 -0.406076 -0.406064 -0.406068 -0.406066 -0.406064 -0.405809 -0.406536 -0.407426 -0.406536 -0.405809 -0.406064 -0.406066 -0.406068 -0.406064 -0.406076 -0.406038 -0.406153 -0.405785 -0.406913 -0.403258 -0.414347 -0.377379 -0.491956 
1 -12.7181 0.195194 2 4 8 10 10 10 10 10 10 10 10 10 10 10 10 10 10 10 10 10 10 10 10 10 10 10 10 10 8 4 2 -0.491956 -0.377379 -0.414347 -0.403258 -0.406913 -0.405785 -0.406153 -0.406038 -0.406076 -0.406064 -0.406068 -0.406064 -0.406058 -0.405482 -0.407037 -0.408785 -0.407037 -0.405482 -0.406058 -0.406064 -0.406068 -0.406064 -0.406076 -0.406038 -0.406153 -0.405785 -0.406913 -0.403258 -0.414347 -0.377379 -0.491956 
1.1 -12.7204 0.202386 2 4 8 10 10 10 10 10 10 10 10 10 10 10 10 10 10 10 10 10 10 10 10 10 10 10 10 10 8 4 2 -0.491956 -0.377379 -0.414347 -0.403258 -0.406913 -0.405785 -0.406153 -0.406038 -0.406076 -0.406064 -0.406068 -0.406061 -0.406043 -0.404902 -0.407805 -0.410729 -0.407805 -0.404902 -0.406043 -0.406061 -0.406068 -0.406064 -0.406076 -0.406038 -0.406153 -0.405785 -0.406913 -0.403258 -0.414347 -0.377379 -0.491956 
1.2 -12.7231 0.213524 2 4 8 10 10 10 10 10 10 10 10 10 10 10 10 10 10 10 10 10 10 10 10 10 10 10 10 10 8 4 2 -0.491956 -0.377379 -0.414347 -0.403258 -0.406913 -0.405785 -0.406153 -0.406038 -0.406076 -0.406064 -0.406067 -0.406054 -0.405999 -0.404054 -0.408824 -0.41321 -0.408824 -0.404054 -0.405999 -0.406054 -0.406067 -0.406064 -0.406076 -0.406038 -0.406153 -0.405785 -0.406913 -0.403258 -0.414347 -0.377379 -0.491956 
1.3 -12.7263 0.228625 2 4 8 10 10 10 10 10 10 10 10 10 10 10 10 10 10 10 10 10 10 10 10 10 10 10 10 10 8 4 2 -0.491956 -0.377379 -0.414347 -0.403258 -0.406913 -0.405785 -0.406153 -0.406038 -0.406076 -0.406064 -0.406067 -0.40604 -0.405887 -0.403037 -0.410018 -0.416221 -0.410019 -0.403037 -0.405887 -0.40604 -0.406067 -0.406064 -0.406076 -0.406038 -0.406153 -0.405785 -0.406913 -0.403258 -0.414347 -0.377379 -0.491956 
1.4 -12.7296 0.247191 2 4 8 10 10 10 10 10 10 10 10 10 10 10 10 10 10 10 10 10 10 10 10 10 10 10 10 10 8 4 2 -0.491956 -0.377379 -0.414347 -0.403258 -0.406913 -0.405785 -0.406153 -0.406038 -0.406076 -0.406064 -0.406066 -0.406015 -0.405632 -0.402038 -0.411229 -0.419676 -0.411229 -0.402038 -0.405632 -0.406015 -0.406066 -0.406064 -0.406076 -0.406038 -0.406153 -0.405785 -0.406913 -0.403258 -0.414347 -0.377379 -0.491956 
1.5 -12.7328 0.268486 2 4 8 10 10 10 10 10 10 10 10 10 10 10 10 10 10 10 10 10 10 10 10 10 10 10 10 10 8 4 2 -0.491956 -0.377379 -0.414347 -0.403258 -0.406913 -0.405785 -0.406153 -0.406038 -0.406076 -0.406063 -0.406064 -0.405968 -0.405154 -0.401243 -0.412335 -0.42337 -0.412335 -0.401243 -0.405154 -0.405968 -0.406064 -0.406063 -0.406076 -0.406038 -0.406153 -0.405785 -0.406913 -0.403258 -0.414347 -0.377379 -0.491956 
1.6 -12.7361 0.29172 2 4 8 10 10 10 10 10 10 10 10 10 10 10 10 10 10 10 10 10 10 10 10 10 10 10 10 10 8 4 2 -0.491956 -0.377379 -0.414347 -0.403258 -0.406913 -0.405785 -0.406153 -0.406038 -0.406076 -0.406063 -0.406059 -0.405881 -0.404424 -0.400768 -0.413403 -0.427078 -0.413403 -0.400768 -0.404424 -0.405881 -0.406059 -0.406063 -0.406076 -0.406038 -0.406153 -0.405785 -0.406913 -0.403258 -0.414347 -0.377379 -0.491956 
1.7 -12.7396 0.316163 2 4 8 10 10 10 10 10 10 10 10 10 10 10 10 10 10 10 10 10 10 10 10 10 10 10 10 10 8 4 2 -0.491956 -0.377379 -0.414347 -0.403258 -0.406913 -0.405785 -0.406153 -0.406038 -0.406075 -0.406062 -0.406049 -0.405715 -0.403516 -0.400636 -0.414579 -0.430633 -0.414579 -0.400636 -0.403516 -0.405715 -0.406049 -0.406062 -0.406075 -0.406038 -0.406153 -0.405785 -0.406913 -0.403258 -0.414347 -0.377379 -0.491956 
1.8 -12.7432 0.341199 2 4 8 10 10 10 10 10 10 10 10 10 10 10 10 10 10 10 10 10 10 10 10 10 10 10 10 10 8 4 2 -0.491956 -0.377379 -0.414347 -0.403258 -0.406913 -0.405785 -0.406153 -0.406038 -0.406075 -0.40606 -0.406029 -0.405398 -0.402592 -0.400732 -0.415928 -0.433937 -0.415928 -0.400732 -0.402592 -0.405398 -0.406029 -0.40606 -0.406075 -0.406038 -0.406153 -0.405785 -0.406913 -0.403258 -0.414347 -0.377379 -0.491956 
1.9 -12.7468 0.366345 2 4 8 10 10 10 10 10 10 10 10 10 10 10 10 10 10 10 10 10 10 10 10 10 10 10 10 10 8 4 2 -0.491956 -0.377379 -0.414347 -0.403258 -0.406913 -0.405785 -0.406153 -0.406038 -0.406075 -0.406056 -0.405992 -0.404846 -0.401819 -0.400921 -0.417416 -0.436932 -0.417416 -0.400921 -0.401819 -0.404846 -0.405992 -0.406056 -0.406075 -0.406038 -0.406153 -0.405785 -0.406913 -0.403258 -0.414347 -0.377379 -0.491956 
2 -12.7504 0.391257 2 4 8 10 10 10 10 10 10 10 10 10 10 10 10 10 10 10 10 10 10 10 10 10 10 10 10 10 8 4 2 -0.491956 -0.377379 -0.414347 -0.403258 -0.406913 -0.405785 -0.406153 -0.406038 -0.406075 -0.406048 -0.405921 -0.404017 -0.401311 -0.401231 -0.418973 -0.43958 -0.418973 -0.401231 -0.401312 -0.404017 -0.405921 -0.406048 -0.406075 -0.406038 -0.406153 -0.405785 -0.406913 -0.403258 -0.414347 -0.377379 -0.491956 
2.1 -12.7541 0.415711 2 4 8 10 10 10 10 10 10 10 10 10 10 10 10 10 10 10 10 10 10 10 10 10 10 10 10 10 8 4 2 -0.491956 -0.377379 -0.414347 -0.403258 -0.406913 -0.405785 -0.406153 -0.406038 -0.406074 -0.406035 -0.405782 -0.402965 -0.401089 -0.401805 -0.420544 -0.441855 -0.420544 -0.401805 -0.401089 -0.402965 -0.405782 -0.406035 -0.406074 -0.406038 -0.406153 -0.405785 -0.406913 -0.403258 -0.414347 -0.377379 -0.491956 
2.2 -12.758 0.439576 2 4 8 10 10 10 10 10 10 10 10 10 10 10 10 10 10 10 10 10 10 10 10 10 10 10 10 10 8 4 2 -0.491956 -0.377379 -0.414347 -0.403258 -0.406913 -0.405785 -0.406153 -0.406038 -0.406073 -0.40601 -0.405509 -0.401843 -0.401032 -0.402727 -0.422102 -0.44374 -0.422102 -0.402727 -0.401032 -0.401843 -0.405509 -0.40601 -0.406073 -0.406038 -0.406153 -0.405785 -0.406913 -0.403258 -0.414347 -0.377379 -0.491956 
2.3 -12.7618 0.46279 2 4 8 10 10 10 10 10 10 10 10 10 10 10 10 10 10 10 10 10 10 10 10 10 10 10 10 10 8 4 2 -0.491956 -0.377379 -0.414347 -0.403258 -0.406913 -0.405785 -0.406153 -0.406038 -0.406069 -0.405968 -0.405018 -0.400824 -0.400965 -0.40398 -0.423632 -0.445227 -0.423632 -0.40398 -0.400965 -0.400824 -0.405018 -0.405968 -0.406069 -0.406038 -0.406153 -0.405785 -0.406913 -0.403258 -0.414347 -0.377379 -0.491956 
2.4 -12.7655 0.485327 2 4 8 10 10 10 10 10 10 10 10 10 10 10 10 10 10 10 10 10 10 10 10 10 10 10 10 10 8 4 2 -0.491956 -0.377379 -0.414347 -0.403258 -0.406913 -0.405785 -0.406153 -0.406037 -0.406063 -0.405893 -0.404255 -0.400033 -0.400876 -0.405495 -0.425123 -0.44632 -0.425123 -0.405495 -0.400876 -0.400033 -0.404255 -0.405893 -0.406063 -0.406037 -0.406153 -0.405785 -0.406913 -0.403258 -0.414347 -0.377379 -0.491956 
2.5 -12.7692 0.507178 2 4 8 10 10 10 10 10 10 10 10 10 10 10 10 10 10 10 10 10 10 10 10 10 10 10 10 10 8 4 2 -0.491956 -0.377379 -0.414347 -0.403258 -0.406913 -0.405785 -0.406153 -0.406036 -0.406052 -0.405755 -0.403255 -0.399511 -0.400912 -0.407213 -0.426562 -0.447028 -0.426562 -0.407213 -0.400912 -0.399511 -0.403255 -0.405755 -0.406052 -0.406036 -0.406153 -0.405785 -0.406913 -0.403258 -0.414347 -0.377379 -0.491956 
2.6 -12.7731 0.528334 2 4 8 10 10 10 10 10 10 10 10 10 10 10 10 10 10 10 10 10 10 10 10 10 10 10 10 10 8 4 2 -0.491956 -0.377379 -0.414347 -0.403258 -0.406913 -0.405785 -0.406153 -0.406034 -0.406031 -0.405493 -0.402155 -0.399162 -0.401188 -0.409095 -0.427938 -0.447372 -0.427938 -0.409095 -0.401188 -0.399162 -0.402155 -0.405493 -0.406031 -0.406034 -0.406153 -0.405785 -0.406913 -0.403258 -0.414347 -0.377379 -0.491956 
2.7 -12.777 0.548782 2 4 8 10 10 10 10 10 10 10 10 10 10 10 10 10 10 10 10 10 10 10 10 10 10 10 10 10 8 4 2 -0.491956 -0.377379 -0.414347 -0.403258 -0.406913 -0.405785 -0.406153 -0.406031 -0.405994 -0.405022 -0.401129 -0.398803 -0.401714 -0.411113 -0.429238 -0.447376 -0.429238 -0.411113 -0.401714 -0.398803 -0.401129 -0.405022 -0.405994 -0.406031 -0.406153 -0.405785 -0.406913 -0.403258 -0.414347 -0.377379 -0.491956 
2.8 -12.7808 0.568507 2 4 8 10 10 10 10 10 10 10 10 10 10 10 10 10 10 10 10 10 10 10 10 10 10 10 10 10 8 4 2 -0.491956 -0.377379 -0.414347 -0.403258 -0.406913 -0.405785 -0.406152 -0.406025 -0.405929 -0.404278 -0.400307 -0.398387 -0.402442 -0.413244 -0.430448 -0.447072 -0.430448 -0.413244 -0.402442 -0.398387 -0.400307 -0.404278 -0.405929 -0.406025 -0.406152 -0.405785 -0.406913 -0.403258 -0.414347 -0.377379 -0.491956 
2.9 -12.7845 0.587501 2 4 8 10 10 10 10 10 10 10 10 10 10 10 10 10 10 10 10 10 10 10 10 10 10 10 10 10 8 4 2 -0.491956 -0.377379 -0.414347 -0.403258 -0.406913 -0.405785 -0.406152 -0.406013 -0.405808 -0.403278 -0.399744 -0.398047 -0.403329 -0.41546 -0.431558 -0.446496 -0.431558 -0.41546 -0.403329 -0.398047 -0.399744 -0.403278 -0.405808 -0.406013 -0.406152 -0.405785 -0.406913 -0.403258 -0.414347 -0.377379 -0.491956 
3 -12.7885 0.605769 2 4 8 10 10 10 10 10 10 10 10 10 10 10 10 10 10 10 10 10 10 10 10 10 10 10 10 10 8 4 2 -0.491956 -0.377379 -0.414347 -0.403258 -0.406913 -0.405785 -0.40615 -0.405993 -0.405575 -0.402145 -0.399363 -0.397913 -0.404351 -0.417731 -0.432557 -0.445686 -0.432557 -0.417731 -0.404351 -0.397913 -0.399363 -0.402145 -0.405575 -0.405993 -0.40615 -0.405785 -0.406913 -0.403258 -0.414347 -0.377379 -0.491956 
3.1 -12.7925 0.623337 2 4 8 10 10 10 10 10 10 10 10 10 10 10 10 10 10 10 10 10 10 10 10 10 10 10 10 10 8 4 2 -0.491956 -0.377379 -0.414347 -0.403258 -0.406913 -0.405785 -0.406147 -0.405957 -0.40515 -0.401052 -0.398974 -0.398016 -0.405502 -0.420024 -0.433438 -0.444685 -0.433438 -0.420024 -0.405502 -0.398016 -0.398974 -0.401052 -0.40515 -0.405957 -0.406147 -0.405785 -0.406913 -0.403258 -0.414347 -0.377379 -0.491956 
3.2 -12.7963 0.640261 2 4 8 10 10 10 10 10 10 10 10 10 10 10 10 11 10 10 10 10 10 10 10 10 10 10 10 10 8 4 2 -0.491956 -0.377379 -0.414347 -0.403258 -0.406913 -0.405784 -0.406142 -0.405896 -0.404458 -0.400138 -0.398487 -0.398318 -0.406779 -0.422308 -0.434196 -0.443535 -0.434196 -0.422308 -0.406779 -0.398318 -0.398487 -0.400138 -0.404458 -0.405896 -0.406142 -0.405784 -0.406913 -0.403258 -0.414347 -0.377379 -0.491956 
3.3 -12.8 0.65662 2 4 8 10 10 10 10 10 10 10 10 10 10 10 11 11 11 10 10 10 10 10 10 10 10 10 10 10 8 4 2 -0.491956 -0.377379 -0.414347 -0.403258 -0.406913 -0.405783 -0.406132 -0.405783 -0.403501 -0.399474 -0.398013 -0.398779 -0.408176 -0.424548 -0.434828 -0.442277 -0.434828 -0.424548 -0.408176 -0.398779 -0.398013 -0.399474 -0.403501 -0.405783 -0.406132 -0.405783 -0.406913 -0.403258 -0.414347 -0.377379 -0.491956 
3.4 -12.804 0.672513 2 4 8 10 10 10 10 10 10 10 10 10 10 10 11 12 11 10 10 10 10 10 10 10 10 10 10 10 8 4 2 -0.491956 -0.377379 -0.414347 -0.403258 -0.406913 -0.405782 -0.406114 -0.405571 -0.402385 -0.399006 -0.397691 -0.399377 -0.409683 -0.426715 -0.435334 -0.440953 -0.435334 -0.426715 -0.409683 -0.399377 -0.397691 -0.399006 -0.402385 -0.405571 -0.406114 -0.405782 -0.406913 -0.403258 -0.414347 -0.377379 -0.491956 
3.5 -12.808 0.688051 2 4 8 10 10 10 10 10 10 10 10 10 10 11 12 13 12 11 10 10 10 10 10 10 10 10 10 10 8 4 2 -0.491956 -0.377379 -0.414347 -0.403258 -0.406913 -0.405779 -0.406082 -0.405179 -0.40128 -0.398552 -0.397566 -0.400111 -0.411287 -0.428778 -0.435718 -0.439602 -0.435718 -0.428778 -0.411287 -0.400111 -0.397566 -0.398552 -0.40128 -0.405179 -0.406082 -0.405779 -0.406913 -0.403258 -0.414347 -0.377379 -0.491956 
3.6 -12.8118 0.703342 2 4 8 10 10 10 10 10 10 10 10 10 10 11 13 13 13 11 10 10 10 10 10 10 10 10 10 10 8 4 2 -0.491956 -0.377379 -0.414347 -0.403258 -0.406912 -0.405774 -0.406026 -0.404528 -0.400335 -0.397987 -0.397607 -0.400986 -0.412971 -0.430711 -0.435984 -0.438259 -0.435984 -0.430711 -0.412971 -0.400986 -0.397607 -0.397987 -0.400335 -0.404528 -0.406026 -0.405774 -0.406912 -0.403258 -0.414347 -0.377379 -0.491956 
3.7 -12.8155 0.718484 2 4 8 10 10 10 10 10 10 10 10 10 10 12 13 14 13 12 10 10 10 10 10 10 10 10 10 10 8 4 2 -0.491956 -0.377379 -0.414347 -0.403258 -0.406911 -0.405765 -0.405926 -0.403605 -0.399631 -0.397396 -0.397769 -0.402004 -0.414715 -0.43249 -0.436141 -0.436955 -0.436141 -0.43249 -0.414715 -0.402004 -0.397769 -0.397396 -0.399631 -0.403605 -0.405926 -0.405765 -0.406911 -0.403258 -0.414347 -0.377379 -0.491956 
3.8 -12.8195 0.733559 2 4 8 10 10 10 10 10 10 10 10 10 10 12 14 14 14 12 10 10 10 10 10 10 10 10 10 10 8 4 2 -0.491956 -0.377379 -0.414347 -0.403258 -0.40691 -0.405748 -0.405736 -0.402496 -0.399141 -0.396924 -0.398027 -0.403162 -0.4165 -0.434096 -0.436199 -0.43572 -0.436199 -0.434096 -0.4165 -0.403162 -0.398027 -0.396924 -0.399141 -0.402496 -0.405736 -0.405748 -0.40691 -0.403258 -0.414347 -0.377379 -0.491956 
3.9 -12.8235 0.748623 2 4 8 10 10 10 10 10 10 10 10 10 11 13 14 16 14 13 11 10 10 10 10 10 10 10 10 10 8 4 2 -0.491956 -0.377379 -0.414347 -0.403257 -0.406908 -0.405718 -0.405381 -0.401367 -0.398692 -0.396633 -0.398381 -0.404454 -0.418304 -0.435514 -0.43617 -0.434576 -0.43617 -0.435514 -0.418304 -0.404454 -0.398381 -0.396633 -0.398692 -0.401367 -0.405381 -0.405718 -0.406908 -0.403257 -0.414347 -0.377379 -0.491956 
4 -12.8274 0.763715 2 4 8 10 10 10 10 10 10 10 10 10 11 13 16 16 16 13 11 10 10 10 10 10 10 10 10 10 8 4 2 -0.491956 -0.377379 -0.414347 -0.403257 -0.406903 -0.405667 -0.404778 -0.400375 -0.398132 -0.396498 -0.398837 -0.405873 -0.420103 -0.436732 -0.436065 -0.433542 -0.436065 -0.436732 -0.420103 -0.405873 -0.398837 -0.396498 -0.398132 -0.400375 -0.404778 -0.405667 -0.406903 -0.403257 -0.414347 -0.377379 -0.491956 
4.1 -12.8311 0.77886 2 4 8 10 10 10 10 10 10 10 10 10 12 14 17 17 17 14 12 10 10 10 10 10 10 10 10 10 8 4 2 -0.491956 -0.377379 -0.414347 -0.403256 -0.406895 -0.405576 -0.403898 -0.399616 -0.39751 -0.396472 -0.399403 -0.407405 -0.421877 -0.437745 -0.435899 -0.432632 -0.435899 -0.437745 -0.421877 -0.407405 -0.399403 -0.396472 -0.39751 -0.399616 -0.403898 -0.405576 -0.406895 -0.403256 -0.414347 -0.377379 -0.491956 
4.2 -12.835 0.794071 2 4 8 10 10 10 10 10 10 10 10 10 13 15 17 18 17 15 13 10 10 10 10 10 10 10 10 10 8 4 2 -0.491956 -0.377379 -0.414347 -0.403255 -0.40688 -0.405405 -0.402811 -0.399081 -0.396976 -0.396527 -0.400081 -0.409038 -0.423602 -0.438551 -0.435684 -0.431857 -0.435684 -0.438551 -0.423602 -0.409038 -0.400081 -0.396527 -0.396976 -0.399081 -0.402811 -0.405405 -0.40688 -0.403255 -0.414347 -0.377379 -0.491956 
4.3 -12.839 0.809364 2 4 8 10 10 10 10 10 10 10 10 11 13 16 18 18 18 16 13 11 10 10 10 10 10 10 10 10 8 4 2 -0.491956 -0.377379 -0.414347 -0.403253 -0.406853 -0.405083 -0.401675 -0.398621 -0.396607 -0.396658 -0.400875 -0.410755 -0.425261 -0.439152 -0.435433 -0.431223 -0.435433 -0.439152 -0.425261 -0.410755 -0.400875 -0.396658 -0.396607 -0.398621 -0.401675 -0.405083 -0.406853 -0.403253 -0.414347 -0.377379 -0.491956 
4.4 -12.8429 0.824754 2 4 8 10 10 10 10 10 10 10 10 11 13 16 18 19 18 16 13 11 10 10 10 10 10 10 10 10 8 4 2 -0.491956 -0.377379 -0.414347 -0.403249 -0.406806 -0.404525 -0.400652 -0.398058 -0.396386 -0.396871 -0.401784 -0.412537 -0.426833 -0.439555 -0.435159 -0.430731 -0.435159 -0.439555 -0.426833 -0.412537 -0.401784 -0.396871 -0.396386 -0.398058 -0.400652 -0.404525 -0.406806 -0.403249 -0.414347 -0.377379 -0.491956 
4.5 -12.8467 0.840263 2 4 8 10 10 10 10 10 10 10 10 12 15 18 19 20 19 18 15 12 10 10 10 10 10 10 10 10 8 4 2 -0.491956 -0.377379 -0.414346 -0.403241 -0.406724 -0.403689 -0.399851 -0.397409 -0.396264 -0.397174 -0.402804 -0.414366 -0.428303 -0.43977 -0.434873 -0.430378 -0.434873 -0.43977 -0.428303 -0.414366 -0.402804 -0.397174 -0.396264 -0.397409 -0.399851 -0.403689 -0.406724 -0.403241 -0.414346 -0.377379 -0.491956 
4.6 -12.8505 0.855916 2 4 8 10 10 10 10 10 10 10 10 13 16 18 20 21 20 18 16 13 10 10 10 10 10 10 10 10 8 4 2 -0.491956 -0.377378 -0.414345 -0.403228 -0.406569 -0.402627 -0.399285 -0.396819 -0.396207 -0.397572 -0.403932 -0.416222 -0.429658 -0.43981 -0.434585 -0.430162 -0.434585 -0.43981 -0.429658 -0.416222 -0.403932 -0.397572 -0.396207 -0.396819 -0.399285 -0.402627 -0.406569 -0.403228 -0.414345 -0.377378 -0.491956 
4.7 -12.8546 0.871733 2 4 8 10 10 10 10 10 10 10 11 13 16 19 21 21 21 19 16 13 11 10 10 10 10 10 10 10 8 4 2 -0.491956 -0.377378 -0.414343 -0.403203 -0.406278 -0.401486 -0.398825 -0.396383 -0.396204 -0.39807 -0.40516 -0.418085 -0.430885 -0.439692 -0.434305 -0.430074 -0.434305 -0.439692 -0.430885 -0.418085 -0.40516 -0.39807 -0.396205 -0.396383 -0.398825 -0.401486 -0.406278 -0.403203 -0.414343 -0.377378 -0.491956 
4.8 -12.8585 0.88773 2 4 8 10 10 10 10 10 10 10 11 14 18 20 21 22 21 20 18 14 11 10 10 10 10 10 10 10 8 4 2 -0.491956 -0.377378 -0.414339 -0.403161 -0.405763 -0.400436 -0.398279 -0.396095 -0.396261 -0.398669 -0.40648 -0.419933 -0.431978 -0.439434 -0.43404 -0.430104 -0.43404 -0.439434 -0.431978 -0.419933 -0.40648 -0.398669 -0.396261 -0.396095 -0.398279 -0.400436 -0.405763 -0.403161 -0.414339 -0.377378 -0.491956 
4.9 -12.8623 0.903911 2 4 8 10 10 10 10 10 10 10 12 15 18 20 22 23 22 20 18 15 12 10 10 10 10 10 10 10 8 4 2 -0.491956 -0.377378 -0.414332 -0.403088 -0.40497 -0.399594 -0.397627 -0.395905 -0.396383 -0.399369 -0.407883 -0.421749 -0.43293 -0.439054 -0.433795 -0.430241 -0.433795 -0.439054 -0.43293 -0.421749 -0.407883 -0.399369 -0.396383 -0.395905 -0.397627 -0.399594 -0.40497 -0.403088 -0.414332 -0.377378 -0.491956 
5 -12.8661 0.920264 2 4 8 10 10 10 10 10 10 10 13 16 18 21 23 25 23 21 19 16 13 10 10 10 10 10 10 10 8 4 2 -0.491956 -0.377377 -0.414319 -0.402951 -0.403933 -0.398995 -0.397006 -0.395774 -0.396577 -0.40017 -0.409358 -0.423511 -0.433738 -0.438576 -0.433575 -0.430472 -0.433575 -0.438576 -0.433738 -0.423511 -0.409358 -0.40017 -0.396577 -0.395774 -0.397006 -0.398995 -0.403933 -0.402951 -0.414319 -0.377377 -0.491956 
5.1 -12.8701 0.936764 2 4 8 10 10 10 10 10 10 11 13 16 19 22 25 26 25 22 19 16 13 11 10 10 10 10 10 10 8 4 2 -0.491956 -0.377375 -0.414296 -0.402691 -0.402787 -0.398533 -0.396526 -0.395689 -0.396845 -0.40107 -0.410893 -0.425202 -0.434405 -0.438018 -0.433383 -0.430783 -0.433383 -0.438018 -0.434405 -0.425202 -0.410893 -0.40107 -0.396845 -0.395689 -0.396526 -0.398533 -0.402787 -0.402691 -0.414296 -0.377375 -0.491955 
5.2 -12.8741 0.953377 2 4 8 10 10 10 10 10 10 11 14 18 20 23 26 27 26 23 20 18 14 11 10 10 10 10 10 10 8 4 2 -0.491955 -0.377372 -0.414257 -0.402225 -0.401703 -0.398012 -0.396195 -0.395651 -0.39719 -0.402065 -0.412475 -0.426805 -0.434931 -0.437403 -0.433221 -0.431161 -0.433221 -0.437403 -0.434931 -0.426805 -0.412475 -0.402065 -0.39719 -0.395651 -0.396195 -0.398012 -0.401703 -0.402225 -0.414257 -0.377372 -0.491955 
5.3 -12.8779 0.970063 2 4 8 10 10 10 10 10 10 12 15 18 20 24 28 28 28 24 20 18 15 12 10 10 10 10 10 10 8 4 2 -0.491955 -0.377367 -0.414187 -0.401489 -0.40081 -0.397372 -0.395966 -0.395664 -0.397615 -0.403153 -0.414089 -0.428304 -0.435324 -0.436751 -0.43309 -0.43159 -0.43309 -0.436751 -0.435324 -0.428304 -0.414089 -0.403153 -0.397615 -0.395664 -0.395966 -0.397372 -0.40081 -0.401489 -0.414187 -0.377367 -0.491955 
5.4 -12.8817 0.986784 2 4 8 10 10 10 10 10 10 13 16 19 21 26 28 29 28 26 21 19 16 13 10 10 10 10 10 10 8 4 2 -0.491954 -0.377357 -0.414059 -0.4005 -0.400157 -0.396738 -0.395794 -0.395734 -0.398119 -0.404327 -0.415722 -0.429687 -0.43559 -0.436082 -0.43299 -0.432056 -0.43299 -0.436082 -0.43559 -0.429687 -0.415722 -0.404327 -0.398119 -0.395734 -0.395794 -0.396738 -0.400157 -0.4005 -0.414059 -0.377357 -0.491953 
5.5 -12.8857 1.0035 2 4 8 10 10 10 10 10 11 13 16 19 22 27 30 30 30 27 22 19 16 13 11 10 10 10 10 10 8 4 2 -0.491951 -0.377339 -0.413817 -0.399381 -0.399664 -0.396233 -0.39566 -0.395864 -0.398703 -0.405583 -0.417357 -0.430942 -0.435739 -0.435413 -0.432919 -0.432546 -0.432919 -0.435413 -0.43574 -0.430942 -0.417357 -0.405583 -0.398703 -0.395864 -0.39566 -0.396233 -0.399664 -0.399381 -0.413817 -0.377339 -0.491951 
5.6 -12.8897 1.0202 2 4 8 10 10 10 10 10 11 14 18 20 23 28 30 32 30 28 23 20 18 14 11 10 10 10 10 10 8 4 2 -0.491948 -0.377308 -0.413377 -0.398304 -0.399135 -0.395879 -0.395562 -0.396056 -0.399368 -0.406913 -0.41898 -0.432061 -0.435784 -0.43476 -0.432876 -0.433045 -0.432876 -0.43476 -0.435784 -0.432061 -0.418981 -0.406913 -0.399368 -0.396056 -0.395562 -0.395879 -0.399135 -0.398304 -0.413376 -0.377308 -0.491948 
5.7 -12.8935 1.03686 2 4 8 10 10 10 10 10 12 15 18 21 24 28 32 34 32 28 24 21 18 15 12 10 10 10 10 10 8 4 2 -0.491941 -0.377253 -0.412662 -0.397411 -0.398474 -0.395634 -0.395506 -0.39631 -0.400113 -0.408311 -0.420576 -0.433038 -0.435735 -0.434138 -0.43286 -0.433541 -0.43286 -0.434137 -0.435735 -0.433037 -0.420576 -0.408311 -0.400113 -0.39631 -0.395506 -0.395634 -0.398474 -0.397411 -0.412662 -0.377254 -0.491941 
5.8 -12.8972 1.05348 2 4 8 10 10 10 10 10 13 16 19 21 26 30 34 35 34 30 26 21 19 16 13 10 10 10 10 10 8 4 2 -0.491928 -0.377155 -0.411673 -0.396768 -0.397787 -0.395448 -0.395494 -0.396627 -0.400937 -0.409766 -0.422128 -0.433868 -0.435606 -0.433558 -0.432867 -0.434023 -0.432867 -0.433557 -0.435606 -0.433868 -0.422128 -0.409766 -0.400937 -0.396627 -0.395494 -0.395448 -0.397787 -0.396768 -0.411673 -0.377155 -0.491928 
5.9 -12.9012 1.07005 2 4 8 10 10 10 10 11 13 16 19 22 28 31 35 37 35 31 28 22 19 16 13 11 10 10 10 10 8 4 2 -0.491905 -0.376968 -0.410511 -0.396322 -0.397207 -0.395298 -0.395528 -0.397008 -0.401839 -0.41127 -0.423622 -0.434553 -0.435411 -0.43303 -0.432895 -0.43448 -0.432895 -0.433029 -0.435412 -0.434553 -0.423622 -0.41127 -0.401839 -0.397008 -0.395528 -0.395298 -0.397207 -0.396322 -0.41051 -0.376968 -0.491905 
6 -12.9052 1.08657 2 4 8 10 10 10 10 11 14 18 20 23 28 34 37 40 37 34 28 23 20 18 14 11 10 10 10 10 8 4 2 -0.491866 -0.376621 -0.409339 -0.395889 -0.396778 -0.39518 -0.395611 -0.397454 -0.402818 -0.412811 -0.425045 -0.435094 -0.435163 -0.432561 -0.432942 -0.434904 -0.432942 -0.432561 -0.435164 -0.435093 -0.425045 -0.412811 -0.402818 -0.397454 -0.395611 -0.39518 -0.396778 -0.395889 -0.409339 -0.376621 -0.491866 
6.1 -12.9091 1.10303 2 4 8 10 10 10 10 12 15 18 21 26 30 34 40 40 40 34 30 26 21 18 15 12 10 10 10 10 8 4 2 -0.491797 -0.376047 -0.408299 -0.395339 -0.396461 -0.395098 -0.39574 -0.397965 -0.403872 -0.414378 -0.426384 -0.435495 -0.434876 -0.432158 -0.433005 -0.435285 -0.433005 -0.432158 -0.434876 -0.435495 -0.426383 -0.414378 -0.403872 -0.397965 -0.39574 -0.395098 -0.396461 -0.395339 -0.408299 -0.376047 -0.491797 
6.2 -12.9129 1.11942 2 4 8 10 10 10 10 13 16 19 21 27 30 37 41 44 40 37 30 27 21 19 16 13 10 10 10 10 8 4 2 -0.491673 -0.375238 -0.407465 -0.39475 -0.396205 -0.395054 -0.395918 -0.398541 -0.404997 -0.415956 -0.427628 -0.435764 -0.434561 -0.431823 -0.433082 -0.435619 -0.433082 -0.431823 -0.434561 -0.435763 -0.427627 -0.415956 -0.404997 -0.398541 -0.395918 -0.395054 -0.396205 -0.39475 -0.407464 -0.375238 -0.491673 
6.3 -12.9169 1.13573 2 4 8 10 10 10 11 13 16 19 23 28 32 38 43 45 43 38 32 28 23 19 16 13 11 10 10 10 8 4 2 -0.491441 -0.374289 -0.406798 -0.394262 -0.395984 -0.395051 -0.396143 -0.399184 -0.40619 -0.417533 -0.428768 -0.435909 -0.43423 -0.431559 -0.43317 -0.4359 -0.43317 -0.431558 -0.434231 -0.435909 -0.428768 -0.417533 -0.40619 -0.399184 -0.396143 -0.395051 -0.395984 -0.394262 -0.406798 -0.374289 -0.491441 
6.4 -12.921 1.15194 2 4 8 10 10 10 11 13 18 20 23 28 34 40 46 46 46 40 34 28 23 20 18 14 11 10 10 10 8 4 2 -0.491014 -0.373372 -0.406119 -0.393931 -0.395789 -0.395087 -0.396417 -0.399895 -0.407446 -0.419094 -0.429798 -0.435941 -0.433895 -0.431364 -0.433267 -0.436125 -0.433267 -0.431364 -0.433895 -0.435941 -0.429797 -0.419094 -0.407446 -0.399895 -0.396417 -0.395087 -0.395789 -0.393931 -0.406119 -0.373372 -0.491014 
6.5 -12.9248 1.16803 2 4 8 10 10 10 12 15 18 21 25 30 35 42 47 49 47 43 35 30 26 21 18 15 12 10 10 10 8 4 2 -0.490292 -0.372654 -0.405262 -0.393722 -0.395621 -0.395163 -0.396738 -0.400675 -0.408757 -0.420625 -0.430711 -0.435872 -0.433563 -0.431238 -0.43337 -0.436292 -0.433371 -0.431238 -0.433563 -0.435873 -0.43071 -0.420626 -0.408757 -0.400675 -0.396738 -0.395163 -0.395621 -0.393722 -0.405262 -0.372654 -0.490292 
6.6 -12.9285 1.184 2 4 8 10 10 10 13 16 19 22 27 31 37 44 50 50 50 44 37 31 27 22 19 16 13 10 10 10 8 4 2 -0.489226 -0.37224 -0.404276 -0.393584 -0.395483 -0.395278 -0.39711 -0.401524 -0.410117 -0.422113 -0.431506 -0.435716 -0.433244 -0.431178 -0.433478 -0.436402 -0.433478 -0.431177 -0.433244 -0.435717 -0.431505 -0.422113 -0.410117 -0.401524 -0.39711 -0.395278 -0.395483 -0.393584 -0.404276 -0.37224 -0.489226 
6.7 -12.9325 1.19985 2 4 8 10 10 11 13 16 19 23 28 33 39 46 51 52 51 46 39 33 28 23 19 16 13 11 10 10 8 4 2 -0.487865 -0.372125 -0.403315 -0.393483 -0.395376 -0.39543 -0.397533 -0.402443 -0.411516 -0.423543 -0.432182 -0.435485 -0.432944 -0.431179 -0.433587 -0.436455 -0.433588 -0.431179 -0.432943 -0.435486 -0.432181 -0.423543 -0.411516 -0.402443 -0.397533 -0.39543 -0.395376 -0.393483 -0.403315 -0.372125 -0.487865 
6.8 -12.9366 1.21556 2 4 8 10 10 11 13 18 20 24 29 34 41 48 53 55 53 48 41 34 29 24 20 18 13 11 10 10 8 4 2 -0.486317 -0.37216 -0.402463 -0.393409 -0.395297 -0.395617 -0.398009 -0.403431 -0.412945 -0.424902 -0.43274 -0.435193 -0.432668 -0.431238 -0.433696 -0.436453 -0.433697 -0.431238 -0.432667 -0.435194 -0.432739 -0.424903 -0.412944 -0.403431 -0.398009 -0.395618 -0.395297 -0.393409 -0.402463 -0.37216 -0.486317 
6.9 -12.9408 1.23116 2 4 8 10 10 12 15 18 21 25 30 35 43 50 55 57 55 50 43 36 30 25 21 18 15 12 10 10 8 4 2 -0.484668 -0.37217 -0.401711 -0.393365 -0.395247 -0.39584 -0.398541 -0.404487 -0.414392 -0.426181 -0.433184 -0.434853 -0.432422 -0.431348 -0.433803 -0.436401 -0.433803 -0.431348 -0.43242 -0.434855 -0.433182 -0.426181 -0.414391 -0.404487 -0.398541 -0.39584 -0.395247 -0.393365 -0.401711 -0.37217 -0.484668 
7 -12.945 1.24666 2 4 8 10 10 13 16 19 22 27 32 38 46 52 57 60 57 52 46 38 33 27 22 19 16 13 10 10 8 4 2 -0.48295 -0.37215 -0.401012 -0.393354 -0.395223 -0.396098 -0.399133 -0.405606 -0.415845 -0.427368 -0.433518 -0.43448 -0.432207 -0.431503 -0.433905 -0.436303 -0.433905 -0.431503 -0.432205 -0.434483 -0.433516 -0.427368 -0.415845 -0.405607 -0.399132 -0.396098 -0.395223 -0.393354 -0.401012 -0.37215 -0.48295 
7.1 -12.9492 1.26207 2 4 8 10 11 13 16 19 23 28 34 40 46 54 60 62 60 54 46 40 34 28 23 19 16 13 11 10 8 4 2 -0.481125 -0.372216 -0.400328 -0.393378 -0.395224 -0.396391 -0.399785 -0.406787 -0.417294 -0.428455 -0.433749 -0.434086 -0.432027 -0.431697 -0.434 -0.436165 -0.434001 -0.431698 -0.432025 -0.434089 -0.433747 -0.428455 -0.417294 -0.406787 -0.399785 -0.396391 -0.395224 -0.393378 -0.400328 -0.372216 -0.481124 
7.2 -12.9532 1.2774 2 4 8 10 11 14 18 20 24 29 34 41 50 56 63 65 63 57 50 43 34 30 24 20 18 14 11 10 8 4 2 -0.47899 -0.372427 -0.399645 -0.393435 -0.395248 -0.396721 -0.4005 -0.408022 -0.418724 -0.429436 -0.433886 -0.433682 -0.431882 -0.431924 -0.434088 -0.435993 -0.434088 -0.431924 -0.43188 -0.433685 -0.433884 -0.429436 -0.418724 -0.408022 -0.4005 -0.396721 -0.395248 -0.393435 -0.399645 -0.372427 -0.47899 
7.3 -12.9562 1.29267 2 4 8 10 12 14 18 21 25 30 36 44 51 59 65 68 65 59 51 44 37 30 25 21 18 14 12 10 8 4 2 -0.47626 -0.372746 -0.398956 -0.393524 -0.395296 -0.397089 -0.40128 -0.409306 -0.420125 -0.430306 -0.433938 -0.433279 -0.431773 -0.432174 -0.434166 -0.435793 -0.434166 -0.432175 -0.43177 -0.433282 -0.433936 -0.430307 -0.420125 -0.409306 -0.40128 -0.397089 -0.395296 -0.393524 -0.398956 -0.372746 -0.47626 
7.4 -12.958 1.30789 2 4 8 11 12 16 19 22 27 33 38 46 53 62 68 71 68 62 54 46 38 33 27 21 19 16 12 11 8 4 2 -0.47289 -0.373104 -0.398256 -0.39364 -0.395367 -0.397497 -0.402125 -0.41063 -0.421483 -0.431064 -0.433913 -0.432887 -0.4317 -0.432443 -0.434233 -0.435572 -0.434233 -0.432444 -0.431697 -0.432891 -0.433911 -0.431064 -0.421483 -0.41063 -0.402125 -0.397497 -0.395367 -0.39364 -0.398256 -0.373104 -0.47289 
7.5 -12.9589 1.32306 2 4 8 11 14 17 19 23 28 34 40 47 55 64 72 74 72 64 55 49 40 34 28 23 19 17 14 11 8 4 2 -0.469096 -0.373452 -0.397539 -0.393778 -0.395464 -0.39795 -0.403035 -0.411986 -0.422788 -0.431707 -0.433823 -0.432514 -0.431662 -0.432723 -0.434289 -0.435337 -0.434289 -0.432724 -0.431658 -0.432518 -0.433821 -0.431707 -0.422788 -0.411986 -0.403035 -0.39795 -0.395464 -0.393778 -0.39754 -0.373452 -0.469096 
7.6 -12.9594 1.33819 2 4 8 12 14 17 20 23 29 35 42 50 57 67 74 78 74 67 57 50 43 35 30 24 20 17 14 12 8 4 2 -0.465109 -0.373778 -0.396798 -0.39393 -0.395587 -0.398448 -0.404008 -0.413363 -0.424029 -0.432238 -0.433678 -0.432168 -0.431656 -0.433007 -0.434332 -0.435095 -0.434332 -0.433008 -0.431653 -0.432172 -0.433676 -0.432237 -0.424029 -0.413363 -0.404008 -0.398448 -0.395587 -0.39393 -0.396798 -0.373779 -0.465109 
7.7 -12.9595 1.35329 2 4 8 13 15 18 21 25 30 36 45 51 60 69 79 82 79 69 60 52 45 36 30 25 21 18 15 13 8 4 2 -0.461069 -0.374094 -0.396024 -0.394089 -0.39574 -0.398996 -0.405042 -0.414751 -0.425196 -0.432659 -0.433488 -0.431854 -0.431683 -0.433288 -0.434363 -0.434851 -0.434363 -0.43329 -0.431679 -0.431858 -0.433486 -0.432659 -0.425196 -0.414752 -0.405042 -0.398996 -0.39574 -0.394089 -0.396024 -0.374094 -0.461069 
7.8 -12.9596 1.36838 2 4 8 13 16 18 22 27 33 38 46 54 62 73 81 84 81 73 62 54 46 38 33 27 22 18 16 13 8 4 2 -0.457044 -0.374415 -0.395212 -0.394249 -0.395926 -0.399596 -0.406133 -0.41614 -0.426282 -0.432976 -0.433263 -0.431577 -0.431738 -0.433562 -0.434382 -0.434612 -0.434382 -0.433563 -0.431734 -0.431581 -0.433262 -0.432975 -0.426282 -0.41614 -0.406133 -0.399595 -0.395926 -0.394249 -0.395212 -0.374415 -0.457044 
7.9 -12.9596 1.38346 2 4 8 13 17 19 23 28 34 41 49 56 65 75 84 88 84 76 65 56 49 41 34 28 23 19 17 13 8 4 2 -0.45306 -0.374756 -0.394359 -0.394401 -0.396148 -0.400249 -0.407275 -0.417516 -0.427279 -0.433194 -0.433014 -0.431341 -0.431819 -0.433821 -0.43439 -0.434382 -0.434389 -0.433823 -0.431815 -0.431345 -0.433013 -0.433193 -0.427279 -0.417517 -0.407275 -0.400248 -0.396148 -0.394401 -0.394359 -0.374756 -0.45306 
8 -12.9596 1.39856 2 4 8 14 18 20 24 30 35 42 50 58 68 80 88 93 88 80 69 59 50 43 35 30 24 20 17 14 8 4 2 -0.449131 -0.375131 -0.393465 -0.394539 -0.396409 -0.400956 -0.408463 -0.41887 -0.428182 -0.433321 -0.432749 -0.431147 -0.431923 -0.434062 -0.434387 -0.434167 -0.434385 -0.434065 -0.431919 -0.431151 -0.432748 -0.43332 -0.428182 -0.41887 -0.408463 -0.400956 -0.396409 -0.394539 -0.393465 -0.375131 -0.449131 
8.1 -12.9596 1.41369 2 4 8 14 19 20 25 30 37 45 52 61 71 83 92 96 92 83 71 61 53 45 37 31 25 20 19 14 8 4 2 -0.445261 -0.375546 -0.392532 -0.394656 -0.396712 -0.40172 -0.409688 -0.420189 -0.428989 -0.433366 -0.432478 -0.430998 -0.432047 -0.434281 -0.434373 -0.433969 -0.434372 -0.434283 -0.432044 -0.431001 -0.432477 -0.433365 -0.428988 -0.420189 -0.409689 -0.401719 -0.396712 -0.394656 -0.392532 -0.375546 -0.445261 
8.2 -12.9596 1.42886 2 4 8 15 19 21 27 33 38 46 55 63 75 85 96 101 96 85 75 64 56 46 38 33 27 21 19 15 8 4 2 -0.441456 -0.376004 -0.391568 -0.394749 -0.397058 -0.402538 -0.410944 -0.421462 -0.429695 -0.433337 -0.432207 -0.430893 -0.432187 -0.434473 -0.434352 -0.433793 -0.43435 -0.434476 -0.432184 -0.430896 -0.432207 -0.433336 -0.429695 -0.421463 -0.410945 -0.402538 -0.397059 -0.394749 -0.391568 -0.376004 -0.441456 
8.3 -12.9596 1.44407 2 4 8 16 20 22 27 34 41 49 57 66 77 90 101 104 102 90 77 67 57 49 41 34 27 22 20 16 8 4 2 -0.437723 -0.376499 -0.390581 -0.394814 -0.39745 -0.40341 -0.412221 -0.42268 -0.430302 -0.433244 -0.431945 -0.430832 -0.432341 -0.434637 -0.434323 -0.43364 -0.434321 -0.434639 -0.432338 -0.430835 -0.431944 -0.433244 -0.430301 -0.422681 -0.412221 -0.40341 -0.39745 -0.394814 -0.390581 -0.376499 -0.437723 
8.4 -12.9596 1.45934 2 4 8 16 21 24 29 35 43 50 59 69 81 94 104 111 105 94 81 70 60 51 43 35 29 24 21 16 8 4 2 -0.43407 -0.377023 -0.389584 -0.394847 -0.397888 -0.404334 -0.413509 -0.423833 -0.430811 -0.433098 -0.431696 -0.430813 -0.432503 -0.43477 -0.434289 -0.433511 -0.434286 -0.434773 -0.4325 -0.430815 -0.431695 -0.433098 -0.430809 -0.423834 -0.413509 -0.404333 -0.397888 -0.394847 -0.389584 -0.377023 -0.43407 
8.5 -12.9596 1.47466 2 4 8 16 21 25 30 38 45 53 62 73 84 97 110 115 110 98 84 74 62 53 45 38 30 25 21 16 8 4 2 -0.430506 -0.377562 -0.388592 -0.394849 -0.398369 -0.405305 -0.414797 -0.424913 -0.431223 -0.432907 -0.431466 -0.430834 -0.432671 -0.434872 -0.43425 -0.433409 -0.434248 -0.434875 -0.432668 -0.430836 -0.431464 -0.432908 -0.431221 -0.424914 -0.414798 -0.405304 -0.398369 -0.394849 -0.388592 -0.377562 -0.430506 
8.6 -12.9596 1.49002 2 4 8 16 22 28 32 39 47 56 66 75 88 104 115 119 115 104 88 75 66 56 47 39 33 28 22 16 8 4 2 -0.427043 -0.3781 -0.387621 -0.39482 -0.398894 -0.406319 -0.416076 -0.425912 -0.431544 -0.432683 -0.431259 -0.430893 -0.43284 -0.434943 -0.434209 -0.433333 -0.434206 -0.434946 -0.432838 -0.430895 -0.431257 -0.432685 -0.431541 -0.425913 -0.416077 -0.406318 -0.398894 -0.39482 -0.387621 -0.3781 -0.427043 
8.7 -12.9596 1.50543 2 4 8 16 23 28 33 41 49 58 68 79 92 106 120 125 120 106 92 79 68 58 49 41 33 28 23 16 8 4 2 -0.423691 -0.378618 -0.386688 -0.394764 -0.399458 -0.40737 -0.417335 -0.426825 -0.431777 -0.432434 -0.431078 -0.430985 -0.433008 -0.434983 -0.434167 -0.433282 -0.434164 -0.434985 -0.433006 -0.430988 -0.431076 -0.432437 -0.431774 -0.426826 -0.417336 -0.407369 -0.399458 -0.394764 -0.386688 -0.378618 -0.423691 
8.8 -12.9596 1.52088 2 4 8 16 24 30 35 43 51 60 70 83 95 111 125 129 125 112 97 83 71 60 51 43 35 30 24 16 8 4 2 -0.420464 -0.379096 -0.385808 -0.394684 -0.400058 -0.408452 -0.418562 -0.427646 -0.43193 -0.43217 -0.430926 -0.431109 -0.433171 -0.434994 -0.434124 -0.433256 -0.434122 -0.434996 -0.43317 -0.431111 -0.430923 -0.432174 -0.431926 -0.427647 -0.418564 -0.408451 -0.400058 -0.394684 -0.385808 -0.379096 -0.420465 
8.9 -12.9596 1.53635 2 4 8 16 25 31 37 45 54 62 74 86 100 116 130 135 131 116 101 86 74 62 54 45 37 31 25 16 8 4 2 -0.417375 -0.379514 -0.384997 -0.394586 -0.400689 -0.409555 -0.419749 -0.428373 -0.43201 -0.431898 -0.430804 -0.431258 -0.433326 -0.434977 -0.434083 -0.433253 -0.434081 -0.434979 -0.433325 -0.43126 -0.430801 -0.431903 -0.432005 -0.428374 -0.41975 -0.409554 -0.40069 -0.394586 -0.384997 -0.379514 -0.417375 
9 -12.9596 1.55185 2 4 8 16 26 34 38 47 56 66 77 90 105 122 135 140 135 122 106 91 78 66 56 47 39 34 26 16 8 4 2 -0.414434 -0.379854 -0.384269 -0.394478 -0.401347 -0.410672 -0.420884 -0.429005 -0.432023 -0.431627 -0.430714 -0.43143 -0.433471 -0.434935 -0.434044 -0.433271 -0.434042 -0.434937 -0.43347 -0.431432 -0.430711 -0.431632 -0.432018 -0.429005 -0.420886 -0.41067 -0.401347 -0.394478 -0.384269 -0.379853 -0.414434 
9.1 -12.9596 1.56738 2 4 8 16 27 34 41 49 59 69 82 94 110 126 140 146 141 126 110 94 82 69 59 49 42 34 27 16 8 4 2 -0.411653 -0.380098 -0.383634 -0.394369 -0.402025 -0.411792 -0.421959 -0.42954 -0.431978 -0.431363 -0.430655 -0.431619 -0.433603 -0.434872 -0.434009 -0.43331 -0.434006 -0.434873 -0.433602 -0.431621 -0.430651 -0.431369 -0.431973 -0.429541 -0.421961 -0.41179 -0.402025 -0.394368 -0.383635 -0.380098 -0.411653 
