time en0(t) en-en0(t) SvN localEn0 localEn-localEn0 sxsx0 sxsx
0 -139.231 0 0.0125308 -2.61028 -2.61028 -2.61028 -1.75426 -1.75426 -1.75426 -2.61028 -2.61028 -2.61028 3.95747e-321 6.95172e-310 0 0 0 0 0 0 0 0 0 0 0 0.00294764 0.000723824 0.000723823 0.0440575 0.00638909 0.00638909 1 0.0468974 0.0468974 0.0438947 0.00631975 0.00631976 0.00294764 0.000723824 0.000723823 0.0440575 0.00638909 0.00638909 1 0.0468974 0.0468974 0.0438947 0.00631975 0.00631976 
0.1 -138.953 2.3319e-06 0.0126031 -2.61048 -2.61048 -2.61048 -1.75448 -1.75448 -1.75448 -2.61048 -2.61048 -2.61048 3.21143e-322 6.95172e-310 -5.4583e-05 -5.45838e-05 -5.4583e-05 -6.11448e-05 -6.11591e-05 -6.11432e-05 -5.45804e-05 -5.45832e-05 -5.45803e-05 2.21341e-321 -6.95002e-310 0.00296128 0.000728929 0.000728928 0.0441746 0.00642422 0.00642422 1 0.0470287 0.0470287 0.043986 0.00634698 0.00634698 0.00298344 0.000738673 0.000738374 0.0441987 0.00648193 0.00648197 1 0.0470755 0.0470755 0.0440033 0.00639178 0.00639178 
0.2 -138.616 4.18411e-06 0.0127082 -2.61072 -2.61072 -2.61072 -1.75474 -1.75474 -1.75474 -2.61072 -2.61072 -2.61072 4.79244e-322 6.9533e-310 -0.000177503 -0.000177533 -0.000177508 -0.000187186 -0.000187246 -0.000187186 -0.000177508 -0.000177536 -0.000177501 -2.37152e-322 -1.58075e-313 0.00297798 0.000735193 0.000735192 0.0443174 0.00646724 0.00646724 1 0.047189 0.047189 0.0440974 0.00638028 0.00638028 0.00299968 0.000719169 0.000719249 0.0444099 0.00651014 0.00651025 1 0.047314 0.047314 0.0441701 0.00641623 0.00641623 
0.3 -138.206 3.16367e-06 0.0127998 -2.61101 -2.61101 -2.61101 -1.75506 -1.75506 -1.75506 -2.61101 -2.61101 -2.61101 2.42092e-322 -0.999239 -0.000148549 -0.000148555 -0.000148541 -0.00016355 -0.000163544 -0.00016355 -0.000148548 -0.000148557 -0.000148554 7.90505e-323 0.999239 0.00299843 0.000742885 0.000742884 0.0444918 0.00651994 0.00651994 1 0.0473847 0.0473847 0.0442333 0.00642105 0.00642105 0.00300477 0.000741516 0.000741708 0.0445947 0.00649087 0.00649078 1 0.0474715 0.0474714 0.0443138 0.00639406 0.00639411 
0.4 -137.711 4.40825e-06 0.0129242 -2.61136 -2.61136 -2.61136 -1.75544 -1.75544 -1.75544 -2.61136 -2.61136 -2.61136 2.42092e-322 6.93828e-310 -0.000203108 -0.000203052 -0.00020309 -0.000230958 -0.00023086 -0.000230957 -0.000203092 -0.000203053 -0.000203115 2.60867e-321 1.34363e-312 0.00302346 0.000752343 0.000752342 0.0447045 0.00658455 0.00658455 1 0.0476236 0.0476236 0.044399 0.00647096 0.00647096 0.00302752 0.000801481 0.000801067 0.044837 0.00664742 0.00664725 1 0.0477595 0.0477596 0.0445044 0.00651721 0.00651722 
0.5 -137.111 4.85604e-06 0.013038 -2.6118 -2.6118 -2.6118 -1.75592 -1.75592 -1.75592 -2.6118 -2.6118 -2.6118 4.79244e-322 6.95172e-310 -0.000200342 -0.00020037 -0.000200365 -0.000210155 -0.000210212 -0.000210159 -0.000200356 -0.00020036 -0.000200344 3.16202e-322 -6.95172e-310 0.00305415 0.000763989 0.000763988 0.044964 0.00666381 0.00666382 1 0.0479152 0.0479152 0.0446011 0.00653211 0.00653211 0.00304057 0.000742751 0.000742532 0.0450622 0.0067287 0.00672904 1 0.0480617 0.0480617 0.0446769 0.00659444 0.00659438 
0.6 -136.388 9.11414e-06 0.0132277 -2.61233 -2.61233 -2.61233 -1.7565 -1.7565 -1.7565 -2.61233 -2.61233 -2.61233 1.63042e-322 6.95172e-310 -0.000234778 -0.000234857 -0.000234833 -0.000271505 -0.000271594 -0.000271485 -0.000234834 -0.000234875 -0.000234756 5.53354e-322 1.58075e-313 0.00309178 0.000778355 0.000778354 0.0452806 0.00676115 0.00676115 1 0.0482709 0.0482709 0.0448475 0.00660707 0.00660708 0.00317179 0.00076718 0.000768207 0.0454304 0.00681035 0.00681054 1 0.0484356 0.0484355 0.0449466 0.00663687 0.00663676 
0.7 -135.517 1.5351e-05 0.0134644 -2.61297 -2.61297 -2.61297 -1.7572 -1.7572 -1.7572 -2.61297 -2.61297 -2.61297 2.42092e-322 6.95172e-310 -0.000389273 -0.000389188 -0.000389234 -0.000418001 -0.000417802 -0.000418024 -0.000389232 -0.000389189 -0.000389299 7.90505e-323 1.58072e-313 0.00313797 0.000796111 0.00079611 0.0456665 0.00688082 0.00688082 1 0.048705 0.048705 0.0451477 0.00669905 0.00669905 0.00319743 0.000826134 0.000825897 0.0458918 0.00696251 0.00696156 1 0.0489685 0.0489684 0.0453387 0.00675973 0.00675996 
0.8 -134.473 1.563e-05 0.0137079 -2.61376 -2.61376 -2.61376 -1.75806 -1.75806 -1.75806 -2.61376 -2.61376 -2.61376 2.42092e-322 6.95172e-310 -0.000413085 -0.000412961 -0.000412985 -0.00043181 -0.000431719 -0.000431842 -0.000412994 -0.000412928 -0.000413133 -7.90505e-323 6.66989e-320 0.00319472 0.000818114 0.000818113 0.0461368 0.00702813 0.00702813 1 0.0492345 0.0492345 0.0455133 0.00681199 0.006812 0.00313434 0.000818138 0.000816192 0.046369 0.00708946 0.00708966 1 0.049508 0.0495082 0.0457073 0.00686692 0.00686706 
0.9 -133.225 2.34615e-05 0.0140665 -2.61471 -2.61471 -2.61471 -1.7591 -1.7591 -1.7591 -2.61471 -2.61471 -2.61471 2.42092e-322 6.9533e-310 -0.000484242 -0.000484459 -0.000484361 -0.000578164 -0.000578576 -0.000578113 -0.000484368 -0.0004845 -0.000484173 5.53354e-322 -6.9533e-310 0.00326454 0.00084546 0.000845459 0.0467097 0.00720977 0.00720977 1 0.0498801 0.0498801 0.0459583 0.00695085 0.00695086 0.00333373 0.00089269 0.000893455 0.0470475 0.00734011 0.00734188 1 0.0502147 0.0502147 0.0461798 0.00703969 0.00703904 
1 -131.74 3.36355e-05 0.0144337 -2.61588 -2.61588 -2.61588 -1.76037 -1.76037 -1.76037 -2.61588 -2.61588 -2.61588 4.27367e-321 1.69758e-313 -0.000617369 -0.000617553 -0.000617513 -0.000658552 -0.000658629 -0.000658672 -0.000617419 -0.000617558 -0.000617416 1.18576e-321 6.9516e-310 0.00335057 0.000879568 0.000879567 0.0474073 0.00743416 0.00743416 1 0.0506671 0.0506671 0.0464996 0.0071218 0.00712181 0.0034492 0.000860645 0.000862518 0.0477449 0.00754819 0.00754668 1 0.0511041 0.0511038 0.0467778 0.00723053 0.00723078 
1.1 -129.982 4.79901e-05 0.0149436 -2.61729 -2.61729 -2.61729 -1.76191 -1.76191 -1.76191 -2.61729 -2.61729 -2.61729 4.79244e-322 6.9533e-310 -0.000757864 -0.000757266 -0.000757485 -0.000819638 -0.000818654 -0.000819328 -0.000757671 -0.000757239 -0.00075777 2.21341e-321 -1.58076e-313 0.00345676 0.000922288 0.000922287 0.0482561 0.00771197 0.00771197 1 0.051626 0.051626 0.0471574 0.0073326 0.0073326 0.00349745 0.000938402 0.000936617 0.0487006 0.00788891 0.00788744 1 0.0521465 0.052147 0.0475091 0.00744747 0.00744819 
1.2 -127.915 6.64721e-05 0.0155867 -2.619 -2.619 -2.619 -1.76378 -1.76378 -1.76378 -2.619 -2.619 -2.619 7.95446e-322 0 -0.000928327 -0.000928421 -0.000928587 -0.00103522 -0.00103583 -0.0010357 -0.000928421 -0.000928454 -0.000928458 7.90505e-323 6.9533e-310 0.0035881 0.000976061 0.000976059 0.049288 0.00805681 0.00805681 1 0.0527938 0.0527938 0.0479561 0.00759301 0.00759301 0.00364002 0.00105466 0.00105386 0.0498856 0.00825293 0.00825598 1 0.0534162 0.0534163 0.0484001 0.00774346 0.00774224 
1.3 -125.5 8.81241e-05 0.0163158 -2.62107 -2.62107 -2.62107 -1.76604 -1.76604 -1.76604 -2.62107 -2.62107 -2.62107 4.00193e-322 6.93828e-310 -0.00112239 -0.00112342 -0.0011227 -0.00123865 -0.00123995 -0.00123885 -0.00112242 -0.00112332 -0.00112269 0 -3.40484e-311 0.00375097 0.00104414 0.00104413 0.0505413 0.00848611 0.00848611 1 0.0542151 0.0542151 0.0489248 0.00791543 0.00791544 0.00384629 0.00103871 0.00104071 0.0512079 0.00869595 0.00869471 1 0.0550181 0.0550175 0.0494384 0.00809785 0.00809746 
1.4 -122.704 0.000119495 0.017266 -2.62358 -2.62358 -2.62358 -1.76878 -1.76878 -1.76878 -2.62358 -2.62358 -2.62358 8.74496e-322 6.95172e-310 -0.0013532 -0.00135164 -0.00135214 -0.00147562 -0.00147249 -0.00147381 -0.0013532 -0.00135176 -0.00135219 1.81816e-321 -6.00008e-319 0.00395352 0.00113089 0.00113089 0.0520619 0.00902236 0.00902236 1 0.0559437 0.0559437 0.0500982 0.00831567 0.00831567 0.00411735 0.00119241 0.0011911 0.0528879 0.00937938 0.00937797 1 0.0568759 0.0568765 0.0507304 0.00854885 0.00855051 
1.5 -119.497 0.000168194 0.018426 -2.62662 -2.62662 -2.62662 -1.77208 -1.77208 -1.77208 -2.62662 -2.62662 -2.62662 2.42092e-322 6.93828e-310 -0.00165207 -0.00165293 -0.0016536 -0.00179025 -0.00179332 -0.00179351 -0.00165209 -0.00165293 -0.00165354 0 0 0.00420628 0.0012423 0.0012423 0.0539044 0.00969474 0.00969474 1 0.0580442 0.0580442 0.0515175 0.00881395 0.00881396 0.00428568 0.00130269 0.0013041 0.0549032 0.0100259 0.0100281 1 0.0591951 0.0591947 0.0522974 0.00909239 0.00909097 
1.6 -115.859 0.000227717 0.0199116 -2.63027 -2.63027 -2.63027 -1.77606 -1.77606 -1.77606 -2.63027 -2.63027 -2.63027 7.95446e-322 0 -0.0020048 -0.00200538 -0.0020034 -0.00222902 -0.0022279 -0.00222538 -0.00200457 -0.00200516 -0.00200363 7.90505e-323 6.9533e-310 0.00452291 0.0013866 0.00138659 0.0561337 0.0105413 0.0105413 1 0.0605939 0.0605939 0.0532318 0.0094364 0.00943641 0.00473524 0.00147487 0.0014734 0.0574015 0.0110293 0.0110277 1 0.0620177 0.0620177 0.0541753 0.00977811 0.00977826 
1.7 -111.783 0.000293241 0.0216449 -2.63466 -2.63466 -2.63466 -1.78083 -1.78083 -1.78083 -2.63466 -2.63466 -2.63466 4.79244e-322 6.9533e-310 -0.00237007 -0.00236858 -0.0023711 -0.00250528 -0.00250416 -0.00250834 -0.00237081 -0.00236875 -0.00237049 -7.90505e-323 -1.58074e-313 0.00492133 0.00157529 0.00157529 0.0588262 0.0116118 0.0116118 1 0.0636853 0.0636853 0.0552986 0.0102168 0.0102169 0.00513458 0.00165778 0.00165907 0.0602283 0.0122054 0.0122064 1 0.0653462 0.0653463 0.056417 0.0106605 0.0106616 
1.8 -107.277 0.000423254 0.0239773 -2.63992 -2.63992 -2.63992 -1.78654 -1.78654 -1.78654 -2.63992 -2.63992 -2.63992 3.21143e-322 7.95379e+151 -0.00285577 -0.00285733 -0.00285507 -0.00314792 -0.0031503 -0.00314555 -0.00285441 -0.00285743 -0.00285607 -7.90505e-323 -7.95379e+151 0.00542527 0.0018246 0.00182459 0.062072 0.0129721 0.0129721 1 0.0674281 0.0674281 0.0577859 0.0111995 0.0111995 0.00569383 0.00198272 0.00198104 0.0638987 0.013685 0.0136842 1 0.0694831 0.0694831 0.059149 0.0117282 0.0117268 
1.9 -102.373 0.00055324 0.0267157 -2.6462 -2.6462 -2.6462 -1.79334 -1.79334 -1.79334 -2.6462 -2.6462 -2.6462 4.00193e-322 6.93828e-310 -0.00340426 -0.00340276 -0.00340457 -0.00358541 -0.0035827 -0.00358737 -0.00340601 -0.00340242 -0.00340326 7.90505e-323 1.5017e-312 0.0060662 0.00215774 0.00215773 0.0659767 0.0147085 0.0147085 1 0.0719523 0.0719523 0.0607735 0.0124421 0.0124421 0.00641604 0.00231508 0.00231655 0.068034 0.0156811 0.0156822 1 0.074391 0.0743907 0.0624041 0.0131282 0.0131293 
2 -97.1192 0.000761198 0.0302686 -2.65367 -2.65367 -2.65367 -1.80142 -1.80142 -1.80142 -2.65367 -2.65367 -2.65367 7.95446e-322 0 -0.00393669 -0.00393793 -0.00393643 -0.00422365 -0.00422544 -0.00422131 -0.00393464 -0.00393856 -0.00393802 -6.32404e-322 0 0.00688665 0.00260808 0.00260807 0.0706637 0.0169356 0.0169356 1 0.0774113 0.0774113 0.064355 0.0140207 0.0140208 0.00732206 0.00285059 0.00285065 0.0731682 0.018027 0.0180262 1 0.0802811 0.0802819 0.0662627 0.0148508 0.0148503 
2.1 -91.5887 0.00107464 0.0346403 -2.66252 -2.66252 -2.66252 -1.81095 -1.81095 -1.81095 -2.66252 -2.66252 -2.66252 4.79244e-322 6.9533e-310 -0.00470435 -0.00470291 -0.00470447 -0.00488867 -0.00488823 -0.00489125 -0.00470649 -0.0047021 -0.00470266 -3.16202e-322 -6.92614e-310 0.00794418 0.00322417 0.00322417 0.0762771 0.0198043 0.0198043 1 0.0839849 0.0839849 0.0686399 0.0160358 0.0160358 0.00847605 0.00351938 0.00351908 0.0791827 0.0213277 0.0213271 1 0.087444 0.0874423 0.0709488 0.0171025 0.0171024 
2.2 -85.8715 0.00146253 0.0401826 -2.67295 -2.67295 -2.67295 -1.82214 -1.82214 -1.82214 -2.67295 -2.67295 -2.67295 4.00193e-322 6.93828e-310 -0.00533596 -0.00533733 -0.00533549 -0.00559897 -0.00559773 -0.00559656 -0.00533376 -0.00533841 -0.00533732 1.66006e-321 1.34363e-312 0.00931796 0.00407694 0.004077 0.0829856 0.0235134 0.0235134 1 0.0918831 0.0918831 0.0737572 0.0186199 0.0186199 0.0100205 0.00449832 0.00449919 0.0864275 0.0252788 0.0252816 1 0.0958956 0.0958984 0.0764154 0.0199361 0.0199363 
2.3 -80.0714 0.00207723 0.046973 -2.68518 -2.68518 -2.68518 -1.8352 -1.8352 -1.8352 -2.68518 -2.68518 -2.68518 3.21143e-322 6.9533e-310 -0.00612798 -0.00612737 -0.00612935 -0.00612811 -0.00613032 -0.00612927 -0.00613018 -0.00612615 -0.00612799 4.74303e-322 -6.9533e-310 0.0111173 0.0052707 0.00527077 0.0909883 0.028323 0.028323 1 0.101351 0.101351 0.0798586 0.0219478 0.0219477 0.0119523 0.00577078 0.00577091 0.0948315 0.0305032 0.0304994 1 0.105946 0.105943 0.082987 0.0235585 0.0235586 
2.4 -74.2989 0.00300504 0.0556332 -2.69942 -2.69942 -2.69942 -1.85034 -1.85034 -1.85034 -2.69942 -2.69942 -2.69942 3.21143e-322 7.95379e+151 -0.00689438 -0.00689276 -0.0068916 -0.00686236 -0.00686048 -0.00686263 -0.00689285 -0.00689365 -0.00689163 9.32796e-321 -7.95379e+151 0.0134954 0.00695865 0.00695874 0.100523 0.0345711 0.0345711 1 0.112672 0.112672 0.0871245 0.0262496 0.0262495 0.0144972 0.00762023 0.00761635 0.104973 0.0372208 0.0372217 1 0.118018 0.118019 0.0907296 0.0282544 0.0282534 
2.5 -68.6635 0.00430206 0.0663605 -2.7159 -2.7159 -2.7159 -1.8678 -1.8678 -1.8678 -2.7159 -2.7159 -2.7159 1.14673e-320 0.971581 -0.00756589 -0.00757098 -0.0075697 -0.00731999 -0.00732087 -0.00731982 -0.00756582 -0.00757077 -0.00757131 -1.13042e-320 -0.971581 0.0166685 0.0093658 0.00936591 0.111876 0.0426926 0.0426925 1 0.126177 0.126177 0.0957719 0.0318267 0.0318267 0.0179721 0.0102099 0.0102198 0.116833 0.0458085 0.0458117 1 0.132161 0.132162 0.0998552 0.0342475 0.0342496 
2.6 -63.266 0.00625813 0.0795719 -2.73484 -2.73484 -2.73484 -1.88778 -1.88778 -1.88778 -2.73484 -2.73484 -2.73484 2.42092e-322 6.93828e-310 -0.00816099 -0.00815543 -0.00815902 -0.00738701 -0.00738736 -0.00738653 -0.00816269 -0.00815507 -0.00815723 7.90505e-323 1.50171e-312 0.0209433 0.0128208 0.012821 0.125404 0.0532388 0.0532387 1 0.142248 0.142248 0.106066 0.0390707 0.0390707 0.0223442 0.0137936 0.0137821 0.130686 0.0567078 0.0567075 1 0.148716 0.148715 0.110683 0.041874 0.0418723 
2.7 -58.1924 0.00920324 0.0959161 -2.75644 -2.75644 -2.75644 -1.91051 -1.91051 -1.91051 -2.75644 -2.75644 -2.75644 2.42092e-322 6.93828e-310 -0.00836962 -0.00836851 -0.00836715 -0.00709566 -0.00709386 -0.00709585 -0.0083683 -0.0083693 -0.00836715 4.74303e-322 -7.36158e-317 0.0267564 0.0177989 0.0177989 0.141549 0.0668973 0.0668973 1 0.161323 0.161323 0.118334 0.0484847 0.0484847 0.0282051 0.0187347 0.0187394 0.146954 0.0704216 0.0704133 1 0.168156 0.168156 0.123285 0.0516616 0.0516608 
2.8 -53.5092 0.0136513 0.115963 -2.78087 -2.78087 -2.78087 -1.93619 -1.93619 -1.93619 -2.78087 -2.78087 -2.78087 2.42092e-322 6.95172e-310 -0.00823887 -0.00824671 -0.00824237 -0.00612391 -0.00612462 -0.00612294 -0.00823824 -0.00824558 -0.00824334 1.02766e-321 -1.57279e-318 0.0347259 0.0249749 0.0249749 0.160865 0.084505 0.084505 1 0.183906 0.183906 0.13299 0.0607047 0.0607047 0.0360019 0.025648 0.0256539 0.165963 0.0876786 0.087684 1 0.190767 0.190765 0.138154 0.0640276 0.0640299 
2.9 -49.2615 0.0201811 0.140344 -2.80826 -2.80826 -2.80826 -1.96503 -1.96503 -1.96503 -2.80826 -2.80826 -2.80826 2.45551e-321 6.95172e-310 -0.00749255 -0.00749072 -0.00749384 -0.00416824 -0.00417131 -0.00416957 -0.00749277 -0.00749099 -0.00749433 -2.05531e-321 1.14339e-318 0.04571 0.0352832 0.0352832 0.184036 0.107045 0.107045 1 0.210548 0.210548 0.150552 0.0765152 0.0765152 0.0462327 0.0351933 0.0351799 0.188131 0.109149 0.109156 1 0.216799 0.216799 0.155611 0.0795842 0.0795829 
3 -45.4734 0.0296595 0.169684 -2.83866 -2.83866 -2.83866 -1.99715 -1.99715 -1.99715 -2.83866 -2.83866 -2.83866 1.0326e-321 6.95172e-310 -0.00577726 -0.00577011 -0.00577431 -0.000995712 -0.000994924 -0.000999305 -0.0057776 -0.00577098 -0.00577382 -6.32404e-322 -5.84336e-315 0.060859 0.0499618 0.0499618 0.211866 0.135602 0.135602 1 0.241824 0.241824 0.171661 0.0968451 0.0968451 0.0597062 0.0480862 0.048096 0.213908 0.135401 0.135396 1 0.246599 0.246603 0.175927 0.0990006 0.0989987 
3.1 -42.1496 0.0431934 0.204446 -2.87196 -2.87196 -2.87196 -2.03252 -2.03252 -2.03252 -2.87196 -2.87196 -2.87196 2.42092e-322 6.93828e-310 -0.00295834 -0.00295865 -0.00295608 0.00366197 0.0036649 0.00366417 -0.00295922 -0.00295911 -0.0029557 0 1.34363e-312 0.0816149 0.07054 0.07054 0.245209 0.17125 0.17125 1 0.27824 0.27824 0.19706 0.122718 0.122718 0.0772298 0.0652815 0.0652925 0.243682 0.166971 0.166966 1 0.280453 0.280452 0.19958 0.122831 0.122836 
3.2 -39.2789 0.0618395 0.244868 -2.90781 -2.90781 -2.90781 -2.07083 -2.07083 -2.07083 -2.90781 -2.90781 -2.90781 2.42092e-322 6.9533e-310 0.0010686 0.00106278 0.00106574 0.00993969 0.00994141 0.00994528 0.00106707 0.00106375 0.00106699 2.37152e-322 4.74303e-320 0.109578 0.0986854 0.0986854 0.284777 0.214794 0.214794 1 0.320068 0.320068 0.227511 0.155108 0.155108 0.0996673 0.0877502 0.0877337 0.277747 0.204333 0.204337 1 0.318425 0.31842 0.227005 0.151646 0.151647 
3.3 -36.8371 0.0863814 0.290923 -2.94547 -2.94547 -2.94547 -2.11125 -2.11125 -2.11125 -2.94547 -2.94547 -2.94547 2.69266e-321 6.95172e-310 0.00627234 0.0062691 0.0062679 0.0175225 0.0175223 0.0175227 0.00627153 0.00626997 0.00626827 -2.52962e-321 1.58074e-313 0.146134 0.135806 0.135806 0.330784 0.266351 0.266351 1 0.367064 0.367064 0.263566 0.194651 0.194651 0.127943 0.116409 0.116399 0.316311 0.247711 0.247711 1 0.360363 0.360363 0.258473 0.185923 0.185917 
3.4 -34.7908 0.116864 0.342176 -2.98368 -2.98368 -2.98368 -2.15231 -2.15231 -2.15231 -2.98368 -2.98368 -2.98368 4.00193e-322 6.5978e-310 0.0121893 0.0121919 0.012191 0.0254619 0.0254604 0.0254579 0.0121918 0.0121918 0.0121892 -7.90505e-323 3.55501e-311 0.191789 0.182369 0.182369 0.382461 0.324815 0.324815 1 0.418139 0.418139 0.305196 0.241192 0.241192 0.162876 0.152093 0.152107 0.359435 0.296907 0.296902 1 0.405919 0.405922 0.294191 0.225863 0.225861 
3.5 -33.0997 0.151904 0.397538 -3.02068 -3.02068 -3.02068 -2.1919 -2.1919 -2.1919 -3.02068 -3.02068 -3.02068 4.79244e-322 6.9533e-310 0.0178868 0.0178914 0.0178931 0.0323031 0.0323005 0.0323014 0.0178916 0.0178909 0.0178907 3.16202e-322 -1.58072e-313 0.24543 0.237154 0.237154 0.437696 0.387509 0.387509 1 0.471169 0.471169 0.351378 0.29334 0.29334 0.205006 0.195323 0.195333 0.406815 0.351268 0.351271 1 0.454434 0.454432 0.334222 0.271335 0.271341 
3.6 -31.7193 0.188351 0.455131 -3.05448 -3.05448 -3.05448 -2.22774 -2.22774 -2.22774 -3.05448 -3.05448 -3.05448 1.1907e-321 6.9533e-310 0.0222568 0.0222596 0.0222608 0.0364998 0.0364969 0.0365009 0.0222601 0.0222587 0.0222591 -7.90505e-322 -1.63918e-313 0.304045 0.297004 0.297004 0.493211 0.450473 0.450473 1 0.523246 0.523246 0.399953 0.348377 0.348377 0.254403 0.246049 0.24604 0.457645 0.409666 0.409673 1 0.504845 0.504842 0.37831 0.321814 0.321819 
3.7 -30.6035 0.221778 0.512374 -3.08345 -3.08345 -3.08345 -2.25809 -2.25809 -2.25809 -3.08345 -3.08345 -3.08345 5.58294e-322 6.95172e-310 0.0245087 0.0245082 0.0245081 0.0370111 0.0370102 0.0370112 0.0245085 0.024508 0.0245082 3.95253e-321 1.3015e-318 0.363402 0.357544 0.357544 0.54545 0.509543 0.509543 1 0.571435 0.571435 0.448065 0.402847 0.402847 0.310484 0.30354 0.303532 0.510635 0.470432 0.470432 1 0.555704 0.555708 0.425774 0.376309 0.376305 
3.8 -29.7077 0.247722 0.56622 -3.10677 -3.10677 -3.10677 -2.28225 -2.28225 -2.28225 -3.10677 -3.10677 -3.10677 2.42092e-322 6.93828e-310 0.0245272 0.0245238 0.0245234 0.033749 0.0337508 0.0337469 0.0245237 0.0245245 0.0245258 1.81816e-321 1 0.419429 0.414607 0.414607 0.591698 0.561626 0.561626 1 0.613642 0.613642 0.493018 0.453581 0.453581 0.371902 0.366358 0.366366 0.564077 0.531394 0.531389 1 0.605298 0.605304 0.475514 0.433344 0.433336 
3.9 -28.9909 0.263042 0.61353 -3.12454 -3.12454 -3.12454 -2.30056 -2.30056 -2.30056 -3.12454 -3.12454 -3.12454 4.00193e-322 6.93828e-310 0.0228481 0.0228439 0.0228423 0.0275445 0.027548 0.0275431 0.0228431 0.0228444 0.0228458 2.37152e-321 1.50171e-312 0.469355 0.465382 0.465382 0.630689 0.605342 0.605342 1 0.649021 0.649021 0.532994 0.498513 0.498513 0.436566 0.432355 0.432365 0.615954 0.590093 0.590093 1 0.651805 0.651802 0.526075 0.491034 0.491036 
4 -28.4181 0.266692 0.651609 -3.1375 -3.1375 -3.1375 -2.31396 -2.31396 -2.31396 -3.1375 -3.1375 -3.1375 1.8231e-321 6.9533e-310 0.0203375 0.0203344 0.0203306 0.0197164 0.0197196 0.0197181 0.0203328 0.0203347 0.0203345 -9.48606e-322 -1.58077e-313 0.512014 0.508707 0.508707 0.662461 0.640809 0.640809 1 0.677788 0.677788 0.567248 0.536847 0.536847 0.501807 0.498764 0.498761 0.664134 0.644103 0.644105 1 0.693508 0.693499 0.575724 0.547256 0.547263 
4.1 -27.9597 0.259678 0.678801 -3.14663 -3.14663 -3.14663 -2.32359 -2.32359 -2.32359 -3.14663 -3.14663 -3.14663 4.00193e-322 -2.505 0.0178221 0.0178217 0.0178176 0.0115972 0.0115982 0.0116001 0.0178183 0.0178226 0.0178214 3.16202e-322 2.505 0.547463 0.544667 0.544667 0.687827 0.669012 0.669012 1 0.70076 0.70076 0.59587 0.568745 0.568745 0.564611 0.562481 0.56247 0.706658 0.691335 0.691333 1 0.729048 0.729047 0.622568 0.599829 0.599829 
4.2 -27.5924 0.244445 0.695003 -3.15291 -3.15291 -3.15291 -2.33045 -2.33045 -2.33045 -3.15291 -3.15291 -3.15291 4.79244e-322 6.9533e-310 0.0158557 0.0158584 0.0158575 0.00424618 0.00424442 0.0042472 0.0158534 0.0158594 0.0158593 -2.37152e-322 -1.58074e-313 0.576434 0.574025 0.574025 0.707876 0.691223 0.691223 1 0.718949 0.718949 0.619415 0.594886 0.594886 0.621893 0.620411 0.620408 0.742049 0.730309 0.730305 1 0.757645 0.757652 0.664729 0.646699 0.646695 
4.3 -27.2972 0.224077 0.701881 -3.15712 -3.15712 -3.15712 -2.33535 -2.33535 -2.33535 -3.15712 -3.15712 -3.15712 4.79244e-322 6.9533e-310 0.014659 0.0146626 0.0146652 -0.00163421 -0.00163695 -0.0016352 0.0146594 0.0146631 0.0146638 -2.37152e-322 7.30743e-319 0.599898 0.597783 0.597783 0.723674 0.708669 0.708669 1 0.733315 0.733315 0.638611 0.61613 0.61613 0.670833 0.6698 0.669806 0.769539 0.760333 0.760334 1 0.779176 0.77918 0.700541 0.686137 0.686137 
4.4 -27.0595 0.201604 0.702559 -3.15991 -3.15991 -3.15991 -2.33885 -2.33885 -2.33885 -3.15991 -3.15991 -3.15991 1.63042e-322 0 0.0141745 0.0141761 0.0141792 -0.00565758 -0.00565851 -0.00565817 0.014178 0.0141756 0.0141751 7.90505e-323 6.93828e-310 0.618825 0.616933 0.616933 0.736134 0.72239 0.72239 1 0.744676 0.744676 0.654193 0.633325 0.633325 0.7092 0.708482 0.708485 0.7891 0.78152 0.781524 1 0.794114 0.79411 0.728719 0.716895 0.716898 
4.5 -26.8675 0.179546 0.700713 -3.16172 -3.16172 -3.16172 -2.34139 -2.34139 -2.34139 -3.16172 -3.16172 -3.16172 7.95446e-322 0 0.0141731 0.0141734 0.0141752 -0.00767336 -0.00767175 -0.00767214 0.0141794 0.014172 0.0141697 1.66006e-321 6.95172e-310 0.634074 0.632353 0.632353 0.74599 0.733219 0.733219 1 0.753687 0.753687 0.666817 0.647225 0.647225 0.735563 0.735041 0.735037 0.801278 0.794609 0.794611 1 0.803346 0.803344 0.748447 0.738248 0.738246 
4.6 -26.7123 0.159713 0.699369 -3.16287 -3.16287 -3.16287 -2.34324 -2.34324 -2.34324 -3.16287 -3.16287 -3.16287 4.00193e-322 6.93828e-310 0.0143696 0.0143718 0.0143739 -0.00770518 -0.00770329 -0.00770344 0.0143772 0.01437 0.014368 2.37152e-321 1.50171e-312 0.646366 0.644777 0.644777 0.753819 0.741803 0.741803 1 0.760861 0.760861 0.677043 0.658461 0.658461 0.74934 0.748889 0.748888 0.806947 0.800662 0.800658 1 0.807899 0.807903 0.759389 0.749952 0.749947 
4.7 -26.5864 0.143197 0.699851 -3.16358 -3.16358 -3.16358 -2.34461 -2.34461 -2.34461 -3.16358 -3.16358 -3.16358 2.06025e-321 6.95172e-310 0.0145107 0.0145153 0.0145185 -0.00591536 -0.00591572 -0.00591564 0.0145174 0.0145135 0.0145137 -1.02766e-321 -2.15627e-318 0.656287 0.654801 0.654801 0.760062 0.748637 0.748637 1 0.766595 0.766595 0.685331 0.667554 0.667554 0.750747 0.750259 0.750265 0.807033 0.800715 0.800712 1 0.808629 0.808632 0.761661 0.752205 0.752204 
4.8 -26.4842 0.130471 0.701287 -3.16401 -3.16401 -3.16401 -2.34564 -2.34564 -2.34564 -3.16401 -3.16401 -3.16401 1.63042e-322 2.71615e-312 0.0144161 0.0144188 0.0144215 -0.00257465 -0.0025774 -0.00257772 0.0144195 0.0144178 0.0144191 1.26481e-321 6.92614e-310 0.664307 0.662901 0.662901 0.76506 0.754101 0.754101 1 0.771194 0.771194 0.692055 0.67492 0.67492 0.740731 0.740142 0.740145 0.802295 0.795555 0.795558 1 0.806027 0.806023 0.755813 0.74563 0.745633 
4.9 -26.4011 0.121538 0.701238 -3.16426 -3.16426 -3.16426 -2.34641 -2.34641 -2.34641 -3.16426 -3.16426 -3.16426 7.16395e-322 6.95172e-310 0.0139825 0.013979 0.0139794 0.00197124 0.0019681 0.00196753 0.0139812 0.0139792 0.0139805 0 1.58074e-313 0.670801 0.669458 0.669458 0.769076 0.758486 0.758486 1 0.774896 0.774896 0.697515 0.680897 0.680897 0.720958 0.720222 0.720219 0.793251 0.785699 0.785705 1 0.800238 0.800233 0.742828 0.731286 0.73129 
5 -26.3335 0.116066 0.697004 -3.16439 -3.16439 -3.16439 -2.347 -2.347 -2.347 -3.16439 -3.16439 -3.16439 7.95446e-322 1.69758e-313 0.0131745 0.013167 0.0131656 0.00733133 0.0073304 0.00733025 0.0131694 0.0131683 0.0131696 -3.95253e-322 6.95002e-310 0.676068 0.674776 0.674776 0.772313 0.762017 0.762017 1 0.777883 0.777883 0.701955 0.685751 0.685751 0.693784 0.692822 0.692819 0.780345 0.771597 0.771598 1 0.791293 0.791295 0.724174 0.710719 0.71072 
5.1 -26.2784 0.113518 0.686868 -3.16445 -3.16445 -3.16445 -2.34745 -2.34745 -2.34745 -3.16445 -3.16445 -3.16445 4.00193e-322 6.95166e-310 0.012022 0.0120169 0.0120148 0.0130901 0.0130927 0.013093 0.0120154 0.0120181 0.0120197 -7.90505e-323 1.63916e-313 0.680345 0.679093 0.679093 0.774928 0.764868 0.764868 1 0.7803 0.7803 0.705568 0.689699 0.689699 0.662136 0.660849 0.660848 0.764262 0.753955 0.753949 1 0.779446 0.779454 0.701847 0.686017 0.686014 
5.2 -26.2335 0.113246 0.670922 -3.16446 -3.16446 -3.16446 -2.34781 -2.34781 -2.34781 -3.16446 -3.16446 -3.16446 4.79244e-322 6.95172e-310 0.0106175 0.0106176 0.010615 0.0188195 0.0188239 0.0188237 0.0106122 0.0106182 0.0106187 3.16202e-322 -3.5392e-311 0.683824 0.682605 0.682605 0.777046 0.767175 0.767175 1 0.78226 0.78226 0.708511 0.692913 0.692913 0.629337 0.627662 0.627661 0.746206 0.734041 0.734036 1 0.765474 0.765477 0.678307 0.659796 0.659794 
5.3 -26.1968 0.114574 0.651288 -3.16445 -3.16445 -3.16445 -2.34809 -2.34809 -2.34809 -3.16445 -3.16445 -3.16445 7.95446e-322 6.5978e-310 0.00910585 0.00910867 0.00910529 0.0240909 0.0240934 0.0240926 0.00910373 0.00910859 0.00910695 -4.74303e-322 3.5392e-311 0.686657 0.685463 0.685463 0.778765 0.769046 0.769046 1 0.783851 0.783851 0.710911 0.695532 0.695532 0.598905 0.59684 0.596837 0.72798 0.713817 0.713821 1 0.750814 0.750808 0.656283 0.635048 0.635049 
5.4 -26.1669 0.116857 0.631731 -3.16443 -3.16443 -3.16443 -2.3483 -2.3483 -2.3483 -3.16443 -3.16443 -3.16443 4.00193e-322 6.5978e-310 0.00766634 0.00766899 0.00766677 0.0284966 0.0284952 0.0284946 0.00766757 0.00766858 0.00766614 2.89325e-320 3.55501e-311 0.688965 0.687792 0.687792 0.780162 0.770566 0.770566 1 0.785145 0.785145 0.712869 0.697668 0.697668 0.574254 0.571838 0.571837 0.711819 0.695796 0.695804 1 0.737464 0.737456 0.638461 0.614817 0.614818 
5.5 -26.1424 0.11954 0.616733 -3.1644 -3.1644 -3.1644 -2.34848 -2.34848 -2.34848 -3.1644 -3.1644 -3.1644 1.63042e-322 6.9533e-310 0.00649692 0.00649904 0.0065005 0.0316777 0.0316743 0.0316742 0.0065003 0.00649851 0.00649809 6.32404e-322 6.47107e-319 0.690847 0.689691 0.689691 0.781299 0.771803 0.771803 1 0.786198 0.786198 0.714467 0.699411 0.699411 0.558276 0.555583 0.555586 0.700044 0.682639 0.682641 1 0.727627 0.727628 0.627124 0.60176 0.601757 
