time energy SvN bondDim localEnergy 
0 -12.7167 0.189988 2 4 8 10 10 10 10 10 10 10 10 10 10 10 10 10 10 10 10 10 10 10 10 10 10 10 10 10 8 4 2 -0.491956 -0.377379 -0.414347 -0.403258 -0.406913 -0.405785 -0.406153 -0.406038 -0.406076 -0.406064 -0.40607 -0.406076 -0.406109 -0.406214 -0.40654 -0.40679 -0.40654 -0.406214 -0.406109 -0.406076 -0.40607 -0.406064 -0.406076 -0.406038 -0.406153 -0.405785 -0.406913 -0.403258 -0.414347 -0.377379 -0.491956 
0.1 -12.7168 0.189998 2 4 8 10 10 10 10 10 10 10 10 10 10 10 10 10 10 10 10 10 10 10 10 10 10 10 10 10 8 4 2 -0.491956 -0.377379 -0.414347 -0.403258 -0.406913 -0.405785 -0.406153 -0.406038 -0.406076 -0.406064 -0.40607 -0.406076 -0.406109 -0.406215 -0.406543 -0.406795 -0.406543 -0.406215 -0.406109 -0.406076 -0.40607 -0.406064 -0.406076 -0.406038 -0.406153 -0.405785 -0.406913 -0.403258 -0.414347 -0.377379 -0.491956 
0.2 -12.7168 0.190041 2 4 8 10 10 10 10 10 10 10 10 10 10 10 10 10 10 10 10 10 10 10 10 10 10 10 10 10 8 4 2 -0.491956 -0.377379 -0.414347 -0.403258 -0.406913 -0.405785 -0.406153 -0.406038 -0.406076 -0.406064 -0.40607 -0.406076 -0.40611 -0.406219 -0.406555 -0.406813 -0.406555 -0.406219 -0.40611 -0.406076 -0.40607 -0.406064 -0.406076 -0.406038 -0.406153 -0.405785 -0.406913 -0.403258 -0.414347 -0.377379 -0.491956 
0.3 -12.7169 0.190143 2 4 8 10 10 10 10 10 10 10 10 10 10 10 10 10 10 10 10 10 10 10 10 10 10 10 10 10 8 4 2 -0.491956 -0.377379 -0.414347 -0.403258 -0.406913 -0.405785 -0.406153 -0.406038 -0.406076 -0.406064 -0.40607 -0.406076 -0.406111 -0.406227 -0.406583 -0.406855 -0.406583 -0.406227 -0.406111 -0.406076 -0.40607 -0.406064 -0.406076 -0.406038 -0.406153 -0.405785 -0.406913 -0.403258 -0.414347 -0.377379 -0.491956 
0.4 -12.7171 0.190331 2 4 8 10 10 10 10 10 10 10 10 10 10 10 10 10 10 10 10 10 10 10 10 10 10 10 10 10 8 4 2 -0.491956 -0.377379 -0.414347 -0.403258 -0.406913 -0.405785 -0.406153 -0.406038 -0.406076 -0.406064 -0.40607 -0.406076 -0.406114 -0.406241 -0.406634 -0.406932 -0.406634 -0.406241 -0.406114 -0.406076 -0.40607 -0.406064 -0.406076 -0.406038 -0.406153 -0.405785 -0.406913 -0.403258 -0.414347 -0.377379 -0.491956 
0.5 -12.7175 0.190636 2 4 8 10 10 10 10 10 10 10 10 10 10 10 10 10 10 10 10 10 10 10 10 10 10 10 10 10 8 4 2 -0.491956 -0.377379 -0.414347 -0.403258 -0.406913 -0.405785 -0.406153 -0.406038 -0.406076 -0.406064 -0.40607 -0.406077 -0.406119 -0.406265 -0.406715 -0.407056 -0.406715 -0.406265 -0.406119 -0.406077 -0.40607 -0.406064 -0.406076 -0.406038 -0.406153 -0.405785 -0.406913 -0.403258 -0.414347 -0.377379 -0.491956 
0.6 -12.718 0.19109 2 4 8 10 10 10 10 10 10 10 10 10 10 10 10 10 10 10 10 10 10 10 10 10 10 10 10 10 8 4 2 -0.491956 -0.377379 -0.414347 -0.403258 -0.406913 -0.405785 -0.406153 -0.406038 -0.406076 -0.406064 -0.40607 -0.406078 -0.406126 -0.4063 -0.406836 -0.407238 -0.406836 -0.4063 -0.406126 -0.406078 -0.40607 -0.406064 -0.406076 -0.406038 -0.406153 -0.405785 -0.406913 -0.403258 -0.414347 -0.377379 -0.491956 
0.7 -12.7187 0.191728 2 4 8 10 10 10 10 10 10 10 10 10 10 10 10 10 10 10 10 10 10 10 10 10 10 10 10 10 8 4 2 -0.491956 -0.377379 -0.414347 -0.403258 -0.406913 -0.405785 -0.406153 -0.406038 -0.406076 -0.406064 -0.406071 -0.40608 -0.406135 -0.40635 -0.407005 -0.407492 -0.407005 -0.40635 -0.406135 -0.40608 -0.406071 -0.406064 -0.406076 -0.406038 -0.406153 -0.405785 -0.406913 -0.403258 -0.414347 -0.377379 -0.491956 
0.8 -12.7197 0.192584 2 4 8 10 10 10 10 10 10 10 10 10 10 10 10 10 10 10 10 10 10 10 10 10 10 10 10 10 8 4 2 -0.491956 -0.377379 -0.414347 -0.403258 -0.406913 -0.405785 -0.406153 -0.406038 -0.406076 -0.406064 -0.406071 -0.406083 -0.406149 -0.406417 -0.407228 -0.407828 -0.407228 -0.406417 -0.406149 -0.406083 -0.406071 -0.406064 -0.406076 -0.406038 -0.406153 -0.405785 -0.406913 -0.403258 -0.414347 -0.377379 -0.491956 
0.9 -12.7209 0.193697 2 4 8 10 10 10 10 10 10 10 10 10 10 10 10 10 10 10 10 10 10 10 10 10 10 10 10 10 8 4 2 -0.491956 -0.377379 -0.414347 -0.403258 -0.406913 -0.405785 -0.406153 -0.406038 -0.406076 -0.406064 -0.406071 -0.406086 -0.406167 -0.406503 -0.407516 -0.408259 -0.407516 -0.406503 -0.406167 -0.406086 -0.406071 -0.406064 -0.406076 -0.406038 -0.406153 -0.405785 -0.406913 -0.403258 -0.414347 -0.377379 -0.491956 
1 -12.7224 0.195107 2 4 8 10 10 10 10 10 10 10 10 10 10 10 10 10 10 10 10 10 10 10 10 10 10 10 10 10 8 4 2 -0.491956 -0.377379 -0.414347 -0.403258 -0.406913 -0.405785 -0.406153 -0.406038 -0.406076 -0.406064 -0.406072 -0.40609 -0.40619 -0.406614 -0.407875 -0.408796 -0.407875 -0.406614 -0.40619 -0.40609 -0.406072 -0.406064 -0.406076 -0.406038 -0.406153 -0.405785 -0.406913 -0.403258 -0.414347 -0.377379 -0.491956 
1.1 -12.7243 0.196854 2 4 8 10 10 10 10 10 10 10 10 10 10 10 10 10 10 10 10 10 10 10 10 10 10 10 10 10 8 4 2 -0.491956 -0.377379 -0.414347 -0.403258 -0.406913 -0.405785 -0.406153 -0.406038 -0.406076 -0.406064 -0.406073 -0.406095 -0.406221 -0.406752 -0.408314 -0.409449 -0.408314 -0.406752 -0.406221 -0.406095 -0.406073 -0.406064 -0.406076 -0.406038 -0.406153 -0.405785 -0.406913 -0.403258 -0.414347 -0.377379 -0.491956 
1.2 -12.7266 0.198984 2 4 8 10 10 10 10 10 10 10 10 10 10 10 10 10 10 10 10 10 10 10 10 10 10 10 10 10 8 4 2 -0.491956 -0.377379 -0.414347 -0.403258 -0.406913 -0.405785 -0.406153 -0.406038 -0.406076 -0.406065 -0.406074 -0.406102 -0.406259 -0.406921 -0.408841 -0.410228 -0.408841 -0.406921 -0.406259 -0.406102 -0.406074 -0.406065 -0.406076 -0.406038 -0.406153 -0.405785 -0.406913 -0.403258 -0.414347 -0.377379 -0.491956 
1.3 -12.7293 0.201544 2 4 8 10 10 10 10 10 10 10 10 10 10 10 10 10 10 10 10 10 10 10 10 10 10 10 10 10 8 4 2 -0.491956 -0.377379 -0.414347 -0.403258 -0.406913 -0.405785 -0.406153 -0.406038 -0.406076 -0.406065 -0.406075 -0.406111 -0.406308 -0.407127 -0.409463 -0.411141 -0.409463 -0.407127 -0.406308 -0.406111 -0.406075 -0.406065 -0.406076 -0.406038 -0.406153 -0.405785 -0.406913 -0.403258 -0.414347 -0.377379 -0.491956 
1.4 -12.7324 0.204584 2 4 8 10 10 10 10 10 10 10 10 10 10 10 10 10 10 10 10 10 10 10 10 10 10 10 10 10 8 4 2 -0.491956 -0.377379 -0.414347 -0.403258 -0.406913 -0.405785 -0.406153 -0.406038 -0.406076 -0.406065 -0.406076 -0.406122 -0.406369 -0.407376 -0.410188 -0.412196 -0.410188 -0.407376 -0.406369 -0.406122 -0.406076 -0.406065 -0.406076 -0.406038 -0.406153 -0.405785 -0.406913 -0.403258 -0.414347 -0.377379 -0.491956 
1.5 -12.736 0.208155 2 4 8 10 10 10 10 10 10 10 10 10 10 10 10 10 10 10 10 10 10 10 10 10 10 10 10 10 8 4 2 -0.491956 -0.377379 -0.414347 -0.403258 -0.406913 -0.405785 -0.406153 -0.406038 -0.406075 -0.406065 -0.406078 -0.406137 -0.406444 -0.407672 -0.41102 -0.413397 -0.41102 -0.407672 -0.406444 -0.406137 -0.406078 -0.406065 -0.406075 -0.406038 -0.406153 -0.405785 -0.406913 -0.403258 -0.414347 -0.377379 -0.491956 
1.6 -12.7402 0.21231 2 4 8 10 10 10 10 10 10 10 10 10 10 10 10 10 10 10 10 10 10 10 10 10 10 10 10 10 8 4 2 -0.491956 -0.377379 -0.414347 -0.403258 -0.406913 -0.405785 -0.406153 -0.406038 -0.406075 -0.406065 -0.406081 -0.406155 -0.406537 -0.408023 -0.411965 -0.414744 -0.411965 -0.408023 -0.406537 -0.406155 -0.406081 -0.406065 -0.406075 -0.406038 -0.406153 -0.405785 -0.406913 -0.403258 -0.414347 -0.377379 -0.491956 
1.7 -12.7449 0.217101 2 4 8 10 10 10 10 10 10 10 10 10 10 10 10 10 10 10 10 10 10 10 10 10 10 10 10 10 8 4 2 -0.491956 -0.377379 -0.414347 -0.403258 -0.406913 -0.405785 -0.406153 -0.406038 -0.406075 -0.406065 -0.406084 -0.406178 -0.406652 -0.408437 -0.413024 -0.416234 -0.413024 -0.408437 -0.406652 -0.406178 -0.406084 -0.406065 -0.406075 -0.406038 -0.406153 -0.405785 -0.406913 -0.403258 -0.414347 -0.377379 -0.491956 
1.8 -12.7502 0.222575 2 4 8 10 10 10 10 10 10 10 10 10 10 10 10 10 10 10 10 10 10 10 10 10 10 10 10 10 8 4 2 -0.491956 -0.377379 -0.414347 -0.403258 -0.406913 -0.405785 -0.406153 -0.406038 -0.406075 -0.406066 -0.406089 -0.406206 -0.406793 -0.408922 -0.414198 -0.41786 -0.414198 -0.408922 -0.406793 -0.406206 -0.406089 -0.406066 -0.406075 -0.406038 -0.406153 -0.405785 -0.406913 -0.403258 -0.414347 -0.377379 -0.491956 
1.9 -12.7561 0.228775 2 4 8 10 10 10 10 10 10 10 10 10 10 10 10 10 10 10 10 10 10 10 10 10 10 10 10 10 8 4 2 -0.491956 -0.377379 -0.414347 -0.403258 -0.406913 -0.405785 -0.406153 -0.406038 -0.406075 -0.406066 -0.406095 -0.406242 -0.406964 -0.409485 -0.415482 -0.419608 -0.415482 -0.409485 -0.406964 -0.406242 -0.406095 -0.406066 -0.406075 -0.406038 -0.406153 -0.405785 -0.406913 -0.403258 -0.414347 -0.377379 -0.491956 
2 -12.7625 0.235731 2 4 8 10 10 10 10 10 10 10 10 10 10 10 10 10 10 10 10 10 10 10 10 10 10 10 10 10 8 4 2 -0.491956 -0.377379 -0.414347 -0.403258 -0.406913 -0.405785 -0.406153 -0.406038 -0.406075 -0.406067 -0.406102 -0.406287 -0.407173 -0.410133 -0.416868 -0.421458 -0.416868 -0.410133 -0.407173 -0.406287 -0.406102 -0.406067 -0.406075 -0.406038 -0.406153 -0.405785 -0.406913 -0.403258 -0.414347 -0.377379 -0.491956 
2.1 -12.7695 0.243461 2 4 8 10 10 10 10 10 10 10 10 10 10 10 10 9 10 10 10 10 10 10 10 10 10 10 10 10 8 4 2 -0.491956 -0.377379 -0.414347 -0.403258 -0.406913 -0.405785 -0.406153 -0.406038 -0.406075 -0.406068 -0.406111 -0.406342 -0.407425 -0.410874 -0.418344 -0.423386 -0.418344 -0.410874 -0.407425 -0.406342 -0.406111 -0.406068 -0.406075 -0.406038 -0.406153 -0.405785 -0.406913 -0.403258 -0.414347 -0.377379 -0.491956 
2.2 -12.777 0.251967 2 4 8 10 10 10 10 10 10 10 10 10 10 10 9 9 9 10 10 10 10 10 10 10 10 10 10 10 8 4 2 -0.491956 -0.377379 -0.414347 -0.403258 -0.406913 -0.405785 -0.406153 -0.406038 -0.406075 -0.406069 -0.406123 -0.406411 -0.407727 -0.411713 -0.419896 -0.425361 -0.419896 -0.411713 -0.407727 -0.406411 -0.406123 -0.406069 -0.406075 -0.406038 -0.406153 -0.405785 -0.406913 -0.403258 -0.414347 -0.377379 -0.491956 
2.3 -12.7851 0.261233 2 4 8 10 10 10 10 10 10 10 10 10 10 10 9 9 9 10 10 10 10 10 10 10 10 10 10 10 8 4 2 -0.491956 -0.377379 -0.414347 -0.403258 -0.406913 -0.405785 -0.406153 -0.406038 -0.406075 -0.406071 -0.406139 -0.406496 -0.408089 -0.41265 -0.421503 -0.427353 -0.421503 -0.41265 -0.408089 -0.406496 -0.406139 -0.406071 -0.406075 -0.406038 -0.406153 -0.405785 -0.406913 -0.403258 -0.414347 -0.377379 -0.491956 
2.4 -12.7935 0.271222 2 4 8 10 10 10 10 10 10 10 10 10 10 10 9 9 9 10 10 10 10 10 10 10 10 10 10 10 8 4 2 -0.491956 -0.377379 -0.414347 -0.403258 -0.406913 -0.405785 -0.406153 -0.406037 -0.406075 -0.406073 -0.406159 -0.406602 -0.408517 -0.413687 -0.423145 -0.429328 -0.423145 -0.413687 -0.408517 -0.406602 -0.406159 -0.406073 -0.406075 -0.406037 -0.406153 -0.405785 -0.406913 -0.403258 -0.414347 -0.377379 -0.491956 
2.5 -12.8023 0.28188 2 4 8 10 10 10 10 10 10 10 10 10 10 10 9 9 9 10 10 10 10 10 10 10 10 10 10 10 8 4 2 -0.491956 -0.377379 -0.414347 -0.403258 -0.406913 -0.405785 -0.406153 -0.406037 -0.406075 -0.406077 -0.406184 -0.406733 -0.40902 -0.41482 -0.4248 -0.431253 -0.4248 -0.41482 -0.40902 -0.406733 -0.406184 -0.406077 -0.406075 -0.406037 -0.406153 -0.405785 -0.406913 -0.403258 -0.414347 -0.377379 -0.491956 
2.6 -12.8115 0.293138 2 4 8 10 10 10 10 10 10 10 10 10 10 10 9 9 9 10 10 10 10 10 10 10 10 10 10 10 8 4 2 -0.491956 -0.377379 -0.414347 -0.403258 -0.406913 -0.405785 -0.406153 -0.406037 -0.406075 -0.406081 -0.406216 -0.406894 -0.409605 -0.416042 -0.426446 -0.433097 -0.426446 -0.416042 -0.409605 -0.406894 -0.406216 -0.406081 -0.406075 -0.406037 -0.406153 -0.405785 -0.406913 -0.403258 -0.414347 -0.377379 -0.491956 
2.7 -12.8209 0.304914 2 4 8 10 10 10 10 10 10 10 10 10 10 10 9 9 9 10 10 10 10 10 10 10 10 10 10 10 8 4 2 -0.491956 -0.377379 -0.414347 -0.403258 -0.406913 -0.405785 -0.406153 -0.406037 -0.406075 -0.406086 -0.406257 -0.407093 -0.410277 -0.417343 -0.428063 -0.434834 -0.428063 -0.417343 -0.410277 -0.407093 -0.406257 -0.406086 -0.406075 -0.406037 -0.406153 -0.405785 -0.406913 -0.403258 -0.414347 -0.377379 -0.491956 
2.8 -12.8305 0.317117 2 4 8 10 10 10 10 10 10 10 10 10 10 10 9 9 9 10 10 10 10 10 10 10 10 10 10 10 8 4 2 -0.491956 -0.377379 -0.414347 -0.403258 -0.406913 -0.405785 -0.406152 -0.406037 -0.406076 -0.406094 -0.406309 -0.407336 -0.41104 -0.418712 -0.429634 -0.436442 -0.429634 -0.418712 -0.41104 -0.407336 -0.406309 -0.406094 -0.406076 -0.406037 -0.406153 -0.405785 -0.406913 -0.403258 -0.414347 -0.377379 -0.491956 
2.9 -12.8403 0.329652 2 4 8 10 10 10 10 10 10 10 10 10 10 10 9 9 9 10 10 10 10 10 10 10 10 10 10 10 8 4 2 -0.491956 -0.377379 -0.414347 -0.403258 -0.406913 -0.405785 -0.406152 -0.406036 -0.406076 -0.406103 -0.406375 -0.407632 -0.411895 -0.420133 -0.431143 -0.437903 -0.431143 -0.420133 -0.411895 -0.407632 -0.406375 -0.406103 -0.406076 -0.406036 -0.406152 -0.405785 -0.406913 -0.403258 -0.414347 -0.377379 -0.491956 
3 -12.8502 0.342427 2 4 8 10 10 10 10 10 10 10 10 10 10 10 9 9 9 10 10 10 10 10 10 10 10 10 10 10 8 4 2 -0.491956 -0.377379 -0.414347 -0.403258 -0.406913 -0.405785 -0.406152 -0.406036 -0.406077 -0.406116 -0.406459 -0.407988 -0.41284 -0.421594 -0.432579 -0.439208 -0.432579 -0.421594 -0.41284 -0.407988 -0.406459 -0.406116 -0.406077 -0.406036 -0.406152 -0.405785 -0.406913 -0.403258 -0.414347 -0.377379 -0.491956 
3.1 -12.8601 0.355349 2 4 8 10 10 10 10 10 10 10 10 10 10 10 9 9 9 10 10 10 10 10 10 10 10 10 10 10 8 4 2 -0.491956 -0.377379 -0.414347 -0.403258 -0.406913 -0.405785 -0.406152 -0.406036 -0.406079 -0.406133 -0.406566 -0.408413 -0.413869 -0.42308 -0.433934 -0.440348 -0.433934 -0.42308 -0.413869 -0.408413 -0.406566 -0.406133 -0.406079 -0.406036 -0.406152 -0.405785 -0.406913 -0.403258 -0.414347 -0.377379 -0.491956 
3.2 -12.8702 0.368337 2 4 8 10 10 10 10 10 10 10 10 10 10 10 9 9 9 10 10 10 10 10 10 10 10 10 10 10 8 4 2 -0.491956 -0.377379 -0.414347 -0.403258 -0.406913 -0.405785 -0.406152 -0.406035 -0.406081 -0.406155 -0.4067 -0.408915 -0.414974 -0.424577 -0.435202 -0.441322 -0.435202 -0.424577 -0.414974 -0.408915 -0.4067 -0.406155 -0.406081 -0.406035 -0.406152 -0.405785 -0.406913 -0.403258 -0.414347 -0.377379 -0.491956 
3.3 -12.8802 0.381314 2 4 8 10 10 10 10 10 10 10 10 10 10 10 9 9 9 10 10 10 10 10 10 10 10 10 10 10 8 4 2 -0.491956 -0.377379 -0.414347 -0.403258 -0.406913 -0.405784 -0.406151 -0.406035 -0.406084 -0.406184 -0.406869 -0.4095 -0.416143 -0.426073 -0.436381 -0.442131 -0.436381 -0.426073 -0.416143 -0.4095 -0.406869 -0.406184 -0.406084 -0.406035 -0.406151 -0.405784 -0.406913 -0.403258 -0.414347 -0.377379 -0.491956 
3.4 -12.8903 0.394216 2 4 8 10 10 10 10 10 10 10 10 10 10 10 9 9 9 10 10 10 10 10 10 10 10 10 10 10 8 4 2 -0.491956 -0.377379 -0.414347 -0.403258 -0.406913 -0.405784 -0.406151 -0.406035 -0.406088 -0.406222 -0.407078 -0.410171 -0.417364 -0.427559 -0.437469 -0.442783 -0.437469 -0.427559 -0.417364 -0.410171 -0.407078 -0.406222 -0.406088 -0.406035 -0.406151 -0.405784 -0.406913 -0.403258 -0.414347 -0.377379 -0.491956 
3.5 -12.9004 0.406986 2 4 8 10 10 10 10 10 10 10 10 10 10 10 9 9 9 10 10 10 10 10 10 10 10 10 10 10 8 4 2 -0.491956 -0.377379 -0.414347 -0.403258 -0.406913 -0.405784 -0.40615 -0.406034 -0.406094 -0.406272 -0.407337 -0.41093 -0.418625 -0.429025 -0.438466 -0.443283 -0.438466 -0.429025 -0.418625 -0.41093 -0.407337 -0.406272 -0.406094 -0.406034 -0.40615 -0.405784 -0.406913 -0.403258 -0.414347 -0.377379 -0.491956 
3.6 -12.9105 0.419578 2 4 8 10 10 10 10 10 10 10 10 10 10 10 9 9 9 10 10 10 10 10 10 10 10 10 10 10 8 4 2 -0.491956 -0.377379 -0.414347 -0.403258 -0.406913 -0.405784 -0.40615 -0.406034 -0.406102 -0.406337 -0.407654 -0.411774 -0.419911 -0.430464 -0.439374 -0.443643 -0.439374 -0.430464 -0.419911 -0.411774 -0.407654 -0.406337 -0.406102 -0.406034 -0.40615 -0.405784 -0.406913 -0.403258 -0.414347 -0.377379 -0.491956 
3.7 -12.9206 0.431955 2 4 8 10 10 10 10 10 10 10 10 10 10 10 10 10 10 10 10 10 10 10 10 10 10 10 10 10 8 4 2 -0.491956 -0.377379 -0.414347 -0.403258 -0.406913 -0.405784 -0.406149 -0.406034 -0.406114 -0.406422 -0.408035 -0.412699 -0.421212 -0.43187 -0.440194 -0.443874 -0.440194 -0.43187 -0.421212 -0.412699 -0.408035 -0.406422 -0.406114 -0.406034 -0.406149 -0.405784 -0.406913 -0.403258 -0.414347 -0.377379 -0.491956 
3.8 -12.9307 0.444089 2 4 8 10 10 10 10 10 10 10 10 10 10 10 10 10 10 10 10 10 10 10 10 10 10 10 10 10 8 4 2 -0.491956 -0.377379 -0.414347 -0.403258 -0.406912 -0.405783 -0.406149 -0.406035 -0.40613 -0.406532 -0.408489 -0.413697 -0.422517 -0.433238 -0.440928 -0.44399 -0.440928 -0.433238 -0.422517 -0.413697 -0.408489 -0.406532 -0.40613 -0.406035 -0.406149 -0.405783 -0.406912 -0.403258 -0.414347 -0.377379 -0.491956 
3.9 -12.9408 0.455958 2 4 8 10 10 10 10 10 10 10 10 10 10 10 10 10 10 10 10 10 10 10 10 10 10 10 10 10 8 4 2 -0.491956 -0.377379 -0.414347 -0.403258 -0.406912 -0.405783 -0.406148 -0.406036 -0.406152 -0.406673 -0.40902 -0.414758 -0.423819 -0.434563 -0.441578 -0.444005 -0.441578 -0.434563 -0.423819 -0.414758 -0.40902 -0.406673 -0.406152 -0.406036 -0.406148 -0.405783 -0.406912 -0.403258 -0.414347 -0.377379 -0.491956 
4 -12.9508 0.467548 2 4 8 10 10 10 10 10 10 10 10 10 10 10 10 10 10 10 10 10 10 10 10 10 10 10 10 10 8 4 2 -0.491956 -0.377379 -0.414347 -0.403257 -0.406912 -0.405782 -0.406147 -0.406037 -0.406182 -0.406853 -0.409633 -0.41587 -0.425113 -0.435838 -0.442147 -0.443934 -0.442147 -0.435838 -0.425113 -0.41587 -0.409634 -0.406853 -0.406182 -0.406037 -0.406147 -0.405782 -0.406912 -0.403257 -0.414347 -0.377379 -0.491956 
4.1 -12.9609 0.478851 2 4 8 10 10 10 10 10 10 10 10 10 10 10 10 10 10 10 10 10 10 10 10 10 10 10 10 10 8 4 2 -0.491956 -0.377379 -0.414347 -0.403257 -0.406912 -0.405782 -0.406146 -0.406041 -0.406223 -0.407078 -0.410328 -0.417021 -0.426395 -0.437058 -0.442638 -0.443791 -0.442638 -0.437058 -0.426395 -0.417021 -0.410328 -0.407078 -0.406223 -0.406041 -0.406146 -0.405782 -0.406912 -0.403257 -0.414347 -0.377379 -0.491956 
4.2 -12.971 0.489865 2 4 8 10 10 10 10 10 10 10 10 10 10 10 10 10 10 10 10 10 10 10 10 10 10 10 10 10 8 4 2 -0.491956 -0.377379 -0.414347 -0.403257 -0.406912 -0.405781 -0.406146 -0.406046 -0.406277 -0.407357 -0.411103 -0.418199 -0.427664 -0.438218 -0.443053 -0.443592 -0.443053 -0.438218 -0.427664 -0.418199 -0.411103 -0.407357 -0.406277 -0.406046 -0.406146 -0.405781 -0.406912 -0.403257 -0.414347 -0.377379 -0.491956 
4.3 -12.981 0.500595 2 4 8 10 10 10 10 10 10 10 10 10 10 10 10 10 10 10 10 10 10 10 10 10 10 10 10 10 8 4 2 -0.491956 -0.377379 -0.414347 -0.403257 -0.406911 -0.40578 -0.406145 -0.406053 -0.40635 -0.407697 -0.411951 -0.419396 -0.428919 -0.43931 -0.443395 -0.443351 -0.443395 -0.43931 -0.428919 -0.419396 -0.411951 -0.407697 -0.40635 -0.406053 -0.406145 -0.40578 -0.406911 -0.403257 -0.414347 -0.377379 -0.491956 
4.4 -12.9911 0.511047 2 4 8 10 10 10 10 10 10 10 10 10 10 10 10 10 10 10 10 10 10 10 10 10 10 10 10 10 8 4 2 -0.491956 -0.377379 -0.414347 -0.403257 -0.406911 -0.405779 -0.406145 -0.406065 -0.406445 -0.408107 -0.412864 -0.420603 -0.430158 -0.440329 -0.443669 -0.443083 -0.443669 -0.440329 -0.430158 -0.420603 -0.412864 -0.408107 -0.406445 -0.406065 -0.406145 -0.405779 -0.406911 -0.403257 -0.414347 -0.377379 -0.491956 
4.5 -13.0012 0.521235 2 4 8 10 10 10 10 10 10 10 10 10 10 10 11 11 11 10 10 10 10 10 10 10 10 10 10 10 8 4 2 -0.491956 -0.377379 -0.414347 -0.403257 -0.406911 -0.405778 -0.406145 -0.406081 -0.406569 -0.408592 -0.413831 -0.421814 -0.431382 -0.441268 -0.443878 -0.442801 -0.443878 -0.441268 -0.431382 -0.421814 -0.413831 -0.408592 -0.406569 -0.406081 -0.406145 -0.405778 -0.406911 -0.403257 -0.414347 -0.377379 -0.491956 
4.6 -13.0112 0.531171 2 4 8 10 10 10 10 10 10 10 10 10 10 10 11 11 11 10 10 10 10 10 10 10 10 10 10 10 8 4 2 -0.491956 -0.377379 -0.414347 -0.403257 -0.40691 -0.405777 -0.406145 -0.406104 -0.406728 -0.409155 -0.414841 -0.423026 -0.432588 -0.442121 -0.444026 -0.442519 -0.444026 -0.442121 -0.432588 -0.423026 -0.414841 -0.409155 -0.406728 -0.406104 -0.406145 -0.405777 -0.40691 -0.403257 -0.414347 -0.377379 -0.491956 
4.7 -13.0213 0.540874 2 4 8 10 10 10 10 10 10 10 10 10 10 10 11 11 11 10 10 10 10 10 10 10 10 10 10 10 8 4 2 -0.491956 -0.377378 -0.414347 -0.403257 -0.406909 -0.405776 -0.406147 -0.406137 -0.40693 -0.409798 -0.415881 -0.424239 -0.433774 -0.442883 -0.444119 -0.442247 -0.444119 -0.442883 -0.433774 -0.424239 -0.415881 -0.409798 -0.40693 -0.406137 -0.406147 -0.405776 -0.406909 -0.403256 -0.414347 -0.377379 -0.491956 
4.8 -13.0314 0.550359 2 4 8 10 10 10 10 10 10 10 10 10 10 11 11 13 11 11 10 10 10 10 10 10 10 10 10 10 8 4 2 -0.491956 -0.377378 -0.414347 -0.403256 -0.406909 -0.405775 -0.40615 -0.406182 -0.407182 -0.410518 -0.41694 -0.425453 -0.434936 -0.443549 -0.444161 -0.441996 -0.444161 -0.443549 -0.434936 -0.425453 -0.41694 -0.410518 -0.407182 -0.406182 -0.40615 -0.405775 -0.406909 -0.403256 -0.414347 -0.377378 -0.491956 
4.9 -13.0415 0.559645 2 4 8 10 10 10 10 10 10 10 10 10 10 11 13 13 13 11 10 10 10 10 10 10 10 10 10 10 8 4 2 -0.491956 -0.377378 -0.414347 -0.403256 -0.406908 -0.405774 -0.406155 -0.406244 -0.407493 -0.41131 -0.418008 -0.426669 -0.43607 -0.444116 -0.444159 -0.441776 -0.444159 -0.444116 -0.43607 -0.426669 -0.418008 -0.41131 -0.407493 -0.406244 -0.406155 -0.405774 -0.406908 -0.403256 -0.414347 -0.377378 -0.491956 
5 -13.0515 0.568748 2 4 8 10 10 10 10 10 10 10 10 10 10 11 13 13 13 11 10 10 10 10 10 10 10 10 10 10 8 4 2 -0.491956 -0.377378 -0.414347 -0.403255 -0.406907 -0.405773 -0.406164 -0.406326 -0.407868 -0.412165 -0.419079 -0.427887 -0.437169 -0.444582 -0.444117 -0.441593 -0.444117 -0.444582 -0.437169 -0.427887 -0.419079 -0.412165 -0.407868 -0.406326 -0.406164 -0.405773 -0.406907 -0.403255 -0.414347 -0.377378 -0.491956 
5.1 -13.0616 0.577684 2 4 8 10 10 10 10 10 10 10 10 10 10 12 14 14 14 12 10 10 10 10 10 10 10 10 10 10 8 4 2 -0.491956 -0.377378 -0.414347 -0.403255 -0.406906 -0.405772 -0.406177 -0.406434 -0.408315 -0.413073 -0.420148 -0.429109 -0.438226 -0.444946 -0.444043 -0.441454 -0.444043 -0.444946 -0.438226 -0.429109 -0.420148 -0.413073 -0.408315 -0.406434 -0.406177 -0.405772 -0.406906 -0.403255 -0.414347 -0.377378 -0.491956 
5.2 -13.0717 0.586466 2 4 8 10 10 10 10 10 10 10 10 10 11 13 14 15 14 13 11 10 10 10 10 10 10 10 10 10 8 4 2 -0.491956 -0.377378 -0.414347 -0.403254 -0.406905 -0.405771 -0.406196 -0.406576 -0.408836 -0.414022 -0.421214 -0.430334 -0.439235 -0.445209 -0.443942 -0.441362 -0.443943 -0.445209 -0.439235 -0.430334 -0.421214 -0.414022 -0.408836 -0.406576 -0.406196 -0.405771 -0.406905 -0.403254 -0.414347 -0.377378 -0.491956 
5.3 -13.0818 0.595108 2 4 8 10 10 10 10 10 10 10 10 10 11 13 15 15 15 13 11 10 10 10 10 10 10 10 10 10 8 4 2 -0.491956 -0.377378 -0.414346 -0.403254 -0.406903 -0.405772 -0.406224 -0.406757 -0.409433 -0.415 -0.422277 -0.43156 -0.440187 -0.445375 -0.443821 -0.441321 -0.443821 -0.445375 -0.440187 -0.43156 -0.422277 -0.415 -0.409433 -0.406757 -0.406224 -0.405772 -0.406903 -0.403254 -0.414346 -0.377378 -0.491956 
5.4 -13.0919 0.603619 2 4 8 10 10 10 10 10 10 10 10 10 11 14 15 15 15 14 11 10 10 10 10 10 10 10 10 10 8 4 2 -0.491956 -0.377378 -0.414346 -0.403253 -0.406902 -0.405773 -0.406262 -0.406986 -0.410104 -0.415995 -0.423341 -0.432784 -0.441075 -0.445447 -0.443685 -0.441331 -0.443685 -0.445447 -0.441075 -0.432785 -0.423341 -0.415995 -0.410104 -0.406986 -0.406262 -0.405773 -0.406902 -0.403253 -0.414346 -0.377378 -0.491956 
5.5 -13.102 0.612009 2 4 8 10 10 10 10 10 10 10 10 10 12 14 15 17 15 14 12 10 10 10 10 10 10 10 10 10 8 4 2 -0.491956 -0.377378 -0.414346 -0.403252 -0.406901 -0.405776 -0.406316 -0.40727 -0.410843 -0.416998 -0.42441 -0.434001 -0.441892 -0.445433 -0.44354 -0.441392 -0.44354 -0.445433 -0.441892 -0.434001 -0.42441 -0.416998 -0.410843 -0.40727 -0.406316 -0.405776 -0.406901 -0.403252 -0.414346 -0.377378 -0.491956 
5.6 -13.1121 0.620286 2 4 8 10 10 10 10 10 10 10 10 10 12 15 17 17 17 15 12 10 10 10 10 10 10 10 10 10 8 4 2 -0.491956 -0.377378 -0.414346 -0.403251 -0.406899 -0.405783 -0.406388 -0.407617 -0.411643 -0.418001 -0.425487 -0.435204 -0.442632 -0.445338 -0.443392 -0.441501 -0.443392 -0.445338 -0.442632 -0.435204 -0.425487 -0.418001 -0.411643 -0.407617 -0.406388 -0.405783 -0.406899 -0.403251 -0.414346 -0.377378 -0.491956 
5.7 -13.1222 0.628456 2 4 8 10 10 10 10 10 10 10 10 11 13 15 17 17 17 15 13 11 10 10 10 10 10 10 10 10 8 4 2 -0.491957 -0.377378 -0.414345 -0.40325 -0.406898 -0.405792 -0.406484 -0.408032 -0.412491 -0.419001 -0.426578 -0.436384 -0.443288 -0.445173 -0.443244 -0.441655 -0.443244 -0.445173 -0.443288 -0.436384 -0.426578 -0.419001 -0.412491 -0.408032 -0.406484 -0.405792 -0.406898 -0.40325 -0.414345 -0.377378 -0.491956 
5.8 -13.1324 0.636522 2 4 8 10 10 10 10 10 10 10 10 11 14 16 17 19 17 16 14 11 10 10 10 10 10 10 10 10 8 4 2 -0.491957 -0.377377 -0.414345 -0.403248 -0.406897 -0.405808 -0.406611 -0.40852 -0.413377 -0.419995 -0.427684 -0.437532 -0.443858 -0.444947 -0.443102 -0.441849 -0.443102 -0.444947 -0.443858 -0.437532 -0.427684 -0.419995 -0.413377 -0.40852 -0.406611 -0.405808 -0.406897 -0.403248 -0.414345 -0.377377 -0.491957 
5.9 -13.1425 0.644487 2 4 8 10 10 10 10 10 10 10 10 11 14 17 19 19 19 17 14 11 10 10 10 10 10 10 10 10 8 4 2 -0.491957 -0.377377 -0.414345 -0.403247 -0.406897 -0.40583 -0.406774 -0.409082 -0.414288 -0.420985 -0.428808 -0.438639 -0.444339 -0.444671 -0.442969 -0.442077 -0.442969 -0.444671 -0.444339 -0.438639 -0.428808 -0.420985 -0.414288 -0.409082 -0.406774 -0.40583 -0.406897 -0.403247 -0.414345 -0.377377 -0.491957 
6 -13.1526 0.652349 2 4 8 10 10 10 10 10 10 10 10 12 14 17 19 20 19 17 14 12 10 10 10 10 10 10 10 10 8 4 2 -0.491957 -0.377377 -0.414344 -0.403245 -0.406898 -0.405863 -0.406983 -0.409718 -0.41521 -0.421975 -0.42995 -0.439694 -0.444729 -0.444355 -0.442849 -0.442333 -0.442849 -0.444355 -0.444729 -0.439695 -0.42995 -0.421975 -0.41521 -0.409718 -0.406983 -0.405863 -0.406898 -0.403245 -0.414344 -0.377377 -0.491957 
6.1 -13.1628 0.660106 2 4 8 10 10 10 10 10 10 10 10 12 15 17 20 20 19 17 15 12 10 10 10 10 10 10 10 10 8 4 2 -0.491957 -0.377376 -0.414344 -0.403243 -0.406901 -0.405909 -0.407243 -0.410421 -0.416135 -0.422969 -0.431107 -0.440688 -0.445029 -0.444012 -0.442743 -0.442608 -0.442743 -0.444012 -0.445029 -0.440688 -0.431107 -0.422969 -0.416135 -0.410421 -0.407243 -0.405909 -0.406901 -0.403243 -0.414344 -0.377376 -0.491957 
6.2 -13.1729 0.667752 2 4 8 10 10 10 10 10 10 10 11 13 16 18 20 20 20 18 16 13 11 10 10 10 10 10 10 10 8 4 2 -0.491957 -0.377376 -0.414343 -0.403241 -0.406906 -0.405972 -0.407563 -0.411185 -0.417054 -0.423974 -0.432276 -0.441609 -0.445242 -0.443652 -0.442655 -0.442896 -0.442655 -0.443653 -0.445242 -0.441609 -0.432276 -0.423974 -0.417054 -0.411185 -0.407563 -0.405972 -0.406906 -0.403241 -0.414343 -0.377376 -0.491957 
6.3 -13.1831 0.675282 2 4 8 10 10 10 10 10 10 10 11 14 16 19 20 20 20 19 16 14 11 10 10 10 10 10 10 10 8 4 2 -0.491958 -0.377375 -0.414342 -0.403239 -0.406914 -0.406057 -0.407948 -0.411998 -0.417962 -0.424995 -0.433451 -0.44245 -0.44537 -0.443288 -0.442585 -0.443188 -0.442585 -0.443288 -0.44537 -0.44245 -0.433451 -0.424995 -0.417962 -0.411998 -0.407948 -0.406057 -0.406914 -0.403239 -0.414342 -0.377375 -0.491958 
6.4 -13.1932 0.682686 2 4 8 10 10 10 10 10 10 10 11 14 17 19 20 21 20 19 17 14 11 10 10 10 10 10 10 10 8 4 2 -0.491958 -0.377374 -0.414341 -0.403237 -0.406927 -0.40617 -0.408403 -0.41285 -0.418858 -0.426037 -0.434623 -0.443202 -0.445419 -0.442929 -0.442534 -0.443477 -0.442533 -0.442929 -0.445419 -0.443203 -0.434623 -0.426037 -0.418858 -0.41285 -0.408403 -0.40617 -0.406927 -0.403237 -0.414341 -0.377375 -0.491958 
6.5 -13.2034 0.689956 2 4 8 10 10 10 10 10 10 10 11 14 17 20 21 21 21 20 17 14 11 10 10 10 10 10 10 10 8 4 2 -0.491959 -0.377374 -0.414341 -0.403236 -0.406947 -0.406318 -0.408931 -0.413726 -0.419744 -0.427103 -0.435785 -0.44386 -0.445395 -0.442585 -0.442502 -0.443753 -0.442501 -0.442585 -0.445395 -0.443861 -0.435785 -0.427103 -0.419744 -0.413726 -0.408931 -0.406318 -0.406947 -0.403236 -0.414341 -0.377374 -0.491958 
6.6 -13.2135 0.697082 2 4 8 10 10 10 10 10 10 10 12 15 17 20 21 22 21 20 17 15 12 10 10 10 10 10 10 10 8 4 2 -0.491959 -0.377373 -0.41434 -0.403235 -0.406976 -0.406507 -0.409529 -0.414614 -0.420624 -0.428196 -0.436925 -0.444419 -0.445305 -0.442266 -0.442488 -0.444011 -0.442488 -0.442266 -0.445305 -0.44442 -0.436925 -0.428196 -0.420624 -0.414614 -0.409529 -0.406507 -0.406976 -0.403235 -0.41434 -0.377373 -0.491959 
6.7 -13.2237 0.704057 2 4 8 10 10 10 10 10 10 10 12 16 19 20 22 22 22 20 19 16 12 11 10 10 10 10 10 10 8 4 2 -0.49196 -0.377371 -0.414339 -0.403236 -0.407017 -0.406746 -0.410195 -0.415503 -0.421504 -0.429314 -0.438035 -0.444877 -0.445156 -0.44198 -0.442493 -0.444242 -0.442493 -0.44198 -0.445156 -0.444877 -0.438035 -0.429314 -0.421504 -0.415503 -0.410195 -0.406746 -0.407017 -0.403236 -0.414339 -0.377371 -0.49196 
6.8 -13.2339 0.710872 2 4 8 10 10 10 10 10 10 11 14 16 19 20 22 24 22 20 19 16 14 11 10 10 10 10 10 10 8 4 2 -0.491961 -0.37737 -0.414338 -0.403238 -0.407074 -0.407042 -0.410921 -0.416383 -0.42239 -0.430455 -0.439102 -0.445231 -0.444958 -0.441733 -0.442514 -0.444443 -0.442514 -0.441733 -0.444958 -0.445231 -0.439102 -0.430455 -0.42239 -0.416383 -0.410921 -0.407042 -0.407074 -0.403238 -0.414338 -0.37737 -0.491961 
6.9 -13.244 0.717523 2 4 8 10 10 10 10 10 10 11 14 17 19 21 24 24 24 21 19 17 14 11 10 10 10 10 10 10 8 4 2 -0.491962 -0.377368 -0.414338 -0.403243 -0.407151 -0.4074 -0.411696 -0.417251 -0.423291 -0.431616 -0.440117 -0.445484 -0.44472 -0.441531 -0.44255 -0.444606 -0.44255 -0.441531 -0.44472 -0.445484 -0.440117 -0.431616 -0.423291 -0.417251 -0.411696 -0.4074 -0.407151 -0.403243 -0.414338 -0.377368 -0.491962 
7 -13.2542 0.724004 2 4 8 10 10 10 10 10 10 11 14 17 20 22 24 25 24 22 20 17 14 11 10 10 10 10 10 10 8 4 2 -0.491963 -0.377366 -0.414338 -0.403252 -0.407255 -0.407827 -0.412508 -0.418102 -0.424214 -0.43279 -0.441068 -0.445638 -0.44445 -0.441377 -0.442599 -0.444729 -0.442599 -0.441377 -0.44445 -0.445638 -0.441069 -0.43279 -0.424214 -0.418102 -0.412508 -0.407827 -0.407255 -0.403252 -0.414338 -0.377366 -0.491963 
7.1 -13.2644 0.730314 2 4 8 10 10 10 10 10 10 11 15 17 20 22 25 26 25 22 20 17 15 12 10 10 10 10 10 10 8 4 2 -0.491965 -0.377364 -0.414339 -0.403267 -0.407391 -0.408325 -0.413344 -0.418938 -0.425164 -0.433968 -0.441948 -0.445697 -0.444158 -0.441274 -0.442659 -0.444808 -0.442659 -0.441274 -0.444158 -0.445697 -0.441948 -0.433968 -0.425164 -0.418938 -0.413344 -0.408325 -0.407391 -0.403267 -0.414339 -0.377364 -0.491965 
7.2 -13.2746 0.736451 2 4 8 10 10 10 10 10 10 12 15 19 20 22 25 28 25 22 20 19 15 12 10 10 10 10 10 10 8 4 2 -0.491967 -0.377361 -0.414341 -0.403289 -0.407566 -0.408894 -0.414191 -0.419763 -0.426146 -0.435142 -0.442748 -0.445669 -0.443853 -0.441224 -0.442727 -0.444842 -0.442727 -0.441224 -0.443853 -0.445669 -0.442748 -0.435142 -0.426146 -0.419763 -0.414191 -0.408894 -0.407566 -0.403289 -0.414341 -0.377361 -0.491967 
7.3 -13.2848 0.742415 2 4 8 10 10 10 10 10 11 13 16 19 20 24 26 28 26 24 20 19 16 13 11 10 10 10 10 10 8 4 2 -0.491969 -0.377358 -0.414345 -0.403322 -0.407789 -0.40953 -0.415036 -0.420582 -0.427162 -0.436301 -0.443461 -0.44556 -0.443543 -0.441225 -0.442801 -0.444831 -0.442802 -0.441225 -0.443543 -0.445559 -0.443461 -0.436301 -0.427162 -0.420581 -0.415036 -0.40953 -0.407789 -0.403322 -0.414345 -0.377358 -0.491969 
7.4 -13.295 0.748208 2 4 8 10 10 10 10 10 11 14 17 19 21 24 28 29 28 24 21 19 17 14 11 10 10 10 10 10 8 4 2 -0.491973 -0.377354 -0.414351 -0.403368 -0.408065 -0.410226 -0.415871 -0.421402 -0.428214 -0.437434 -0.444082 -0.445379 -0.443237 -0.441277 -0.442879 -0.444776 -0.44288 -0.441276 -0.443237 -0.445379 -0.444082 -0.437434 -0.428214 -0.421402 -0.415871 -0.410226 -0.408065 -0.403368 -0.414351 -0.377354 -0.491973 
7.5 -13.3052 0.753834 2 4 8 10 10 10 10 10 11 14 17 20 22 25 28 30 28 25 22 20 17 14 11 10 10 10 10 10 8 4 2 -0.491977 -0.37735 -0.41436 -0.403432 -0.408403 -0.410974 -0.416687 -0.422233 -0.4293 -0.43853 -0.444608 -0.445136 -0.442941 -0.441375 -0.442959 -0.444678 -0.44296 -0.441375 -0.442942 -0.445136 -0.444608 -0.43853 -0.4293 -0.422233 -0.416687 -0.410974 -0.408403 -0.403432 -0.41436 -0.37735 -0.491977 
7.6 -13.3154 0.759297 2 4 8 10 10 10 10 10 11 14 17 20 22 25 30 31 30 25 22 20 17 14 11 10 10 10 10 10 8 4 2 -0.491982 -0.377346 -0.414375 -0.403519 -0.408807 -0.411762 -0.417481 -0.423081 -0.430415 -0.439576 -0.445036 -0.444843 -0.442663 -0.441517 -0.443037 -0.444541 -0.443038 -0.441516 -0.442663 -0.444842 -0.445037 -0.439576 -0.430415 -0.423081 -0.417481 -0.411762 -0.408807 -0.403519 -0.414375 -0.377346 -0.491982 
7.7 -13.3256 0.764604 2 4 8 10 10 10 10 10 12 15 18 20 23 26 30 31 30 26 23 20 18 15 12 10 10 10 10 10 8 4 2 -0.491988 -0.377341 -0.414395 -0.403635 -0.409281 -0.412574 -0.418254 -0.423955 -0.431555 -0.440564 -0.445367 -0.444508 -0.442408 -0.441696 -0.443113 -0.444369 -0.443114 -0.441695 -0.442408 -0.444508 -0.445368 -0.440564 -0.431555 -0.423955 -0.418254 -0.412574 -0.409281 -0.403635 -0.414395 -0.377341 -0.491988 
7.8 -13.3359 0.769763 2 4 8 10 10 10 10 10 12 16 19 20 23 28 31 32 31 28 23 20 19 16 12 10 10 10 10 10 8 4 2 -0.491995 -0.377336 -0.414425 -0.403787 -0.409826 -0.4134 -0.419009 -0.42486 -0.432712 -0.441482 -0.445603 -0.444145 -0.44218 -0.441908 -0.443183 -0.444167 -0.443184 -0.441907 -0.442181 -0.444145 -0.445603 -0.441482 -0.432712 -0.42486 -0.419009 -0.4134 -0.409826 -0.403787 -0.414425 -0.377336 -0.491995 
7.9 -13.3461 0.774784 2 4 8 10 10 10 10 11 13 16 19 21 25 28 31 34 31 28 25 21 19 16 14 11 10 10 10 10 8 4 2 -0.492005 -0.377331 -0.414466 -0.403982 -0.410438 -0.414224 -0.419751 -0.425801 -0.433877 -0.442322 -0.445745 -0.443764 -0.441984 -0.442144 -0.443247 -0.443939 -0.443248 -0.442143 -0.441985 -0.443764 -0.445746 -0.442322 -0.433877 -0.425801 -0.419751 -0.414224 -0.410438 -0.403982 -0.414466 -0.377331 -0.492005 
8 -13.3563 0.779678 2 4 8 10 10 10 10 11 14 17 19 22 25 29 33 35 33 29 25 22 19 17 14 11 10 10 10 10 8 4 2 -0.492017 -0.377326 -0.414521 -0.404226 -0.411112 -0.415037 -0.420489 -0.42678 -0.435041 -0.443076 -0.4458 -0.443377 -0.441823 -0.442399 -0.443302 -0.443694 -0.443303 -0.442398 -0.441824 -0.443376 -0.4458 -0.443076 -0.435041 -0.426779 -0.420489 -0.415037 -0.411112 -0.404226 -0.414521 -0.377326 -0.492017 
8.1 -13.3666 0.78446 2 4 8 10 10 10 10 11 14 17 20 22 25 30 34 36 34 30 25 22 20 17 14 11 10 10 10 10 8 4 2 -0.492032 -0.377321 -0.414597 -0.404527 -0.411838 -0.41583 -0.421229 -0.427797 -0.436192 -0.443738 -0.445773 -0.442992 -0.441698 -0.442665 -0.443348 -0.443436 -0.443349 -0.442663 -0.441699 -0.442992 -0.445773 -0.443737 -0.436192 -0.427796 -0.421229 -0.41583 -0.411838 -0.404527 -0.414597 -0.377321 -0.492032 
8.2 -13.3768 0.789142 2 4 8 10 10 10 10 11 15 17 20 23 27 31 35 38 35 31 27 23 20 17 15 11 10 10 10 10 8 4 2 -0.492051 -0.377318 -0.414697 -0.404891 -0.412606 -0.416599 -0.421983 -0.42885 -0.437319 -0.444303 -0.445671 -0.442621 -0.44161 -0.442934 -0.443384 -0.443173 -0.443385 -0.442933 -0.441611 -0.442621 -0.445672 -0.444303 -0.437319 -0.42885 -0.421983 -0.416599 -0.412606 -0.404891 -0.414697 -0.377318 -0.492051 
8.3 -13.3871 0.793741 2 4 8 10 10 10 10 12 15 19 20 23 27 31 37 38 37 31 27 23 20 19 15 12 10 10 10 10 8 4 2 -0.492074 -0.377317 -0.414827 -0.405321 -0.413401 -0.417343 -0.422758 -0.429937 -0.438412 -0.444769 -0.445503 -0.442272 -0.44156 -0.443199 -0.443409 -0.442912 -0.44341 -0.443198 -0.441561 -0.442272 -0.445503 -0.444769 -0.438412 -0.429936 -0.422758 -0.417343 -0.413401 -0.405321 -0.414827 -0.377317 -0.492074 
8.4 -13.3974 0.798269 2 4 8 10 10 10 10 12 16 19 21 25 29 32 38 39 38 32 29 25 21 19 16 12 10 10 10 10 8 4 2 -0.492103 -0.377319 -0.414996 -0.405819 -0.414208 -0.418063 -0.423562 -0.43105 -0.439459 -0.445135 -0.445277 -0.441953 -0.441546 -0.443453 -0.443423 -0.442659 -0.443423 -0.443452 -0.441546 -0.441953 -0.445278 -0.445135 -0.439459 -0.43105 -0.423562 -0.418063 -0.414208 -0.405819 -0.414996 -0.377319 -0.492103 
8.5 -13.4077 0.802743 2 4 8 10 10 10 11 13 16 19 21 25 29 34 39 40 39 34 29 25 21 19 17 13 11 10 10 10 8 4 2 -0.49214 -0.377326 -0.415209 -0.406383 -0.415015 -0.418765 -0.424402 -0.432184 -0.44045 -0.445402 -0.445003 -0.44167 -0.441567 -0.443689 -0.443425 -0.44242 -0.443426 -0.443689 -0.441567 -0.44167 -0.445003 -0.445401 -0.44045 -0.432184 -0.424402 -0.418765 -0.415015 -0.406383 -0.415209 -0.377326 -0.49214 
8.6 -13.418 0.807176 2 4 8 10 10 10 11 14 17 20 22 25 30 34 39 41 39 34 30 25 22 20 17 14 11 10 10 10 8 4 2 -0.492186 -0.377341 -0.415476 -0.407007 -0.41581 -0.419455 -0.425282 -0.433328 -0.441375 -0.445571 -0.44469 -0.441429 -0.44162 -0.443903 -0.443417 -0.442201 -0.443417 -0.443902 -0.44162 -0.441429 -0.444691 -0.445571 -0.441375 -0.433328 -0.425282 -0.419455 -0.41581 -0.407007 -0.415476 -0.377341 -0.492186 
8.7 -13.4283 0.81158 2 4 8 10 10 10 11 14 17 20 23 27 31 35 40 43 40 35 31 27 23 20 17 14 11 10 10 10 8 4 2 -0.492243 -0.377365 -0.415803 -0.407685 -0.416582 -0.420142 -0.426205 -0.434474 -0.442226 -0.445648 -0.444349 -0.441235 -0.441702 -0.444087 -0.443399 -0.442007 -0.443399 -0.444087 -0.441702 -0.441235 -0.444349 -0.445647 -0.442226 -0.434474 -0.426205 -0.420142 -0.416582 -0.407685 -0.415803 -0.377365 -0.492243 
8.8 -13.4386 0.815966 2 4 8 10 10 10 11 15 17 20 23 27 32 37 42 43 42 37 32 27 23 20 17 15 11 10 10 10 8 4 2 -0.492315 -0.377402 -0.416196 -0.408405 -0.417325 -0.420836 -0.427172 -0.435611 -0.442995 -0.445637 -0.443989 -0.44109 -0.441811 -0.444238 -0.443371 -0.441843 -0.44337 -0.444239 -0.441811 -0.44109 -0.443989 -0.445637 -0.442995 -0.435612 -0.427171 -0.420836 -0.417325 -0.408405 -0.416196 -0.377402 -0.492315 
8.9 -13.449 0.820345 2 4 8 10 10 10 12 15 19 20 24 29 32 37 43 45 43 38 32 29 24 20 19 15 12 10 10 10 8 4 2 -0.492405 -0.377457 -0.41666 -0.409153 -0.418037 -0.421545 -0.42818 -0.436728 -0.443676 -0.445546 -0.443619 -0.440995 -0.441942 -0.444353 -0.443334 -0.441712 -0.443333 -0.444354 -0.441941 -0.440996 -0.443619 -0.445546 -0.443676 -0.436729 -0.42818 -0.421546 -0.418037 -0.409153 -0.41666 -0.377457 -0.492405 
9 -13.4593 0.824725 2 4 8 10 10 10 13 15 19 21 25 29 34 39 44 45 43 39 34 29 25 21 19 15 13 10 10 10 8 4 2 -0.492517 -0.377533 -0.417197 -0.409916 -0.418718 -0.422279 -0.429228 -0.437814 -0.444265 -0.445383 -0.443249 -0.440952 -0.44209 -0.444429 -0.44329 -0.441616 -0.443289 -0.44443 -0.442089 -0.440952 -0.443249 -0.445382 -0.444265 -0.437814 -0.429227 -0.422279 -0.418718 -0.409916 -0.417197 -0.377533 -0.492517 
9.1 -13.4697 0.829112 2 4 8 10 10 11 14 17 19 21 25 30 34 41 45 48 45 41 34 30 25 21 19 17 14 11 10 10 8 4 2 -0.492656 -0.377637 -0.417806 -0.41068 -0.419373 -0.423044 -0.430309 -0.438857 -0.444759 -0.445156 -0.442887 -0.440959 -0.442251 -0.444464 -0.44324 -0.441558 -0.443239 -0.444466 -0.442251 -0.440959 -0.442887 -0.445156 -0.444758 -0.438858 -0.430309 -0.423044 -0.419373 -0.41068 -0.417806 -0.377637 -0.492656 
9.2 -13.4801 0.833511 2 4 8 10 10 11 14 17 20 22 27 31 36 41 45 49 45 41 36 31 27 22 20 17 14 11 10 10 8 4 2 -0.492828 -0.377773 -0.418481 -0.411433 -0.420007 -0.423846 -0.431418 -0.439848 -0.445156 -0.444875 -0.442541 -0.441013 -0.442422 -0.44446 -0.443185 -0.441537 -0.443184 -0.444461 -0.442421 -0.441014 -0.442541 -0.444876 -0.445155 -0.439849 -0.431417 -0.423846 -0.420007 -0.411433 -0.418481 -0.377773 -0.492828 
9.3 -13.4905 0.837925 2 4 8 10 10 11 14 17 20 23 27 32 38 43 47 51 47 43 38 32 27 23 20 17 14 11 10 10 8 4 2 -0.493041 -0.377946 -0.419214 -0.412164 -0.42063 -0.42469 -0.432546 -0.440777 -0.445457 -0.444552 -0.442217 -0.441113 -0.442596 -0.444416 -0.443127 -0.441554 -0.443125 -0.444417 -0.442595 -0.441113 -0.442217 -0.444552 -0.445456 -0.440778 -0.432545 -0.42469 -0.42063 -0.412164 -0.419214 -0.377946 -0.493041 
9.4 -13.5009 0.842355 2 4 8 10 10 11 14 17 20 23 27 32 39 43 49 52 49 43 39 32 28 23 20 17 14 11 10 10 8 4 2 -0.493302 -0.378161 -0.419993 -0.412866 -0.421249 -0.425577 -0.433684 -0.441634 -0.445664 -0.444195 -0.441922 -0.441253 -0.44277 -0.444334 -0.443066 -0.441608 -0.443065 -0.444336 -0.442769 -0.441254 -0.441922 -0.444196 -0.445663 -0.441636 -0.433684 -0.425577 -0.42125 -0.412866 -0.419993 -0.378161 -0.493302 
9.5 -13.5114 0.846801 2 4 8 10 10 13 16 19 20 25 29 33 40 44 50 54 50 44 40 34 29 25 20 19 16 13 10 10 8 4 2 -0.493622 -0.378421 -0.420803 -0.413536 -0.421876 -0.426508 -0.434823 -0.442413 -0.44578 -0.443816 -0.44166 -0.44143 -0.442939 -0.444217 -0.443005 -0.441695 -0.443004 -0.444219 -0.442938 -0.44143 -0.44166 -0.443817 -0.445779 -0.442414 -0.434822 -0.426507 -0.421876 -0.413536 -0.420803 -0.378421 -0.493622 
9.6 -13.5218 0.851261 2 4 8 10 11 13 16 19 21 25 29 35 41 46 51 54 51 46 41 35 29 25 21 19 16 13 11 10 8 4 2 -0.49401 -0.378727 -0.421628 -0.414173 -0.42252 -0.42748 -0.435951 -0.443106 -0.44581 -0.443425 -0.441436 -0.441636 -0.443099 -0.44407 -0.442945 -0.441814 -0.442944 -0.444071 -0.443098 -0.441636 -0.441436 -0.443426 -0.445809 -0.443107 -0.435951 -0.42748 -0.42252 -0.414173 -0.421628 -0.378727 -0.49401 
9.7 -13.5323 0.85573 2 4 8 10 11 13 16 19 21 26 30 36 42 47 53 56 53 47 42 36 30 27 21 19 16 13 11 10 8 4 2 -0.494477 -0.379076 -0.42245 -0.414781 -0.423188 -0.428491 -0.437059 -0.443708 -0.44576 -0.443032 -0.441253 -0.441866 -0.443247 -0.443895 -0.442887 -0.44196 -0.442886 -0.443896 -0.443247 -0.441866 -0.441253 -0.443033 -0.445758 -0.44371 -0.437059 -0.42849 -0.423188 -0.414781 -0.42245 -0.379077 -0.494477 
9.8 -13.5428 0.860205 2 4 8 10 11 14 17 20 22 27 32 38 43 48 54 57 54 48 43 38 32 27 22 20 17 14 11 10 8 4 2 -0.495034 -0.379466 -0.423255 -0.415366 -0.423889 -0.429534 -0.438136 -0.444217 -0.445636 -0.442646 -0.441112 -0.442113 -0.44338 -0.443698 -0.442832 -0.442129 -0.442831 -0.443699 -0.44338 -0.442113 -0.441112 -0.442647 -0.445635 -0.444218 -0.438136 -0.429533 -0.423889 -0.415366 -0.423255 -0.379466 -0.495034 
9.9 -13.5532 0.864679 2 4 8 10 12 14 17 20 23 27 32 39 45 49 55 58 55 49 45 39 32 27 23 20 17 14 12 10 8 4 2 -0.495691 -0.379886 -0.424028 -0.415934 -0.424628 -0.430603 -0.439171 -0.44463 -0.445447 -0.442276 -0.441015 -0.442371 -0.443495 -0.443485 -0.442781 -0.442316 -0.44278 -0.443486 -0.443494 -0.442372 -0.441015 -0.442277 -0.445446 -0.444631 -0.439172 -0.430602 -0.424628 -0.415934 -0.424028 -0.379886 -0.49569 
10 -13.5636 0.869146 2 4 8 11 12 15 18 20 23 29 32 40 45 50 56 60 56 50 45 40 32 29 23 20 19 15 12 11 8 4 2 -0.496455 -0.380328 -0.424758 -0.416496 -0.42541 -0.43169 -0.440155 -0.444948 -0.445201 -0.441931 -0.440962 -0.442633 -0.443589 -0.443261 -0.442736 -0.442517 -0.442735 -0.443261 -0.443589 -0.442633 -0.440961 -0.441931 -0.4452 -0.444948 -0.440156 -0.431688 -0.42541 -0.416496 -0.424758 -0.380329 -0.496455 
10.1 -13.574 0.873597 2 4 8 11 12 15 19 21 25 29 35 41 46 53 58 62 58 53 46 41 36 29 25 21 19 15 12 11 8 4 2 -0.497332 -0.380779 -0.425437 -0.417061 -0.426237 -0.432785 -0.441078 -0.44517 -0.444908 -0.441616 -0.440951 -0.442892 -0.443662 -0.443031 -0.442696 -0.442724 -0.442696 -0.443031 -0.443662 -0.442892 -0.440951 -0.441616 -0.444907 -0.44517 -0.44108 -0.432783 -0.426238 -0.417061 -0.425437 -0.38078 -0.497332 
10.2 -13.5843 0.878024 2 4 8 11 14 15 19 21 25 30 36 42 48 54 59 62 59 54 48 42 36 30 25 21 19 15 13 11 8 4 2 -0.498324 -0.381226 -0.426061 -0.417638 -0.427111 -0.433878 -0.441933 -0.4453 -0.444576 -0.441337 -0.440982 -0.443141 -0.443712 -0.442803 -0.442663 -0.442934 -0.442663 -0.442803 -0.443712 -0.443141 -0.440981 -0.441338 -0.444576 -0.445299 -0.441936 -0.433876 -0.427111 -0.417638 -0.426061 -0.381226 -0.498324 
10.3 -13.5945 0.88242 2 4 8 11 14 17 20 22 27 32 38 43 49 55 60 64 60 55 49 43 38 32 27 22 20 17 14 11 8 4 2 -0.499424 -0.381653 -0.426629 -0.418236 -0.428029 -0.434959 -0.442713 -0.445343 -0.444215 -0.4411 -0.441051 -0.443374 -0.44374 -0.44258 -0.442638 -0.44314 -0.442638 -0.44258 -0.44374 -0.443374 -0.44105 -0.4411 -0.444216 -0.445341 -0.442716 -0.434957 -0.428029 -0.418236 -0.426629 -0.381653 -0.499424 
10.4 -13.6046 0.886775 2 4 8 11 15 17 20 23 27 32 38 45 50 56 62 65 62 56 51 45 38 32 27 23 20 17 15 11 8 4 2 -0.500623 -0.38205 -0.427146 -0.418862 -0.42899 -0.436017 -0.443411 -0.445303 -0.443836 -0.440908 -0.441155 -0.443586 -0.443744 -0.44237 -0.442619 -0.443337 -0.44262 -0.442369 -0.443744 -0.443587 -0.441155 -0.440908 -0.443837 -0.4453 -0.443415 -0.436015 -0.42899 -0.418862 -0.427146 -0.38205 -0.500623 
10.5 -13.6145 0.891081 2 4 8 12 15 18 20 23 27 32 39 45 53 59 63 68 63 59 53 45 39 32 27 23 20 18 15 12 8 4 2 -0.501903 -0.382405 -0.427615 -0.419522 -0.429989 -0.437041 -0.444023 -0.445186 -0.443447 -0.440763 -0.441292 -0.443772 -0.443726 -0.442176 -0.442608 -0.44352 -0.442609 -0.442175 -0.443727 -0.443773 -0.441291 -0.440762 -0.443448 -0.445183 -0.444027 -0.437038 -0.42999 -0.419523 -0.427615 -0.382405 -0.501903 
10.6 -13.6241 0.895331 2 4 8 13 16 18 20 24 29 34 42 46 53 59 64 70 64 59 53 46 42 34 29 25 20 18 16 13 8 4 2 -0.50324 -0.382711 -0.428046 -0.42022 -0.431022 -0.438019 -0.444546 -0.445002 -0.443057 -0.440666 -0.441455 -0.443928 -0.443688 -0.442004 -0.442604 -0.443684 -0.442605 -0.442002 -0.443688 -0.443929 -0.441454 -0.440666 -0.443059 -0.444998 -0.444551 -0.438017 -0.431022 -0.42022 -0.428046 -0.382712 -0.50324 
10.7 -13.6334 0.899518 2 4 8 13 16 18 21 25 29 35 42 48 54 60 66 71 67 60 55 48 42 35 29 25 21 19 16 13 8 4 2 -0.504604 -0.382966 -0.428446 -0.420957 -0.432083 -0.438943 -0.444978 -0.444757 -0.442674 -0.440618 -0.441641 -0.44405 -0.44363 -0.441856 -0.442607 -0.443826 -0.442608 -0.441855 -0.44363 -0.444051 -0.44164 -0.440617 -0.442677 -0.444752 -0.444983 -0.438941 -0.432083 -0.420958 -0.428446 -0.382966 -0.504604 
10.8 -13.6424 0.903635 2 4 8 13 17 19 21 25 30 37 44 48 57 62 67 71 67 62 57 48 44 37 30 25 21 19 17 13 8 4 2 -0.505961 -0.383168 -0.428825 -0.421733 -0.433163 -0.439802 -0.445319 -0.444461 -0.442307 -0.440618 -0.441844 -0.444137 -0.443555 -0.441736 -0.442617 -0.443941 -0.442618 -0.441735 -0.443556 -0.444138 -0.441844 -0.440617 -0.44231 -0.444456 -0.445324 -0.4398 -0.433163 -0.421733 -0.428825 -0.383168 -0.505961 
10.9 -13.651 0.907677 2 4 8 13 17 19 21 27 32 38 44 50 59 64 69 73 70 64 58 51 44 38 32 27 21 19 17 13 8 4 2 -0.507275 -0.383322 -0.429192 -0.422545 -0.434255 -0.440586 -0.445569 -0.444123 -0.441962 -0.440663 -0.44206 -0.444186 -0.443466 -0.441647 -0.442633 -0.444028 -0.442635 -0.441646 -0.443466 -0.444187 -0.442059 -0.440662 -0.441965 -0.444118 -0.445574 -0.440585 -0.434255 -0.422545 -0.429192 -0.383322 -0.507275 
11 -13.6591 0.91164 2 4 8 14 17 20 22 27 32 38 45 52 59 65 70 74 71 65 58 52 45 38 32 27 22 20 17 14 8 4 2 -0.508509 -0.383436 -0.429556 -0.423387 -0.435352 -0.44129 -0.445732 -0.443753 -0.441645 -0.440751 -0.442283 -0.444198 -0.443364 -0.44159 -0.442655 -0.444084 -0.442656 -0.441589 -0.443364 -0.444199 -0.442282 -0.44075 -0.441649 -0.443747 -0.445737 -0.441289 -0.435351 -0.423387 -0.429556 -0.383436 -0.508509 
11.1 -13.6666 0.915523 2 4 8 14 19 20 23 29 34 41 47 54 61 67 72 76 73 67 62 54 47 41 34 29 24 20 19 14 8 4 2 -0.509628 -0.38352 -0.429926 -0.424253 -0.436444 -0.441905 -0.445811 -0.44336 -0.441363 -0.440878 -0.442508 -0.444173 -0.443253 -0.441566 -0.442682 -0.444109 -0.442682 -0.441565 -0.443252 -0.444174 -0.442507 -0.440876 -0.441366 -0.443354 -0.445815 -0.441904 -0.436443 -0.424253 -0.429927 -0.38352 -0.509628 
11.2 -13.6736 0.919323 2 4 8 14 19 21 24 29 34 42 47 55 62 70 74 78 74 70 62 55 47 42 35 29 24 21 19 14 8 4 2 -0.510603 -0.383585 -0.43031 -0.425133 -0.437522 -0.442426 -0.44581 -0.442953 -0.441118 -0.441039 -0.442729 -0.444112 -0.443135 -0.441574 -0.442712 -0.444101 -0.442712 -0.441574 -0.443135 -0.444113 -0.442728 -0.441037 -0.441122 -0.442948 -0.445813 -0.442426 -0.437522 -0.425133 -0.430311 -0.383585 -0.510603 
11.3 -13.68 0.923042 2 4 8 15 19 21 24 29 36 43 48 57 65 71 76 79 77 71 65 57 49 43 36 29 25 21 19 15 8 4 2 -0.511411 -0.383643 -0.430716 -0.426018 -0.438579 -0.44285 -0.445735 -0.442542 -0.440916 -0.441229 -0.442942 -0.444017 -0.443014 -0.441615 -0.442745 -0.444062 -0.442745 -0.441615 -0.443013 -0.444018 -0.442942 -0.441228 -0.440919 -0.442537 -0.445738 -0.442851 -0.438578 -0.426017 -0.430717 -0.383643 -0.511411 
11.4 -13.6858 0.926682 2 4 8 15 20 22 26 30 37 44 51 59 66 73 76 80 77 73 66 59 51 45 37 31 26 22 20 15 8 4 2 -0.512037 -0.383707 -0.431149 -0.426893 -0.439604 -0.443174 -0.445594 -0.442135 -0.440757 -0.441443 -0.443142 -0.443892 -0.442892 -0.441685 -0.44278 -0.443993 -0.44278 -0.441686 -0.442891 -0.443893 -0.443142 -0.441442 -0.44076 -0.442131 -0.445596 -0.443175 -0.439604 -0.426892 -0.43115 -0.383707 -0.512037 
11.5 -13.6909 0.930245 2 4 8 15 20 22 27 32 39 45 52 59 67 75 79 82 78 75 67 59 52 45 39 32 27 22 20 15 8 4 2 -0.512475 -0.383786 -0.431617 -0.427747 -0.44059 -0.443397 -0.445393 -0.441739 -0.440644 -0.441675 -0.443326 -0.44374 -0.442772 -0.441784 -0.442816 -0.443896 -0.442815 -0.441784 -0.442771 -0.443741 -0.443326 -0.441674 -0.440646 -0.441737 -0.445395 -0.443398 -0.44059 -0.427746 -0.431618 -0.383786 -0.512475 
11.6 -13.6954 0.933736 2 4 8 16 20 23 28 32 40 47 54 61 69 75 80 83 81 75 69 61 54 47 40 32 28 23 20 16 8 4 2 -0.51273 -0.383891 -0.432125 -0.428564 -0.44153 -0.443519 -0.445141 -0.441364 -0.440577 -0.441918 -0.443489 -0.443565 -0.442658 -0.441907 -0.442851 -0.443774 -0.442851 -0.441908 -0.442657 -0.443566 -0.443489 -0.441917 -0.440578 -0.441362 -0.445141 -0.443521 -0.44153 -0.428562 -0.432126 -0.383891 -0.51273 
11.7 -13.6994 0.93716 2 4 8 16 21 24 28 33 42 47 56 63 71 78 82 85 82 78 71 63 56 47 42 34 28 24 21 16 8 4 2 -0.512813 -0.384026 -0.43268 -0.429329 -0.442416 -0.443542 -0.444846 -0.441013 -0.440555 -0.442166 -0.443629 -0.443373 -0.44255 -0.442051 -0.442886 -0.44363 -0.442885 -0.442053 -0.442549 -0.443373 -0.443629 -0.442166 -0.440556 -0.441013 -0.444845 -0.443544 -0.442416 -0.429327 -0.432681 -0.384025 -0.512813 
11.8 -13.7028 0.940523 2 4 8 16 21 25 29 35 42 48 56 63 72 79 83 88 84 79 73 63 56 49 42 36 29 25 21 16 8 4 2 -0.512746 -0.384194 -0.433287 -0.430026 -0.443241 -0.443469 -0.444516 -0.440694 -0.440578 -0.442414 -0.443743 -0.443167 -0.442453 -0.442213 -0.442918 -0.443468 -0.442917 -0.442215 -0.442452 -0.443167 -0.443743 -0.442413 -0.440578 -0.440695 -0.444514 -0.443471 -0.443242 -0.430024 -0.433288 -0.384194 -0.512746 
11.9 -13.7057 0.943834 2 4 8 16 21 25 30 36 44 50 59 66 75 81 86 89 86 81 74 66 59 50 44 36 30 25 21 16 8 4 2 -0.512553 -0.384394 -0.433952 -0.43064 -0.444 -0.443304 -0.44416 -0.44041 -0.440643 -0.442654 -0.443829 -0.442954 -0.442367 -0.442388 -0.442948 -0.443292 -0.442946 -0.44239 -0.442365 -0.442954 -0.44383 -0.442654 -0.440642 -0.440412 -0.444157 -0.443306 -0.444002 -0.430637 -0.433953 -0.384394 -0.512553 
12 -13.7081 0.947099 2 4 8 16 22 26 30 38 45 52 60 67 75 82 88 91 89 82 75 67 60 52 45 38 31 26 22 16 8 4 2 -0.512267 -0.384622 -0.434682 -0.431155 -0.444689 -0.443052 -0.443787 -0.440164 -0.440748 -0.44288 -0.443887 -0.442739 -0.442294 -0.44257 -0.442974 -0.443107 -0.442972 -0.442573 -0.442293 -0.442739 -0.443888 -0.442881 -0.440746 -0.440167 -0.443783 -0.443054 -0.444691 -0.431152 -0.434683 -0.384622 -0.512267 
12.1 -13.7102 0.950327 2 4 8 16 23 28 31 39 46 54 61 68 77 85 90 93 90 85 78 68 62 54 46 39 31 28 23 16 8 4 2 -0.511923 -0.384868 -0.435484 -0.431556 -0.445303 -0.44272 -0.443405 -0.43996 -0.440889 -0.443089 -0.443916 -0.442527 -0.442236 -0.442756 -0.442995 -0.442917 -0.442993 -0.442759 -0.442235 -0.442526 -0.443916 -0.44309 -0.440886 -0.439964 -0.443401 -0.442722 -0.445305 -0.431553 -0.435484 -0.384869 -0.511924 
12.2 -13.7119 0.953527 2 4 8 16 23 28 33 41 47 55 63 71 79 86 92 95 92 86 79 71 63 55 47 41 33 28 23 16 8 4 2 -0.511559 -0.38512 -0.436363 -0.431829 -0.44584 -0.442314 -0.443022 -0.439797 -0.441062 -0.443274 -0.443915 -0.442323 -0.442193 -0.44294 -0.443012 -0.442727 -0.44301 -0.442943 -0.442192 -0.442322 -0.443916 -0.443275 -0.441057 -0.439803 -0.443017 -0.442316 -0.445843 -0.431826 -0.436363 -0.385121 -0.511559 
12.3 -13.7132 0.956707 2 4 8 16 23 29 35 41 48 57 65 71 82 88 93 96 93 88 82 72 65 57 48 42 35 29 23 16 8 4 2 -0.511212 -0.385361 -0.437327 -0.431962 -0.446299 -0.441842 -0.442646 -0.439678 -0.441261 -0.443431 -0.443888 -0.442131 -0.442167 -0.443119 -0.443024 -0.442543 -0.443022 -0.443121 -0.442165 -0.44213 -0.443888 -0.443433 -0.441257 -0.439684 -0.44264 -0.441844 -0.446302 -0.431958 -0.437327 -0.385362 -0.511212 
12.4 -13.7144 0.959878 2 4 8 16 25 31 35 43 49 58 66 76 83 89 95 99 95 89 83 76 66 58 50 43 35 31 25 16 8 4 2 -0.510921 -0.385571 -0.438383 -0.431942 -0.446679 -0.441311 -0.442283 -0.4396 -0.441484 -0.443558 -0.443833 -0.441956 -0.442156 -0.443286 -0.44303 -0.442367 -0.443029 -0.443288 -0.442155 -0.441956 -0.443834 -0.44356 -0.441478 -0.439607 -0.442278 -0.441313 -0.446681 -0.43194 -0.438382 -0.385572 -0.510921 
12.5 -13.7153 0.963048 2 4 8 16 25 31 36 44 51 60 68 77 86 92 97 101 97 92 86 77 68 60 51 44 37 31 25 16 8 4 2 -0.510723 -0.385727 -0.439536 -0.431762 -0.44698 -0.440729 -0.441941 -0.439562 -0.441723 -0.44365 -0.443755 -0.441802 -0.442161 -0.443438 -0.443031 -0.442206 -0.44303 -0.44344 -0.44216 -0.441802 -0.443755 -0.443652 -0.441717 -0.439569 -0.441935 -0.440731 -0.446983 -0.43176 -0.439535 -0.385728 -0.510724 
12.6 -13.716 0.966225 2 4 8 16 25 32 39 46 52 61 69 79 86 94 98 102 99 94 86 79 69 61 53 46 39 32 25 16 8 4 2 -0.510657 -0.385804 -0.440793 -0.431413 -0.447206 -0.440104 -0.441625 -0.439561 -0.441974 -0.443705 -0.443655 -0.441672 -0.442182 -0.443571 -0.443027 -0.442061 -0.443026 -0.443573 -0.442181 -0.441672 -0.443655 -0.443708 -0.441968 -0.439569 -0.441619 -0.440105 -0.447209 -0.431412 -0.440791 -0.385806 -0.510657 
12.7 -13.7165 0.969418 2 4 8 16 26 33 39 46 54 63 71 81 88 96 101 105 102 96 88 81 71 64 54 46 39 33 26 16 8 4 2 -0.510756 -0.385776 -0.442158 -0.430892 -0.447359 -0.439443 -0.441341 -0.439593 -0.442231 -0.443724 -0.443537 -0.441569 -0.442217 -0.443683 -0.443018 -0.441937 -0.443018 -0.443684 -0.442217 -0.441569 -0.443537 -0.443726 -0.442224 -0.439601 -0.441335 -0.439444 -0.447361 -0.430891 -0.442156 -0.385777 -0.510756 
12.8 -13.717 0.972632 2 4 8 16 26 34 41 48 56 64 73 81 89 98 104 107 104 98 89 81 74 64 56 48 41 34 26 16 8 4 2 -0.511053 -0.385613 -0.443637 -0.430193 -0.447443 -0.438753 -0.441091 -0.439655 -0.442488 -0.443704 -0.443404 -0.441493 -0.442266 -0.443769 -0.443005 -0.441836 -0.443005 -0.44377 -0.442265 -0.441493 -0.443403 -0.443707 -0.442481 -0.439663 -0.441086 -0.438754 -0.447444 -0.430194 -0.443633 -0.385615 -0.511053 
12.9 -13.7173 0.975874 2 4 8 16 27 35 43 50 57 65 75 83 92 101 106 110 106 101 92 84 75 66 57 50 43 35 27 16 8 4 2 -0.511578 -0.385288 -0.445231 -0.429319 -0.447462 -0.43804 -0.440881 -0.43974 -0.44274 -0.443647 -0.443259 -0.441447 -0.442326 -0.443829 -0.442987 -0.44176 -0.442988 -0.443829 -0.442325 -0.441447 -0.443258 -0.44365 -0.442734 -0.439748 -0.440876 -0.438042 -0.447462 -0.429321 -0.445227 -0.38529 -0.511578 
13 -13.7176 0.979147 2 4 8 16 27 37 44 50 59 67 77 86 94 103 107 112 107 103 94 87 78 67 59 51 44 37 27 16 8 4 2 -0.512357 -0.384773 -0.446943 -0.428269 -0.447424 -0.437312 -0.440713 -0.439844 -0.442982 -0.443554 -0.443106 -0.44143 -0.442395 -0.44386 -0.442966 -0.441711 -0.442967 -0.44386 -0.442395 -0.441431 -0.443105 -0.443556 -0.442976 -0.439851 -0.440707 -0.437314 -0.447423 -0.428273 -0.446938 -0.384774 -0.512357 
13.1 -13.7178 0.982454 2 4 8 16 27 37 45 52 61 69 79 88 96 106 110 115 110 106 96 88 79 69 61 53 45 37 27 16 8 4 2 -0.513416 -0.384039 -0.448774 -0.42705 -0.447335 -0.436573 -0.440588 -0.439959 -0.443209 -0.443426 -0.44295 -0.441442 -0.442473 -0.443863 -0.442941 -0.44169 -0.442943 -0.443862 -0.442473 -0.441443 -0.442949 -0.443428 -0.443204 -0.439966 -0.440583 -0.436576 -0.447333 -0.427055 -0.448768 -0.384041 -0.513416 
13.2 -13.7179 0.985797 2 4 8 16 27 38 47 54 63 71 82 90 98 108 112 117 112 107 98 90 82 71 63 54 47 38 27 16 8 4 2 -0.514775 -0.383062 -0.450722 -0.425665 -0.447203 -0.435828 -0.440507 -0.440079 -0.443417 -0.443267 -0.442794 -0.441482 -0.442557 -0.443838 -0.442914 -0.441696 -0.442917 -0.443835 -0.442557 -0.441483 -0.442792 -0.443269 -0.443412 -0.440085 -0.440502 -0.435832 -0.447199 -0.425672 -0.450715 -0.383064 -0.514775 
13.3 -13.718 0.989176 2 4 8 16 29 40 47 55 63 73 84 92 102 110 116 119 115 110 102 92 84 74 63 55 47 40 29 16 8 4 2 -0.51645 -0.381819 -0.452785 -0.424125 -0.447036 -0.435082 -0.440471 -0.440198 -0.443601 -0.443079 -0.442641 -0.441548 -0.442644 -0.443784 -0.442886 -0.441729 -0.442889 -0.443781 -0.442645 -0.441549 -0.442639 -0.443081 -0.443597 -0.440203 -0.440466 -0.435086 -0.44703 -0.424133 -0.452778 -0.381821 -0.51645 
13.4 -13.7181 0.992589 2 4 8 16 29 40 49 57 65 75 86 94 104 112 116 121 117 111 104 94 86 75 65 57 49 40 29 16 8 4 2 -0.518456 -0.380289 -0.45496 -0.422438 -0.446843 -0.434336 -0.440478 -0.440307 -0.443759 -0.442867 -0.442495 -0.441637 -0.442733 -0.443704 -0.442857 -0.441788 -0.44286 -0.443701 -0.442734 -0.441638 -0.442494 -0.442869 -0.443756 -0.440312 -0.440474 -0.434341 -0.446836 -0.422448 -0.454953 -0.380291 -0.518456 
13.5 -13.7182 0.996033 2 4 8 16 29 42 49 59 68 77 86 96 105 114 118 123 119 113 105 97 87 77 68 59 49 42 29 16 8 4 2 -0.520801 -0.378456 -0.457241 -0.420616 -0.446634 -0.433594 -0.440529 -0.4404 -0.443889 -0.442634 -0.442359 -0.441747 -0.442821 -0.4436 -0.442827 -0.44187 -0.44283 -0.443596 -0.442823 -0.441748 -0.442358 -0.442635 -0.443886 -0.440404 -0.440525 -0.433599 -0.446625 -0.420627 -0.457234 -0.378457 -0.520802 
13.6 -13.7182 0.999507 2 4 8 16 29 42 50 59 69 79 89 99 107 116 121 125 122 117 107 99 89 79 69 59 51 42 29 16 8 4 2 -0.523492 -0.376307 -0.459623 -0.418671 -0.446419 -0.432856 -0.44062 -0.44047 -0.443987 -0.442385 -0.442237 -0.441873 -0.442907 -0.443474 -0.442798 -0.441974 -0.442801 -0.44347 -0.442909 -0.441874 -0.442236 -0.442386 -0.443986 -0.440472 -0.440616 -0.432862 -0.446409 -0.418682 -0.459616 -0.376308 -0.523492 
13.7 -13.7182 1.003 2 4 8 16 30 42 53 62 70 81 90 100 110 119 125 128 125 118 110 100 90 82 71 62 53 43 30 16 8 4 2 -0.526529 -0.373834 -0.462097 -0.416615 -0.446209 -0.432124 -0.440748 -0.440509 -0.444053 -0.442125 -0.44213 -0.442012 -0.442987 -0.44333 -0.44277 -0.442096 -0.442773 -0.443325 -0.442989 -0.442013 -0.442129 -0.442125 -0.444053 -0.440511 -0.440745 -0.43213 -0.446198 -0.416627 -0.462091 -0.373834 -0.52653 
13.8 -13.7183 1.00652 2 4 8 16 30 44 54 63 73 83 92 104 111 121 126 130 126 121 113 104 93 83 73 64 54 44 30 16 8 4 2 -0.52991 -0.371033 -0.464656 -0.414463 -0.446013 -0.431396 -0.440912 -0.440511 -0.444087 -0.441857 -0.442041 -0.442159 -0.443061 -0.443171 -0.442744 -0.442233 -0.442747 -0.443166 -0.443063 -0.44216 -0.44204 -0.441856 -0.444087 -0.440512 -0.440909 -0.431403 -0.446001 -0.414475 -0.46465 -0.371033 -0.529911 
13.9 -13.7183 1.01005 2 4 8 16 30 45 55 65 76 86 96 106 114 124 128 131 129 124 114 107 96 86 76 65 56 45 30 16 8 4 2 -0.533628 -0.367906 -0.467291 -0.412228 -0.445843 -0.430673 -0.441107 -0.44047 -0.444089 -0.441586 -0.44197 -0.44231 -0.443127 -0.443001 -0.44272 -0.442381 -0.442723 -0.442997 -0.443129 -0.442311 -0.44197 -0.441585 -0.44409 -0.44047 -0.441104 -0.43068 -0.445831 -0.412239 -0.467285 -0.367905 -0.533629 
14 -13.7183 1.01359 2 4 8 16 31 47 58 68 77 87 97 108 117 126 131 134 132 126 117 108 97 87 77 68 58 47 31 16 8 4 2 -0.537671 -0.364459 -0.46999 -0.409923 -0.445709 -0.429951 -0.441329 -0.440379 -0.444059 -0.441317 -0.44192 -0.442461 -0.443182 -0.442824 -0.4427 -0.442537 -0.442702 -0.44282 -0.443185 -0.442461 -0.44192 -0.441316 -0.44406 -0.440379 -0.441327 -0.429958 -0.445697 -0.409934 -0.469986 -0.364458 -0.537672 
14.1 -13.7183 1.01713 2 4 8 16 31 47 58 68 79 89 100 110 119 129 133 135 133 129 119 110 100 90 80 68 59 47 31 16 8 4 2 -0.542024 -0.360704 -0.472745 -0.407562 -0.445621 -0.429228 -0.441576 -0.440235 -0.443999 -0.441053 -0.441891 -0.442606 -0.443227 -0.442645 -0.442682 -0.442695 -0.442684 -0.442642 -0.443229 -0.442606 -0.441891 -0.441051 -0.444001 -0.440234 -0.441574 -0.429236 -0.44561 -0.407573 -0.472741 -0.360702 -0.542025 
14.2 -13.7183 1.02066 2 4 8 16 31 47 59 70 81 91 102 112 121 131 136 138 136 132 121 112 103 91 83 71 59 47 31 16 8 4 2 -0.546667 -0.356658 -0.475543 -0.405159 -0.445591 -0.428501 -0.441842 -0.440032 -0.443912 -0.440797 -0.441882 -0.442742 -0.44326 -0.442467 -0.442668 -0.442852 -0.442669 -0.442465 -0.443262 -0.442742 -0.441882 -0.440795 -0.443915 -0.44003 -0.441841 -0.428508 -0.44558 -0.405168 -0.475541 -0.356656 -0.546668 
14.3 -13.7183 1.02418 2 4 8 16 31 48 61 73 84 94 105 114 124 134 138 141 138 133 124 114 105 94 84 74 62 48 31 16 8 4 2 -0.551578 -0.352342 -0.478374 -0.402724 -0.445627 -0.427765 -0.442126 -0.439767 -0.4438 -0.440553 -0.441894 -0.442864 -0.44328 -0.442295 -0.442658 -0.443003 -0.442658 -0.442294 -0.443282 -0.442863 -0.441894 -0.440551 -0.443803 -0.439765 -0.442124 -0.427771 -0.445617 -0.402732 -0.478373 -0.35234 -0.551579 
14.4 -13.7183 1.02768 2 4 8 16 31 49 63 74 86 96 107 117 127 137 141 144 141 137 127 117 108 96 86 75 63 49 31 16 8 4 2 -0.556728 -0.347785 -0.481226 -0.40027 -0.445739 -0.427014 -0.442422 -0.439437 -0.443666 -0.440323 -0.441925 -0.442967 -0.443288 -0.442133 -0.442652 -0.443145 -0.442652 -0.442132 -0.44329 -0.442966 -0.441926 -0.440321 -0.443669 -0.439435 -0.442421 -0.42702 -0.44573 -0.400276 -0.481226 -0.347783 -0.556729 
14.5 -13.7183 1.03115 2 4 8 16 32 50 64 76 89 98 110 120 130 140 145 148 145 140 130 120 110 99 89 76 64 50 32 16 8 4 2 -0.562088 -0.343017 -0.484089 -0.397807 -0.445935 -0.426244 -0.442729 -0.439041 -0.443514 -0.440108 -0.441974 -0.443049 -0.443283 -0.441984 -0.44265 -0.443274 -0.442649 -0.441984 -0.443285 -0.443048 -0.441975 -0.440106 -0.443517 -0.439038 -0.442729 -0.426249 -0.445927 -0.397812 -0.48409 -0.343014 -0.562089 
14.6 -13.7183 1.03458 2 4 8 16 32 50 65 78 90 102 112 122 132 141 147 151 147 141 133 122 112 102 91 78 65 50 32 16 8 4 2 -0.567624 -0.338072 -0.48695 -0.395346 -0.446224 -0.425447 -0.443045 -0.438576 -0.443347 -0.43991 -0.44204 -0.443106 -0.443266 -0.441852 -0.442652 -0.443386 -0.44265 -0.441852 -0.443268 -0.443105 -0.442041 -0.439908 -0.44335 -0.438573 -0.443044 -0.425452 -0.446218 -0.395348 -0.486952 -0.33807 -0.567625 
14.7 -13.7183 1.03798 2 4 8 16 32 50 66 81 92 104 114 124 136 145 150 155 150 145 136 125 114 104 92 82 67 50 32 16 8 4 2 -0.573301 -0.332991 -0.4898 -0.392893 -0.446613 -0.424616 -0.443367 -0.438043 -0.443169 -0.439727 -0.442121 -0.443136 -0.443237 -0.441738 -0.442658 -0.443478 -0.442656 -0.441739 -0.443239 -0.443134 -0.442122 -0.439725 -0.443173 -0.43804 -0.443367 -0.424621 -0.446608 -0.392894 -0.489802 -0.332989 -0.573301 
14.8 -13.7183 1.04134 2 4 8 16 32 52 68 83 94 106 117 128 137 147 152 158 152 148 138 128 117 107 95 83 68 52 32 16 8 4 2 -0.57908 -0.327814 -0.492627 -0.390458 -0.447108 -0.423745 -0.443694 -0.437443 -0.442985 -0.439561 -0.442213 -0.443136 -0.443198 -0.441646 -0.442668 -0.443548 -0.442665 -0.441647 -0.4432 -0.443134 -0.442214 -0.439559 -0.442988 -0.437439 -0.443694 -0.423748 -0.447105 -0.390458 -0.49263 -0.327812 -0.57908 
14.9 -13.7183 1.04465 2 4 8 16 32 52 69 83 96 108 119 132 139 150 155 160 155 150 139 132 119 108 97 84 69 52 32 16 8 4 2 -0.584922 -0.322586 -0.495423 -0.388046 -0.447716 -0.422824 -0.444027 -0.436776 -0.442799 -0.439408 -0.442316 -0.443104 -0.44315 -0.441576 -0.442681 -0.443594 -0.442677 -0.441578 -0.443151 -0.443103 -0.442317 -0.439407 -0.442801 -0.436773 -0.444027 -0.422827 -0.447714 -0.388045 -0.495426 -0.322585 -0.584922 
15 -13.7183 1.04791 2 4 8 16 32 52 71 86 99 111 121 134 143 152 157 163 158 153 144 134 122 111 99 87 71 52 32 16 8 4 2 -0.590786 -0.317352 -0.498177 -0.385663 -0.44844 -0.421846 -0.444366 -0.436045 -0.442614 -0.439268 -0.442425 -0.443041 -0.443093 -0.441529 -0.442696 -0.443615 -0.442693 -0.441532 -0.443094 -0.443039 -0.442425 -0.439267 -0.442616 -0.436043 -0.444366 -0.421848 -0.44844 -0.385661 -0.49818 -0.317351 -0.590785 
15.1 -13.7183 1.05111 2 4 8 16 32 52 71 88 101 113 126 135 146 155 160 166 160 156 147 136 126 113 101 88 72 52 32 16 8 4 2 -0.59663 -0.312159 -0.500883 -0.383313 -0.449286 -0.420802 -0.444713 -0.435254 -0.442434 -0.439136 -0.442538 -0.442946 -0.44303 -0.441506 -0.442715 -0.44361 -0.442711 -0.441509 -0.443031 -0.442944 -0.442538 -0.439136 -0.442436 -0.435252 -0.444712 -0.420804 -0.449287 -0.38331 -0.500886 -0.312159 -0.596629 
15.2 -13.7183 1.05427 2 4 8 16 32 53 72 90 103 116 127 140 150 158 163 169 163 158 150 141 127 116 104 90 73 53 32 16 8 4 2 -0.602414 -0.307054 -0.503533 -0.380999 -0.450256 -0.419684 -0.445068 -0.434405 -0.442264 -0.43901 -0.442652 -0.442819 -0.442962 -0.441506 -0.442735 -0.443578 -0.442731 -0.441509 -0.442963 -0.442817 -0.442652 -0.43901 -0.442265 -0.434403 -0.445067 -0.419686 -0.450258 -0.380995 -0.503535 -0.307055 -0.602413 
15.3 -13.7183 1.05738 2 4 8 16 32 53 73 92 105 118 131 142 152 160 167 171 167 161 152 143 132 118 105 92 74 53 32 16 8 4 2 -0.608095 -0.302083 -0.50612 -0.378722 -0.451354 -0.418484 -0.445434 -0.433503 -0.442107 -0.438885 -0.442764 -0.44266 -0.44289 -0.441529 -0.442756 -0.443521 -0.442753 -0.441531 -0.442891 -0.442659 -0.442764 -0.438886 -0.442108 -0.433502 -0.445433 -0.418486 -0.451356 -0.378719 -0.506122 -0.302085 -0.608094 
15.4 -13.7183 1.06044 2 4 8 16 32 54 74 95 108 121 134 146 155 164 170 175 169 165 155 146 134 122 108 95 75 54 32 16 8 4 2 -0.613635 -0.29729 -0.508641 -0.376485 -0.452581 -0.417194 -0.445815 -0.432552 -0.441967 -0.438757 -0.442872 -0.442473 -0.442818 -0.441571 -0.442779 -0.443439 -0.442776 -0.441573 -0.442818 -0.442472 -0.442872 -0.438759 -0.441967 -0.432552 -0.445814 -0.417195 -0.452583 -0.376481 -0.508641 -0.297292 -0.613634 
