time energy SvN bondDim localEnergy 
0 -10.4722 0.060785 2 4 5 5 5 5 5 5 5 5 5 5 5 5 5 5 5 5 5 5 5 5 5 5 5 5 5 5 5 4 2 -0.352041 -0.334063 -0.335849 -0.335737 -0.335754 -0.335766 -0.33579 -0.335834 -0.335917 -0.336071 -0.336356 -0.336874 -0.337792 -0.339338 -0.341516 -0.342756 -0.341516 -0.339338 -0.337792 -0.336874 -0.336356 -0.336071 -0.335917 -0.335834 -0.33579 -0.335766 -0.335754 -0.335737 -0.335849 -0.334063 -0.352041 
0.1 -10.4726 0.0608799 2 4 5 5 5 5 5 5 5 5 5 5 5 5 5 5 5 5 5 5 5 5 5 5 5 5 5 5 5 4 2 -0.352041 -0.334063 -0.335849 -0.335737 -0.335754 -0.335766 -0.33579 -0.335836 -0.33592 -0.336076 -0.336365 -0.336889 -0.337819 -0.339383 -0.341583 -0.342833 -0.341583 -0.339383 -0.337819 -0.336889 -0.336365 -0.336076 -0.33592 -0.335836 -0.33579 -0.335766 -0.335754 -0.335737 -0.335849 -0.334063 -0.352041 
0.2 -10.4742 0.0612458 2 4 5 5 5 5 5 5 5 5 5 5 5 5 5 5 5 5 5 5 5 5 5 5 5 5 5 5 5 4 2 -0.352041 -0.334063 -0.335849 -0.335737 -0.335755 -0.335768 -0.335793 -0.335841 -0.33593 -0.336094 -0.336398 -0.336948 -0.337922 -0.339553 -0.341835 -0.343128 -0.341835 -0.339553 -0.337922 -0.336948 -0.336398 -0.336094 -0.33593 -0.335841 -0.335793 -0.335768 -0.335755 -0.335737 -0.335849 -0.334063 -0.352041 
0.3 -10.4775 0.0620139 2 4 5 5 5 5 5 5 5 5 5 5 5 5 5 5 5 5 5 5 5 5 5 5 5 5 5 5 5 4 2 -0.352042 -0.334064 -0.33585 -0.335739 -0.335757 -0.335771 -0.335799 -0.335852 -0.33595 -0.336132 -0.336466 -0.337071 -0.338136 -0.339906 -0.342359 -0.343741 -0.342359 -0.339906 -0.338136 -0.337071 -0.336466 -0.336132 -0.33595 -0.335852 -0.335799 -0.335771 -0.335757 -0.335739 -0.33585 -0.334064 -0.352041 
0.4 -10.4828 0.0632449 2 4 5 5 5 5 5 5 5 5 5 5 5 5 5 5 5 5 5 5 5 5 5 5 5 5 5 5 5 4 2 -0.352042 -0.334065 -0.335851 -0.33574 -0.33576 -0.335776 -0.335809 -0.335869 -0.335981 -0.33619 -0.336573 -0.337263 -0.338472 -0.340464 -0.343189 -0.344712 -0.343189 -0.340464 -0.338472 -0.337263 -0.336573 -0.33619 -0.335981 -0.335869 -0.335809 -0.335776 -0.33576 -0.33574 -0.335851 -0.334065 -0.352042 
0.5 -10.4899 0.0649207 2 4 5 5 5 5 5 5 5 5 5 5 5 5 5 5 5 5 5 5 5 5 5 5 5 5 5 5 5 4 2 -0.352043 -0.334065 -0.335853 -0.335742 -0.335764 -0.335783 -0.335821 -0.335891 -0.336023 -0.336267 -0.336714 -0.337518 -0.338919 -0.341207 -0.344304 -0.346024 -0.344304 -0.341207 -0.338919 -0.337518 -0.336714 -0.336267 -0.336023 -0.335891 -0.335821 -0.335783 -0.335764 -0.335742 -0.335853 -0.334066 -0.352042 
0.6 -10.4982 0.0669556 2 4 5 5 5 5 5 5 5 5 5 5 5 5 5 5 5 5 5 5 5 5 5 5 5 5 5 5 5 4 2 -0.352044 -0.334066 -0.335854 -0.335744 -0.335768 -0.33579 -0.335835 -0.335917 -0.336071 -0.336357 -0.336879 -0.337816 -0.339443 -0.342086 -0.345638 -0.347604 -0.345638 -0.342086 -0.339443 -0.337817 -0.336879 -0.336357 -0.336071 -0.335917 -0.335835 -0.33579 -0.335768 -0.335744 -0.335854 -0.334066 -0.352043 
0.7 -10.5073 0.0692217 2 4 5 5 5 5 5 5 5 5 5 5 5 5 5 5 5 5 5 5 5 5 5 5 5 5 5 5 5 4 2 -0.352044 -0.334067 -0.335855 -0.335747 -0.335772 -0.335798 -0.335849 -0.335944 -0.336122 -0.336451 -0.337053 -0.338133 -0.340003 -0.343033 -0.347099 -0.34935 -0.347099 -0.343033 -0.340003 -0.338133 -0.337053 -0.336451 -0.336122 -0.335944 -0.335849 -0.335798 -0.335772 -0.335747 -0.335855 -0.334067 -0.352043 
0.8 -10.5164 0.0715809 2 4 5 5 5 5 5 5 5 5 5 5 5 5 5 5 5 5 5 5 5 5 5 5 5 5 5 5 5 4 2 -0.352045 -0.334067 -0.335856 -0.335748 -0.335775 -0.335805 -0.335863 -0.335971 -0.336171 -0.336543 -0.337223 -0.338443 -0.340556 -0.343982 -0.34859 -0.351154 -0.34859 -0.343982 -0.340556 -0.338443 -0.337223 -0.336543 -0.336171 -0.335971 -0.335863 -0.335805 -0.335775 -0.335748 -0.335856 -0.334067 -0.352044 
0.9 -10.5252 0.073915 2 4 5 5 5 5 5 5 5 5 5 5 5 5 5 5 5 5 5 5 5 5 5 5 5 5 5 5 5 4 2 -0.352045 -0.334067 -0.335856 -0.33575 -0.335779 -0.335812 -0.335876 -0.335995 -0.336217 -0.336627 -0.337379 -0.33873 -0.341072 -0.344879 -0.350032 -0.352921 -0.350032 -0.344879 -0.341072 -0.33873 -0.337379 -0.336627 -0.336217 -0.335995 -0.335876 -0.335812 -0.335779 -0.33575 -0.335856 -0.334067 -0.352044 
1 -10.5332 0.0761485 2 4 5 5 5 5 5 5 5 5 5 5 5 5 5 5 5 5 5 5 5 5 5 5 5 5 5 5 5 4 2 -0.352045 -0.334067 -0.335857 -0.335751 -0.335782 -0.335818 -0.335887 -0.336016 -0.336257 -0.336703 -0.337521 -0.338989 -0.341541 -0.345701 -0.351379 -0.354594 -0.35138 -0.345701 -0.341541 -0.338989 -0.337521 -0.336703 -0.336257 -0.336016 -0.335887 -0.335818 -0.335782 -0.335751 -0.335857 -0.334067 -0.352044 
1.1 -10.5407 0.0782604 2 4 5 5 5 5 5 5 5 5 5 5 5 5 5 5 5 5 5 5 5 5 5 5 5 5 5 5 5 4 2 -0.352045 -0.334067 -0.335858 -0.335753 -0.335785 -0.335823 -0.335898 -0.336037 -0.336295 -0.336775 -0.337653 -0.339231 -0.341974 -0.346456 -0.352624 -0.356155 -0.352624 -0.346457 -0.341974 -0.339231 -0.337653 -0.336775 -0.336295 -0.336037 -0.335898 -0.335823 -0.335785 -0.335753 -0.335858 -0.334067 -0.352045 
1.2 -10.5479 0.080285 2 4 5 5 5 5 5 5 5 5 5 5 5 5 5 5 5 5 5 5 5 5 5 5 5 5 5 5 5 4 2 -0.352045 -0.334068 -0.335858 -0.335754 -0.335788 -0.335829 -0.335909 -0.336058 -0.336335 -0.336848 -0.337788 -0.339474 -0.342401 -0.347181 -0.353796 -0.357624 -0.353796 -0.347181 -0.342401 -0.339474 -0.337788 -0.336848 -0.336335 -0.336058 -0.335909 -0.335829 -0.335788 -0.335754 -0.335858 -0.334068 -0.352045 
1.3 -10.5553 0.0823032 2 4 5 5 5 5 5 5 5 5 5 5 5 5 5 5 5 5 5 5 5 5 5 5 5 5 5 5 5 4 2 -0.352045 -0.334068 -0.33586 -0.335757 -0.335792 -0.335837 -0.335922 -0.336083 -0.336381 -0.336933 -0.337942 -0.339747 -0.342865 -0.347931 -0.354954 -0.359056 -0.354954 -0.347931 -0.342865 -0.339747 -0.337942 -0.336933 -0.336381 -0.336083 -0.335922 -0.335837 -0.335792 -0.335757 -0.33586 -0.334068 -0.352045 
1.4 -10.5635 0.0844269 2 4 5 5 5 5 5 5 5 5 5 5 5 5 5 5 5 5 5 5 5 5 5 5 5 5 5 5 5 4 2 -0.352046 -0.334069 -0.335861 -0.335759 -0.335797 -0.335846 -0.335939 -0.336114 -0.336439 -0.337039 -0.338131 -0.340076 -0.343409 -0.34877 -0.356171 -0.360521 -0.356171 -0.34877 -0.343409 -0.340076 -0.338131 -0.337039 -0.336439 -0.336114 -0.335939 -0.335846 -0.335797 -0.335759 -0.335861 -0.334069 -0.352046 
1.5 -10.5729 0.0867805 2 4 5 5 5 5 5 5 5 5 5 5 5 5 5 5 5 5 5 5 5 5 5 5 5 5 5 5 5 4 2 -0.352046 -0.334071 -0.335863 -0.335763 -0.335803 -0.335857 -0.33596 -0.336153 -0.336511 -0.337171 -0.338367 -0.340483 -0.344071 -0.349755 -0.357519 -0.362095 -0.357519 -0.349755 -0.344071 -0.340483 -0.338367 -0.337171 -0.336511 -0.336153 -0.33596 -0.335857 -0.335803 -0.335763 -0.335863 -0.334071 -0.352046 
1.6 -10.584 0.0894823 2 4 5 5 5 5 5 5 5 5 5 5 5 5 5 5 5 5 5 5 5 5 5 5 5 5 5 5 5 4 2 -0.352047 -0.334072 -0.335866 -0.335767 -0.33581 -0.335871 -0.335986 -0.336201 -0.3366 -0.337333 -0.338657 -0.340981 -0.344874 -0.350929 -0.35906 -0.363844 -0.35906 -0.350929 -0.344874 -0.340981 -0.338657 -0.337333 -0.3366 -0.336201 -0.335986 -0.335871 -0.33581 -0.335767 -0.335866 -0.334072 -0.352047 
1.7 -10.5968 0.0926292 2 4 5 5 5 5 5 5 5 5 5 5 5 5 5 5 5 5 5 5 5 5 5 5 5 5 5 5 5 4 2 -0.352048 -0.334073 -0.335868 -0.335772 -0.335819 -0.335888 -0.336017 -0.336258 -0.336705 -0.337525 -0.338999 -0.34157 -0.345824 -0.352312 -0.360834 -0.365818 -0.360834 -0.352312 -0.345824 -0.34157 -0.338999 -0.337525 -0.336705 -0.336258 -0.336017 -0.335888 -0.335819 -0.335772 -0.335868 -0.334074 -0.352048 
1.8 -10.6115 0.0962872 2 4 5 5 5 5 5 5 5 5 5 5 5 5 5 5 5 5 5 5 5 5 5 5 5 5 5 5 5 4 2 -0.35205 -0.334075 -0.335871 -0.335777 -0.335829 -0.335906 -0.336051 -0.336322 -0.336823 -0.337741 -0.339387 -0.342239 -0.346911 -0.353902 -0.362859 -0.368042 -0.362859 -0.353902 -0.346911 -0.342239 -0.339387 -0.337741 -0.336823 -0.336322 -0.336051 -0.335906 -0.335829 -0.335777 -0.335871 -0.334075 -0.352049 
1.9 -10.6278 0.100487 2 4 5 5 5 5 5 5 5 5 5 5 5 5 5 5 5 5 5 5 5 5 5 5 5 5 5 5 5 4 2 -0.352051 -0.334076 -0.335874 -0.335783 -0.33584 -0.335926 -0.336088 -0.336391 -0.336952 -0.337977 -0.33981 -0.342973 -0.348111 -0.355677 -0.365128 -0.370521 -0.365128 -0.355677 -0.348111 -0.342973 -0.33981 -0.337977 -0.336952 -0.336391 -0.336088 -0.335926 -0.33584 -0.335783 -0.335874 -0.334076 -0.35205 
2 -10.6455 0.105226 2 4 5 5 5 5 5 5 5 5 5 5 5 5 5 5 5 5 5 5 5 5 5 5 5 5 5 5 5 4 2 -0.352053 -0.334078 -0.335877 -0.335788 -0.33585 -0.335946 -0.336127 -0.336464 -0.337087 -0.338226 -0.340258 -0.343753 -0.349396 -0.357604 -0.367615 -0.373238 -0.367616 -0.357604 -0.349397 -0.343754 -0.340258 -0.338226 -0.337087 -0.336464 -0.336127 -0.335946 -0.33585 -0.335788 -0.335877 -0.334078 -0.352052 
2.1 -10.6642 0.110474 2 4 5 5 5 5 5 5 5 5 5 5 5 5 5 5 5 5 5 5 5 5 5 5 5 5 5 5 5 4 2 -0.352054 -0.334079 -0.33588 -0.335794 -0.335862 -0.335968 -0.336168 -0.33654 -0.337228 -0.338484 -0.340724 -0.344566 -0.350741 -0.359643 -0.370284 -0.376161 -0.370284 -0.359643 -0.350741 -0.344566 -0.340724 -0.338484 -0.337228 -0.33654 -0.336168 -0.335968 -0.335862 -0.335794 -0.33588 -0.334079 -0.352053 
2.2 -10.6837 0.116183 2 4 5 5 5 5 5 5 5 5 5 5 5 5 5 5 5 5 5 5 5 5 5 5 5 5 5 5 5 4 2 -0.352056 -0.33408 -0.335883 -0.3358 -0.335873 -0.33599 -0.33621 -0.336619 -0.337375 -0.338753 -0.341206 -0.345403 -0.352126 -0.361758 -0.37309 -0.37925 -0.37309 -0.361758 -0.352126 -0.345403 -0.341206 -0.338753 -0.337375 -0.336619 -0.33621 -0.33599 -0.335873 -0.3358 -0.335883 -0.33408 -0.352055 
2.3 -10.7038 0.122294 2 4 5 5 5 5 5 5 5 5 5 5 5 5 5 5 5 5 5 5 5 5 5 5 5 5 5 5 5 4 2 -0.352057 -0.334082 -0.335886 -0.335807 -0.335886 -0.336014 -0.336254 -0.336702 -0.337529 -0.339034 -0.341708 -0.346268 -0.353542 -0.363919 -0.375989 -0.382458 -0.375989 -0.363919 -0.353542 -0.346268 -0.341708 -0.339034 -0.337529 -0.336702 -0.336254 -0.336014 -0.335886 -0.335807 -0.335886 -0.334082 -0.352056 
2.4 -10.7245 0.128747 2 4 5 5 5 5 5 5 5 5 5 5 5 5 5 5 5 5 5 5 5 5 5 5 5 5 5 5 5 4 2 -0.352058 -0.334084 -0.33589 -0.335814 -0.3359 -0.33604 -0.336303 -0.336793 -0.337696 -0.339337 -0.342242 -0.347171 -0.354992 -0.366106 -0.378939 -0.385741 -0.378939 -0.366106 -0.354993 -0.347171 -0.342242 -0.339337 -0.337696 -0.336793 -0.336303 -0.33604 -0.3359 -0.335814 -0.33589 -0.334084 -0.352058 
2.5 -10.7457 0.135484 2 4 5 5 5 5 5 5 5 5 5 5 5 5 5 5 5 5 5 5 5 5 5 5 5 5 5 5 5 4 2 -0.35206 -0.334086 -0.335895 -0.335822 -0.335915 -0.336069 -0.336357 -0.336894 -0.337881 -0.339669 -0.34282 -0.348131 -0.356491 -0.368313 -0.381907 -0.389056 -0.381907 -0.368313 -0.356491 -0.348131 -0.34282 -0.339669 -0.337881 -0.336894 -0.336357 -0.336069 -0.335915 -0.335822 -0.335895 -0.334086 -0.352059 
2.6 -10.7675 0.142459 2 4 5 5 5 5 5 5 5 5 5 5 5 5 5 5 5 5 5 5 5 5 5 5 5 5 5 5 5 4 2 -0.352061 -0.334089 -0.3359 -0.335832 -0.335933 -0.336102 -0.336419 -0.337008 -0.33809 -0.340042 -0.34346 -0.349168 -0.358058 -0.370541 -0.384866 -0.392366 -0.384866 -0.370541 -0.358058 -0.349168 -0.34346 -0.340042 -0.33809 -0.337008 -0.336419 -0.336102 -0.335933 -0.335832 -0.3359 -0.334089 -0.352061 
2.7 -10.7901 0.149631 2 4 5 5 5 5 5 5 5 5 5 5 5 5 5 5 5 5 5 5 5 5 5 5 5 5 5 5 5 4 2 -0.352063 -0.334092 -0.335906 -0.335843 -0.335954 -0.33614 -0.33649 -0.337139 -0.338327 -0.340462 -0.344174 -0.350304 -0.359717 -0.372801 -0.387799 -0.395639 -0.387799 -0.372801 -0.359717 -0.350304 -0.344174 -0.340462 -0.338327 -0.337139 -0.33649 -0.33614 -0.335954 -0.335843 -0.335906 -0.334092 -0.352063 
2.8 -10.8134 0.156973 2 4 5 5 5 5 5 5 5 5 5 5 5 5 5 5 5 5 5 5 5 5 5 5 5 5 5 5 5 4 2 -0.352066 -0.334096 -0.335913 -0.335856 -0.335977 -0.336184 -0.336571 -0.337287 -0.338597 -0.340938 -0.344974 -0.351554 -0.36149 -0.375105 -0.390691 -0.398849 -0.390691 -0.375105 -0.36149 -0.351555 -0.344974 -0.340938 -0.338597 -0.337287 -0.336571 -0.336184 -0.335977 -0.335856 -0.335913 -0.334096 -0.352066 
2.9 -10.8377 0.164466 2 4 5 5 5 5 5 5 5 5 5 5 5 5 5 5 5 5 5 5 5 5 5 5 5 5 5 5 5 4 2 -0.352068 -0.3341 -0.33592 -0.33587 -0.336003 -0.336233 -0.336662 -0.337455 -0.3389 -0.34147 -0.345864 -0.352931 -0.363393 -0.377469 -0.393537 -0.401974 -0.393537 -0.377469 -0.363393 -0.352931 -0.345864 -0.34147 -0.3389 -0.337455 -0.336662 -0.336233 -0.336003 -0.33587 -0.33592 -0.3341 -0.352068 
3 -10.8629 0.172099 2 4 5 5 5 5 5 5 5 5 5 5 5 5 5 5 5 5 5 5 5 5 5 5 5 5 5 5 5 4 2 -0.352072 -0.334104 -0.335929 -0.335885 -0.336032 -0.336287 -0.336763 -0.337641 -0.339236 -0.34206 -0.346846 -0.354436 -0.365437 -0.379905 -0.396332 -0.404998 -0.396332 -0.379905 -0.365437 -0.354436 -0.346846 -0.34206 -0.339236 -0.337641 -0.336763 -0.336287 -0.336032 -0.335885 -0.335929 -0.334104 -0.352071 
3.1 -10.889 0.179866 2 4 5 5 5 5 5 5 5 5 5 5 5 5 5 5 5 5 5 5 5 5 5 5 5 5 5 5 5 4 2 -0.352076 -0.334109 -0.335938 -0.335902 -0.336064 -0.336347 -0.336874 -0.337844 -0.339604 -0.342705 -0.347917 -0.356067 -0.367624 -0.382421 -0.399074 -0.407908 -0.399074 -0.382421 -0.367624 -0.356067 -0.347917 -0.342705 -0.339604 -0.337845 -0.336874 -0.336347 -0.336064 -0.335902 -0.335938 -0.334109 -0.352075 
3.2 -10.916 0.187764 2 4 5 5 5 5 5 5 5 5 5 5 5 5 5 5 5 5 5 5 5 5 5 5 5 5 5 5 5 4 2 -0.35208 -0.334113 -0.335947 -0.33592 -0.336099 -0.336411 -0.336994 -0.338066 -0.340004 -0.343403 -0.349071 -0.357816 -0.369947 -0.38502 -0.401762 -0.410693 -0.401762 -0.38502 -0.369947 -0.357816 -0.349071 -0.343403 -0.340004 -0.338066 -0.336994 -0.336411 -0.336099 -0.33592 -0.335947 -0.334113 -0.352079 
3.3 -10.9437 0.195795 2 4 5 5 5 5 5 5 5 5 5 5 5 5 5 5 5 5 5 5 5 5 5 5 5 5 5 5 5 4 2 -0.352085 -0.334118 -0.335958 -0.33594 -0.336136 -0.336481 -0.337124 -0.338305 -0.340435 -0.344153 -0.350304 -0.359673 -0.372395 -0.387698 -0.404395 -0.413344 -0.404395 -0.387698 -0.372395 -0.359673 -0.350304 -0.344153 -0.340435 -0.338305 -0.337124 -0.336481 -0.336136 -0.33594 -0.335958 -0.334118 -0.352084 
3.4 -10.9722 0.203956 2 4 5 5 5 5 5 5 5 5 5 5 5 5 5 6 5 5 5 5 5 5 5 5 5 5 5 5 5 4 2 -0.352089 -0.334124 -0.335969 -0.335962 -0.336176 -0.336557 -0.337265 -0.338564 -0.340899 -0.344955 -0.351612 -0.361625 -0.37495 -0.390448 -0.406969 -0.415856 -0.406969 -0.390448 -0.37495 -0.361626 -0.351612 -0.344955 -0.340899 -0.338564 -0.337265 -0.336557 -0.336176 -0.335962 -0.335969 -0.334124 -0.352088 
3.5 -11.0012 0.212247 2 4 5 5 5 5 5 5 5 5 5 5 5 5 6 6 6 5 5 5 5 5 5 5 5 5 5 5 5 4 2 -0.352095 -0.33413 -0.335982 -0.335985 -0.336221 -0.33664 -0.337419 -0.338845 -0.341399 -0.345812 -0.352994 -0.363662 -0.377592 -0.393254 -0.409481 -0.418224 -0.409481 -0.393254 -0.377592 -0.363662 -0.352994 -0.345812 -0.341399 -0.338845 -0.337419 -0.33664 -0.336221 -0.335985 -0.335981 -0.33413 -0.352094 
3.6 -11.0309 0.220664 2 4 5 5 5 5 5 5 5 5 5 5 5 5 6 6 6 5 5 5 5 5 5 5 5 5 5 5 5 4 2 -0.3521 -0.334136 -0.335995 -0.336011 -0.336269 -0.336731 -0.337587 -0.33915 -0.341941 -0.34673 -0.354451 -0.365775 -0.3803 -0.3961 -0.411927 -0.420444 -0.411927 -0.3961 -0.3803 -0.365775 -0.354451 -0.34673 -0.341941 -0.33915 -0.337587 -0.336731 -0.336269 -0.336011 -0.335995 -0.334137 -0.352099 
3.7 -11.061 0.229202 2 4 5 5 5 5 5 5 5 5 5 5 5 5 6 6 6 5 5 5 5 5 5 5 5 5 5 5 5 4 2 -0.352106 -0.334144 -0.336011 -0.33604 -0.336324 -0.336832 -0.337772 -0.339486 -0.342531 -0.347717 -0.35599 -0.367957 -0.383051 -0.398965 -0.414301 -0.422516 -0.414301 -0.398965 -0.383051 -0.367957 -0.35599 -0.347717 -0.342531 -0.339486 -0.337772 -0.336832 -0.336324 -0.33604 -0.336011 -0.334145 -0.352105 
3.8 -11.0916 0.23785 2 4 5 5 5 5 5 5 5 5 5 5 5 6 6 7 6 6 5 5 5 5 5 5 5 5 5 5 5 4 2 -0.352112 -0.334153 -0.336028 -0.336072 -0.336384 -0.336944 -0.337978 -0.339857 -0.343176 -0.348782 -0.357616 -0.370204 -0.385826 -0.401827 -0.416597 -0.42444 -0.416597 -0.401827 -0.385826 -0.370204 -0.357616 -0.348782 -0.343176 -0.339857 -0.337978 -0.336944 -0.336384 -0.336072 -0.336028 -0.334153 -0.352112 
3.9 -11.1226 0.2466 2 4 5 5 5 5 5 5 5 5 5 5 5 6 7 7 7 6 5 5 5 5 5 5 5 5 5 5 5 4 2 -0.35212 -0.334164 -0.336048 -0.336108 -0.336451 -0.337068 -0.338206 -0.340266 -0.343883 -0.349934 -0.359337 -0.372514 -0.388605 -0.404664 -0.418809 -0.426217 -0.418809 -0.404664 -0.388606 -0.372514 -0.359337 -0.349934 -0.343883 -0.340266 -0.338206 -0.337068 -0.336451 -0.336108 -0.336048 -0.334164 -0.352119 
4 -11.154 0.255438 2 4 5 5 5 5 5 5 5 5 5 5 5 6 7 7 7 6 5 5 5 5 5 5 5 5 5 5 5 4 2 -0.352128 -0.334175 -0.33607 -0.336149 -0.336526 -0.337207 -0.33846 -0.340718 -0.344658 -0.35118 -0.361159 -0.374886 -0.391373 -0.407453 -0.42093 -0.427851 -0.42093 -0.407453 -0.391373 -0.374886 -0.361159 -0.35118 -0.344659 -0.340718 -0.33846 -0.337207 -0.336526 -0.336149 -0.33607 -0.334175 -0.352128 
4.1 -11.1858 0.264349 2 4 5 5 5 5 5 5 5 5 5 5 5 7 7 8 7 7 5 5 5 5 5 5 5 5 5 5 5 4 2 -0.352137 -0.334187 -0.336094 -0.336193 -0.33661 -0.337361 -0.33874 -0.341217 -0.345507 -0.352526 -0.363088 -0.377317 -0.394113 -0.410175 -0.422956 -0.429348 -0.422956 -0.410175 -0.394113 -0.377317 -0.363088 -0.352526 -0.345507 -0.341217 -0.33874 -0.337361 -0.33661 -0.336193 -0.336094 -0.334187 -0.352137 
4.2 -11.2179 0.273318 2 4 5 5 5 5 5 5 5 5 5 5 6 7 8 8 8 7 6 5 5 5 5 5 5 5 5 5 5 4 2 -0.352147 -0.334201 -0.33612 -0.336243 -0.336702 -0.337531 -0.339049 -0.341764 -0.346431 -0.353975 -0.365125 -0.379807 -0.396815 -0.41281 -0.42488 -0.430713 -0.42488 -0.41281 -0.396815 -0.379807 -0.365125 -0.353975 -0.346431 -0.341764 -0.339049 -0.337531 -0.336702 -0.336243 -0.33612 -0.334201 -0.352147 
4.3 -11.2503 0.282328 2 4 5 5 5 5 5 5 5 5 5 5 6 7 8 8 8 7 6 5 5 5 5 5 5 5 5 5 5 4 2 -0.352158 -0.334216 -0.336149 -0.336297 -0.336803 -0.337718 -0.339389 -0.342361 -0.347433 -0.355529 -0.367269 -0.382352 -0.399468 -0.415342 -0.426698 -0.431953 -0.426698 -0.415342 -0.399468 -0.382352 -0.367269 -0.355529 -0.347433 -0.342361 -0.339389 -0.337718 -0.336803 -0.336297 -0.336149 -0.334216 -0.352158 
4.4 -11.283 0.291363 2 4 5 5 5 5 5 5 5 5 5 5 6 7 8 8 8 7 6 5 5 5 5 5 5 5 5 5 5 4 2 -0.352171 -0.334231 -0.336181 -0.336356 -0.336914 -0.337922 -0.339759 -0.343011 -0.348515 -0.357186 -0.369517 -0.384945 -0.402063 -0.417759 -0.428407 -0.433079 -0.428407 -0.417759 -0.402063 -0.384945 -0.369517 -0.357186 -0.348515 -0.343011 -0.339759 -0.337922 -0.336914 -0.336356 -0.336181 -0.334231 -0.352171 
4.5 -11.3158 0.300407 2 4 5 5 5 5 5 5 5 5 5 5 6 8 8 8 8 8 6 5 5 5 5 5 5 5 5 5 5 4 2 -0.352186 -0.334249 -0.336215 -0.336422 -0.337035 -0.338146 -0.340163 -0.343716 -0.349678 -0.358945 -0.371861 -0.387579 -0.404593 -0.420048 -0.430005 -0.434098 -0.430005 -0.420048 -0.404593 -0.387579 -0.371861 -0.358945 -0.349678 -0.343716 -0.340163 -0.338146 -0.337035 -0.336422 -0.336215 -0.334249 -0.352185 
4.6 -11.3487 0.309442 2 4 5 5 5 5 5 5 5 5 5 5 7 8 8 8 8 8 7 5 5 5 5 5 5 5 5 5 5 4 2 -0.352201 -0.334268 -0.336254 -0.336493 -0.337168 -0.338391 -0.340603 -0.344479 -0.350923 -0.360802 -0.374292 -0.390245 -0.407052 -0.422202 -0.43149 -0.43502 -0.43149 -0.422202 -0.407052 -0.390245 -0.374292 -0.360802 -0.350923 -0.344479 -0.340603 -0.338391 -0.337168 -0.336493 -0.336254 -0.334268 -0.3522 
4.7 -11.3818 0.318453 2 4 5 5 5 5 5 5 5 5 5 5 7 8 8 8 8 8 7 5 5 5 5 5 5 5 5 5 5 4 2 -0.352219 -0.334289 -0.336296 -0.336572 -0.337315 -0.338659 -0.341083 -0.345303 -0.352253 -0.362753 -0.376799 -0.392931 -0.409436 -0.424215 -0.432863 -0.435855 -0.432863 -0.424215 -0.409436 -0.392931 -0.376799 -0.362753 -0.352253 -0.345303 -0.341083 -0.338659 -0.337315 -0.336572 -0.336296 -0.334289 -0.352218 
4.8 -11.415 0.327425 2 4 5 5 5 5 5 5 5 5 5 6 7 8 8 8 8 8 7 6 5 5 5 5 5 5 5 5 5 4 2 -0.352238 -0.334312 -0.336343 -0.336659 -0.337476 -0.338953 -0.341605 -0.346193 -0.35367 -0.364794 -0.379367 -0.395623 -0.41174 -0.426086 -0.434124 -0.436613 -0.434124 -0.426086 -0.41174 -0.395623 -0.379367 -0.364794 -0.35367 -0.346193 -0.341606 -0.338953 -0.337476 -0.336659 -0.336343 -0.334312 -0.352237 
4.9 -11.4482 0.336344 2 4 5 5 5 5 5 5 5 5 5 6 7 8 8 8 8 8 7 6 5 5 5 5 5 5 5 5 5 4 2 -0.352258 -0.334338 -0.336395 -0.336755 -0.337653 -0.339276 -0.342176 -0.347155 -0.355177 -0.366923 -0.381985 -0.398308 -0.413961 -0.427814 -0.435276 -0.437302 -0.435276 -0.427814 -0.413961 -0.398308 -0.381985 -0.366923 -0.355177 -0.347155 -0.342176 -0.339276 -0.337653 -0.336755 -0.336395 -0.334339 -0.352257 
5 -11.4815 0.345197 2 4 5 5 5 5 5 5 5 5 5 6 8 8 8 9 8 8 8 6 5 5 5 5 5 5 5 5 5 4 2 -0.352281 -0.334368 -0.336452 -0.336861 -0.337849 -0.33963 -0.342798 -0.348193 -0.356778 -0.369133 -0.384637 -0.40097 -0.416096 -0.429401 -0.436321 -0.437932 -0.436321 -0.429401 -0.416096 -0.40097 -0.384637 -0.369133 -0.356778 -0.348193 -0.342798 -0.33963 -0.337849 -0.336861 -0.336452 -0.334368 -0.35228 
5.1 -11.5148 0.353971 2 4 5 5 5 5 5 5 5 5 5 7 8 8 9 9 9 8 8 7 5 5 5 5 5 5 5 5 5 4 2 -0.352305 -0.3344 -0.336516 -0.336979 -0.338065 -0.34002 -0.343478 -0.349314 -0.358476 -0.371422 -0.387309 -0.403595 -0.418144 -0.43085 -0.437264 -0.438509 -0.437264 -0.43085 -0.418144 -0.403595 -0.387309 -0.371422 -0.358476 -0.349314 -0.343478 -0.34002 -0.338065 -0.336979 -0.336516 -0.3344 -0.352305 
5.2 -11.5481 0.362655 2 4 5 5 5 5 5 5 5 5 5 7 8 8 9 9 9 8 8 7 5 5 5 5 5 5 5 5 5 4 2 -0.352333 -0.334436 -0.336586 -0.337109 -0.338304 -0.340448 -0.344219 -0.350522 -0.360273 -0.373784 -0.389986 -0.406168 -0.420104 -0.432167 -0.438108 -0.439041 -0.438108 -0.432167 -0.420104 -0.406168 -0.389986 -0.373784 -0.360273 -0.350522 -0.344219 -0.340448 -0.338304 -0.337109 -0.336586 -0.334436 -0.352333 
5.3 -11.5815 0.371237 2 4 5 5 5 5 5 5 5 5 5 7 8 8 9 10 9 8 8 7 5 5 5 5 5 5 5 5 5 4 2 -0.352363 -0.334476 -0.336664 -0.337252 -0.338566 -0.340918 -0.345026 -0.351821 -0.362171 -0.376214 -0.392656 -0.408676 -0.421974 -0.433359 -0.438859 -0.439533 -0.438859 -0.433359 -0.421974 -0.408676 -0.392656 -0.376214 -0.362171 -0.351821 -0.345026 -0.340918 -0.338566 -0.337252 -0.336664 -0.334476 -0.352363 
5.4 -11.6149 0.379708 2 4 5 5 5 5 5 5 5 5 6 7 8 9 10 10 10 9 8 7 6 5 5 5 5 5 5 5 5 4 2 -0.352397 -0.33452 -0.336749 -0.33741 -0.338855 -0.341432 -0.345902 -0.353215 -0.364169 -0.378705 -0.395305 -0.411107 -0.423754 -0.434432 -0.439521 -0.439991 -0.439521 -0.434433 -0.423754 -0.411107 -0.395305 -0.378705 -0.364169 -0.353215 -0.345902 -0.341432 -0.338855 -0.33741 -0.336749 -0.33452 -0.352397 
5.5 -11.6484 0.38806 2 4 5 5 5 5 5 5 5 5 6 8 8 9 10 10 10 9 8 8 6 5 5 5 5 5 5 5 5 4 2 -0.352434 -0.334568 -0.336843 -0.337584 -0.339172 -0.341993 -0.346852 -0.354706 -0.366266 -0.381249 -0.397921 -0.413449 -0.425445 -0.435396 -0.440102 -0.440417 -0.440102 -0.435396 -0.425445 -0.413449 -0.397921 -0.381249 -0.366266 -0.354706 -0.346852 -0.341993 -0.339172 -0.337584 -0.336843 -0.334568 -0.352434 
5.6 -11.6818 0.396283 2 4 5 5 5 5 5 5 5 5 6 8 8 9 10 10 10 10 8 8 6 5 5 5 5 5 5 5 5 4 2 -0.352476 -0.334621 -0.336947 -0.337775 -0.339519 -0.342605 -0.347878 -0.356295 -0.368457 -0.383837 -0.400491 -0.415695 -0.427047 -0.436258 -0.440607 -0.440815 -0.440607 -0.436259 -0.427047 -0.415695 -0.400491 -0.383837 -0.368457 -0.356295 -0.347878 -0.342605 -0.339519 -0.337775 -0.336947 -0.334621 -0.352475 
5.7 -11.7153 0.404371 2 4 5 5 5 5 5 5 5 5 7 8 8 10 10 10 10 10 8 8 7 5 5 5 5 5 5 5 5 4 2 -0.352522 -0.334679 -0.337061 -0.337985 -0.339899 -0.343271 -0.348983 -0.357983 -0.370739 -0.386458 -0.403007 -0.417836 -0.42856 -0.437028 -0.441042 -0.441187 -0.441042 -0.437028 -0.42856 -0.417836 -0.403007 -0.386458 -0.370739 -0.357983 -0.348983 -0.343271 -0.339899 -0.337985 -0.337061 -0.334679 -0.352521 
5.8 -11.7487 0.412318 2 4 5 5 5 5 5 5 5 5 7 8 9 10 10 10 10 10 9 8 7 5 5 5 5 5 5 5 5 4 2 -0.352573 -0.334742 -0.337187 -0.338215 -0.340314 -0.343994 -0.350171 -0.359769 -0.373102 -0.389102 -0.405458 -0.419867 -0.429986 -0.437713 -0.441414 -0.441533 -0.441414 -0.437713 -0.429986 -0.419868 -0.405458 -0.389102 -0.373102 -0.359769 -0.350171 -0.343994 -0.340314 -0.338215 -0.337187 -0.334743 -0.352572 
5.9 -11.7822 0.420118 2 4 5 5 5 5 5 5 5 5 7 8 9 10 10 10 10 10 9 8 7 5 5 5 5 5 5 5 5 4 2 -0.352629 -0.334813 -0.337325 -0.338468 -0.340768 -0.344779 -0.351445 -0.361652 -0.37554 -0.391755 -0.407836 -0.421786 -0.431326 -0.438322 -0.441728 -0.441855 -0.441728 -0.438322 -0.431326 -0.421787 -0.407836 -0.391755 -0.37554 -0.361652 -0.351445 -0.344779 -0.340768 -0.338468 -0.337325 -0.334813 -0.352628 
6 -11.8156 0.427768 2 4 5 5 5 5 5 5 5 6 7 8 9 10 10 10 10 10 9 8 7 6 5 5 5 5 5 5 5 4 2 -0.352691 -0.33489 -0.337478 -0.338745 -0.341265 -0.345629 -0.352809 -0.36363 -0.378042 -0.394404 -0.410134 -0.423591 -0.432582 -0.438863 -0.441992 -0.442152 -0.441992 -0.438863 -0.432582 -0.423591 -0.410134 -0.394404 -0.378042 -0.36363 -0.352809 -0.345629 -0.341265 -0.338745 -0.337478 -0.334891 -0.35269 
6.1 -11.8491 0.435264 2 4 5 5 5 5 5 5 5 6 8 8 10 10 10 10 10 10 10 8 8 6 5 5 5 5 5 5 5 4 2 -0.35276 -0.334976 -0.337646 -0.33905 -0.341807 -0.34655 -0.354264 -0.365701 -0.380597 -0.397037 -0.412346 -0.425282 -0.433754 -0.439343 -0.442211 -0.442425 -0.442211 -0.439343 -0.433754 -0.425282 -0.412346 -0.397037 -0.380597 -0.365702 -0.354264 -0.34655 -0.341807 -0.33905 -0.337646 -0.334977 -0.352759 
6.2 -11.8825 0.442606 2 4 5 5 5 5 5 5 5 6 8 8 10 10 10 11 10 10 10 8 8 6 5 5 5 5 5 5 5 4 2 -0.352835 -0.335072 -0.337831 -0.339386 -0.342399 -0.347545 -0.355814 -0.367862 -0.383194 -0.39964 -0.414467 -0.42686 -0.434846 -0.439769 -0.442391 -0.442674 -0.442391 -0.439769 -0.434846 -0.42686 -0.414467 -0.39964 -0.383194 -0.367862 -0.355814 -0.347545 -0.342399 -0.339386 -0.337831 -0.335072 -0.352834 
6.3 -11.9159 0.449793 2 4 5 5 5 5 5 5 5 7 8 9 10 10 11 11 11 10 10 9 8 7 5 5 5 5 5 5 5 4 2 -0.352918 -0.335177 -0.338035 -0.339754 -0.343045 -0.34862 -0.357461 -0.370107 -0.38582 -0.402199 -0.416495 -0.428328 -0.435858 -0.440148 -0.442538 -0.442898 -0.442538 -0.440148 -0.435858 -0.428328 -0.416495 -0.402199 -0.38582 -0.370108 -0.357462 -0.34862 -0.343045 -0.339754 -0.338035 -0.335177 -0.352917 
6.4 -11.9493 0.456825 2 4 5 5 5 5 5 5 5 7 8 9 10 10 11 11 11 10 10 9 8 7 5 5 5 5 5 5 5 4 2 -0.353009 -0.335293 -0.33826 -0.340157 -0.343748 -0.349778 -0.359208 -0.372433 -0.388461 -0.404703 -0.418427 -0.42969 -0.436792 -0.440485 -0.442656 -0.443097 -0.442656 -0.440485 -0.436792 -0.42969 -0.418427 -0.404703 -0.388462 -0.372433 -0.359208 -0.349778 -0.343748 -0.340157 -0.33826 -0.335293 -0.353009 
6.5 -11.9827 0.463706 2 4 5 5 5 5 5 5 5 7 8 9 10 10 11 12 11 10 10 9 8 7 5 5 5 5 5 5 5 4 2 -0.35311 -0.335421 -0.338507 -0.340599 -0.344513 -0.351023 -0.361053 -0.374832 -0.391106 -0.40714 -0.420263 -0.430952 -0.437651 -0.440786 -0.44275 -0.443271 -0.44275 -0.440786 -0.437651 -0.430952 -0.420263 -0.40714 -0.391106 -0.374832 -0.361053 -0.351023 -0.344513 -0.340599 -0.338507 -0.335421 -0.35311 
6.6 -12.0161 0.470438 2 4 5 5 5 5 5 5 6 7 8 10 10 11 12 12 12 11 10 10 8 7 6 5 5 5 5 5 5 4 2 -0.353221 -0.335562 -0.338778 -0.341083 -0.345344 -0.352359 -0.362997 -0.377296 -0.39374 -0.409499 -0.422004 -0.432117 -0.438436 -0.441054 -0.442825 -0.443421 -0.442825 -0.441054 -0.438436 -0.432117 -0.422004 -0.409499 -0.39374 -0.377296 -0.362997 -0.352359 -0.345344 -0.341083 -0.338779 -0.335562 -0.353221 
6.7 -12.0494 0.477024 2 4 5 5 5 5 5 5 6 8 8 10 10 11 12 13 12 11 10 10 8 8 6 5 5 5 5 5 5 4 2 -0.353344 -0.335717 -0.339077 -0.341611 -0.346245 -0.353788 -0.365038 -0.379818 -0.396351 -0.411771 -0.42365 -0.433192 -0.439149 -0.441294 -0.442884 -0.443547 -0.442884 -0.441294 -0.43915 -0.433192 -0.42365 -0.411771 -0.396351 -0.379818 -0.365038 -0.353788 -0.346245 -0.341611 -0.339077 -0.335717 -0.353344 
6.8 -12.0827 0.483471 2 4 5 5 5 5 5 5 6 8 8 10 10 11 12 14 12 11 10 10 8 8 6 5 5 5 5 5 5 4 2 -0.35348 -0.335887 -0.339403 -0.342188 -0.347219 -0.355313 -0.367173 -0.382387 -0.398926 -0.41395 -0.425204 -0.434183 -0.439794 -0.44151 -0.442931 -0.44365 -0.442932 -0.441509 -0.439795 -0.434182 -0.425205 -0.41395 -0.398926 -0.382387 -0.367173 -0.355313 -0.347219 -0.342188 -0.339404 -0.335887 -0.35348 
6.9 -12.1161 0.489784 2 4 5 5 5 5 5 5 7 8 9 10 10 11 14 14 14 11 10 10 9 8 7 5 5 5 5 5 5 4 2 -0.35363 -0.336074 -0.339762 -0.342816 -0.348271 -0.356935 -0.369398 -0.384992 -0.401453 -0.416028 -0.426671 -0.435094 -0.440371 -0.441704 -0.44297 -0.443731 -0.44297 -0.441703 -0.440372 -0.435093 -0.426671 -0.416028 -0.401454 -0.384992 -0.369398 -0.356935 -0.348271 -0.342816 -0.339762 -0.336074 -0.35363 
7 -12.1494 0.495969 2 4 5 5 5 5 5 5 7 8 9 10 10 12 14 14 14 12 10 10 9 8 7 5 5 5 5 5 5 4 2 -0.353796 -0.336279 -0.340155 -0.3435 -0.349403 -0.358655 -0.371706 -0.387621 -0.403921 -0.418002 -0.428052 -0.435931 -0.440884 -0.441878 -0.443002 -0.443792 -0.443002 -0.441877 -0.440885 -0.43593 -0.428052 -0.418002 -0.403921 -0.387622 -0.371706 -0.358655 -0.349403 -0.3435 -0.340155 -0.336279 -0.353796 
7.1 -12.1826 0.502031 2 4 5 5 5 5 5 5 7 8 9 10 11 12 14 15 14 12 11 10 9 8 7 5 5 5 5 5 5 4 2 -0.353979 -0.336505 -0.340585 -0.344243 -0.35062 -0.360473 -0.374091 -0.390262 -0.40632 -0.419869 -0.429353 -0.4367 -0.441335 -0.442036 -0.44303 -0.443835 -0.44303 -0.442035 -0.441337 -0.436699 -0.429353 -0.419869 -0.40632 -0.390262 -0.374091 -0.360473 -0.35062 -0.344243 -0.340585 -0.336505 -0.353979 
7.2 -12.2159 0.507978 2 4 5 5 5 5 5 6 7 8 10 10 11 13 14 15 14 13 11 10 10 8 7 6 5 5 5 5 5 4 2 -0.354181 -0.336753 -0.341055 -0.34505 -0.351926 -0.362388 -0.376544 -0.392901 -0.40864 -0.421629 -0.430577 -0.437404 -0.441728 -0.44218 -0.443055 -0.44386 -0.443056 -0.442178 -0.441729 -0.437403 -0.430577 -0.421629 -0.40864 -0.392901 -0.376544 -0.362388 -0.351926 -0.34505 -0.341055 -0.336753 -0.35418 
7.3 -12.2491 0.513816 2 4 5 5 5 5 5 6 8 8 10 10 11 14 15 16 15 14 11 10 10 8 8 6 5 5 5 5 5 4 2 -0.354403 -0.337026 -0.34157 -0.345925 -0.353322 -0.364399 -0.379056 -0.395526 -0.410875 -0.423282 -0.431728 -0.438049 -0.442064 -0.44231 -0.443079 -0.44387 -0.44308 -0.442308 -0.442066 -0.438049 -0.431729 -0.423282 -0.410875 -0.395526 -0.379056 -0.364399 -0.353322 -0.345925 -0.34157 -0.337026 -0.354403 
7.4 -12.2823 0.51955 2 4 5 5 5 5 5 6 8 8 10 10 12 14 16 16 16 14 12 10 10 8 8 6 5 5 5 5 5 4 2 -0.354649 -0.337325 -0.342132 -0.346872 -0.354813 -0.366503 -0.381617 -0.398121 -0.413016 -0.42483 -0.432812 -0.438639 -0.442349 -0.442428 -0.443104 -0.443868 -0.443105 -0.442427 -0.44235 -0.438638 -0.432812 -0.42483 -0.413016 -0.398121 -0.381617 -0.366503 -0.354813 -0.346872 -0.342132 -0.337325 -0.354648 
7.5 -12.3154 0.525187 2 4 5 5 5 5 5 7 8 9 10 10 12 14 16 17 16 14 12 10 10 9 8 7 5 5 5 5 5 4 2 -0.354918 -0.337654 -0.342745 -0.347896 -0.3564 -0.368696 -0.384214 -0.400676 -0.415061 -0.426277 -0.433831 -0.439176 -0.442585 -0.442537 -0.44313 -0.443854 -0.44313 -0.442536 -0.442585 -0.439176 -0.433831 -0.426277 -0.415061 -0.400676 -0.384214 -0.368696 -0.356401 -0.347896 -0.342745 -0.337654 -0.354917 
7.6 -12.3486 0.530731 2 4 5 5 5 5 5 7 8 9 10 11 13 14 17 17 17 14 13 11 10 9 8 7 5 5 5 5 5 4 2 -0.355215 -0.338014 -0.343414 -0.348999 -0.358086 -0.370973 -0.386835 -0.403176 -0.417006 -0.427626 -0.434789 -0.439665 -0.442775 -0.442636 -0.443157 -0.44383 -0.443158 -0.442636 -0.442775 -0.439666 -0.434788 -0.427627 -0.417006 -0.403176 -0.386835 -0.370973 -0.358086 -0.349 -0.343414 -0.338014 -0.355215 
7.7 -12.3816 0.536187 2 4 5 5 5 5 5 7 8 9 10 11 14 15 17 17 17 15 14 11 10 9 8 7 5 5 5 5 5 4 2 -0.355542 -0.338408 -0.344141 -0.350188 -0.35987 -0.373329 -0.389469 -0.405611 -0.418848 -0.428884 -0.435689 -0.440109 -0.442924 -0.442727 -0.443187 -0.443798 -0.443187 -0.442727 -0.442924 -0.440109 -0.435688 -0.428885 -0.418848 -0.405611 -0.389469 -0.373329 -0.35987 -0.350188 -0.344141 -0.338409 -0.355542 
7.8 -12.4147 0.541559 2 4 5 5 5 5 5 7 8 10 10 11 14 16 17 18 17 16 14 11 10 10 8 7 5 5 5 5 5 4 2 -0.355902 -0.33884 -0.344932 -0.351463 -0.361753 -0.375755 -0.392101 -0.407969 -0.420589 -0.430055 -0.436533 -0.440509 -0.443035 -0.442811 -0.443219 -0.44376 -0.443218 -0.442812 -0.443034 -0.44051 -0.436531 -0.430056 -0.420589 -0.407969 -0.392101 -0.375755 -0.361753 -0.351463 -0.344932 -0.33884 -0.355901 
7.9 -12.4477 0.54685 2 4 5 5 5 5 6 8 8 10 10 11 14 16 17 18 17 16 14 11 10 10 8 8 6 5 5 5 5 4 2 -0.356298 -0.339311 -0.34579 -0.35283 -0.363733 -0.378244 -0.394719 -0.410242 -0.422228 -0.431146 -0.437323 -0.440869 -0.443113 -0.442889 -0.443253 -0.443717 -0.443252 -0.44289 -0.443111 -0.440871 -0.437321 -0.431146 -0.422228 -0.410242 -0.394719 -0.378244 -0.363733 -0.35283 -0.34579 -0.339311 -0.356297 
8 -12.4806 0.552065 2 4 5 5 5 5 6 8 8 10 10 12 14 17 18 19 18 17 14 12 10 10 8 8 6 5 5 5 5 4 2 -0.356733 -0.339825 -0.346718 -0.35429 -0.365807 -0.380786 -0.397309 -0.412422 -0.42377 -0.432162 -0.438061 -0.441191 -0.443161 -0.442961 -0.443289 -0.44367 -0.443288 -0.442963 -0.443159 -0.441193 -0.438059 -0.432162 -0.42377 -0.412422 -0.397309 -0.380786 -0.365808 -0.35429 -0.346718 -0.339825 -0.356733 
8.1 -12.5135 0.557204 2 4 5 5 5 5 6 8 9 10 10 13 15 17 19 19 19 17 15 13 10 10 9 8 6 5 5 5 5 4 2 -0.357211 -0.340385 -0.347722 -0.355846 -0.367974 -0.383369 -0.399858 -0.414502 -0.425216 -0.433109 -0.438749 -0.441476 -0.443183 -0.443028 -0.443327 -0.44362 -0.443326 -0.443031 -0.44318 -0.441479 -0.438747 -0.433109 -0.425216 -0.414502 -0.399858 -0.383369 -0.367974 -0.355846 -0.347723 -0.340385 -0.357211 
8.2 -12.5464 0.56227 2 4 5 5 5 5 7 8 9 10 11 14 16 17 19 20 19 17 16 14 11 10 9 8 7 5 5 5 5 4 2 -0.357737 -0.340995 -0.348806 -0.357499 -0.370227 -0.385983 -0.402355 -0.416479 -0.426573 -0.433992 -0.439386 -0.441728 -0.443184 -0.443091 -0.443367 -0.443568 -0.443365 -0.443094 -0.443181 -0.441732 -0.439384 -0.433993 -0.426573 -0.416479 -0.402355 -0.385983 -0.370227 -0.357499 -0.348806 -0.340995 -0.357737 
8.3 -12.5791 0.567265 2 4 5 5 5 5 7 8 9 10 11 14 16 18 19 20 20 17 16 14 11 10 9 8 7 5 5 5 5 4 2 -0.358315 -0.341658 -0.349973 -0.359249 -0.37256 -0.388614 -0.404788 -0.418348 -0.427845 -0.434818 -0.439974 -0.441949 -0.443168 -0.443149 -0.443407 -0.443515 -0.443405 -0.443153 -0.443163 -0.441953 -0.439972 -0.434818 -0.427845 -0.418348 -0.404788 -0.388614 -0.37256 -0.359249 -0.349973 -0.341658 -0.358315 
8.4 -12.6118 0.57219 2 4 5 5 5 5 7 8 10 10 11 14 16 19 20 20 20 19 16 14 11 10 10 8 7 5 5 5 5 4 2 -0.358949 -0.342377 -0.351227 -0.361098 -0.374967 -0.39125 -0.407147 -0.420109 -0.429037 -0.43559 -0.440514 -0.44214 -0.443137 -0.443204 -0.443449 -0.443461 -0.443447 -0.443208 -0.443132 -0.442144 -0.440512 -0.43559 -0.429037 -0.420109 -0.407147 -0.39125 -0.374967 -0.361098 -0.351227 -0.342377 -0.358949 
8.5 -12.6445 0.577046 2 4 5 5 5 6 8 8 10 10 13 14 17 19 20 20 20 19 17 14 13 10 10 8 8 6 5 5 5 4 2 -0.359644 -0.343156 -0.352571 -0.363043 -0.377438 -0.393876 -0.409422 -0.421762 -0.430156 -0.436313 -0.441005 -0.442303 -0.443096 -0.443256 -0.44349 -0.443407 -0.443488 -0.44326 -0.443091 -0.442307 -0.441003 -0.436313 -0.430156 -0.421762 -0.409422 -0.393876 -0.377438 -0.363043 -0.352571 -0.343157 -0.359644 
8.6 -12.677 0.581835 2 4 5 5 5 6 8 8 10 10 13 15 17 19 20 20 20 19 17 15 13 10 10 8 8 6 5 5 5 4 2 -0.360406 -0.344 -0.354009 -0.365084 -0.379965 -0.39648 -0.411606 -0.423309 -0.431207 -0.43699 -0.441448 -0.442442 -0.443049 -0.443305 -0.443531 -0.443354 -0.443529 -0.443309 -0.443044 -0.442446 -0.441446 -0.436991 -0.431207 -0.423309 -0.411606 -0.39648 -0.379965 -0.365084 -0.354009 -0.344 -0.360406 
8.7 -12.7095 0.586558 2 4 5 5 5 6 8 9 10 10 14 16 17 19 20 21 20 19 17 16 14 10 10 9 8 6 5 5 5 4 2 -0.361241 -0.344911 -0.355544 -0.367216 -0.382536 -0.399049 -0.413692 -0.424753 -0.432196 -0.437625 -0.441843 -0.442557 -0.442998 -0.443351 -0.443571 -0.443302 -0.443569 -0.443355 -0.442993 -0.442561 -0.441842 -0.437625 -0.432196 -0.424754 -0.413692 -0.399049 -0.382536 -0.367216 -0.355544 -0.344911 -0.36124 
8.8 -12.7418 0.591215 2 4 5 5 5 7 8 9 10 11 14 16 19 19 20 22 22 19 19 16 14 11 10 9 8 7 5 5 5 4 2 -0.362154 -0.345892 -0.357177 -0.369436 -0.38514 -0.401569 -0.415676 -0.4261 -0.433129 -0.43822 -0.442192 -0.442651 -0.442946 -0.443393 -0.443609 -0.443252 -0.443607 -0.443397 -0.442942 -0.442654 -0.442191 -0.43822 -0.433129 -0.4261 -0.415676 -0.401569 -0.38514 -0.369436 -0.357177 -0.345893 -0.362153 
8.9 -12.7741 0.595809 2 4 5 5 5 7 8 9 10 11 14 16 19 20 22 22 22 21 19 16 14 11 10 9 8 7 5 5 5 4 2 -0.363151 -0.346948 -0.35891 -0.371738 -0.387764 -0.404028 -0.417555 -0.427352 -0.43401 -0.438776 -0.442495 -0.442726 -0.442898 -0.443432 -0.443644 -0.443205 -0.443643 -0.443435 -0.442894 -0.442729 -0.442495 -0.438776 -0.434009 -0.427352 -0.417555 -0.404028 -0.387764 -0.371738 -0.35891 -0.346948 -0.36315 
9 -12.8062 0.600339 2 4 5 5 5 7 8 10 10 11 15 18 19 21 22 22 22 21 19 18 15 11 10 10 8 7 5 5 5 4 2 -0.36424 -0.34808 -0.360743 -0.374116 -0.390396 -0.406415 -0.419327 -0.428518 -0.434843 -0.439296 -0.442754 -0.442785 -0.442854 -0.443468 -0.443676 -0.443161 -0.443675 -0.443471 -0.442851 -0.442787 -0.442754 -0.439296 -0.434843 -0.428518 -0.419327 -0.406415 -0.390396 -0.374116 -0.360743 -0.34808 -0.364239 
9.1 -12.8382 0.604809 2 4 5 5 6 7 8 10 10 13 15 18 19 21 22 22 22 21 19 18 15 13 10 10 8 7 6 5 5 4 2 -0.365428 -0.349291 -0.362676 -0.376561 -0.393022 -0.40872 -0.420993 -0.429603 -0.435632 -0.43978 -0.442969 -0.44283 -0.442818 -0.4435 -0.443705 -0.443121 -0.443704 -0.443502 -0.442816 -0.44283 -0.442969 -0.43978 -0.435632 -0.429603 -0.420993 -0.40872 -0.393022 -0.376561 -0.362676 -0.349291 -0.365427 
9.2 -12.87 0.609218 2 4 5 5 6 8 8 10 10 13 16 18 20 21 22 22 22 21 20 18 16 13 10 10 8 8 6 5 5 4 2 -0.366721 -0.350583 -0.364707 -0.379064 -0.395629 -0.410935 -0.422555 -0.430613 -0.436381 -0.44023 -0.443143 -0.442862 -0.44279 -0.443528 -0.443728 -0.443085 -0.443728 -0.443529 -0.442789 -0.442862 -0.443144 -0.440229 -0.436381 -0.430613 -0.422555 -0.410935 -0.395629 -0.379064 -0.364707 -0.350583 -0.36672 
9.3 -12.9017 0.613569 2 4 5 5 6 8 9 10 11 14 16 19 20 22 22 23 22 22 20 19 16 14 11 10 9 8 6 5 5 4 2 -0.368128 -0.351957 -0.366835 -0.381615 -0.398204 -0.413051 -0.424015 -0.431556 -0.437091 -0.440645 -0.443277 -0.442884 -0.442774 -0.443551 -0.443747 -0.443055 -0.443747 -0.443551 -0.442774 -0.442883 -0.443279 -0.440644 -0.437091 -0.431556 -0.424015 -0.413051 -0.398204 -0.381615 -0.366835 -0.351957 -0.368128 
9.4 -12.9332 0.617864 2 4 5 5 7 8 9 10 11 14 16 19 21 22 23 23 22 22 21 19 16 14 11 10 9 8 7 5 5 4 2 -0.369657 -0.353414 -0.369055 -0.384203 -0.400734 -0.415065 -0.425378 -0.432438 -0.437765 -0.441026 -0.443374 -0.442898 -0.442768 -0.443569 -0.443761 -0.443032 -0.443761 -0.443568 -0.442769 -0.442896 -0.443376 -0.441025 -0.437765 -0.432438 -0.425378 -0.415065 -0.400734 -0.384203 -0.369055 -0.353414 -0.369657 
9.5 -12.9646 0.622103 2 4 5 5 7 8 9 10 11 14 18 19 21 22 23 25 23 22 21 19 18 14 11 10 9 8 7 5 5 4 2 -0.371315 -0.354953 -0.371362 -0.386814 -0.403206 -0.416971 -0.426649 -0.433264 -0.438404 -0.441373 -0.443437 -0.442906 -0.442775 -0.443582 -0.443768 -0.443015 -0.443769 -0.44358 -0.442778 -0.442903 -0.44344 -0.441372 -0.438403 -0.433264 -0.426649 -0.416971 -0.403206 -0.386814 -0.371362 -0.354953 -0.371315 
9.6 -12.9957 0.62629 2 4 5 5 7 8 10 10 11 15 18 20 21 22 23 25 24 22 21 20 18 15 11 10 10 8 7 5 5 4 2 -0.373112 -0.356573 -0.373752 -0.389437 -0.405611 -0.418767 -0.427834 -0.434042 -0.439007 -0.441687 -0.443469 -0.44291 -0.442795 -0.443589 -0.44377 -0.443006 -0.443772 -0.443587 -0.442798 -0.442906 -0.443471 -0.441687 -0.439007 -0.434042 -0.427834 -0.418767 -0.405611 -0.389437 -0.373752 -0.356573 -0.373112 
9.7 -13.0266 0.630425 2 4 5 5 7 8 10 10 12 15 18 20 22 23 25 26 25 23 22 20 18 16 12 10 10 8 7 5 5 4 2 -0.375054 -0.358272 -0.376216 -0.392057 -0.407936 -0.420453 -0.428939 -0.434776 -0.439576 -0.441969 -0.443472 -0.442912 -0.442827 -0.44359 -0.443766 -0.443004 -0.443768 -0.443587 -0.442831 -0.442907 -0.443475 -0.441968 -0.439576 -0.434775 -0.428939 -0.420453 -0.407936 -0.392057 -0.376216 -0.358272 -0.375055 
9.8 -13.0573 0.63451 2 4 5 6 8 8 10 10 13 16 19 20 22 23 25 27 25 23 22 20 19 16 13 10 10 8 8 6 5 4 2 -0.377152 -0.360047 -0.378746 -0.394662 -0.410174 -0.42203 -0.429971 -0.43547 -0.44011 -0.442218 -0.443451 -0.442913 -0.442871 -0.443584 -0.443756 -0.44301 -0.443758 -0.443581 -0.442876 -0.442908 -0.443454 -0.442217 -0.44011 -0.435469 -0.429971 -0.42203 -0.410174 -0.394662 -0.378746 -0.360047 -0.377152 
9.9 -13.0878 0.638546 2 4 5 6 8 9 10 10 14 16 19 21 22 23 25 28 25 23 22 21 19 16 14 10 10 9 8 6 5 4 2 -0.379412 -0.361893 -0.381334 -0.397236 -0.412316 -0.423501 -0.430937 -0.436128 -0.440609 -0.442435 -0.443409 -0.442915 -0.442927 -0.443572 -0.44374 -0.443025 -0.443742 -0.443568 -0.442932 -0.442909 -0.443413 -0.442434 -0.440609 -0.436128 -0.430937 -0.423501 -0.412316 -0.397236 -0.381334 -0.361893 -0.379412 
10 -13.1179 0.642534 2 4 5 6 8 9 10 11 14 16 19 21 23 24 25 28 25 24 23 21 19 18 14 11 10 9 8 6 5 4 2 -0.381842 -0.363803 -0.383967 -0.399768 -0.414358 -0.424869 -0.431842 -0.436754 -0.441072 -0.442621 -0.44335 -0.442919 -0.442992 -0.443554 -0.443719 -0.443047 -0.443721 -0.44355 -0.442999 -0.442913 -0.443353 -0.44262 -0.441072 -0.436754 -0.431842 -0.424869 -0.414358 -0.399768 -0.383968 -0.363803 -0.381842 
10.1 -13.1478 0.646474 2 4 5 7 8 9 10 11 14 18 20 21 23 25 26 29 27 25 23 21 20 18 14 11 10 9 8 7 5 4 2 -0.384449 -0.365771 -0.386637 -0.402243 -0.416293 -0.426138 -0.432695 -0.437351 -0.441499 -0.442777 -0.443278 -0.442926 -0.443066 -0.443529 -0.443693 -0.443077 -0.443695 -0.443525 -0.443073 -0.44292 -0.443281 -0.442776 -0.441499 -0.43735 -0.432695 -0.426138 -0.416293 -0.402243 -0.386637 -0.365771 -0.384449 
10.2 -13.1773 0.650369 2 4 6 7 8 10 10 11 15 18 20 22 23 25 27 29 27 25 23 22 20 18 15 11 10 10 8 7 6 4 2 -0.387241 -0.367787 -0.38933 -0.404651 -0.418121 -0.427316 -0.433499 -0.437919 -0.441888 -0.442904 -0.443196 -0.442937 -0.443147 -0.443498 -0.443663 -0.443114 -0.443665 -0.443493 -0.443155 -0.44293 -0.443199 -0.442903 -0.441888 -0.437919 -0.433499 -0.427316 -0.418121 -0.404651 -0.38933 -0.367787 -0.38724 
10.3 -13.2065 0.654217 2 4 6 7 8 10 10 13 16 18 20 22 23 26 27 29 27 27 23 22 20 18 16 13 10 10 8 7 6 4 2 -0.390222 -0.36984 -0.392034 -0.406979 -0.41984 -0.428407 -0.434261 -0.438461 -0.442238 -0.443004 -0.443108 -0.442952 -0.443234 -0.443462 -0.44363 -0.443157 -0.443632 -0.443457 -0.443241 -0.442946 -0.443111 -0.443004 -0.442239 -0.438461 -0.434261 -0.428407 -0.41984 -0.406979 -0.392034 -0.36984 -0.390222 
10.4 -13.2353 0.658019 2 4 7 8 8 10 10 13 16 19 21 22 25 27 27 29 27 27 25 22 21 19 16 13 10 10 8 8 7 4 2 -0.393398 -0.371919 -0.394738 -0.409217 -0.42145 -0.429419 -0.434986 -0.438977 -0.44255 -0.443079 -0.443018 -0.442972 -0.443323 -0.44342 -0.443594 -0.443204 -0.443596 -0.443415 -0.443331 -0.442966 -0.443021 -0.443078 -0.442551 -0.438977 -0.434986 -0.429419 -0.42145 -0.409217 -0.394738 -0.371919 -0.393398 
10.5 -13.2638 0.661774 2 4 7 8 8 10 10 14 16 19 21 23 25 27 27 29 27 27 25 23 21 19 16 14 10 10 8 8 7 4 2 -0.396773 -0.374009 -0.397427 -0.411358 -0.422954 -0.43036 -0.435677 -0.439468 -0.442824 -0.443131 -0.442929 -0.442997 -0.443414 -0.443374 -0.443557 -0.443255 -0.443558 -0.443369 -0.443421 -0.442991 -0.442932 -0.44313 -0.442825 -0.439467 -0.435677 -0.43036 -0.422954 -0.411358 -0.397427 -0.374009 -0.396772 
10.6 -13.2918 0.665483 2 4 7 8 9 10 11 14 18 20 21 23 25 27 28 29 28 27 26 23 21 20 18 14 11 10 9 8 7 4 2 -0.400348 -0.376096 -0.400091 -0.413392 -0.424355 -0.431235 -0.436338 -0.439933 -0.443058 -0.443162 -0.442845 -0.443027 -0.443503 -0.443325 -0.443519 -0.443308 -0.443521 -0.44332 -0.44351 -0.443021 -0.442848 -0.44316 -0.443059 -0.439932 -0.436338 -0.431235 -0.424355 -0.413392 -0.400091 -0.376097 -0.400348 
10.7 -13.3193 0.669144 2 4 7 8 9 10 11 14 18 20 21 23 26 27 28 30 28 27 26 23 21 20 18 14 11 10 9 8 7 4 2 -0.404126 -0.378164 -0.402718 -0.415316 -0.425659 -0.432052 -0.436971 -0.440372 -0.443253 -0.443173 -0.442768 -0.443061 -0.443589 -0.443273 -0.443481 -0.443362 -0.443483 -0.443268 -0.443596 -0.443056 -0.442771 -0.443172 -0.443255 -0.440371 -0.436971 -0.432052 -0.425659 -0.415316 -0.402718 -0.378164 -0.404126 
10.8 -13.3464 0.672758 2 4 8 8 9 10 11 15 18 20 22 23 27 27 28 30 28 27 27 24 22 20 18 15 11 10 9 8 8 4 2 -0.408106 -0.380196 -0.405296 -0.417125 -0.426869 -0.432817 -0.437579 -0.440785 -0.443411 -0.443169 -0.442701 -0.443099 -0.443669 -0.443221 -0.443445 -0.443415 -0.443447 -0.443216 -0.443676 -0.443094 -0.442704 -0.443167 -0.443413 -0.440784 -0.437579 -0.432817 -0.426869 -0.417125 -0.405296 -0.380196 -0.408105 
10.9 -13.3729 0.676323 2 4 8 9 10 10 12 16 18 20 23 25 28 28 29 31 29 28 28 25 23 20 18 16 13 10 10 9 8 4 2 -0.412284 -0.382173 -0.407815 -0.418816 -0.427994 -0.433536 -0.438162 -0.44117 -0.443532 -0.443151 -0.442646 -0.44314 -0.443742 -0.443168 -0.443411 -0.443466 -0.443413 -0.443163 -0.443748 -0.443136 -0.442649 -0.443148 -0.443535 -0.441168 -0.438163 -0.433536 -0.427994 -0.418816 -0.407815 -0.382174 -0.412283 
11 -13.399 0.679839 2 4 8 9 10 10 13 16 19 21 23 25 28 29 29 32 29 29 28 25 23 21 19 16 13 10 10 9 8 4 2 -0.416657 -0.384079 -0.410267 -0.420389 -0.429039 -0.434216 -0.438722 -0.441526 -0.443618 -0.443122 -0.442606 -0.443183 -0.443806 -0.443117 -0.443379 -0.443512 -0.443382 -0.443112 -0.443811 -0.44318 -0.442608 -0.443119 -0.443621 -0.441525 -0.438722 -0.434216 -0.429039 -0.420389 -0.410267 -0.384079 -0.416656 
11.1 -13.4244 0.683306 2 4 8 9 10 10 14 16 19 21 23 26 28 29 30 32 30 29 28 26 23 21 19 16 14 10 10 9 8 4 2 -0.421217 -0.385894 -0.412644 -0.421844 -0.430013 -0.43486 -0.439259 -0.441853 -0.44367 -0.443085 -0.442581 -0.443227 -0.443859 -0.443069 -0.443352 -0.443554 -0.443354 -0.443064 -0.443863 -0.443224 -0.442583 -0.443081 -0.443673 -0.441852 -0.439259 -0.43486 -0.430013 -0.421844 -0.412644 -0.385894 -0.421217 
11.2 -13.4492 0.686722 2 4 8 10 10 11 14 18 20 21 24 27 28 29 32 32 32 29 28 27 24 21 20 18 14 11 10 10 8 4 2 -0.425958 -0.387599 -0.414939 -0.423183 -0.430921 -0.435474 -0.439771 -0.44215 -0.443692 -0.443042 -0.442572 -0.443271 -0.4439 -0.443024 -0.443328 -0.443589 -0.443331 -0.44302 -0.443903 -0.443269 -0.442574 -0.443038 -0.443695 -0.442149 -0.439771 -0.435473 -0.430921 -0.423183 -0.414939 -0.3876 -0.425957 
11.3 -13.4734 0.690089 2 4 8 10 10 11 14 18 20 22 24 27 30 30 32 32 32 30 30 28 24 22 20 18 14 11 10 10 8 4 2 -0.430866 -0.389179 -0.41715 -0.42441 -0.431771 -0.43606 -0.440259 -0.442416 -0.443685 -0.442995 -0.44258 -0.443314 -0.443928 -0.442985 -0.443309 -0.443616 -0.443312 -0.442982 -0.443931 -0.443312 -0.442582 -0.442991 -0.443688 -0.442415 -0.44026 -0.43606 -0.431772 -0.42441 -0.41715 -0.389179 -0.430866 
11.4 -13.497 0.693404 2 4 8 10 10 11 15 18 20 23 25 28 30 31 32 34 32 31 30 28 25 23 20 18 15 11 10 10 8 4 2 -0.435931 -0.390616 -0.419271 -0.425528 -0.432571 -0.436622 -0.440722 -0.442651 -0.443653 -0.442948 -0.442606 -0.443353 -0.443943 -0.442953 -0.443294 -0.443634 -0.443297 -0.44295 -0.443945 -0.443353 -0.442607 -0.442944 -0.443656 -0.44265 -0.440722 -0.436622 -0.432571 -0.425528 -0.419271 -0.390616 -0.435931 
11.5 -13.5198 0.69667 2 4 8 10 10 12 16 18 20 23 25 29 30 31 32 34 33 31 30 29 26 23 21 18 16 12 10 10 8 4 2 -0.441136 -0.391894 -0.421303 -0.426542 -0.433327 -0.437162 -0.441158 -0.442855 -0.443598 -0.442903 -0.442647 -0.443389 -0.443944 -0.442928 -0.443284 -0.443644 -0.443287 -0.442925 -0.443945 -0.44339 -0.442649 -0.442899 -0.443602 -0.442854 -0.441158 -0.437162 -0.433327 -0.426542 -0.421303 -0.391894 -0.441136 
11.6 -13.5419 0.699885 2 4 8 10 10 13 16 19 21 23 26 29 31 32 34 34 34 32 31 29 26 23 21 19 16 13 10 10 8 4 2 -0.446464 -0.392999 -0.423246 -0.427457 -0.434044 -0.437681 -0.441565 -0.443028 -0.443525 -0.442861 -0.442705 -0.44342 -0.443932 -0.442911 -0.443279 -0.443644 -0.443282 -0.442909 -0.443932 -0.443421 -0.442706 -0.442857 -0.443529 -0.443027 -0.441565 -0.437681 -0.434044 -0.427457 -0.423246 -0.393 -0.446464 
11.7 -13.5632 0.703051 2 4 8 10 10 14 16 19 21 23 26 29 31 33 34 35 34 33 31 29 26 24 21 19 16 14 10 10 8 4 2 -0.451898 -0.393921 -0.425101 -0.42828 -0.434728 -0.438181 -0.441943 -0.443169 -0.443437 -0.442824 -0.442776 -0.443444 -0.443908 -0.442902 -0.443278 -0.443634 -0.443281 -0.442901 -0.443906 -0.443447 -0.442777 -0.442821 -0.44344 -0.443169 -0.441943 -0.438181 -0.434728 -0.42828 -0.425101 -0.393921 -0.451898 
11.8 -13.5838 0.706168 2 4 8 10 11 14 18 20 21 24 28 30 32 34 34 36 34 34 32 30 27 24 21 20 18 14 11 10 8 4 2 -0.457416 -0.394649 -0.426872 -0.429015 -0.435385 -0.438661 -0.44229 -0.443281 -0.443338 -0.442795 -0.442861 -0.443462 -0.443872 -0.442903 -0.443282 -0.443615 -0.443284 -0.442903 -0.443868 -0.443465 -0.442861 -0.442792 -0.44334 -0.443281 -0.44229 -0.438661 -0.435385 -0.429015 -0.426872 -0.394649 -0.457416 
11.9 -13.6035 0.709238 2 4 8 10 12 14 18 20 23 24 28 31 32 34 34 36 35 34 32 31 28 25 23 20 18 14 12 10 8 4 2 -0.462998 -0.395176 -0.428563 -0.429668 -0.436018 -0.439121 -0.442605 -0.443364 -0.443231 -0.442773 -0.442955 -0.443472 -0.443824 -0.442912 -0.443289 -0.443586 -0.44329 -0.442914 -0.44382 -0.443476 -0.442956 -0.442771 -0.443233 -0.443364 -0.442604 -0.439121 -0.436018 -0.429668 -0.428563 -0.395176 -0.462998 
12 -13.6225 0.712262 2 4 8 10 12 15 18 20 23 25 29 31 32 34 35 38 35 34 32 31 29 26 23 20 18 15 12 10 8 4 2 -0.46862 -0.395498 -0.430179 -0.430245 -0.436631 -0.439561 -0.442885 -0.44342 -0.44312 -0.442761 -0.443058 -0.443475 -0.443768 -0.44293 -0.443299 -0.44355 -0.4433 -0.442933 -0.443762 -0.443479 -0.443058 -0.442759 -0.443121 -0.44342 -0.442885 -0.439561 -0.436631 -0.430245 -0.430179 -0.395498 -0.46862 
12.1 -13.6405 0.715242 2 4 8 10 12 15 18 21 23 26 29 31 34 35 36 38 36 35 34 31 30 26 23 21 18 15 12 10 8 4 2 -0.47426 -0.395612 -0.431727 -0.430751 -0.437227 -0.439979 -0.443132 -0.44345 -0.443009 -0.442758 -0.443167 -0.443469 -0.443704 -0.442957 -0.443312 -0.443505 -0.443312 -0.44296 -0.443697 -0.443474 -0.443166 -0.442757 -0.443009 -0.443451 -0.443131 -0.439979 -0.437227 -0.430751 -0.431727 -0.395612 -0.47426 
12.2 -13.6578 0.718179 2 4 8 11 14 16 19 21 23 26 30 32 34 35 36 40 36 35 34 33 30 26 23 21 19 16 14 11 8 4 2 -0.479895 -0.39552 -0.433213 -0.431189 -0.437808 -0.440374 -0.443344 -0.443456 -0.442902 -0.442766 -0.443279 -0.443455 -0.443634 -0.44299 -0.443327 -0.443454 -0.443326 -0.442995 -0.443627 -0.443461 -0.443277 -0.442766 -0.442901 -0.443457 -0.443343 -0.440374 -0.437808 -0.431189 -0.433213 -0.39552 -0.479895 
12.3 -13.6741 0.721077 2 4 8 11 14 16 20 21 24 27 31 33 35 36 36 40 36 36 35 33 31 28 24 21 20 16 14 11 8 4 2 -0.485502 -0.395225 -0.434644 -0.431565 -0.438375 -0.440744 -0.44352 -0.443441 -0.442801 -0.442783 -0.44339 -0.443434 -0.44356 -0.443031 -0.443344 -0.443398 -0.443341 -0.443037 -0.443552 -0.443439 -0.443389 -0.442784 -0.442798 -0.443443 -0.44352 -0.440744 -0.438376 -0.431564 -0.434644 -0.395225 -0.485503 
12.4 -13.6896 0.723937 2 4 8 11 15 18 20 21 24 28 32 34 35 36 38 41 38 36 35 34 32 29 24 21 20 18 15 11 8 4 2 -0.491059 -0.394734 -0.436028 -0.43188 -0.43893 -0.441087 -0.443663 -0.443407 -0.442709 -0.44281 -0.4435 -0.443405 -0.443485 -0.443076 -0.443361 -0.443338 -0.443358 -0.443083 -0.443476 -0.443411 -0.443498 -0.442812 -0.442706 -0.443409 -0.443662 -0.441087 -0.438931 -0.43188 -0.436028 -0.394734 -0.49106 
12.5 -13.7042 0.726763 2 4 8 11 15 18 20 23 25 29 32 34 36 37 38 42 38 37 36 34 32 29 25 23 20 18 15 11 8 4 2 -0.496545 -0.394054 -0.437372 -0.432139 -0.439473 -0.4414 -0.443771 -0.443356 -0.44263 -0.442845 -0.443604 -0.443371 -0.443409 -0.443126 -0.443378 -0.443276 -0.443374 -0.443134 -0.4434 -0.443376 -0.443602 -0.442848 -0.442626 -0.443359 -0.44377 -0.4414 -0.439474 -0.432139 -0.437372 -0.394054 -0.496545 
12.6 -13.718 0.729555 2 4 8 13 15 18 20 23 26 30 32 34 36 37 39 42 39 37 36 34 32 30 26 23 20 18 15 13 8 4 2 -0.501939 -0.393196 -0.438683 -0.432343 -0.440004 -0.441683 -0.443846 -0.443292 -0.442565 -0.442888 -0.443701 -0.443331 -0.443334 -0.443178 -0.443395 -0.443212 -0.443391 -0.443187 -0.443326 -0.443337 -0.443698 -0.442892 -0.44256 -0.443295 -0.443845 -0.441682 -0.440005 -0.432342 -0.438683 -0.393196 -0.50194 
12.7 -13.7309 0.732318 2 4 8 13 17 18 20 23 26 31 33 34 36 37 39 43 39 37 36 35 33 31 26 23 20 20 17 13 8 4 2 -0.507224 -0.392174 -0.439968 -0.432492 -0.440522 -0.441931 -0.443889 -0.443217 -0.442517 -0.442938 -0.443788 -0.443288 -0.443264 -0.443232 -0.443412 -0.443148 -0.443406 -0.443241 -0.443255 -0.443293 -0.443784 -0.442943 -0.442511 -0.44322 -0.443889 -0.44193 -0.440523 -0.432492 -0.439968 -0.392174 -0.507224 
12.8 -13.7429 0.735054 2 4 8 13 17 20 21 24 26 31 33 35 37 38 40 43 40 38 37 36 34 31 26 24 21 20 17 13 8 4 2 -0.512383 -0.391001 -0.441235 -0.432589 -0.441027 -0.442144 -0.443903 -0.443134 -0.442486 -0.442992 -0.443863 -0.443242 -0.443198 -0.443285 -0.443427 -0.443086 -0.44342 -0.443294 -0.44319 -0.443246 -0.443859 -0.442999 -0.442479 -0.443137 -0.443903 -0.442143 -0.441028 -0.432589 -0.441235 -0.391001 -0.512383 
12.9 -13.7541 0.737765 2 4 8 13 18 20 22 24 28 31 35 36 37 38 40 43 40 38 37 36 35 32 28 24 22 20 18 13 8 4 2 -0.517401 -0.389692 -0.442489 -0.432632 -0.441518 -0.442319 -0.44389 -0.443046 -0.442473 -0.443051 -0.443924 -0.443194 -0.443139 -0.443336 -0.44344 -0.443027 -0.443433 -0.443345 -0.443132 -0.443198 -0.443921 -0.443058 -0.442467 -0.443049 -0.443891 -0.442317 -0.441519 -0.432632 -0.442489 -0.389692 -0.517401 
13 -13.7645 0.740453 2 4 8 14 18 20 22 24 29 32 35 37 37 40 41 43 41 40 37 37 35 32 29 24 22 20 18 14 8 4 2 -0.522267 -0.388264 -0.443737 -0.432622 -0.441992 -0.442454 -0.443853 -0.442955 -0.44248 -0.443111 -0.443971 -0.443147 -0.443087 -0.443384 -0.443451 -0.442973 -0.443444 -0.443393 -0.443082 -0.44315 -0.443967 -0.443118 -0.442473 -0.442957 -0.443854 -0.442452 -0.441993 -0.432621 -0.443737 -0.388264 -0.522267 
13.1 -13.7741 0.743122 2 4 8 14 18 21 23 26 29 33 35 37 38 40 41 44 41 40 38 37 35 33 29 26 23 21 18 14 8 4 2 -0.52697 -0.386733 -0.444984 -0.432557 -0.44245 -0.442547 -0.443794 -0.442864 -0.442505 -0.443171 -0.444002 -0.443101 -0.443044 -0.443428 -0.44346 -0.442923 -0.443453 -0.443436 -0.44304 -0.443103 -0.443998 -0.443179 -0.442499 -0.442866 -0.443795 -0.442546 -0.442451 -0.432556 -0.444984 -0.386733 -0.52697 
13.2 -13.783 0.745772 2 4 8 14 19 21 23 26 31 33 35 37 38 40 42 44 42 41 38 37 35 34 31 26 23 21 19 14 8 4 2 -0.531503 -0.385116 -0.446235 -0.432435 -0.442889 -0.442598 -0.443717 -0.442775 -0.442549 -0.44323 -0.444017 -0.443058 -0.443011 -0.443466 -0.443466 -0.442881 -0.443459 -0.443473 -0.443008 -0.443059 -0.444013 -0.443237 -0.442543 -0.442776 -0.443718 -0.442596 -0.442891 -0.432435 -0.446235 -0.385115 -0.531503 
13.3 -13.7911 0.748407 2 4 8 15 19 22 23 26 31 34 36 38 39 42 42 44 43 42 39 38 35 34 31 26 24 22 19 15 8 4 2 -0.535861 -0.383429 -0.447496 -0.432255 -0.44331 -0.442605 -0.443625 -0.442689 -0.442609 -0.443285 -0.444015 -0.443019 -0.442988 -0.443497 -0.443469 -0.442845 -0.443463 -0.443503 -0.442986 -0.44302 -0.444011 -0.443292 -0.442604 -0.44269 -0.443627 -0.442603 -0.443311 -0.432255 -0.447496 -0.383429 -0.535861 
13.4 -13.7986 0.751027 2 4 8 15 19 22 24 28 31 34 36 38 39 42 43 45 43 42 39 38 36 34 31 27 24 22 19 15 8 4 2 -0.540041 -0.381688 -0.44877 -0.432015 -0.443709 -0.442567 -0.443522 -0.44261 -0.442686 -0.443335 -0.443997 -0.442986 -0.442975 -0.44352 -0.44347 -0.442818 -0.443465 -0.443525 -0.442974 -0.442985 -0.443993 -0.443342 -0.442681 -0.44261 -0.443524 -0.442565 -0.44371 -0.432015 -0.44877 -0.381688 -0.540041 
13.5 -13.8054 0.753633 2 4 8 15 20 22 24 28 32 35 37 38 41 43 43 46 43 43 41 39 37 35 32 29 24 22 20 15 8 4 2 -0.544043 -0.379909 -0.450062 -0.431712 -0.444088 -0.442483 -0.443412 -0.442537 -0.442776 -0.443379 -0.443964 -0.442958 -0.442972 -0.443535 -0.443468 -0.442799 -0.443464 -0.443538 -0.442972 -0.442957 -0.44396 -0.443386 -0.442772 -0.442536 -0.443415 -0.442481 -0.444089 -0.431712 -0.450062 -0.379909 -0.544043 
13.6 -13.8116 0.756228 2 4 8 16 20 23 25 30 34 36 38 39 42 43 44 47 44 43 42 40 38 36 34 30 25 23 20 16 8 4 2 -0.547867 -0.378106 -0.451374 -0.431343 -0.444445 -0.442353 -0.443298 -0.442472 -0.442877 -0.443416 -0.443917 -0.442937 -0.442978 -0.443541 -0.443463 -0.44279 -0.44346 -0.443543 -0.44298 -0.442936 -0.443913 -0.443421 -0.442875 -0.44247 -0.443301 -0.442351 -0.444446 -0.431343 -0.451374 -0.378106 -0.547867 
13.7 -13.8171 0.758811 2 4 8 16 20 23 26 30 34 36 39 40 43 43 45 48 45 43 43 40 39 36 34 30 26 23 20 16 8 4 2 -0.551517 -0.37629 -0.45271 -0.430907 -0.44478 -0.442177 -0.443185 -0.442415 -0.442988 -0.443443 -0.443857 -0.442923 -0.442994 -0.443538 -0.443456 -0.442789 -0.443454 -0.443539 -0.442996 -0.442922 -0.443853 -0.443448 -0.442987 -0.442412 -0.443188 -0.442175 -0.444781 -0.430907 -0.452711 -0.37629 -0.551517 
13.8 -13.8222 0.761383 2 4 8 16 21 23 27 31 35 36 39 40 43 44 45 48 45 44 43 40 39 36 35 31 27 23 21 16 8 4 2 -0.554999 -0.374473 -0.454074 -0.4304 -0.445095 -0.441956 -0.443075 -0.442366 -0.443105 -0.443461 -0.443786 -0.442917 -0.443019 -0.443526 -0.443446 -0.442798 -0.443445 -0.443525 -0.443022 -0.442917 -0.443782 -0.443464 -0.443106 -0.442362 -0.443079 -0.441953 -0.445095 -0.4304 -0.454074 -0.374473 -0.554999 
13.9 -13.8267 0.763945 2 4 8 16 21 24 28 31 35 37 40 40 44 44 46 48 46 44 45 40 40 37 35 31 28 24 21 16 8 4 2 -0.558319 -0.372664 -0.455466 -0.429821 -0.445389 -0.441689 -0.442974 -0.442325 -0.443226 -0.443469 -0.443705 -0.442919 -0.443051 -0.443505 -0.443434 -0.442815 -0.443434 -0.443503 -0.443054 -0.442919 -0.443702 -0.443471 -0.443228 -0.44232 -0.442977 -0.441686 -0.44539 -0.429821 -0.455466 -0.372664 -0.558319 
14 -13.8308 0.766495 2 4 8 16 21 25 28 32 35 38 40 41 45 45 47 49 47 45 45 41 40 38 35 32 29 25 21 16 8 4 2 -0.561486 -0.370872 -0.456891 -0.429166 -0.445666 -0.441377 -0.442883 -0.44229 -0.443347 -0.443466 -0.443618 -0.442928 -0.44309 -0.443476 -0.44342 -0.442841 -0.443421 -0.443473 -0.443093 -0.442929 -0.443615 -0.443467 -0.443351 -0.442285 -0.442886 -0.441375 -0.445666 -0.429166 -0.456891 -0.370872 -0.561486 
14.1 -13.8344 0.769034 2 4 8 16 22 25 30 33 36 38 40 42 46 45 47 49 47 45 46 42 40 39 36 34 30 25 22 16 8 4 2 -0.564508 -0.3691 -0.458349 -0.428434 -0.445927 -0.44102 -0.442805 -0.442261 -0.443467 -0.443453 -0.443526 -0.442945 -0.443134 -0.443439 -0.443404 -0.442874 -0.443406 -0.443435 -0.443137 -0.442946 -0.443523 -0.443452 -0.443472 -0.442256 -0.442809 -0.441019 -0.445927 -0.428434 -0.458349 -0.3691 -0.564508 
14.2 -13.8377 0.77156 2 4 8 16 22 26 31 34 36 40 41 43 46 46 48 50 48 46 46 43 40 40 36 34 31 26 22 16 8 4 2 -0.567397 -0.367354 -0.459843 -0.427623 -0.446174 -0.440621 -0.442745 -0.442236 -0.443582 -0.443429 -0.443432 -0.442968 -0.443182 -0.443395 -0.443386 -0.442915 -0.443389 -0.44339 -0.443185 -0.44297 -0.443429 -0.443426 -0.443589 -0.44223 -0.442748 -0.44062 -0.446174 -0.427623 -0.459843 -0.367355 -0.567397 
14.3 -13.8405 0.774073 2 4 8 16 23 27 31 34 37 40 41 44 47 47 48 50 48 47 47 44 42 40 37 34 31 27 23 16 8 4 2 -0.570164 -0.365635 -0.461375 -0.426731 -0.446413 -0.44018 -0.442703 -0.442213 -0.443689 -0.443394 -0.443337 -0.442997 -0.443233 -0.443346 -0.443367 -0.442961 -0.443372 -0.44334 -0.443235 -0.443 -0.443335 -0.443391 -0.443697 -0.442207 -0.442705 -0.440179 -0.446412 -0.426732 -0.461375 -0.365636 -0.570164 
14.4 -13.8431 0.776572 2 4 8 16 23 27 32 35 37 40 42 45 47 48 48 51 49 48 47 45 42 40 37 35 32 27 23 16 8 4 2 -0.57282 -0.363944 -0.462946 -0.425758 -0.446645 -0.439698 -0.442681 -0.442189 -0.443787 -0.44335 -0.443245 -0.443031 -0.443284 -0.443292 -0.443348 -0.443012 -0.443353 -0.443286 -0.443286 -0.443034 -0.443243 -0.443345 -0.443795 -0.442183 -0.442683 -0.439698 -0.446645 -0.425759 -0.462946 -0.363944 -0.57282 
14.5 -13.8453 0.779054 2 4 8 16 24 28 33 37 38 40 43 45 47 48 49 52 50 49 47 45 43 40 38 37 33 28 24 16 8 4 2 -0.575378 -0.362278 -0.464558 -0.424703 -0.446877 -0.439177 -0.442682 -0.442161 -0.443873 -0.443296 -0.443158 -0.443068 -0.443336 -0.443235 -0.443328 -0.443067 -0.443334 -0.443229 -0.443337 -0.443072 -0.443156 -0.443291 -0.443882 -0.442156 -0.442683 -0.439177 -0.446876 -0.424703 -0.464558 -0.362279 -0.575377 
14.6 -13.8473 0.781519 2 4 8 16 24 29 34 37 39 41 44 45 48 50 50 53 50 50 48 45 44 42 39 37 34 29 24 16 8 4 2 -0.577849 -0.360635 -0.466213 -0.423564 -0.447114 -0.438617 -0.442706 -0.442128 -0.443945 -0.443235 -0.443077 -0.443107 -0.443386 -0.443177 -0.443308 -0.443124 -0.443315 -0.44317 -0.443386 -0.443112 -0.443076 -0.443229 -0.443954 -0.442123 -0.442706 -0.438618 -0.447113 -0.423565 -0.466213 -0.360636 -0.577849 
14.7 -13.849 0.783965 2 4 8 16 24 30 35 38 39 42 46 46 49 50 51 53 51 50 49 45 45 42 39 38 35 30 24 16 8 4 2 -0.580248 -0.35901 -0.467912 -0.422343 -0.44736 -0.438021 -0.442753 -0.442085 -0.444002 -0.443166 -0.443005 -0.443148 -0.443433 -0.443118 -0.443289 -0.443182 -0.443296 -0.443111 -0.443433 -0.443153 -0.443004 -0.443159 -0.444011 -0.442081 -0.442753 -0.438022 -0.447359 -0.422344 -0.467911 -0.359011 -0.580247 
14.8 -13.8505 0.78639 2 4 8 16 25 30 36 38 40 42 46 46 49 51 52 54 52 50 49 46 46 42 40 39 36 30 25 16 8 4 2 -0.582585 -0.357398 -0.469655 -0.421041 -0.447623 -0.437389 -0.442825 -0.442029 -0.444043 -0.443091 -0.442942 -0.443188 -0.443477 -0.44306 -0.443271 -0.443239 -0.443277 -0.443053 -0.443476 -0.443193 -0.442942 -0.443084 -0.444051 -0.442027 -0.442824 -0.437391 -0.447621 -0.421041 -0.469655 -0.357399 -0.582584 
14.9 -13.8518 0.788792 2 4 8 16 25 30 36 39 41 43 47 47 49 51 53 55 52 51 50 47 46 43 40 39 36 30 25 16 8 4 2 -0.584872 -0.355792 -0.471446 -0.419658 -0.447907 -0.436723 -0.44292 -0.441958 -0.444067 -0.443011 -0.442891 -0.443226 -0.443515 -0.443004 -0.443253 -0.443294 -0.44326 -0.442998 -0.443514 -0.443231 -0.442891 -0.443004 -0.444073 -0.441957 -0.442918 -0.436725 -0.447906 -0.419658 -0.471445 -0.355793 -0.584871 
15 -13.8529 0.791169 2 4 8 16 25 32 36 40 42 43 47 48 50 51 53 56 52 52 50 48 46 44 42 40 36 32 25 16 8 4 2 -0.587122 -0.354184 -0.473283 -0.418196 -0.44822 -0.436023 -0.443039 -0.441867 -0.444074 -0.442926 -0.442852 -0.443262 -0.443547 -0.442952 -0.443238 -0.443345 -0.443244 -0.442946 -0.443546 -0.443266 -0.442852 -0.44292 -0.444079 -0.441868 -0.443036 -0.436026 -0.448218 -0.418196 -0.473282 -0.354186 -0.587121 
15.1 -13.8539 0.79352 2 4 8 16 25 32 37 41 42 43 48 49 51 53 53 57 53 53 50 49 47 45 42 41 37 32 25 16 8 4 2 -0.589344 -0.352568 -0.475167 -0.416658 -0.448568 -0.435292 -0.44318 -0.441754 -0.444064 -0.442839 -0.442825 -0.443293 -0.443573 -0.442904 -0.443224 -0.443391 -0.443229 -0.4429 -0.443572 -0.443296 -0.442826 -0.442834 -0.444067 -0.441756 -0.443176 -0.435295 -0.448566 -0.416658 -0.475167 -0.352569 -0.589343 
15.2 -13.8547 0.795844 2 4 8 16 26 32 37 41 42 44 49 49 52 53 54 58 54 53 51 49 48 45 43 41 38 32 26 16 8 4 2 -0.591549 -0.350934 -0.4771 -0.415047 -0.448956 -0.434531 -0.443342 -0.441615 -0.444038 -0.442749 -0.442811 -0.443318 -0.443592 -0.442863 -0.443212 -0.443431 -0.443217 -0.442859 -0.443591 -0.44332 -0.442813 -0.442745 -0.444039 -0.441619 -0.443337 -0.434534 -0.448954 -0.415047 -0.477099 -0.350936 -0.591548 
15.3 -13.8555 0.798138 2 4 8 16 26 33 38 41 43 45 49 50 52 54 55 58 54 53 51 50 49 46 43 41 38 33 26 16 8 4 2 -0.593745 -0.349276 -0.479081 -0.413366 -0.449391 -0.433739 -0.443524 -0.441449 -0.443997 -0.442658 -0.44281 -0.443337 -0.443603 -0.442828 -0.443203 -0.443464 -0.443206 -0.442825 -0.443602 -0.443338 -0.442813 -0.442655 -0.443996 -0.441454 -0.443519 -0.433742 -0.44939 -0.413367 -0.47908 -0.349278 -0.593744 
15.4 -13.8561 0.800402 2 4 8 16 26 33 40 42 44 46 50 50 52 55 56 58 56 54 52 50 50 47 45 42 40 33 26 16 8 4 2 -0.595941 -0.347585 -0.481109 -0.41162 -0.44988 -0.432919 -0.443725 -0.44125 -0.443942 -0.442566 -0.442822 -0.443348 -0.443607 -0.442801 -0.443196 -0.44349 -0.443198 -0.442799 -0.443606 -0.443347 -0.442825 -0.442564 -0.443939 -0.441257 -0.443719 -0.432922 -0.449878 -0.411621 -0.481107 -0.347587 -0.59594 
15.5 -13.8566 0.802636 2 4 8 16 26 33 40 42 46 47 51 50 53 55 56 59 56 54 53 51 51 48 46 42 40 33 26 16 8 4 2 -0.598143 -0.345856 -0.483183 -0.409814 -0.450425 -0.43207 -0.443942 -0.441018 -0.443875 -0.442472 -0.442845 -0.443351 -0.443603 -0.442782 -0.443191 -0.443506 -0.443193 -0.442781 -0.443603 -0.443349 -0.442848 -0.442472 -0.44387 -0.441026 -0.443937 -0.432073 -0.450424 -0.409814 -0.483182 -0.345857 -0.598142 
15.6 -13.8571 0.804838 2 4 8 16 26 34 40 43 47 49 51 51 53 55 57 59 57 55 53 51 51 49 47 42 40 34 26 16 8 4 2 -0.600356 -0.344081 -0.485302 -0.407953 -0.451034 -0.431193 -0.444176 -0.44075 -0.443799 -0.442377 -0.442879 -0.443345 -0.443591 -0.442771 -0.44319 -0.443513 -0.44319 -0.442771 -0.443592 -0.443341 -0.442883 -0.442378 -0.443792 -0.440759 -0.44417 -0.431196 -0.451033 -0.407953 -0.485301 -0.344082 -0.600356 
15.7 -13.8575 0.807008 2 4 8 16 27 35 41 44 47 49 52 52 53 56 58 61 57 56 53 52 51 49 47 44 41 35 27 16 8 4 2 -0.602586 -0.342255 -0.487465 -0.406042 -0.45171 -0.430288 -0.444424 -0.440444 -0.443716 -0.442281 -0.442922 -0.443329 -0.443573 -0.442768 -0.443191 -0.44351 -0.44319 -0.442769 -0.443574 -0.443324 -0.442927 -0.442283 -0.443707 -0.440453 -0.444419 -0.430291 -0.451708 -0.406043 -0.487463 -0.342257 -0.602585 
15.8 -13.8578 0.809147 2 4 8 16 27 35 41 44 48 50 52 54 55 58 58 61 58 57 54 54 52 50 48 44 41 35 27 16 8 4 2 -0.604834 -0.340377 -0.489667 -0.40409 -0.452456 -0.429356 -0.444687 -0.440098 -0.443628 -0.442183 -0.442974 -0.443304 -0.443548 -0.442774 -0.443194 -0.443498 -0.443192 -0.442776 -0.44355 -0.443298 -0.442979 -0.442186 -0.443618 -0.440108 -0.444681 -0.429359 -0.452455 -0.40409 -0.489666 -0.340378 -0.604833 
15.9 -13.8581 0.811255 2 4 8 16 27 35 41 46 48 51 52 54 56 59 58 61 58 58 56 54 52 51 48 46 42 35 27 16 8 4 2 -0.607101 -0.338442 -0.491907 -0.402101 -0.453275 -0.428396 -0.444962 -0.439711 -0.443539 -0.442081 -0.443033 -0.443269 -0.443517 -0.442788 -0.4432 -0.443477 -0.443197 -0.442791 -0.443519 -0.443262 -0.443038 -0.442085 -0.443528 -0.43972 -0.444957 -0.428399 -0.453274 -0.402102 -0.491906 -0.338443 -0.607101 
16 -13.8584 0.813334 2 4 8 16 27 35 43 47 50 51 53 55 56 60 58 61 58 60 56 55 53 51 50 47 43 35 27 16 8 4 2 -0.609389 -0.336451 -0.494181 -0.400084 -0.45417 -0.427408 -0.44525 -0.439281 -0.443452 -0.441974 -0.443097 -0.443225 -0.443481 -0.442809 -0.443208 -0.443447 -0.443204 -0.442812 -0.443484 -0.443216 -0.443102 -0.44198 -0.44344 -0.43929 -0.445246 -0.42741 -0.454169 -0.400084 -0.494179 -0.336451 -0.609389 
16.1 -13.8586 0.815384 2 4 8 16 27 36 44 48 51 52 54 55 57 60 59 63 58 60 57 55 54 52 51 48 44 36 27 16 8 4 2 -0.611695 -0.334404 -0.496484 -0.398045 -0.455142 -0.42639 -0.445552 -0.438809 -0.443369 -0.441862 -0.443164 -0.44317 -0.44344 -0.442837 -0.443218 -0.443408 -0.443213 -0.442841 -0.443444 -0.443161 -0.443169 -0.441867 -0.443358 -0.438817 -0.445548 -0.426392 -0.455142 -0.398045 -0.496483 -0.334405 -0.611696 
16.2 -13.8587 0.817408 2 4 8 16 27 36 44 48 52 53 55 56 58 61 60 64 60 61 58 56 55 54 52 48 44 36 27 16 8 4 2 -0.614017 -0.332305 -0.498812 -0.395991 -0.456192 -0.425342 -0.445868 -0.438292 -0.443294 -0.441741 -0.443233 -0.443107 -0.443396 -0.442871 -0.443229 -0.443362 -0.443224 -0.442875 -0.4434 -0.443097 -0.443238 -0.441747 -0.443283 -0.438299 -0.445865 -0.425344 -0.456192 -0.395992 -0.498811 -0.332305 -0.614018 
16.3 -13.8589 0.819406 2 4 8 16 27 36 44 48 54 53 56 58 59 61 61 65 61 61 58 58 56 54 54 48 44 36 27 16 8 4 2 -0.61635 -0.330158 -0.501159 -0.393931 -0.457321 -0.424263 -0.446199 -0.437732 -0.44323 -0.44161 -0.443303 -0.443034 -0.443351 -0.442909 -0.443242 -0.44331 -0.443236 -0.442913 -0.443355 -0.443024 -0.443308 -0.441616 -0.44322 -0.437738 -0.446197 -0.424264 -0.457321 -0.393931 -0.501159 -0.330158 -0.616351 
16.4 -13.859 0.821383 2 4 8 16 27 36 45 49 54 55 56 58 60 63 62 65 62 63 60 59 56 55 54 49 45 36 27 16 8 4 2 -0.618689 -0.32797 -0.503521 -0.391869 -0.458527 -0.423152 -0.446548 -0.437127 -0.44318 -0.441467 -0.443371 -0.442952 -0.443304 -0.442951 -0.443255 -0.443253 -0.443249 -0.442955 -0.443308 -0.442942 -0.443376 -0.441473 -0.443171 -0.437132 -0.446546 -0.423152 -0.458528 -0.391869 -0.503521 -0.327969 -0.61869 
16.5 -13.8591 0.823339 2 4 8 16 27 36 46 50 54 55 58 59 60 64 62 66 62 64 60 59 58 56 54 50 46 36 27 16 8 4 2 -0.621027 -0.325747 -0.505892 -0.389814 -0.459811 -0.422005 -0.446916 -0.436479 -0.443147 -0.44131 -0.443436 -0.442862 -0.443257 -0.442995 -0.443269 -0.443191 -0.443263 -0.442999 -0.443261 -0.442853 -0.443441 -0.441315 -0.44314 -0.436482 -0.446915 -0.422005 -0.459812 -0.389814 -0.505892 -0.325746 -0.621029 
16.6 -13.8592 0.825277 2 4 8 16 27 36 46 51 55 56 59 59 62 65 63 66 64 65 61 60 59 57 55 51 46 36 27 16 8 4 2 -0.623357 -0.323501 -0.508265 -0.387771 -0.46117 -0.420823 -0.447306 -0.435788 -0.443133 -0.441135 -0.443497 -0.442765 -0.443211 -0.443039 -0.443282 -0.443128 -0.443277 -0.443043 -0.443215 -0.442756 -0.443501 -0.441139 -0.443128 -0.43579 -0.447306 -0.420822 -0.461171 -0.387771 -0.508265 -0.323499 -0.623359 
16.7 -13.8593 0.827201 2 4 8 16 27 36 46 51 56 57 59 60 64 65 63 67 64 65 62 60 59 58 56 51 46 36 27 16 8 4 2 -0.62567 -0.321241 -0.510635 -0.385746 -0.462603 -0.419602 -0.447723 -0.435055 -0.443141 -0.440941 -0.443553 -0.44266 -0.443167 -0.443083 -0.443295 -0.443063 -0.44329 -0.443086 -0.443171 -0.442652 -0.443556 -0.440944 -0.443138 -0.435055 -0.447723 -0.419601 -0.462604 -0.385745 -0.510636 -0.321239 -0.625672 
16.8 -13.8594 0.829113 2 4 8 16 27 36 46 52 56 57 61 60 64 66 65 68 65 66 64 61 60 59 56 52 46 36 27 16 8 4 2 -0.627957 -0.31898 -0.512996 -0.383743 -0.464108 -0.418341 -0.448168 -0.43428 -0.443174 -0.440725 -0.443601 -0.442548 -0.443126 -0.443123 -0.443306 -0.443 -0.443303 -0.443126 -0.44313 -0.442542 -0.443604 -0.440727 -0.443173 -0.434278 -0.44817 -0.41834 -0.46411 -0.383742 -0.512997 -0.318977 -0.627959 
16.9 -13.8594 0.831016 2 4 8 16 27 36 46 52 57 58 62 62 65 66 67 69 66 66 64 62 61 59 57 52 46 36 27 16 8 4 2 -0.630208 -0.316731 -0.515342 -0.381766 -0.465682 -0.417038 -0.448648 -0.433465 -0.443232 -0.440485 -0.443643 -0.44243 -0.44309 -0.44316 -0.443317 -0.442938 -0.443314 -0.443161 -0.443093 -0.442425 -0.443645 -0.440486 -0.443233 -0.433462 -0.448649 -0.417037 -0.465684 -0.381765 -0.515344 -0.316727 -0.63021 
17 -13.8595 0.832912 2 4 8 16 27 36 47 52 57 59 62 62 65 66 67 69 66 66 64 62 62 60 57 52 47 36 27 16 8 4 2 -0.632412 -0.314506 -0.517668 -0.379819 -0.467323 -0.415691 -0.449164 -0.43261 -0.443319 -0.440219 -0.443676 -0.442306 -0.443058 -0.443191 -0.443326 -0.442879 -0.443324 -0.443191 -0.44306 -0.442302 -0.443677 -0.440218 -0.443322 -0.432606 -0.449167 -0.41569 -0.467325 -0.379817 -0.51767 -0.314503 -0.632414 
17.1 -13.8595 0.834804 2 4 8 16 27 36 47 53 59 61 64 64 65 66 67 70 67 66 65 64 64 61 59 53 47 36 27 16 8 4 2 -0.634559 -0.312321 -0.519968 -0.377904 -0.469028 -0.4143 -0.449723 -0.431718 -0.443435 -0.439923 -0.4437 -0.442176 -0.443032 -0.443214 -0.443332 -0.442825 -0.443333 -0.443214 -0.443034 -0.442173 -0.443701 -0.439922 -0.44344 -0.431713 -0.449725 -0.414298 -0.46903 -0.377902 -0.519971 -0.312317 -0.634561 
17.2 -13.8595 0.836694 2 4 8 16 27 36 47 53 60 62 65 65 66 68 68 72 68 68 65 65 65 62 60 53 47 36 27 16 8 4 2 -0.636639 -0.31019 -0.522238 -0.376023 -0.470793 -0.412862 -0.450328 -0.43079 -0.443583 -0.439597 -0.443716 -0.44204 -0.443011 -0.443229 -0.443337 -0.442776 -0.443338 -0.443227 -0.443013 -0.442039 -0.443716 -0.439594 -0.443588 -0.430784 -0.45033 -0.41286 -0.470796 -0.37602 -0.522241 -0.310186 -0.636641 
17.3 -13.8596 0.838585 2 4 8 16 27 36 47 54 60 62 65 65 67 69 69 72 69 69 66 65 66 63 60 54 47 36 27 16 8 4 2 -0.638641 -0.308127 -0.524473 -0.374176 -0.472616 -0.411377 -0.450982 -0.429827 -0.443761 -0.439238 -0.443723 -0.441898 -0.442997 -0.443234 -0.443339 -0.442734 -0.443342 -0.443231 -0.442999 -0.441899 -0.443723 -0.439235 -0.443768 -0.429821 -0.450985 -0.411375 -0.472619 -0.374172 -0.524477 -0.308123 -0.638643 
17.4 -13.8596 0.840478 2 4 8 16 27 36 47 54 60 63 67 66 68 70 69 72 70 69 67 66 66 64 60 54 47 36 27 16 8 4 2 -0.640554 -0.306145 -0.526669 -0.372363 -0.474493 -0.409845 -0.451691 -0.428832 -0.443973 -0.438845 -0.443723 -0.441751 -0.44299 -0.443227 -0.443339 -0.442698 -0.443343 -0.443223 -0.442991 -0.441752 -0.443723 -0.438841 -0.443981 -0.428825 -0.451694 -0.409843 -0.474496 -0.372359 -0.526674 -0.306141 -0.640556 
17.5 -13.8596 0.842374 2 4 8 16 27 36 47 54 61 64 67 67 70 71 70 73 71 70 68 68 66 64 61 54 47 36 27 16 8 4 2 -0.64237 -0.304259 -0.528823 -0.370584 -0.47642 -0.408266 -0.452457 -0.427805 -0.444218 -0.438417 -0.443716 -0.441596 -0.442989 -0.443208 -0.443337 -0.44267 -0.443342 -0.443204 -0.44299 -0.441599 -0.443715 -0.438412 -0.444226 -0.427799 -0.45246 -0.408264 -0.476424 -0.37058 -0.528828 -0.304255 -0.642372 
17.6 -13.8596 0.844276 2 4 8 16 27 36 48 54 62 64 69 68 71 72 71 74 71 71 68 69 68 65 61 54 47 36 27 16 8 4 2 -0.64408 -0.30248 -0.530932 -0.368837 -0.478393 -0.406642 -0.453284 -0.426749 -0.444496 -0.437951 -0.443704 -0.441435 -0.442995 -0.443176 -0.443332 -0.442649 -0.443338 -0.443171 -0.442995 -0.441438 -0.443702 -0.437946 -0.444504 -0.426743 -0.453286 -0.406639 -0.478397 -0.368833 -0.530937 -0.302476 -0.644081 
17.7 -13.8596 0.846184 2 4 8 16 27 36 48 54 63 66 70 69 71 73 72 75 72 72 69 70 69 67 63 54 47 36 27 16 8 4 2 -0.645675 -0.30082 -0.532993 -0.367122 -0.480408 -0.404973 -0.454173 -0.425664 -0.444809 -0.437447 -0.443687 -0.441265 -0.443007 -0.44313 -0.443325 -0.442636 -0.443331 -0.443124 -0.443007 -0.441269 -0.443685 -0.437442 -0.444817 -0.425659 -0.454175 -0.40497 -0.480413 -0.367117 -0.532998 -0.300816 -0.645676 
17.8 -13.8596 0.8481 2 4 8 16 27 36 48 54 63 67 70 70 72 74 73 76 74 73 71 70 70 67 63 54 47 36 27 16 8 4 2 -0.647149 -0.299288 -0.535004 -0.365437 -0.482462 -0.403263 -0.455127 -0.424554 -0.445156 -0.436904 -0.443669 -0.441085 -0.443025 -0.44307 -0.443316 -0.442629 -0.443323 -0.443064 -0.443024 -0.441091 -0.443667 -0.4369 -0.445163 -0.42455 -0.45513 -0.403259 -0.482466 -0.365432 -0.535009 -0.299285 -0.64715 
17.9 -13.8597 0.850022 2 4 8 16 27 36 48 54 63 68 70 71 73 74 75 77 74 74 71 70 71 68 63 54 47 36 27 16 8 4 2 -0.648496 -0.297894 -0.536963 -0.36378 -0.484548 -0.401514 -0.456148 -0.423419 -0.445538 -0.436322 -0.443651 -0.440895 -0.443048 -0.442995 -0.443305 -0.442627 -0.443312 -0.442988 -0.443048 -0.440901 -0.443649 -0.436318 -0.445544 -0.423415 -0.45615 -0.40151 -0.484552 -0.363775 -0.536968 -0.297891 -0.648496 
18 -13.8597 0.851953 2 4 8 16 27 36 48 55 64 68 71 71 73 75 76 78 75 75 72 71 72 68 64 55 48 36 27 16 8 4 2 -0.649711 -0.296643 -0.538868 -0.362149 -0.486661 -0.399731 -0.457235 -0.422261 -0.445955 -0.4357 -0.443636 -0.440692 -0.443076 -0.442905 -0.443293 -0.442631 -0.443299 -0.442899 -0.443076 -0.440698 -0.443633 -0.435697 -0.44596 -0.422258 -0.457238 -0.399727 -0.486666 -0.362144 -0.538873 -0.296641 -0.649711 
18.1 -13.8597 0.853891 2 4 8 16 27 36 48 55 65 69 73 73 74 75 77 79 76 75 72 72 72 69 65 55 48 36 27 16 8 4 2 -0.650791 -0.295542 -0.540719 -0.360545 -0.488798 -0.397918 -0.45839 -0.42108 -0.446407 -0.435038 -0.443627 -0.440476 -0.443109 -0.4428 -0.443279 -0.442639 -0.443285 -0.442794 -0.443108 -0.440482 -0.443624 -0.435035 -0.446412 -0.421078 -0.458393 -0.397913 -0.488803 -0.360539 -0.540723 -0.295541 -0.650791 
18.2 -13.8597 0.855837 2 4 8 16 27 36 48 56 66 69 73 73 75 77 78 79 77 77 73 73 72 70 65 55 48 36 27 16 8 4 2 -0.651735 -0.294593 -0.542513 -0.358965 -0.49095 -0.396081 -0.459612 -0.419878 -0.446896 -0.434337 -0.443627 -0.440242 -0.443145 -0.44268 -0.443265 -0.442648 -0.44327 -0.442675 -0.443144 -0.440249 -0.443623 -0.434334 -0.446899 -0.419876 -0.459615 -0.396076 -0.490956 -0.358959 -0.542517 -0.294592 -0.651735 
18.3 -13.8597 0.857791 2 4 8 16 27 36 48 56 66 70 73 74 76 77 78 80 78 78 74 74 72 70 66 56 48 36 27 16 8 4 2 -0.652542 -0.293797 -0.54425 -0.357409 -0.493114 -0.394226 -0.460899 -0.418655 -0.447421 -0.433596 -0.443638 -0.439991 -0.443184 -0.442546 -0.443249 -0.442658 -0.443254 -0.442542 -0.443182 -0.439997 -0.443634 -0.433594 -0.447423 -0.418654 -0.460902 -0.39422 -0.493119 -0.357404 -0.544254 -0.293797 -0.652541 
18.4 -13.8597 0.859752 2 4 8 16 27 36 49 56 67 71 74 76 76 78 80 81 80 78 75 75 73 71 67 56 48 36 27 16 8 4 2 -0.653214 -0.293153 -0.54593 -0.355879 -0.495281 -0.392359 -0.46225 -0.417412 -0.447983 -0.432815 -0.443664 -0.439719 -0.443225 -0.442398 -0.443234 -0.442667 -0.443237 -0.442394 -0.443223 -0.439725 -0.443661 -0.432814 -0.447985 -0.417411 -0.462254 -0.392353 -0.495286 -0.355874 -0.545932 -0.293155 -0.653213 
18.5 -13.8597 0.861721 2 4 8 16 27 36 49 56 67 71 75 76 76 80 80 81 80 79 75 76 74 71 67 56 48 36 27 16 8 4 2 -0.653753 -0.29266 -0.547549 -0.354375 -0.497445 -0.390487 -0.463662 -0.416148 -0.448584 -0.431997 -0.443709 -0.439425 -0.443267 -0.442235 -0.443218 -0.442673 -0.44322 -0.442233 -0.443266 -0.43943 -0.443705 -0.431996 -0.448584 -0.416147 -0.463666 -0.390481 -0.497449 -0.354371 -0.547551 -0.292662 -0.653751 
18.6 -13.8597 0.863698 2 4 8 16 27 36 49 56 68 72 75 77 78 81 80 81 81 80 77 77 75 72 68 56 48 36 27 16 8 4 2 -0.654163 -0.292312 -0.549108 -0.3529 -0.499599 -0.388618 -0.465133 -0.414864 -0.449224 -0.43114 -0.443775 -0.439105 -0.443311 -0.44206 -0.443203 -0.442674 -0.443204 -0.442059 -0.443309 -0.43911 -0.443772 -0.431141 -0.449223 -0.414864 -0.465138 -0.388612 -0.499603 -0.352896 -0.54911 -0.292315 -0.65416 
18.7 -13.8597 0.865683 2 4 8 16 27 36 49 56 68 72 75 77 80 81 81 83 81 81 79 77 76 72 68 56 48 36 27 16 8 4 2 -0.654449 -0.292104 -0.550606 -0.351456 -0.501736 -0.386759 -0.46666 -0.41356 -0.449904 -0.430247 -0.443866 -0.438759 -0.443355 -0.441872 -0.443188 -0.442667 -0.443188 -0.441872 -0.443352 -0.438763 -0.443863 -0.430249 -0.449903 -0.41356 -0.466665 -0.386753 -0.50174 -0.351453 -0.550606 -0.292108 -0.654447 
18.8 -13.8597 0.867676 2 4 8 16 27 36 49 56 68 72 76 78 81 81 82 84 82 81 81 79 77 72 68 56 48 36 27 16 8 4 2 -0.65462 -0.292027 -0.55204 -0.350047 -0.503849 -0.384918 -0.468239 -0.412236 -0.450626 -0.429319 -0.443985 -0.438383 -0.443398 -0.441671 -0.443174 -0.44265 -0.443172 -0.441673 -0.443396 -0.438388 -0.443982 -0.429321 -0.450624 -0.412235 -0.468244 -0.384913 -0.503852 -0.350044 -0.552039 -0.292031 -0.654617 
18.9 -13.8597 0.869678 2 4 8 16 27 36 49 56 68 73 78 80 82 82 83 84 82 82 81 80 78 73 68 56 48 36 27 16 8 4 2 -0.654681 -0.292072 -0.553409 -0.348677 -0.50593 -0.383102 -0.469867 -0.41089 -0.451391 -0.428357 -0.444135 -0.437977 -0.443442 -0.441458 -0.44316 -0.442622 -0.443158 -0.441461 -0.443439 -0.437981 -0.444131 -0.428359 -0.451389 -0.410889 -0.469871 -0.383097 -0.505932 -0.348675 -0.553408 -0.292076 -0.654679 
19 -13.8597 0.871691 2 4 8 16 27 36 49 56 68 75 79 80 82 83 84 86 84 82 82 81 79 75 68 56 48 36 27 16 8 4 2 -0.654644 -0.292227 -0.554711 -0.347351 -0.507972 -0.381319 -0.471538 -0.409522 -0.4522 -0.427362 -0.444318 -0.437538 -0.443486 -0.441234 -0.443149 -0.44258 -0.443145 -0.441237 -0.443483 -0.437541 -0.444315 -0.427364 -0.452198 -0.409522 -0.471543 -0.381314 -0.507974 -0.34735 -0.554709 -0.292233 -0.654641 
19.1 -13.8597 0.873717 2 4 8 16 27 36 49 56 68 75 79 81 84 84 86 86 85 84 83 82 79 75 68 56 48 36 27 16 8 4 2 -0.654517 -0.292482 -0.555946 -0.346074 -0.509969 -0.379575 -0.473249 -0.408133 -0.453055 -0.426335 -0.444537 -0.437064 -0.443529 -0.440997 -0.443138 -0.442523 -0.443134 -0.441002 -0.443526 -0.437067 -0.444534 -0.426338 -0.453052 -0.408133 -0.473253 -0.379571 -0.50997 -0.346074 -0.555943 -0.292487 -0.654514 
19.2 -13.8597 0.875758 2 4 8 16 27 36 49 56 68 75 79 82 85 84 86 87 85 85 85 82 80 75 68 56 48 36 27 16 8 4 2 -0.654311 -0.292822 -0.55711 -0.344853 -0.511914 -0.377877 -0.474995 -0.406722 -0.453956 -0.42528 -0.444794 -0.436555 -0.443572 -0.440749 -0.443129 -0.442447 -0.443124 -0.440755 -0.443569 -0.436557 -0.444792 -0.425283 -0.453952 -0.406722 -0.474999 -0.377874 -0.511914 -0.344854 -0.557107 -0.292828 -0.654308 
19.3 -13.8597 0.877817 2 4 8 16 27 36 49 56 68 75 80 85 86 86 87 88 86 86 86 83 80 75 68 56 48 36 27 16 8 4 2 -0.654038 -0.293235 -0.558203 -0.343693 -0.5138 -0.376231 -0.476772 -0.405288 -0.454904 -0.424196 -0.445092 -0.436008 -0.443617 -0.440489 -0.443122 -0.442351 -0.443116 -0.440495 -0.443613 -0.436011 -0.44509 -0.424199 -0.454901 -0.405288 -0.476775 -0.376229 -0.513799 -0.343695 -0.558198 -0.293241 -0.654035 
19.4 -13.8597 0.879897 2 4 8 16 27 36 49 56 68 75 81 85 87 87 89 89 87 87 87 84 81 75 68 56 48 36 27 16 8 4 2 -0.653708 -0.293706 -0.559222 -0.3426 -0.515622 -0.374642 -0.478574 -0.403833 -0.455901 -0.423087 -0.445431 -0.435424 -0.443663 -0.440216 -0.443116 -0.442234 -0.443111 -0.440222 -0.443659 -0.435426 -0.44543 -0.423089 -0.455898 -0.403833 -0.478576 -0.374642 -0.51562 -0.342603 -0.559217 -0.293712 -0.653706 
19.5 -13.8597 0.882004 2 4 8 16 27 36 49 56 68 75 81 87 87 87 89 91 88 87 88 85 81 75 68 56 48 36 27 16 8 4 2 -0.653335 -0.294221 -0.560166 -0.341581 -0.517375 -0.373116 -0.480396 -0.402357 -0.456946 -0.421953 -0.445814 -0.434802 -0.443712 -0.439929 -0.443113 -0.442093 -0.443107 -0.439936 -0.443708 -0.434804 -0.445814 -0.421955 -0.456943 -0.402358 -0.480397 -0.373117 -0.517372 -0.341584 -0.560161 -0.294226 -0.653333 
