time energy SvN bondDim localEnergy 
0 -9.8346 0.04137 2 4 4 4 4 4 4 4 4 4 4 4 4 4 4 4 4 4 4 4 4 4 4 4 4 4 4 4 4 4 2 -0.322918 -0.314065 -0.314662 -0.314675 -0.314727 -0.314804 -0.314921 -0.315101 -0.315374 -0.315788 -0.316415 -0.31736 -0.318772 -0.320849 -0.323936 -0.325868 -0.323936 -0.320849 -0.318772 -0.31736 -0.316415 -0.315788 -0.315374 -0.315101 -0.314921 -0.314804 -0.314727 -0.314675 -0.314662 -0.314065 -0.322918 
0.1 -9.83551 0.0414968 2 4 4 4 4 4 4 4 4 4 4 4 4 4 4 4 4 4 4 4 4 4 4 4 4 4 4 4 4 4 2 -0.322919 -0.314066 -0.314664 -0.314677 -0.31473 -0.314808 -0.314928 -0.31511 -0.315387 -0.315808 -0.316445 -0.317403 -0.318833 -0.320933 -0.324046 -0.325993 -0.324046 -0.320933 -0.318833 -0.317403 -0.316445 -0.315808 -0.315387 -0.31511 -0.314928 -0.314808 -0.31473 -0.314677 -0.314664 -0.314066 -0.322919 
0.2 -9.83877 0.0419646 2 4 4 4 4 4 4 4 4 4 4 4 4 4 4 4 4 4 4 4 4 4 4 4 4 4 4 4 4 4 2 -0.322922 -0.31407 -0.314669 -0.314684 -0.31474 -0.314823 -0.31495 -0.315142 -0.315435 -0.31588 -0.31655 -0.317557 -0.319051 -0.321235 -0.324449 -0.326451 -0.324449 -0.321235 -0.319051 -0.317557 -0.31655 -0.31588 -0.315435 -0.315142 -0.31495 -0.314823 -0.31474 -0.314684 -0.314669 -0.31407 -0.322922 
0.3 -9.84494 0.042881 2 4 4 4 4 4 4 4 4 4 4 4 4 4 4 4 4 4 4 4 4 4 4 4 4 4 4 4 4 4 2 -0.322927 -0.314076 -0.314678 -0.314697 -0.314758 -0.314849 -0.314989 -0.315201 -0.315524 -0.316012 -0.316746 -0.317843 -0.319463 -0.32181 -0.325226 -0.32734 -0.325226 -0.32181 -0.319463 -0.317843 -0.316746 -0.316012 -0.315524 -0.315201 -0.314989 -0.314849 -0.314758 -0.314697 -0.314678 -0.314076 -0.322926 
0.4 -9.85351 0.0442163 2 4 4 4 4 4 4 4 4 4 4 4 4 4 4 4 4 4 4 4 4 4 4 4 4 4 4 4 4 4 2 -0.322934 -0.314083 -0.314688 -0.314712 -0.31478 -0.314883 -0.31504 -0.315279 -0.31564 -0.316187 -0.317008 -0.318232 -0.320029 -0.322613 -0.326336 -0.328628 -0.326336 -0.322613 -0.320029 -0.318232 -0.317009 -0.316187 -0.31564 -0.315279 -0.31504 -0.314883 -0.31478 -0.314712 -0.314688 -0.314083 -0.322932 
0.5 -9.86321 0.0458238 2 4 4 4 4 4 4 4 4 4 4 4 4 4 4 4 4 4 4 4 4 4 4 4 4 4 4 4 4 4 2 -0.322939 -0.314089 -0.314697 -0.314726 -0.314803 -0.314918 -0.315093 -0.315359 -0.315762 -0.316372 -0.317289 -0.318653 -0.320655 -0.323525 -0.32764 -0.330171 -0.327641 -0.323526 -0.320655 -0.318653 -0.317289 -0.316372 -0.315762 -0.315359 -0.315093 -0.314918 -0.314803 -0.314726 -0.314697 -0.314089 -0.322937 
0.6 -9.87251 0.0474977 2 4 4 4 4 4 4 4 4 4 4 4 4 4 4 4 4 4 4 4 4 4 4 4 4 4 4 4 4 4 2 -0.322944 -0.314093 -0.314704 -0.314738 -0.314821 -0.314946 -0.315136 -0.315426 -0.315866 -0.316532 -0.317535 -0.319032 -0.321235 -0.324403 -0.328959 -0.331772 -0.328959 -0.324403 -0.321235 -0.319032 -0.317535 -0.316532 -0.315866 -0.315426 -0.315136 -0.314946 -0.314821 -0.314738 -0.314704 -0.314093 -0.322942 
0.7 -9.88026 0.0490437 2 4 4 4 4 4 4 4 4 4 4 4 4 4 4 4 4 4 4 4 4 4 4 4 4 4 4 4 4 4 2 -0.322946 -0.314095 -0.314708 -0.314745 -0.314832 -0.314965 -0.315166 -0.315473 -0.31594 -0.316647 -0.317717 -0.319319 -0.321694 -0.325132 -0.330129 -0.333247 -0.330129 -0.325132 -0.321694 -0.319319 -0.317717 -0.316648 -0.31594 -0.315473 -0.315166 -0.314965 -0.314832 -0.314745 -0.314708 -0.314095 -0.322945 
0.8 -9.88612 0.0503373 2 4 4 4 4 4 4 4 4 4 4 4 4 4 4 4 4 4 4 4 4 4 4 4 4 4 4 4 4 4 2 -0.322947 -0.314096 -0.314711 -0.314749 -0.31484 -0.314977 -0.315185 -0.315503 -0.315988 -0.316724 -0.317838 -0.319516 -0.322017 -0.325672 -0.331062 -0.334477 -0.331062 -0.325672 -0.322017 -0.319516 -0.317838 -0.316724 -0.315988 -0.315503 -0.315185 -0.314977 -0.31484 -0.314749 -0.314711 -0.314096 -0.322947 
0.9 -9.89061 0.051355 2 4 4 4 4 4 4 4 4 4 4 4 4 4 4 4 4 4 4 4 4 4 4 4 4 4 4 4 4 4 2 -0.322948 -0.314098 -0.314714 -0.314754 -0.314848 -0.314988 -0.315203 -0.315531 -0.31603 -0.316788 -0.317936 -0.319666 -0.322256 -0.326063 -0.331763 -0.335438 -0.331763 -0.326063 -0.322256 -0.319666 -0.317936 -0.316788 -0.31603 -0.315531 -0.315203 -0.314988 -0.314848 -0.314754 -0.314714 -0.314098 -0.322948 
1 -9.89483 0.0521735 2 4 4 4 4 4 4 4 4 4 4 4 4 4 4 4 4 4 4 4 4 4 4 4 4 4 4 4 4 4 2 -0.32295 -0.314102 -0.31472 -0.314763 -0.31486 -0.315007 -0.315231 -0.315573 -0.316091 -0.316876 -0.318062 -0.319844 -0.322502 -0.326411 -0.332322 -0.336199 -0.332322 -0.326412 -0.322502 -0.319844 -0.318062 -0.316877 -0.316091 -0.315573 -0.315231 -0.315007 -0.31486 -0.314763 -0.31472 -0.314102 -0.32295 
1.1 -9.90005 0.0529432 2 4 4 4 4 4 4 4 4 4 4 4 4 4 4 4 4 4 4 4 4 4 4 4 4 4 4 4 4 4 2 -0.322954 -0.314109 -0.31473 -0.314777 -0.314881 -0.315038 -0.315277 -0.31564 -0.31619 -0.317019 -0.318263 -0.320116 -0.322854 -0.326845 -0.332882 -0.336893 -0.332882 -0.326845 -0.322854 -0.320116 -0.318263 -0.317019 -0.31619 -0.31564 -0.315277 -0.315038 -0.314881 -0.314777 -0.31473 -0.314109 -0.322954 
1.2 -9.90718 0.0538428 2 4 4 4 4 4 4 4 4 4 4 4 4 4 4 4 4 4 4 4 4 4 4 4 4 4 4 4 4 4 2 -0.322961 -0.314119 -0.314743 -0.314796 -0.31491 -0.315081 -0.315341 -0.315735 -0.316331 -0.317225 -0.318556 -0.320519 -0.323376 -0.32747 -0.333587 -0.337675 -0.333587 -0.32747 -0.323377 -0.320519 -0.318556 -0.317225 -0.316331 -0.315735 -0.315341 -0.315081 -0.31491 -0.314796 -0.314743 -0.314119 -0.32296 
1.3 -9.91654 0.0550325 2 4 4 4 4 4 4 4 4 4 4 4 4 4 4 4 4 4 4 4 4 4 4 4 4 4 4 4 4 4 2 -0.322969 -0.314128 -0.314758 -0.314818 -0.314943 -0.315131 -0.315417 -0.315849 -0.316501 -0.317478 -0.318926 -0.321042 -0.32408 -0.328339 -0.33455 -0.338679 -0.33455 -0.328339 -0.32408 -0.321043 -0.318926 -0.317478 -0.316501 -0.315849 -0.315417 -0.315131 -0.314943 -0.314818 -0.314758 -0.314128 -0.322967 
1.4 -9.92781 0.0566146 2 4 4 4 4 4 4 4 4 4 4 4 4 4 4 4 4 4 4 4 4 4 4 4 4 4 4 4 4 4 2 -0.322978 -0.314137 -0.314771 -0.314839 -0.314976 -0.315181 -0.315493 -0.315966 -0.316679 -0.317748 -0.319332 -0.321638 -0.32492 -0.329435 -0.335815 -0.339991 -0.335816 -0.329436 -0.324921 -0.321639 -0.319332 -0.317748 -0.31668 -0.315966 -0.315493 -0.315181 -0.314976 -0.31484 -0.314771 -0.314137 -0.322976 
1.5 -9.94026 0.0586142 2 4 4 4 4 4 4 4 4 4 4 4 4 4 4 4 4 4 4 4 4 4 4 4 4 4 4 4 4 4 2 -0.322986 -0.314143 -0.314783 -0.314857 -0.315004 -0.315225 -0.315561 -0.316072 -0.316843 -0.318003 -0.319725 -0.322242 -0.325818 -0.330688 -0.337364 -0.34163 -0.337364 -0.330688 -0.325818 -0.322242 -0.319725 -0.318003 -0.316843 -0.316072 -0.315561 -0.315225 -0.315004 -0.314857 -0.314783 -0.314143 -0.322984 
1.6 -9.95305 0.0609822 2 4 4 4 4 4 4 4 4 4 4 4 4 4 4 4 4 4 4 4 4 4 4 4 4 4 4 4 4 4 2 -0.322992 -0.314148 -0.314792 -0.314872 -0.315027 -0.315261 -0.315618 -0.31616 -0.316982 -0.318222 -0.320073 -0.322796 -0.32669 -0.331994 -0.33912 -0.343555 -0.33912 -0.331995 -0.32669 -0.322796 -0.320074 -0.318222 -0.316983 -0.31616 -0.315618 -0.315261 -0.315027 -0.314872 -0.314792 -0.314148 -0.322991 
1.7 -9.96558 0.0636153 2 4 4 4 4 4 4 4 4 4 4 4 4 4 4 4 4 4 4 4 4 4 4 4 4 4 4 4 4 4 2 -0.322998 -0.314152 -0.3148 -0.314885 -0.315047 -0.315293 -0.315667 -0.316237 -0.317102 -0.318409 -0.320371 -0.323278 -0.327479 -0.333258 -0.340976 -0.345682 -0.340976 -0.333258 -0.327479 -0.323278 -0.320371 -0.318409 -0.317102 -0.316237 -0.315667 -0.315293 -0.315047 -0.314885 -0.3148 -0.314152 -0.322997 
1.8 -9.97764 0.0663875 2 4 4 4 4 4 4 4 4 4 4 4 4 4 4 4 4 4 4 4 4 4 4 4 4 4 4 4 4 4 2 -0.323002 -0.314159 -0.31481 -0.3149 -0.31507 -0.315327 -0.315719 -0.316315 -0.31722 -0.318587 -0.320643 -0.323704 -0.328172 -0.334414 -0.342827 -0.347908 -0.342828 -0.334414 -0.328173 -0.323704 -0.320643 -0.318587 -0.31722 -0.316315 -0.315719 -0.315327 -0.31507 -0.3149 -0.31481 -0.314159 -0.323002 
1.9 -9.9894 0.0691803 2 4 4 4 4 4 4 4 4 4 4 4 4 4 4 4 4 4 4 4 4 4 4 4 4 4 4 4 4 4 2 -0.323007 -0.314168 -0.314823 -0.314919 -0.315099 -0.315371 -0.315784 -0.316411 -0.31736 -0.31879 -0.320933 -0.324122 -0.328805 -0.335448 -0.344593 -0.350136 -0.344593 -0.335448 -0.328805 -0.324122 -0.320933 -0.31879 -0.31736 -0.316411 -0.315784 -0.315371 -0.315099 -0.314919 -0.314823 -0.314168 -0.323007 
2 -10.0013 0.0719073 2 4 4 4 4 4 4 4 4 4 4 4 4 4 4 4 4 4 4 4 4 4 4 4 4 4 4 4 4 4 2 -0.323014 -0.31418 -0.314841 -0.314945 -0.315138 -0.315428 -0.315869 -0.316536 -0.317541 -0.319046 -0.321285 -0.324593 -0.329443 -0.336394 -0.34623 -0.35229 -0.34623 -0.336394 -0.329443 -0.324593 -0.321285 -0.319046 -0.317541 -0.316536 -0.315869 -0.315428 -0.315138 -0.314945 -0.314841 -0.31418 -0.323014 
2.1 -10.0137 0.0745276 2 4 4 4 4 4 4 4 4 4 4 4 4 4 4 4 4 4 4 4 4 4 4 4 4 4 4 4 4 4 2 -0.323023 -0.314195 -0.314862 -0.314977 -0.315185 -0.315498 -0.315974 -0.316692 -0.317768 -0.31937 -0.321729 -0.325171 -0.330161 -0.337322 -0.347742 -0.354329 -0.347742 -0.337322 -0.330161 -0.325171 -0.321729 -0.31937 -0.317768 -0.316692 -0.315974 -0.315498 -0.315185 -0.314977 -0.314862 -0.314195 -0.323023 
2.2 -10.0269 0.0770492 2 4 4 4 4 4 4 4 4 4 4 4 4 4 4 4 4 4 4 4 4 4 4 4 4 4 4 4 4 4 2 -0.323035 -0.314209 -0.314884 -0.315011 -0.315236 -0.315577 -0.316092 -0.316869 -0.318031 -0.319752 -0.322266 -0.325879 -0.331022 -0.338316 -0.349168 -0.35625 -0.349168 -0.338316 -0.331022 -0.325879 -0.322266 -0.319752 -0.318031 -0.316869 -0.316092 -0.315577 -0.315236 -0.315011 -0.314884 -0.314209 -0.323034 
2.3 -10.0412 0.0795218 2 4 4 4 4 4 4 4 4 4 4 4 4 4 4 4 4 4 4 4 4 4 4 4 4 4 4 4 4 4 2 -0.323049 -0.314223 -0.314906 -0.315044 -0.315288 -0.315656 -0.316213 -0.317053 -0.318311 -0.32017 -0.322872 -0.32671 -0.332054 -0.339452 -0.350574 -0.358079 -0.350574 -0.339452 -0.332054 -0.32671 -0.322872 -0.32017 -0.318311 -0.317053 -0.316213 -0.315656 -0.315288 -0.315044 -0.314906 -0.314223 -0.323047 
2.4 -10.0565 0.082025 2 4 4 4 4 4 4 4 4 4 4 4 4 4 4 4 4 4 4 4 4 4 4 4 4 4 4 4 4 4 2 -0.323063 -0.314234 -0.314925 -0.315075 -0.315336 -0.31573 -0.316329 -0.317232 -0.318586 -0.320592 -0.323508 -0.327626 -0.33325 -0.34078 -0.352032 -0.359862 -0.352032 -0.34078 -0.333251 -0.327626 -0.323509 -0.320593 -0.318586 -0.317232 -0.316329 -0.31573 -0.315336 -0.315075 -0.314925 -0.314235 -0.323061 
2.5 -10.0726 0.0846517 2 4 4 4 4 4 4 4 4 4 4 4 4 4 4 4 4 4 4 4 4 4 4 4 4 4 4 4 4 4 2 -0.323076 -0.314245 -0.314944 -0.315104 -0.315381 -0.3158 -0.316437 -0.317399 -0.318847 -0.320999 -0.324139 -0.328578 -0.334572 -0.342318 -0.353611 -0.361658 -0.353611 -0.342318 -0.334572 -0.328578 -0.32414 -0.320999 -0.318847 -0.3174 -0.316437 -0.3158 -0.315381 -0.315104 -0.314944 -0.314245 -0.323074 
2.6 -10.0894 0.0874927 2 4 4 4 4 4 4 4 4 4 4 4 4 4 4 4 4 4 4 4 4 4 4 4 4 4 4 4 4 4 2 -0.323088 -0.314256 -0.314963 -0.315133 -0.315425 -0.315868 -0.316541 -0.31756 -0.319094 -0.321384 -0.324743 -0.329521 -0.335961 -0.344047 -0.355359 -0.363522 -0.355359 -0.344048 -0.335961 -0.329521 -0.324743 -0.321384 -0.319094 -0.31756 -0.316541 -0.315868 -0.315425 -0.315133 -0.314962 -0.314256 -0.323087 
2.7 -10.107 0.0906232 2 4 4 4 4 4 4 4 4 4 4 4 4 4 4 4 4 4 4 4 4 4 4 4 4 4 4 4 4 4 2 -0.323099 -0.31427 -0.314984 -0.315165 -0.315474 -0.315942 -0.316653 -0.317727 -0.319344 -0.32176 -0.325321 -0.330428 -0.337362 -0.345924 -0.357304 -0.365503 -0.357304 -0.345924 -0.337362 -0.330428 -0.325321 -0.32176 -0.319344 -0.317727 -0.316653 -0.315942 -0.315474 -0.315165 -0.314984 -0.31427 -0.323098 
2.8 -10.1254 0.0940935 2 4 4 4 4 4 4 4 4 4 4 4 4 4 4 4 4 4 4 4 4 4 4 4 4 4 4 4 4 4 2 -0.32311 -0.314287 -0.31501 -0.315204 -0.315532 -0.316029 -0.316781 -0.317915 -0.319618 -0.322156 -0.325898 -0.331302 -0.338732 -0.347888 -0.359444 -0.36763 -0.359444 -0.347888 -0.338732 -0.331302 -0.325898 -0.322156 -0.319618 -0.317915 -0.316781 -0.316029 -0.315532 -0.315204 -0.31501 -0.314287 -0.32311 
2.9 -10.1448 0.0979254 2 4 4 4 4 4 4 4 4 4 4 4 4 4 4 4 4 4 4 4 4 4 4 4 4 4 4 4 4 4 2 -0.323123 -0.314309 -0.315041 -0.31525 -0.315601 -0.316131 -0.316932 -0.318137 -0.319935 -0.322599 -0.326508 -0.332167 -0.340053 -0.349881 -0.361759 -0.369919 -0.361759 -0.349881 -0.340053 -0.332167 -0.326509 -0.322599 -0.319935 -0.318137 -0.316933 -0.316131 -0.315601 -0.31525 -0.315041 -0.314309 -0.323123 
3 -10.1651 0.102113 2 4 4 4 4 4 4 4 4 4 4 4 4 4 4 4 4 4 4 4 4 4 4 4 4 4 4 4 4 4 2 -0.323139 -0.314332 -0.315076 -0.315303 -0.31568 -0.316249 -0.317108 -0.318394 -0.320304 -0.32311 -0.32719 -0.333065 -0.341335 -0.351851 -0.36421 -0.372366 -0.36421 -0.351852 -0.341335 -0.333065 -0.32719 -0.32311 -0.320304 -0.318394 -0.317108 -0.316249 -0.31568 -0.315303 -0.315076 -0.314332 -0.323138 
3.1 -10.1863 0.106625 2 4 4 4 4 4 4 4 4 4 4 4 4 4 4 4 4 4 4 4 4 4 4 4 4 4 4 4 4 4 2 -0.323158 -0.314356 -0.315113 -0.315359 -0.315765 -0.316378 -0.317301 -0.318681 -0.320721 -0.323696 -0.327967 -0.334041 -0.342608 -0.353769 -0.366752 -0.374954 -0.366753 -0.353769 -0.342608 -0.334041 -0.327967 -0.323696 -0.320721 -0.318681 -0.317301 -0.316378 -0.315765 -0.315359 -0.315113 -0.314356 -0.323157 
3.2 -10.2083 0.111417 2 4 4 4 4 4 4 4 4 4 4 4 4 4 4 4 4 4 4 4 4 4 4 4 4 4 4 4 4 4 2 -0.32318 -0.314379 -0.315149 -0.315415 -0.315852 -0.31651 -0.317503 -0.318985 -0.321173 -0.324345 -0.328846 -0.33513 -0.343916 -0.355622 -0.369336 -0.377654 -0.369336 -0.355622 -0.343916 -0.33513 -0.328846 -0.324345 -0.321173 -0.318985 -0.317503 -0.31651 -0.315852 -0.315415 -0.315149 -0.314379 -0.323178 
3.3 -10.2311 0.116433 2 4 4 4 4 4 4 4 4 4 4 4 4 4 4 4 4 4 4 4 4 4 4 4 4 4 4 4 4 4 2 -0.323203 -0.314401 -0.315185 -0.315471 -0.315937 -0.316642 -0.317705 -0.319295 -0.321641 -0.325037 -0.329813 -0.336349 -0.345306 -0.35742 -0.371918 -0.380431 -0.371918 -0.35742 -0.345306 -0.336349 -0.329813 -0.325037 -0.321641 -0.319295 -0.317705 -0.316642 -0.315937 -0.315471 -0.315185 -0.314401 -0.323201 
3.4 -10.2544 0.121616 2 4 4 4 4 4 4 4 4 4 4 4 4 4 4 4 4 4 4 4 4 4 4 4 4 4 4 4 4 4 2 -0.323227 -0.314422 -0.315221 -0.315526 -0.316023 -0.316773 -0.317906 -0.319603 -0.322112 -0.325748 -0.330843 -0.337695 -0.346816 -0.359188 -0.37446 -0.383248 -0.37446 -0.359188 -0.346816 -0.337695 -0.330843 -0.325748 -0.322112 -0.319603 -0.317906 -0.316773 -0.316023 -0.315526 -0.315221 -0.314423 -0.323225 
3.5 -10.2782 0.126913 2 4 4 4 4 4 4 4 4 4 4 4 4 4 4 5 4 4 4 4 4 4 4 4 4 4 4 4 4 4 2 -0.32325 -0.314446 -0.315259 -0.315584 -0.316111 -0.316907 -0.31811 -0.319911 -0.322582 -0.326462 -0.331906 -0.339147 -0.34847 -0.36096 -0.376939 -0.386068 -0.376939 -0.36096 -0.34847 -0.339147 -0.331906 -0.326462 -0.322582 -0.319912 -0.31811 -0.316907 -0.316111 -0.315584 -0.315259 -0.314446 -0.323249 
3.6 -10.3024 0.13228 2 4 4 4 4 4 4 4 4 4 4 4 4 4 5 5 5 4 4 4 4 4 4 4 4 4 4 4 4 4 2 -0.323273 -0.314473 -0.315301 -0.315647 -0.316206 -0.317051 -0.318324 -0.320231 -0.323058 -0.327177 -0.332981 -0.340673 -0.350274 -0.362775 -0.37934 -0.388859 -0.37934 -0.362775 -0.350274 -0.340674 -0.332981 -0.327177 -0.323058 -0.320231 -0.318324 -0.317051 -0.316206 -0.315647 -0.315301 -0.314473 -0.323272 
3.7 -10.3273 0.137684 2 4 4 4 4 4 4 4 4 4 4 4 4 4 5 5 5 4 4 4 4 4 4 4 4 4 4 4 4 4 2 -0.323297 -0.314505 -0.315349 -0.315719 -0.316314 -0.317211 -0.318561 -0.320576 -0.323556 -0.327901 -0.334055 -0.342242 -0.352217 -0.364666 -0.38166 -0.391592 -0.38166 -0.364666 -0.352217 -0.342242 -0.334055 -0.327901 -0.323557 -0.320576 -0.318561 -0.317211 -0.316314 -0.315719 -0.315349 -0.314505 -0.323296 
3.8 -10.3527 0.143103 2 4 4 4 4 4 4 4 4 4 4 4 4 4 5 5 5 4 4 4 4 4 4 4 4 4 4 4 4 4 2 -0.323322 -0.314541 -0.315404 -0.315801 -0.316436 -0.317392 -0.318826 -0.320958 -0.324097 -0.328657 -0.335134 -0.343824 -0.354275 -0.366659 -0.383906 -0.394246 -0.383906 -0.366659 -0.354275 -0.343824 -0.335134 -0.328657 -0.324097 -0.320958 -0.318826 -0.317392 -0.316436 -0.315801 -0.315404 -0.314541 -0.323322 
3.9 -10.3789 0.148528 2 4 4 4 4 4 4 4 4 4 4 4 4 5 5 5 5 5 4 4 4 4 4 4 4 4 4 4 4 4 2 -0.32335 -0.314581 -0.315464 -0.315891 -0.316571 -0.317593 -0.319122 -0.321384 -0.324693 -0.329466 -0.336236 -0.345404 -0.356415 -0.368772 -0.386088 -0.396806 -0.386088 -0.368772 -0.356415 -0.345404 -0.336236 -0.329467 -0.324693 -0.321384 -0.319122 -0.317594 -0.316571 -0.315891 -0.315464 -0.314581 -0.32335 
4 -10.4058 0.15396 2 4 4 4 4 4 4 4 4 4 4 4 4 5 5 5 5 5 4 4 4 4 4 4 4 4 4 4 4 4 2 -0.323382 -0.314622 -0.315526 -0.315987 -0.316716 -0.317811 -0.319445 -0.321854 -0.325353 -0.33035 -0.337385 -0.34698 -0.358604 -0.371007 -0.388224 -0.399264 -0.388224 -0.371007 -0.358604 -0.34698 -0.337385 -0.33035 -0.325353 -0.321854 -0.319445 -0.317811 -0.316716 -0.315987 -0.315526 -0.314622 -0.323381 
4.1 -10.4333 0.159409 2 4 4 4 4 4 4 4 4 4 4 4 4 5 5 5 5 5 4 4 4 4 4 4 4 4 4 4 4 4 2 -0.323419 -0.314663 -0.315591 -0.316085 -0.316866 -0.318039 -0.319787 -0.322358 -0.326072 -0.331318 -0.338607 -0.348561 -0.360809 -0.373358 -0.390328 -0.401616 -0.390328 -0.373358 -0.360809 -0.348561 -0.338607 -0.331318 -0.326072 -0.322359 -0.319787 -0.318039 -0.316866 -0.316085 -0.315591 -0.314663 -0.323417 
4.2 -10.4616 0.164888 2 4 4 4 4 4 4 4 4 4 4 4 4 5 5 5 5 5 4 4 4 4 4 4 4 4 4 4 4 4 2 -0.323459 -0.314703 -0.315656 -0.316186 -0.31702 -0.318273 -0.320141 -0.322888 -0.32684 -0.332369 -0.339923 -0.350166 -0.363006 -0.375808 -0.392417 -0.403863 -0.392417 -0.375808 -0.363007 -0.350166 -0.339923 -0.332369 -0.32684 -0.322888 -0.320142 -0.318273 -0.31702 -0.316186 -0.315656 -0.314704 -0.323457 
4.3 -10.4904 0.170417 2 4 4 4 4 4 4 4 4 4 4 4 4 5 5 5 5 5 4 4 4 4 4 4 4 4 4 4 4 4 2 -0.323501 -0.314745 -0.315724 -0.31629 -0.317178 -0.318513 -0.320505 -0.323433 -0.327643 -0.333494 -0.341344 -0.351819 -0.36518 -0.378334 -0.394504 -0.40601 -0.394504 -0.378334 -0.36518 -0.351819 -0.341344 -0.333494 -0.327643 -0.323433 -0.320505 -0.318513 -0.317178 -0.31629 -0.315724 -0.314746 -0.323499 
4.4 -10.5198 0.176015 2 4 4 4 4 4 4 4 4 4 4 4 5 5 5 5 5 5 5 4 4 4 4 4 4 4 4 4 4 4 2 -0.323545 -0.314791 -0.315797 -0.316399 -0.317344 -0.318763 -0.320878 -0.323992 -0.32847 -0.334675 -0.342869 -0.353544 -0.367322 -0.380909 -0.396598 -0.408063 -0.396598 -0.380909 -0.367322 -0.353544 -0.342869 -0.334675 -0.32847 -0.323992 -0.320879 -0.318763 -0.317344 -0.316399 -0.315796 -0.314791 -0.323543 
4.5 -10.5498 0.181698 2 4 4 4 4 4 4 4 4 4 4 4 5 5 5 5 5 5 5 4 4 4 4 4 4 4 4 4 4 4 2 -0.323589 -0.314842 -0.315876 -0.316517 -0.317521 -0.319027 -0.32127 -0.324568 -0.329316 -0.335896 -0.344488 -0.355358 -0.369435 -0.383503 -0.398702 -0.410029 -0.398702 -0.383504 -0.369435 -0.355358 -0.344488 -0.335896 -0.329316 -0.324568 -0.32127 -0.319027 -0.317521 -0.316517 -0.315876 -0.314842 -0.323588 
4.6 -10.5804 0.187483 2 4 4 4 4 4 4 4 4 4 4 4 5 5 5 5 5 5 5 4 4 4 4 4 4 4 4 4 4 4 2 -0.323634 -0.314899 -0.315963 -0.316648 -0.317716 -0.319314 -0.321689 -0.325172 -0.330186 -0.337146 -0.346185 -0.357273 -0.371527 -0.38609 -0.400818 -0.411917 -0.400818 -0.38609 -0.371527 -0.357273 -0.346185 -0.337147 -0.330186 -0.325172 -0.321689 -0.319314 -0.317716 -0.316648 -0.315963 -0.314899 -0.323634 
4.7 -10.6116 0.193379 2 4 4 4 4 4 4 4 4 4 4 4 5 5 5 5 5 5 5 4 4 4 4 4 4 4 4 4 4 4 2 -0.323682 -0.314963 -0.31606 -0.316792 -0.31793 -0.319629 -0.322143 -0.325817 -0.331089 -0.338421 -0.34794 -0.359293 -0.373609 -0.388643 -0.402941 -0.413734 -0.402941 -0.388643 -0.373609 -0.359294 -0.34794 -0.338421 -0.331089 -0.325817 -0.322143 -0.319629 -0.31793 -0.316792 -0.31606 -0.314963 -0.323682 
4.8 -10.6434 0.199393 2 4 4 4 4 4 4 4 4 4 4 4 5 5 5 6 5 5 5 4 4 4 4 4 4 4 4 4 4 4 2 -0.323734 -0.315031 -0.316164 -0.316949 -0.318163 -0.319972 -0.322639 -0.326512 -0.332041 -0.339724 -0.349735 -0.361413 -0.375696 -0.391143 -0.405063 -0.415487 -0.405063 -0.391143 -0.375696 -0.361413 -0.349735 -0.339724 -0.332041 -0.326513 -0.322639 -0.319972 -0.318164 -0.316949 -0.316164 -0.315031 -0.323734 
4.9 -10.6758 0.205525 2 4 4 4 4 4 4 4 4 4 4 4 5 5 6 6 6 5 5 4 4 4 4 4 4 4 4 4 4 4 2 -0.323791 -0.315102 -0.316273 -0.317115 -0.318413 -0.320342 -0.323175 -0.327265 -0.333055 -0.341065 -0.351556 -0.36362 -0.377799 -0.393572 -0.407175 -0.417182 -0.407175 -0.393572 -0.377799 -0.36362 -0.351557 -0.341066 -0.333055 -0.327266 -0.323175 -0.320342 -0.318413 -0.317115 -0.316273 -0.315102 -0.323791 
5 -10.7087 0.211771 2 4 4 4 4 4 4 4 4 4 4 5 5 5 6 6 6 5 5 5 4 4 4 4 4 4 4 4 4 4 2 -0.323855 -0.315176 -0.316388 -0.317289 -0.318676 -0.320734 -0.323749 -0.328076 -0.334141 -0.34246 -0.353396 -0.365898 -0.379931 -0.39592 -0.409264 -0.418822 -0.409264 -0.39592 -0.379931 -0.365898 -0.353396 -0.34246 -0.334141 -0.328076 -0.323749 -0.320734 -0.318676 -0.317289 -0.316388 -0.315176 -0.323854 
5.1 -10.7421 0.218122 2 4 4 4 4 4 4 4 4 4 4 5 5 5 6 7 6 5 5 5 4 4 4 4 4 4 4 4 4 4 2 -0.323924 -0.315251 -0.316507 -0.317471 -0.31895 -0.321145 -0.324354 -0.328939 -0.335305 -0.343922 -0.355253 -0.368226 -0.382099 -0.398179 -0.411319 -0.420409 -0.411319 -0.398179 -0.382098 -0.368226 -0.355254 -0.343922 -0.335305 -0.32894 -0.324354 -0.321145 -0.31895 -0.317471 -0.316507 -0.315251 -0.323923 
5.2 -10.7759 0.224564 2 4 4 4 4 4 4 4 4 4 4 5 5 5 6 7 6 6 5 5 4 4 4 4 4 4 4 4 4 4 2 -0.323999 -0.31533 -0.316632 -0.31766 -0.319235 -0.321571 -0.324984 -0.329848 -0.336543 -0.345463 -0.357132 -0.370585 -0.384306 -0.400347 -0.413326 -0.421944 -0.413326 -0.400347 -0.384306 -0.370585 -0.357132 -0.345463 -0.336543 -0.329848 -0.324984 -0.321572 -0.319235 -0.31766 -0.316632 -0.315331 -0.323997 
5.3 -10.81 0.231081 2 4 4 4 4 4 4 4 4 4 4 5 5 6 7 7 7 6 5 5 4 4 4 4 4 4 4 4 4 4 2 -0.324078 -0.315415 -0.316766 -0.31786 -0.319535 -0.322017 -0.32564 -0.330795 -0.337849 -0.347091 -0.35904 -0.372956 -0.386552 -0.402424 -0.415275 -0.423427 -0.415275 -0.402424 -0.386552 -0.372956 -0.35904 -0.347092 -0.337849 -0.330795 -0.32564 -0.322017 -0.319535 -0.31786 -0.316766 -0.315416 -0.324076 
5.4 -10.8445 0.237654 2 4 4 4 4 4 4 4 4 4 4 5 5 6 7 7 7 6 5 5 4 4 4 4 4 4 4 4 4 4 2 -0.32416 -0.315508 -0.31691 -0.318075 -0.319854 -0.322486 -0.326322 -0.331776 -0.339212 -0.348807 -0.360988 -0.375323 -0.388832 -0.404414 -0.417154 -0.424856 -0.417154 -0.404414 -0.388832 -0.375323 -0.360988 -0.348807 -0.339212 -0.331776 -0.326322 -0.322486 -0.319854 -0.318075 -0.31691 -0.315509 -0.324158 
5.5 -10.8793 0.244261 2 4 4 4 4 4 4 4 4 4 4 5 5 6 7 8 7 6 5 5 4 4 4 4 4 4 4 4 4 4 2 -0.324246 -0.315611 -0.317067 -0.318308 -0.320197 -0.322985 -0.327038 -0.332792 -0.340625 -0.350607 -0.362983 -0.377675 -0.391139 -0.406322 -0.418956 -0.426228 -0.418956 -0.406322 -0.391139 -0.377675 -0.362983 -0.350607 -0.340625 -0.332792 -0.327038 -0.322985 -0.320197 -0.318308 -0.317067 -0.315611 -0.324245 
5.6 -10.9145 0.250884 2 4 4 4 4 4 4 4 4 4 5 5 5 7 7 8 7 7 5 5 5 4 4 4 4 4 4 4 4 4 2 -0.324336 -0.315722 -0.317237 -0.31856 -0.320568 -0.32352 -0.327796 -0.333847 -0.342079 -0.352482 -0.365035 -0.380001 -0.393461 -0.408154 -0.420673 -0.42754 -0.420673 -0.408154 -0.393462 -0.380001 -0.365035 -0.352482 -0.342079 -0.333848 -0.327796 -0.32352 -0.320568 -0.318561 -0.317237 -0.315722 -0.324335 
5.7 -10.95 0.2575 2 4 4 4 4 4 4 4 4 4 5 5 5 7 8 8 8 7 5 5 5 4 4 4 4 4 4 4 4 4 2 -0.324431 -0.315842 -0.317419 -0.318832 -0.320968 -0.324096 -0.328603 -0.334951 -0.343573 -0.35442 -0.367147 -0.382297 -0.395787 -0.409916 -0.422301 -0.428787 -0.422301 -0.409916 -0.395787 -0.382297 -0.367147 -0.354421 -0.343573 -0.334951 -0.328603 -0.324096 -0.320968 -0.318832 -0.31742 -0.315842 -0.324431 
5.8 -10.9857 0.264091 2 4 4 4 4 4 4 4 4 4 5 5 6 7 8 8 8 7 6 5 5 4 4 4 4 4 4 4 4 4 2 -0.324535 -0.315968 -0.317613 -0.319122 -0.321396 -0.324714 -0.329466 -0.336111 -0.345108 -0.356411 -0.36932 -0.384559 -0.398103 -0.411616 -0.423837 -0.429968 -0.423837 -0.411616 -0.398104 -0.384559 -0.36932 -0.356411 -0.345108 -0.336112 -0.329466 -0.324714 -0.321396 -0.319122 -0.317613 -0.315968 -0.324535 
5.9 -11.0218 0.270638 2 4 4 4 4 4 4 4 4 4 5 5 6 7 8 8 8 7 6 5 5 4 4 4 4 4 4 4 4 4 2 -0.324648 -0.3161 -0.317817 -0.319428 -0.321849 -0.325371 -0.330386 -0.337337 -0.346689 -0.358442 -0.371552 -0.386786 -0.400396 -0.413258 -0.425281 -0.431078 -0.425281 -0.413258 -0.400397 -0.386786 -0.371551 -0.358443 -0.346689 -0.337338 -0.330386 -0.325371 -0.321849 -0.319428 -0.317817 -0.3161 -0.324647 
6 -11.058 0.277125 2 4 4 4 4 4 4 4 4 4 5 5 6 8 8 8 8 8 6 5 5 4 4 4 4 4 4 4 4 4 2 -0.32477 -0.316237 -0.318031 -0.319749 -0.322326 -0.326065 -0.331362 -0.338634 -0.348323 -0.360506 -0.373834 -0.388979 -0.402654 -0.414848 -0.426633 -0.432115 -0.426633 -0.414848 -0.402654 -0.388979 -0.373834 -0.360506 -0.348323 -0.338634 -0.331362 -0.326065 -0.322326 -0.319749 -0.318031 -0.316238 -0.324769 
6.1 -11.0945 0.28354 2 4 4 4 4 4 4 4 4 4 5 5 7 8 8 8 8 8 7 5 5 4 4 4 4 4 4 4 4 4 2 -0.324902 -0.316383 -0.318257 -0.320087 -0.322825 -0.326793 -0.33239 -0.340003 -0.350017 -0.362594 -0.37616 -0.391139 -0.404864 -0.41639 -0.427895 -0.433077 -0.427895 -0.416389 -0.404864 -0.391139 -0.37616 -0.362594 -0.350017 -0.340003 -0.33239 -0.326793 -0.322826 -0.320087 -0.318257 -0.316383 -0.324901 
6.2 -11.1311 0.289871 2 4 4 4 4 4 4 4 4 5 5 5 7 8 8 8 8 8 7 5 5 5 4 4 4 4 4 4 4 4 2 -0.325044 -0.316538 -0.318497 -0.320444 -0.323351 -0.327555 -0.333467 -0.341443 -0.351778 -0.364703 -0.378519 -0.393267 -0.407016 -0.417885 -0.429072 -0.433962 -0.429072 -0.417885 -0.407017 -0.393267 -0.378519 -0.364703 -0.351778 -0.341443 -0.333467 -0.327555 -0.323351 -0.320444 -0.318498 -0.316538 -0.325041 
6.3 -11.1679 0.29611 2 4 4 4 4 4 4 4 4 5 5 5 7 8 8 8 8 8 7 5 5 5 4 4 4 4 4 4 4 4 2 -0.325193 -0.316705 -0.318755 -0.320823 -0.323905 -0.328351 -0.334588 -0.342949 -0.353609 -0.366831 -0.380898 -0.395363 -0.409102 -0.419337 -0.430166 -0.434771 -0.430167 -0.419337 -0.409103 -0.395363 -0.380898 -0.366831 -0.353609 -0.342949 -0.334589 -0.328351 -0.323905 -0.320823 -0.318755 -0.316705 -0.325191 
6.4 -11.2049 0.302253 2 4 4 4 4 4 4 4 4 5 5 6 7 8 8 8 8 8 7 6 5 5 4 4 4 4 4 4 4 4 2 -0.32535 -0.316887 -0.319032 -0.321229 -0.324492 -0.329187 -0.335754 -0.344516 -0.355513 -0.368978 -0.383285 -0.397428 -0.411115 -0.420745 -0.431184 -0.435505 -0.431184 -0.420745 -0.411115 -0.397428 -0.383285 -0.368977 -0.355513 -0.344516 -0.335755 -0.329187 -0.324493 -0.321229 -0.319032 -0.316887 -0.325349 
6.5 -11.242 0.308296 2 4 4 4 4 4 4 4 4 5 5 6 8 8 8 8 8 8 8 6 5 5 4 4 4 4 4 4 4 4 2 -0.325516 -0.317082 -0.31933 -0.321665 -0.325119 -0.330068 -0.336967 -0.346137 -0.357486 -0.371144 -0.38567 -0.399462 -0.413048 -0.42211 -0.432129 -0.436165 -0.432129 -0.42211 -0.413048 -0.399462 -0.38567 -0.371144 -0.357486 -0.346137 -0.336967 -0.330068 -0.325119 -0.321665 -0.31933 -0.317083 -0.325515 
6.6 -11.2793 0.314241 2 4 4 4 4 4 4 4 4 5 5 6 8 8 8 8 8 8 8 6 5 5 4 4 4 4 4 4 4 4 2 -0.325692 -0.317292 -0.319648 -0.322131 -0.325787 -0.331 -0.338229 -0.347808 -0.359525 -0.37333 -0.38804 -0.401462 -0.414898 -0.423431 -0.433007 -0.436755 -0.433007 -0.423431 -0.414898 -0.401463 -0.38804 -0.37333 -0.359525 -0.347808 -0.338229 -0.331 -0.325787 -0.322131 -0.319648 -0.317292 -0.325691 
6.7 -11.3167 0.320089 2 4 4 4 4 4 4 4 4 5 5 7 8 8 8 9 8 8 8 7 5 5 4 4 4 4 4 4 4 4 2 -0.325879 -0.317514 -0.319986 -0.322627 -0.326499 -0.331987 -0.339547 -0.349526 -0.361622 -0.375537 -0.390386 -0.403429 -0.416661 -0.424706 -0.433821 -0.437278 -0.433821 -0.424707 -0.416661 -0.403429 -0.390386 -0.375537 -0.361622 -0.349526 -0.339547 -0.331987 -0.326499 -0.322627 -0.319986 -0.317514 -0.32588 
6.8 -11.3543 0.325845 2 4 4 4 4 4 4 4 4 5 5 7 8 8 9 9 9 8 8 7 5 5 4 4 4 4 4 4 4 4 2 -0.326081 -0.317748 -0.320344 -0.323153 -0.327254 -0.333032 -0.340927 -0.35129 -0.363769 -0.377764 -0.392699 -0.405358 -0.418337 -0.425936 -0.434578 -0.43774 -0.434578 -0.425937 -0.418336 -0.405359 -0.392699 -0.377764 -0.363769 -0.35129 -0.340927 -0.333032 -0.327254 -0.323153 -0.320344 -0.317748 -0.326081 
6.9 -11.3919 0.331515 2 4 4 4 4 4 4 4 5 5 5 7 8 8 9 9 9 8 8 7 5 5 5 4 4 4 4 4 4 4 2 -0.326299 -0.317995 -0.320721 -0.323707 -0.328051 -0.334135 -0.342372 -0.353101 -0.365958 -0.380009 -0.394972 -0.407249 -0.419925 -0.427118 -0.435281 -0.438145 -0.43528 -0.427119 -0.419924 -0.407249 -0.394972 -0.380009 -0.365958 -0.353101 -0.342372 -0.334135 -0.328051 -0.323707 -0.320721 -0.317995 -0.326298 
7 -11.4297 0.337105 2 4 4 4 4 4 4 4 5 5 6 7 8 9 9 10 9 9 8 7 6 5 5 4 4 4 4 4 4 4 2 -0.326533 -0.318255 -0.32112 -0.32429 -0.328889 -0.335296 -0.343885 -0.354961 -0.368179 -0.382269 -0.397198 -0.409096 -0.421425 -0.428251 -0.435932 -0.438501 -0.435932 -0.428252 -0.421424 -0.409097 -0.397198 -0.382269 -0.368179 -0.354961 -0.343885 -0.335296 -0.328889 -0.32429 -0.32112 -0.318255 -0.326532 
7.1 -11.4675 0.342626 2 4 4 4 4 4 4 4 5 5 6 8 8 9 9 10 9 9 8 8 6 5 5 4 4 4 4 4 4 4 2 -0.326784 -0.318532 -0.321542 -0.324905 -0.329767 -0.336511 -0.345467 -0.356873 -0.370425 -0.384539 -0.399373 -0.410899 -0.422839 -0.429333 -0.436537 -0.438812 -0.436536 -0.429335 -0.422838 -0.410899 -0.399373 -0.384539 -0.370425 -0.356873 -0.345467 -0.336511 -0.329767 -0.324905 -0.321542 -0.318532 -0.326782 
7.2 -11.5053 0.348084 2 4 4 4 4 4 4 4 5 5 6 8 8 9 10 10 10 9 8 8 6 5 5 4 4 4 4 4 4 4 2 -0.327051 -0.318828 -0.321991 -0.325553 -0.330688 -0.33778 -0.347117 -0.358837 -0.372688 -0.386814 -0.401492 -0.412652 -0.42417 -0.430364 -0.437097 -0.439086 -0.437096 -0.430365 -0.424169 -0.412653 -0.401492 -0.386814 -0.372689 -0.358837 -0.347117 -0.33778 -0.330688 -0.325553 -0.321991 -0.318828 -0.327049 
7.3 -11.5433 0.353489 2 4 4 4 4 4 4 4 5 5 7 8 8 9 10 10 10 9 8 8 7 5 5 4 4 4 4 4 4 4 2 -0.327335 -0.319145 -0.32247 -0.32624 -0.331653 -0.339101 -0.348831 -0.360856 -0.374963 -0.389086 -0.403551 -0.414354 -0.42542 -0.431342 -0.437616 -0.439329 -0.437615 -0.431343 -0.425419 -0.414354 -0.403552 -0.389086 -0.374963 -0.360856 -0.348831 -0.339101 -0.331653 -0.32624 -0.32247 -0.319146 -0.327333 
7.4 -11.5812 0.358851 2 4 4 4 4 4 4 4 5 5 7 8 8 10 10 10 10 10 8 8 7 5 5 4 4 4 4 4 4 4 2 -0.327635 -0.319485 -0.32298 -0.326968 -0.332667 -0.340474 -0.350605 -0.362928 -0.377243 -0.391349 -0.405549 -0.416002 -0.426592 -0.432266 -0.438095 -0.439547 -0.438094 -0.432267 -0.426591 -0.416002 -0.40555 -0.391349 -0.377243 -0.362928 -0.350606 -0.340474 -0.332668 -0.326968 -0.32298 -0.319485 -0.327634 
7.5 -11.6192 0.364177 2 4 4 4 4 4 4 5 5 5 7 8 8 10 10 10 10 10 8 8 7 5 5 5 4 4 4 4 4 4 2 -0.327954 -0.319848 -0.323524 -0.327741 -0.333735 -0.3419 -0.352436 -0.365051 -0.379524 -0.393595 -0.407483 -0.417594 -0.42769 -0.433136 -0.438537 -0.439745 -0.438537 -0.433137 -0.42769 -0.417593 -0.407484 -0.393595 -0.379524 -0.365051 -0.352436 -0.3419 -0.333735 -0.327741 -0.323524 -0.319848 -0.327953 
7.6 -11.6573 0.369475 2 4 4 4 4 4 4 5 5 6 7 8 9 10 10 10 10 10 9 8 7 6 5 5 4 4 4 4 4 4 2 -0.328293 -0.320233 -0.3241 -0.32856 -0.334858 -0.343382 -0.354318 -0.367222 -0.381803 -0.395816 -0.409352 -0.419128 -0.428718 -0.433952 -0.438944 -0.43993 -0.438944 -0.433953 -0.428718 -0.419127 -0.409352 -0.395816 -0.381803 -0.367222 -0.354318 -0.343382 -0.334859 -0.32856 -0.324101 -0.320233 -0.328292 
7.7 -11.6954 0.374752 2 4 4 4 4 4 4 5 5 6 8 8 9 10 10 10 10 10 9 8 8 6 5 5 4 4 4 4 4 4 2 -0.328654 -0.320641 -0.324711 -0.329426 -0.336041 -0.344923 -0.356248 -0.369434 -0.384075 -0.398006 -0.411153 -0.420603 -0.42968 -0.434714 -0.439318 -0.440106 -0.439318 -0.434714 -0.42968 -0.420602 -0.411154 -0.398006 -0.384075 -0.369435 -0.356248 -0.344923 -0.336041 -0.329426 -0.324711 -0.320641 -0.328654 
7.8 -11.7334 0.380014 2 4 4 4 4 4 4 5 5 6 8 8 9 10 10 10 10 10 9 8 8 6 5 5 4 4 4 4 4 4 2 -0.32904 -0.321071 -0.325355 -0.330338 -0.337285 -0.346525 -0.358223 -0.371683 -0.386336 -0.400157 -0.412886 -0.422019 -0.430578 -0.435423 -0.439661 -0.440277 -0.439661 -0.435422 -0.430579 -0.422017 -0.412886 -0.400157 -0.386336 -0.371683 -0.358223 -0.346525 -0.337285 -0.330339 -0.325355 -0.321071 -0.32904 
7.9 -11.7715 0.385265 2 4 4 4 4 4 4 5 5 6 8 8 10 10 10 10 10 10 10 8 8 6 5 5 4 4 4 4 4 4 2 -0.329453 -0.321525 -0.326034 -0.331298 -0.338588 -0.34819 -0.360241 -0.373961 -0.388583 -0.402263 -0.41455 -0.423375 -0.431418 -0.436078 -0.439974 -0.440445 -0.439975 -0.436077 -0.43142 -0.423373 -0.41455 -0.402263 -0.388583 -0.373961 -0.360241 -0.34819 -0.338589 -0.331298 -0.326034 -0.321525 -0.329453 
8 -11.8096 0.390509 2 4 4 4 4 4 4 5 5 7 8 8 10 10 10 10 10 10 10 8 8 7 5 5 4 4 4 4 4 4 2 -0.329895 -0.322005 -0.32675 -0.332305 -0.339952 -0.34992 -0.3623 -0.376259 -0.390812 -0.404319 -0.416143 -0.424671 -0.432202 -0.436683 -0.440261 -0.440615 -0.440262 -0.43668 -0.432204 -0.424669 -0.416144 -0.404319 -0.390812 -0.376259 -0.3623 -0.34992 -0.339952 -0.332305 -0.32675 -0.322005 -0.329894 
8.1 -11.8476 0.395748 2 4 4 4 4 4 4 5 5 7 8 9 10 10 10 10 10 10 10 9 8 7 5 5 4 4 4 4 4 4 2 -0.330367 -0.322514 -0.327506 -0.333359 -0.341373 -0.351713 -0.364399 -0.378572 -0.393019 -0.406319 -0.417668 -0.425909 -0.432934 -0.437237 -0.440521 -0.440787 -0.440523 -0.437234 -0.432937 -0.425906 -0.417668 -0.40632 -0.393018 -0.378572 -0.364399 -0.351713 -0.341374 -0.333359 -0.327506 -0.322514 -0.330365 
8.2 -11.8856 0.400982 2 4 4 4 4 4 5 5 5 7 8 9 10 10 10 10 10 10 10 9 8 7 6 5 5 4 4 4 4 4 2 -0.330869 -0.323055 -0.328304 -0.334464 -0.342852 -0.353568 -0.366535 -0.38089 -0.395198 -0.40826 -0.419122 -0.427088 -0.433618 -0.437743 -0.440759 -0.440963 -0.44076 -0.43774 -0.433621 -0.427086 -0.419122 -0.40826 -0.395198 -0.380891 -0.366535 -0.353568 -0.342852 -0.334464 -0.328304 -0.323055 -0.330868 
8.3 -11.9236 0.406212 2 4 4 4 4 4 5 5 6 7 8 9 10 10 10 10 10 10 10 9 8 7 6 5 5 4 4 4 4 4 2 -0.331404 -0.32363 -0.329147 -0.335621 -0.344387 -0.355483 -0.368706 -0.383208 -0.397347 -0.410137 -0.420508 -0.42821 -0.434256 -0.438204 -0.440974 -0.441144 -0.440976 -0.438201 -0.434259 -0.428208 -0.420507 -0.410138 -0.397347 -0.383208 -0.368706 -0.355483 -0.344387 -0.335621 -0.329147 -0.323631 -0.331402 
8.4 -11.9615 0.411436 2 4 4 4 4 4 5 5 6 8 8 10 10 10 10 10 10 10 10 10 8 8 6 5 5 4 4 4 4 4 2 -0.33197 -0.324241 -0.330039 -0.336833 -0.345978 -0.357453 -0.37091 -0.385517 -0.399459 -0.411949 -0.421826 -0.429275 -0.434851 -0.438622 -0.44117 -0.441329 -0.441172 -0.438618 -0.434854 -0.429274 -0.421825 -0.411949 -0.399459 -0.385517 -0.37091 -0.357453 -0.345978 -0.336833 -0.330039 -0.324241 -0.331969 
8.5 -11.9994 0.416651 2 4 4 4 4 4 5 5 6 8 8 10 10 10 10 11 10 10 10 10 8 8 6 5 5 4 4 4 4 4 2 -0.332572 -0.324888 -0.33098 -0.338104 -0.347625 -0.359474 -0.373143 -0.387811 -0.401532 -0.413691 -0.423078 -0.430285 -0.435407 -0.438999 -0.441347 -0.441518 -0.441349 -0.438996 -0.43541 -0.430285 -0.423077 -0.413692 -0.401532 -0.387811 -0.373143 -0.359474 -0.347625 -0.338104 -0.33098 -0.324888 -0.332571 
8.6 -12.0372 0.421855 2 4 4 4 4 4 5 5 7 8 9 10 10 10 11 11 11 10 10 10 9 8 7 5 5 4 4 4 4 4 2 -0.33321 -0.325571 -0.331972 -0.339435 -0.349328 -0.361542 -0.375401 -0.390083 -0.403559 -0.415364 -0.424266 -0.43124 -0.435926 -0.43934 -0.441507 -0.441711 -0.441509 -0.439336 -0.435928 -0.43124 -0.424265 -0.415364 -0.403559 -0.390084 -0.375401 -0.361542 -0.349328 -0.339435 -0.331973 -0.325571 -0.333209 
8.7 -12.0749 0.427045 2 4 4 4 4 4 5 5 7 8 9 10 10 10 11 11 11 10 10 10 9 8 7 5 5 4 4 4 4 4 2 -0.333888 -0.326292 -0.333016 -0.340827 -0.351089 -0.363652 -0.377679 -0.392329 -0.405537 -0.416965 -0.425393 -0.432142 -0.43641 -0.439646 -0.441652 -0.441905 -0.441654 -0.439643 -0.436412 -0.432142 -0.425391 -0.416966 -0.405537 -0.392329 -0.377679 -0.363652 -0.351089 -0.340827 -0.333016 -0.326292 -0.333888 
8.8 -12.1126 0.432214 2 4 4 4 4 5 5 5 7 8 9 10 10 10 11 12 11 10 10 10 9 8 7 5 5 5 4 4 4 4 2 -0.334609 -0.32705 -0.334112 -0.342282 -0.352908 -0.365799 -0.379971 -0.394543 -0.407461 -0.418496 -0.42646 -0.432991 -0.436862 -0.439922 -0.441783 -0.442099 -0.441785 -0.43992 -0.436863 -0.432992 -0.426459 -0.418496 -0.407461 -0.394543 -0.379971 -0.365799 -0.352908 -0.342282 -0.334112 -0.32705 -0.334609 
8.9 -12.1502 0.43736 2 4 4 4 4 5 5 6 7 8 9 10 10 10 11 12 11 11 10 10 9 8 7 6 5 5 4 4 4 4 2 -0.335377 -0.327847 -0.33526 -0.343798 -0.354785 -0.367978 -0.382271 -0.396719 -0.409328 -0.419955 -0.427471 -0.433788 -0.437284 -0.440171 -0.441901 -0.442293 -0.441902 -0.44017 -0.437284 -0.433789 -0.42747 -0.419955 -0.409328 -0.39672 -0.382271 -0.367978 -0.354785 -0.343798 -0.33526 -0.327847 -0.335377 
9 -12.1876 0.442478 2 4 4 4 4 5 5 6 8 8 10 10 10 11 11 12 12 11 10 10 10 8 8 6 5 5 4 4 4 4 2 -0.336194 -0.328685 -0.336462 -0.345375 -0.356718 -0.370187 -0.384573 -0.398854 -0.411134 -0.421344 -0.428427 -0.434534 -0.437677 -0.440396 -0.442007 -0.442484 -0.442008 -0.440396 -0.437676 -0.434536 -0.428426 -0.421343 -0.411134 -0.398855 -0.384573 -0.370187 -0.356718 -0.345375 -0.336462 -0.328685 -0.336194 
9.1 -12.225 0.447561 2 4 4 4 4 5 5 6 8 8 10 10 10 11 12 12 12 11 10 10 10 8 8 6 5 5 4 4 4 4 2 -0.337063 -0.329567 -0.337718 -0.347011 -0.358706 -0.372419 -0.386869 -0.400944 -0.412875 -0.422664 -0.429333 -0.43523 -0.438044 -0.440602 -0.442103 -0.442671 -0.442103 -0.440602 -0.438042 -0.435232 -0.429332 -0.422664 -0.412875 -0.400945 -0.386869 -0.372419 -0.358707 -0.347011 -0.337719 -0.329567 -0.337063 
9.2 -12.2622 0.452606 2 4 4 4 4 5 5 7 8 8 10 10 10 11 12 12 12 11 10 10 10 8 8 7 5 5 4 4 4 4 2 -0.337987 -0.330495 -0.339031 -0.348705 -0.360747 -0.374671 -0.389153 -0.402985 -0.41455 -0.423918 -0.43019 -0.435878 -0.438386 -0.44079 -0.442188 -0.442851 -0.442187 -0.440792 -0.438384 -0.43588 -0.430189 -0.423917 -0.41455 -0.402985 -0.389153 -0.374671 -0.360747 -0.348705 -0.339032 -0.330496 -0.337986 
9.3 -12.2993 0.457609 2 4 4 4 4 5 5 7 8 9 10 10 11 12 12 13 12 12 11 10 10 9 8 7 5 5 4 4 4 4 2 -0.338967 -0.331471 -0.340403 -0.350455 -0.362837 -0.376938 -0.391418 -0.404972 -0.416156 -0.425108 -0.431001 -0.436478 -0.438704 -0.440965 -0.442263 -0.443024 -0.442262 -0.440968 -0.438702 -0.436481 -0.431 -0.425107 -0.416156 -0.404973 -0.391418 -0.376938 -0.362837 -0.350455 -0.340403 -0.331472 -0.338965 
9.4 -12.3363 0.462563 2 4 4 4 5 5 5 7 8 9 10 10 11 12 12 13 12 12 11 10 10 9 8 7 5 5 5 4 4 4 2 -0.340005 -0.332497 -0.341834 -0.352261 -0.364971 -0.379217 -0.393656 -0.406905 -0.417691 -0.426235 -0.431767 -0.437033 -0.439001 -0.44113 -0.44233 -0.443187 -0.442329 -0.441133 -0.438998 -0.437036 -0.431767 -0.426234 -0.417691 -0.406905 -0.393657 -0.379216 -0.364971 -0.352261 -0.341834 -0.332498 -0.340003 
9.5 -12.3731 0.467466 2 4 4 4 5 5 6 7 8 9 10 10 11 12 13 13 13 12 11 10 10 9 8 7 6 5 5 4 4 4 2 -0.341104 -0.333574 -0.343326 -0.354121 -0.367145 -0.381501 -0.395863 -0.408778 -0.419155 -0.427303 -0.432492 -0.437543 -0.439277 -0.441286 -0.442389 -0.44334 -0.442387 -0.44129 -0.439274 -0.437546 -0.432492 -0.427302 -0.419155 -0.408778 -0.395863 -0.381501 -0.367145 -0.354121 -0.343326 -0.333575 -0.341103 
9.6 -12.4097 0.472313 2 4 4 4 5 5 6 8 8 10 10 10 11 12 13 13 13 12 11 10 10 10 8 8 6 5 5 4 4 4 2 -0.342268 -0.334702 -0.344881 -0.356033 -0.369353 -0.383786 -0.398031 -0.410591 -0.420549 -0.428314 -0.433178 -0.438011 -0.439535 -0.441437 -0.44244 -0.443481 -0.442437 -0.441442 -0.439531 -0.438013 -0.433178 -0.428313 -0.420549 -0.41059 -0.398031 -0.383786 -0.369353 -0.356033 -0.344881 -0.334703 -0.342267 
9.7 -12.4462 0.477102 2 4 4 4 5 5 6 8 8 10 10 10 12 13 13 14 13 13 12 10 10 10 8 8 6 5 5 4 4 4 2 -0.343498 -0.335882 -0.346498 -0.357998 -0.37159 -0.386067 -0.400155 -0.41234 -0.421873 -0.429271 -0.433826 -0.438438 -0.439774 -0.441585 -0.442484 -0.443608 -0.442481 -0.441589 -0.43977 -0.43844 -0.433826 -0.429269 -0.421873 -0.412339 -0.400156 -0.386067 -0.37159 -0.357998 -0.346498 -0.335882 -0.343497 
9.8 -12.4824 0.48183 2 4 4 4 5 5 6 8 8 10 10 11 12 13 14 14 14 13 12 11 10 10 8 8 6 5 5 4 4 4 2 -0.344799 -0.337112 -0.348178 -0.360011 -0.37385 -0.388337 -0.40223 -0.414023 -0.423128 -0.430176 -0.434438 -0.438827 -0.439997 -0.44173 -0.442521 -0.443722 -0.442518 -0.441735 -0.439992 -0.438829 -0.434438 -0.430174 -0.423128 -0.414022 -0.402231 -0.388337 -0.37385 -0.360011 -0.348178 -0.337113 -0.344799 
9.9 -12.5185 0.486495 2 4 4 4 5 5 7 8 9 10 10 11 12 13 14 15 14 13 12 11 10 10 9 8 7 5 5 4 4 4 2 -0.346175 -0.338394 -0.349918 -0.362073 -0.376127 -0.390592 -0.404253 -0.415639 -0.424316 -0.431031 -0.435015 -0.439179 -0.440204 -0.441874 -0.442553 -0.443822 -0.44255 -0.441879 -0.4402 -0.439181 -0.435016 -0.43103 -0.424317 -0.415638 -0.404254 -0.390592 -0.376127 -0.362073 -0.349918 -0.338394 -0.346176 
10 -12.5544 0.491094 2 4 4 4 5 5 7 8 9 10 10 11 13 14 14 15 14 14 13 11 10 10 9 8 7 5 5 4 4 4 2 -0.34763 -0.339727 -0.351719 -0.364178 -0.378416 -0.392825 -0.406218 -0.417188 -0.42544 -0.431839 -0.435561 -0.439497 -0.440397 -0.442018 -0.442579 -0.443906 -0.442576 -0.442023 -0.440393 -0.439498 -0.435562 -0.431837 -0.425441 -0.417186 -0.406219 -0.392825 -0.378416 -0.364178 -0.351719 -0.339727 -0.347631 
10.1 -12.59 0.495628 2 4 4 5 5 5 7 8 9 10 10 12 13 14 15 15 15 14 13 12 10 10 9 8 7 5 5 5 4 4 2 -0.349168 -0.34111 -0.353577 -0.366325 -0.380711 -0.395031 -0.408123 -0.418667 -0.426501 -0.432602 -0.436075 -0.439783 -0.440577 -0.442162 -0.442601 -0.443976 -0.442598 -0.442167 -0.440574 -0.439784 -0.436076 -0.4326 -0.426503 -0.418665 -0.408124 -0.395031 -0.380711 -0.366325 -0.353577 -0.34111 -0.349168 
10.2 -12.6254 0.500097 2 4 4 5 5 6 7 8 10 10 10 12 13 14 15 15 15 14 13 12 10 10 10 8 7 6 5 5 4 4 2 -0.350792 -0.342544 -0.355492 -0.368509 -0.383007 -0.397203 -0.409963 -0.420079 -0.427504 -0.433321 -0.436559 -0.440041 -0.440745 -0.442307 -0.442618 -0.44403 -0.442616 -0.442311 -0.440742 -0.440041 -0.43656 -0.43332 -0.427506 -0.420077 -0.409964 -0.397203 -0.383007 -0.368509 -0.355492 -0.342544 -0.350792 
10.3 -12.6605 0.504499 2 4 4 5 5 6 8 8 10 10 10 12 14 15 15 15 15 15 14 12 10 10 10 8 8 6 5 5 4 4 2 -0.352506 -0.344029 -0.357461 -0.370725 -0.385297 -0.399336 -0.411738 -0.421423 -0.428451 -0.433998 -0.437014 -0.440271 -0.440902 -0.442451 -0.442633 -0.44407 -0.442631 -0.442455 -0.4409 -0.440272 -0.437015 -0.433998 -0.428453 -0.42142 -0.411738 -0.399336 -0.385297 -0.370725 -0.357461 -0.344029 -0.352506 
10.4 -12.6954 0.508838 2 4 4 5 5 6 8 8 10 10 11 12 14 15 15 15 15 15 14 12 11 10 10 8 8 6 5 5 4 4 2 -0.354314 -0.345564 -0.359481 -0.372969 -0.387576 -0.401426 -0.413444 -0.4227 -0.429344 -0.434636 -0.437442 -0.440478 -0.441049 -0.442595 -0.442644 -0.444095 -0.442643 -0.442597 -0.441047 -0.440478 -0.437443 -0.434636 -0.429346 -0.422698 -0.413444 -0.401426 -0.387576 -0.372969 -0.359481 -0.345564 -0.354314 
10.5 -12.73 0.513115 2 4 5 5 5 7 8 9 10 10 11 13 14 15 15 15 15 15 14 13 11 10 10 9 8 7 5 5 5 4 2 -0.356219 -0.347149 -0.36155 -0.375234 -0.389838 -0.403466 -0.415079 -0.423912 -0.430187 -0.435236 -0.437843 -0.440664 -0.441187 -0.442737 -0.442654 -0.444108 -0.442653 -0.442739 -0.441186 -0.440664 -0.437843 -0.435236 -0.430189 -0.423911 -0.415079 -0.403467 -0.389838 -0.375234 -0.36155 -0.347149 -0.356218 
10.6 -12.7643 0.517331 2 4 5 5 5 7 8 9 10 10 11 13 15 15 15 16 15 15 15 13 11 10 10 9 8 7 5 5 5 4 2 -0.358223 -0.348781 -0.363665 -0.377516 -0.392078 -0.405454 -0.416643 -0.425061 -0.430983 -0.435799 -0.438219 -0.440832 -0.441317 -0.442877 -0.442662 -0.444109 -0.442661 -0.442877 -0.441316 -0.440831 -0.438219 -0.435799 -0.430984 -0.425061 -0.416642 -0.405454 -0.392078 -0.377516 -0.363665 -0.348782 -0.358222 
10.7 -12.7983 0.52149 2 4 5 5 5 7 8 9 10 10 12 13 15 15 17 17 17 15 15 13 12 10 10 9 8 7 5 5 5 4 2 -0.360329 -0.35046 -0.365823 -0.379807 -0.39429 -0.407385 -0.418135 -0.42615 -0.431733 -0.436326 -0.43857 -0.440983 -0.441439 -0.443013 -0.442669 -0.444099 -0.442669 -0.443012 -0.441439 -0.440983 -0.438569 -0.436327 -0.431733 -0.42615 -0.418134 -0.407385 -0.39429 -0.379807 -0.365823 -0.35046 -0.360328 
10.8 -12.832 0.525594 2 4 5 5 6 7 8 10 10 10 12 14 15 15 17 17 17 16 15 14 12 10 10 10 8 7 6 5 5 4 2 -0.362541 -0.352182 -0.36802 -0.382101 -0.396469 -0.409254 -0.419556 -0.427181 -0.432441 -0.43682 -0.438897 -0.441121 -0.441553 -0.443144 -0.442674 -0.44408 -0.442675 -0.443143 -0.441555 -0.441121 -0.438896 -0.436821 -0.432441 -0.427182 -0.419554 -0.409255 -0.396469 -0.382101 -0.36802 -0.352182 -0.36254 
10.9 -12.8653 0.529649 2 4 5 5 6 8 8 10 10 11 12 14 15 17 17 17 17 17 15 14 12 11 10 10 8 8 6 5 5 4 2 -0.364861 -0.353944 -0.370253 -0.384393 -0.39861 -0.41106 -0.420906 -0.428157 -0.433109 -0.437281 -0.439202 -0.441249 -0.441662 -0.443269 -0.44268 -0.444054 -0.442681 -0.443267 -0.441664 -0.441248 -0.439201 -0.437282 -0.433108 -0.428158 -0.420903 -0.41106 -0.39861 -0.384393 -0.370253 -0.353944 -0.36486 
11 -12.8983 0.533657 2 4 5 5 6 8 8 10 10 11 13 15 15 17 17 17 17 17 15 15 13 11 10 10 8 8 6 5 5 4 2 -0.367292 -0.355741 -0.372518 -0.386676 -0.400708 -0.412799 -0.422185 -0.429079 -0.433739 -0.43771 -0.439485 -0.441368 -0.441764 -0.443387 -0.442684 -0.444023 -0.442687 -0.443384 -0.441767 -0.441367 -0.439484 -0.437712 -0.433738 -0.429081 -0.422183 -0.412799 -0.400708 -0.386676 -0.372518 -0.355741 -0.367292 
11.1 -12.9309 0.537622 2 4 5 5 7 8 9 10 10 11 13 15 16 17 18 18 18 17 17 15 13 11 10 10 9 8 7 5 5 4 2 -0.369838 -0.35757 -0.374811 -0.388943 -0.402759 -0.414469 -0.423397 -0.429952 -0.434334 -0.43811 -0.439748 -0.44148 -0.441861 -0.443497 -0.442689 -0.443988 -0.442691 -0.443493 -0.441864 -0.441479 -0.439746 -0.438112 -0.434332 -0.429954 -0.423395 -0.41447 -0.402759 -0.388943 -0.374811 -0.35757 -0.369837 
11.2 -12.9631 0.541549 2 4 5 5 7 8 9 10 10 12 13 15 17 17 18 18 18 18 17 15 13 12 10 10 9 8 7 5 5 4 2 -0.3725 -0.359423 -0.377127 -0.391188 -0.404758 -0.416069 -0.424543 -0.430776 -0.434896 -0.43848 -0.439991 -0.441587 -0.441953 -0.443598 -0.442693 -0.443951 -0.442696 -0.443593 -0.441956 -0.441586 -0.439989 -0.438483 -0.434893 -0.430779 -0.424541 -0.416069 -0.404758 -0.391188 -0.377126 -0.359424 -0.3725 
11.3 -12.9949 0.54544 2 4 5 5 7 8 9 10 10 12 14 15 17 18 18 18 18 18 17 15 14 12 10 10 9 8 7 5 5 4 2 -0.375282 -0.361297 -0.379461 -0.393405 -0.406702 -0.417597 -0.425627 -0.431555 -0.435426 -0.438823 -0.440215 -0.441692 -0.442039 -0.443689 -0.442697 -0.443915 -0.4427 -0.443684 -0.442042 -0.44169 -0.440214 -0.438826 -0.435422 -0.431559 -0.425624 -0.417597 -0.406702 -0.393406 -0.37946 -0.361297 -0.375283 
11.4 -13.0263 0.549301 2 4 5 6 7 8 10 10 10 12 14 15 17 18 18 19 18 18 17 15 14 12 10 10 10 8 7 6 5 4 2 -0.378186 -0.363184 -0.381808 -0.395588 -0.408587 -0.419053 -0.426649 -0.432291 -0.435926 -0.43914 -0.440423 -0.441794 -0.44212 -0.443769 -0.4427 -0.443881 -0.442704 -0.443764 -0.442124 -0.441793 -0.440421 -0.439143 -0.435922 -0.432295 -0.426647 -0.419053 -0.408587 -0.395589 -0.381808 -0.363184 -0.378187 
11.5 -13.0573 0.553134 2 4 5 6 8 8 10 10 11 12 15 16 17 18 18 19 18 18 17 16 15 12 11 10 10 8 8 6 5 4 2 -0.381214 -0.365078 -0.384163 -0.397732 -0.41041 -0.420438 -0.427614 -0.432986 -0.436397 -0.439431 -0.440614 -0.441896 -0.442196 -0.443838 -0.442703 -0.443851 -0.442707 -0.443833 -0.4422 -0.441895 -0.440612 -0.439434 -0.436393 -0.43299 -0.427613 -0.420438 -0.41041 -0.397732 -0.384163 -0.365078 -0.381214 
11.6 -13.0878 0.556942 2 4 5 6 8 8 10 10 11 13 15 17 17 18 19 19 19 18 17 17 15 13 11 10 10 8 8 6 5 4 2 -0.384366 -0.366971 -0.386521 -0.399831 -0.412168 -0.421753 -0.428525 -0.433643 -0.436842 -0.439699 -0.44079 -0.441999 -0.442267 -0.443895 -0.442706 -0.443826 -0.442709 -0.443891 -0.442271 -0.441997 -0.440789 -0.439702 -0.436838 -0.433646 -0.428523 -0.421753 -0.412168 -0.399831 -0.386521 -0.366971 -0.384367 
11.7 -13.1178 0.560727 2 4 5 6 8 9 10 10 11 13 15 17 18 18 19 19 19 18 18 17 15 13 11 10 10 9 8 6 5 4 2 -0.387645 -0.368857 -0.388877 -0.40188 -0.413859 -0.422998 -0.429383 -0.434262 -0.437261 -0.439945 -0.440952 -0.442102 -0.442334 -0.443941 -0.442708 -0.443807 -0.442711 -0.443937 -0.442337 -0.442101 -0.440951 -0.439947 -0.437257 -0.434265 -0.429383 -0.422998 -0.413858 -0.40188 -0.388877 -0.368857 -0.387646 
11.8 -13.1474 0.564492 2 4 6 7 8 9 10 10 12 14 15 17 18 18 19 19 19 18 18 17 15 14 12 10 10 9 8 7 6 4 2 -0.39105 -0.370728 -0.391224 -0.403874 -0.41548 -0.424177 -0.430194 -0.434846 -0.437655 -0.440171 -0.441101 -0.442206 -0.442396 -0.443976 -0.44271 -0.443795 -0.442712 -0.443972 -0.442399 -0.442205 -0.441101 -0.440172 -0.437652 -0.434849 -0.430193 -0.424177 -0.41548 -0.403874 -0.391224 -0.370727 -0.391051 
11.9 -13.1764 0.568237 2 4 6 7 8 9 10 10 12 14 16 17 18 18 19 20 19 18 18 17 16 14 12 10 10 9 8 7 6 4 2 -0.394581 -0.372575 -0.393558 -0.40581 -0.417031 -0.425291 -0.430958 -0.435397 -0.438026 -0.440377 -0.441239 -0.442312 -0.442453 -0.443999 -0.442711 -0.44379 -0.442713 -0.443996 -0.442455 -0.442311 -0.441239 -0.440378 -0.438024 -0.435399 -0.430958 -0.425291 -0.417031 -0.40581 -0.393558 -0.372574 -0.394582 
12 -13.205 0.571963 2 4 6 7 8 10 10 10 12 14 17 17 18 19 19 20 19 19 18 17 17 14 12 10 10 10 8 7 6 4 2 -0.398238 -0.374389 -0.395873 -0.407683 -0.418511 -0.426342 -0.431679 -0.435916 -0.438375 -0.440566 -0.441366 -0.442419 -0.442505 -0.444011 -0.442712 -0.443793 -0.442713 -0.444009 -0.442507 -0.442418 -0.441367 -0.440566 -0.438373 -0.435918 -0.43168 -0.426342 -0.418511 -0.407683 -0.395873 -0.374389 -0.398238 
12.1 -13.233 0.57567 2 4 6 8 8 10 10 11 12 15 17 17 18 20 20 20 19 20 18 17 17 15 12 11 10 10 8 8 6 4 2 -0.402019 -0.376163 -0.398167 -0.40949 -0.419921 -0.427335 -0.43236 -0.436404 -0.438702 -0.440739 -0.441484 -0.442526 -0.442553 -0.444013 -0.442713 -0.443803 -0.442713 -0.444011 -0.442554 -0.442525 -0.441485 -0.440739 -0.438701 -0.436405 -0.432361 -0.427335 -0.41992 -0.40949 -0.398167 -0.376163 -0.402019 
12.2 -13.2604 0.579357 2 4 7 8 8 10 10 11 13 15 17 19 18 20 20 20 19 20 18 19 17 15 13 11 10 10 8 8 7 4 2 -0.405923 -0.377886 -0.400434 -0.411226 -0.421261 -0.42827 -0.433003 -0.436863 -0.439009 -0.440897 -0.441593 -0.442634 -0.442596 -0.444004 -0.442714 -0.44382 -0.442714 -0.444005 -0.442596 -0.442633 -0.441594 -0.440897 -0.439008 -0.436864 -0.433005 -0.42827 -0.42126 -0.411226 -0.400434 -0.377886 -0.405923 
12.3 -13.2874 0.583024 2 4 7 8 8 10 10 11 13 15 17 19 18 20 20 20 20 20 19 19 17 15 13 11 10 10 8 8 7 4 2 -0.409946 -0.37955 -0.402672 -0.412889 -0.422532 -0.429152 -0.433612 -0.437293 -0.439296 -0.441043 -0.441694 -0.442741 -0.442635 -0.443988 -0.442717 -0.443842 -0.442715 -0.443989 -0.442635 -0.44274 -0.441695 -0.441042 -0.439296 -0.437294 -0.433613 -0.429152 -0.422532 -0.412889 -0.402672 -0.37955 -0.409946 
12.4 -13.3137 0.586667 2 4 7 8 9 10 10 12 14 16 17 19 19 20 21 20 21 20 20 19 17 16 14 12 10 10 9 8 7 4 2 -0.414086 -0.381145 -0.404876 -0.414475 -0.423737 -0.429983 -0.434187 -0.437697 -0.439565 -0.441178 -0.441789 -0.442846 -0.44267 -0.443963 -0.44272 -0.443869 -0.442718 -0.443965 -0.442669 -0.442846 -0.44179 -0.441177 -0.439564 -0.437697 -0.434188 -0.429983 -0.423737 -0.414475 -0.404876 -0.381146 -0.414085 
12.5 -13.3395 0.590286 2 4 8 8 9 10 10 12 14 17 17 19 20 20 21 21 21 20 20 19 17 17 14 12 10 10 9 8 8 4 2 -0.418339 -0.382663 -0.407045 -0.415983 -0.424878 -0.430765 -0.434731 -0.438075 -0.439815 -0.441303 -0.441877 -0.44295 -0.442701 -0.443931 -0.442724 -0.4439 -0.442721 -0.443934 -0.442699 -0.44295 -0.441879 -0.441302 -0.439815 -0.438075 -0.434732 -0.430765 -0.424878 -0.415983 -0.407046 -0.382663 -0.418338 
12.6 -13.3646 0.593878 2 4 8 8 9 10 10 12 15 17 18 19 20 20 21 21 21 20 20 19 18 17 15 12 10 10 9 8 8 4 2 -0.4227 -0.384093 -0.409177 -0.417411 -0.425958 -0.431501 -0.435246 -0.438428 -0.440048 -0.44142 -0.441961 -0.44305 -0.442728 -0.443894 -0.442731 -0.443932 -0.442727 -0.443898 -0.442726 -0.44305 -0.441962 -0.441419 -0.440049 -0.438428 -0.435248 -0.431501 -0.425958 -0.417411 -0.409177 -0.384093 -0.422699 
12.7 -13.3892 0.597441 2 4 8 8 10 10 11 12 15 17 19 20 20 20 21 21 21 20 20 20 19 17 15 12 11 10 10 8 8 4 2 -0.427164 -0.385427 -0.411268 -0.418759 -0.42698 -0.432194 -0.435734 -0.438758 -0.440265 -0.441531 -0.442039 -0.443145 -0.442752 -0.443852 -0.442739 -0.443965 -0.442735 -0.443857 -0.442749 -0.443146 -0.44204 -0.44153 -0.440266 -0.438757 -0.435736 -0.432194 -0.426979 -0.418758 -0.411268 -0.385427 -0.427163 
12.8 -13.4131 0.600971 2 4 8 8 10 10 11 13 15 17 19 20 20 21 21 22 21 21 20 20 19 17 15 13 11 10 10 8 8 4 2 -0.431726 -0.386657 -0.413318 -0.420024 -0.427946 -0.432845 -0.436197 -0.439064 -0.440466 -0.441636 -0.442113 -0.443236 -0.442773 -0.443807 -0.44275 -0.443996 -0.442746 -0.443812 -0.44277 -0.443237 -0.442114 -0.441636 -0.440467 -0.439063 -0.436198 -0.432846 -0.427946 -0.420024 -0.413318 -0.386658 -0.431725 
12.9 -13.4364 0.604467 2 4 8 9 10 10 11 14 15 17 19 20 20 21 22 22 21 21 20 20 19 17 15 14 11 10 10 9 8 4 2 -0.436378 -0.387775 -0.415326 -0.421207 -0.42886 -0.433458 -0.436636 -0.439349 -0.440652 -0.441738 -0.442183 -0.44332 -0.442791 -0.443759 -0.442763 -0.444025 -0.442759 -0.443765 -0.442788 -0.443321 -0.442184 -0.441737 -0.440653 -0.439348 -0.436637 -0.433459 -0.428861 -0.421207 -0.415326 -0.387775 -0.436377 
13 -13.4591 0.607926 2 4 8 10 10 10 12 14 17 17 19 20 21 22 22 22 22 22 21 20 19 17 17 14 12 10 10 10 8 4 2 -0.441115 -0.388773 -0.417292 -0.42231 -0.429726 -0.434034 -0.437052 -0.439613 -0.440824 -0.441836 -0.44225 -0.443397 -0.442807 -0.443712 -0.442779 -0.444051 -0.442774 -0.443717 -0.442803 -0.443398 -0.44225 -0.441835 -0.440826 -0.439612 -0.437053 -0.434035 -0.429726 -0.422309 -0.417292 -0.388773 -0.441114 
13.1 -13.4811 0.611346 2 4 8 10 10 10 12 14 17 18 20 20 21 22 22 22 22 22 21 20 20 18 17 14 12 10 10 10 8 4 2 -0.445929 -0.389644 -0.419215 -0.423331 -0.430546 -0.434576 -0.437446 -0.439858 -0.440984 -0.441932 -0.442313 -0.443466 -0.44282 -0.443665 -0.442797 -0.444071 -0.442793 -0.44367 -0.442816 -0.443468 -0.442313 -0.441932 -0.440985 -0.439856 -0.437447 -0.434576 -0.430547 -0.423331 -0.419215 -0.389644 -0.445928 
13.2 -13.5025 0.614725 2 4 8 10 10 10 12 15 17 19 20 20 21 22 22 22 22 22 21 20 20 19 17 15 12 10 10 10 8 4 2 -0.450811 -0.390381 -0.421097 -0.424273 -0.431325 -0.435084 -0.43782 -0.440084 -0.44113 -0.442027 -0.442373 -0.443527 -0.442831 -0.443619 -0.442818 -0.444085 -0.442814 -0.443624 -0.442828 -0.443529 -0.442372 -0.442027 -0.441132 -0.440082 -0.437821 -0.435084 -0.431326 -0.424273 -0.421097 -0.390382 -0.450811 
13.3 -13.5232 0.618061 2 4 8 10 10 11 12 15 17 19 20 21 22 22 22 22 22 22 22 21 20 19 17 15 12 11 10 10 8 4 2 -0.455755 -0.390979 -0.42294 -0.425136 -0.432064 -0.43556 -0.438174 -0.440292 -0.441266 -0.442121 -0.44243 -0.443579 -0.44284 -0.443577 -0.44284 -0.444093 -0.442837 -0.443581 -0.442837 -0.443581 -0.442429 -0.442121 -0.441267 -0.440291 -0.438175 -0.435561 -0.432065 -0.425136 -0.42294 -0.39098 -0.455754 
13.4 -13.5433 0.621354 2 4 8 10 10 11 13 15 17 19 20 21 22 22 22 22 22 22 22 21 20 19 17 15 13 11 10 10 8 4 2 -0.46075 -0.391433 -0.424745 -0.425922 -0.432768 -0.436007 -0.43851 -0.440484 -0.441391 -0.442214 -0.442484 -0.443622 -0.442848 -0.44354 -0.442864 -0.444094 -0.442862 -0.443542 -0.442846 -0.443624 -0.442483 -0.442214 -0.441392 -0.440483 -0.43851 -0.436007 -0.432769 -0.425922 -0.424745 -0.391433 -0.46075 
13.5 -13.5626 0.624603 2 4 8 10 10 11 14 16 17 19 21 22 22 22 22 22 22 22 22 22 21 19 17 16 14 11 10 10 8 4 2 -0.465788 -0.391739 -0.426516 -0.426631 -0.43344 -0.436424 -0.438827 -0.440661 -0.441506 -0.442307 -0.442535 -0.443656 -0.442854 -0.443507 -0.442889 -0.444087 -0.442888 -0.443508 -0.442853 -0.443658 -0.442534 -0.442307 -0.441507 -0.440659 -0.438827 -0.436424 -0.433441 -0.426631 -0.426516 -0.391739 -0.465788 
13.6 -13.5814 0.627808 2 4 8 10 10 11 14 17 18 19 21 22 22 22 22 22 22 22 22 22 21 19 18 17 14 12 10 10 8 4 2 -0.47086 -0.391893 -0.428256 -0.427265 -0.434082 -0.436814 -0.439127 -0.440824 -0.441612 -0.4424 -0.442583 -0.443681 -0.44286 -0.44348 -0.442914 -0.444073 -0.442914 -0.44348 -0.442859 -0.443682 -0.442582 -0.4424 -0.441613 -0.440822 -0.439127 -0.436814 -0.434083 -0.427265 -0.428255 -0.391893 -0.47086 
13.7 -13.5994 0.630969 2 4 8 10 10 12 14 17 19 19 21 22 22 22 22 22 22 22 22 22 21 20 19 17 14 12 10 10 8 4 2 -0.475955 -0.391893 -0.429967 -0.427825 -0.434698 -0.437177 -0.439411 -0.440974 -0.44171 -0.442493 -0.442628 -0.443696 -0.442864 -0.443459 -0.44294 -0.444052 -0.442941 -0.443458 -0.442864 -0.443698 -0.442627 -0.442493 -0.441712 -0.440972 -0.43941 -0.437177 -0.434699 -0.427826 -0.429967 -0.391893 -0.475955 
13.8 -13.6168 0.634086 2 4 8 10 11 12 15 17 19 20 21 22 22 22 22 22 22 22 22 22 21 20 19 17 15 12 11 10 8 4 2 -0.481063 -0.391739 -0.431655 -0.428312 -0.435291 -0.437513 -0.439678 -0.441111 -0.441801 -0.442585 -0.44267 -0.443703 -0.442868 -0.443445 -0.442965 -0.444024 -0.442968 -0.443443 -0.442868 -0.443704 -0.442668 -0.442585 -0.441803 -0.44111 -0.439678 -0.437513 -0.435292 -0.428313 -0.431655 -0.391739 -0.481063 
13.9 -13.6336 0.637161 2 4 8 10 11 12 15 17 19 21 22 22 22 22 22 23 22 22 22 22 22 21 19 18 15 12 11 10 8 4 2 -0.486175 -0.39143 -0.433323 -0.428727 -0.435863 -0.437824 -0.43993 -0.441239 -0.441885 -0.442676 -0.442708 -0.443702 -0.442871 -0.443439 -0.44299 -0.44399 -0.442993 -0.443435 -0.442872 -0.443703 -0.442707 -0.442676 -0.441887 -0.441237 -0.43993 -0.437823 -0.435864 -0.428727 -0.433322 -0.39143 -0.486175 
14 -13.6496 0.640195 2 4 8 10 11 13 15 17 19 21 22 22 22 22 23 23 23 22 22 22 22 21 19 18 17 13 11 10 8 4 2 -0.49128 -0.390969 -0.434974 -0.429071 -0.436417 -0.438109 -0.440167 -0.441356 -0.441963 -0.442767 -0.442744 -0.443694 -0.442873 -0.443438 -0.443013 -0.443951 -0.443017 -0.443433 -0.442876 -0.443694 -0.442743 -0.442766 -0.441966 -0.441354 -0.440167 -0.438108 -0.436417 -0.429071 -0.434974 -0.390969 -0.49128 
14.1 -13.665 0.643189 2 4 8 10 12 14 17 18 19 21 22 22 22 23 23 23 23 23 22 22 22 21 19 18 17 14 12 10 8 4 2 -0.496367 -0.390358 -0.436614 -0.429344 -0.436955 -0.438369 -0.44039 -0.441465 -0.442037 -0.442855 -0.442776 -0.443679 -0.442876 -0.443445 -0.443034 -0.443907 -0.443039 -0.443439 -0.442879 -0.443678 -0.442776 -0.442854 -0.442039 -0.441463 -0.440391 -0.438368 -0.436955 -0.429344 -0.436614 -0.390357 -0.496368 
14.2 -13.6798 0.646146 2 4 8 10 12 14 17 19 19 21 22 22 22 23 23 23 23 23 22 22 22 21 19 19 17 14 12 11 8 4 2 -0.501427 -0.3896 -0.438246 -0.429547 -0.43748 -0.438605 -0.440601 -0.441566 -0.442106 -0.44294 -0.442804 -0.443658 -0.442879 -0.443457 -0.443054 -0.443859 -0.44306 -0.443451 -0.442883 -0.443657 -0.442805 -0.442939 -0.442109 -0.441563 -0.440601 -0.438604 -0.43748 -0.429548 -0.438246 -0.3896 -0.501428 
14.3 -13.6939 0.649067 2 4 8 11 12 14 17 19 20 21 22 22 23 23 23 23 23 23 23 22 22 22 20 19 17 14 12 11 8 4 2 -0.506449 -0.388701 -0.439873 -0.429682 -0.437993 -0.438815 -0.440798 -0.44166 -0.442171 -0.443023 -0.44283 -0.443632 -0.442883 -0.443475 -0.443072 -0.443808 -0.443078 -0.443468 -0.442887 -0.44363 -0.442831 -0.443021 -0.442174 -0.441657 -0.440799 -0.438814 -0.437994 -0.429682 -0.439873 -0.388701 -0.50645 
14.4 -13.7074 0.651954 2 4 8 11 12 14 18 19 21 22 22 22 23 23 23 23 23 23 23 22 22 22 21 19 18 14 12 11 8 4 2 -0.511424 -0.387667 -0.441499 -0.429748 -0.438498 -0.439002 -0.440984 -0.441747 -0.442232 -0.443102 -0.442852 -0.443602 -0.442887 -0.443497 -0.443087 -0.443755 -0.443093 -0.44349 -0.442892 -0.4436 -0.442854 -0.443099 -0.442236 -0.441745 -0.440985 -0.439 -0.438498 -0.429748 -0.441499 -0.387666 -0.511424 
14.5 -13.7203 0.654808 2 4 8 11 13 16 18 19 21 22 22 23 23 23 23 23 23 23 23 23 22 22 21 19 18 15 13 11 8 4 2 -0.51634 -0.386504 -0.443127 -0.429746 -0.438995 -0.439163 -0.441159 -0.441829 -0.442291 -0.443176 -0.442871 -0.44357 -0.442893 -0.443522 -0.443101 -0.4437 -0.443107 -0.443515 -0.442898 -0.443567 -0.442873 -0.443173 -0.442294 -0.441827 -0.44116 -0.439161 -0.438995 -0.429747 -0.443127 -0.386504 -0.516341 
14.6 -13.7325 0.657633 2 4 8 12 14 16 18 19 21 22 22 23 23 23 23 24 23 23 23 23 22 22 21 19 18 16 14 11 8 4 2 -0.52119 -0.385222 -0.44476 -0.429678 -0.439487 -0.439299 -0.441324 -0.441906 -0.442348 -0.443245 -0.442887 -0.443535 -0.4429 -0.443549 -0.443114 -0.443645 -0.443119 -0.443543 -0.442905 -0.443532 -0.44289 -0.443242 -0.442351 -0.441904 -0.441325 -0.439298 -0.439487 -0.429678 -0.444761 -0.385221 -0.521191 
14.7 -13.7442 0.66043 2 4 8 12 14 16 18 19 21 22 22 23 23 23 24 24 24 23 23 23 22 22 21 19 18 17 14 11 8 4 2 -0.525964 -0.383828 -0.4464 -0.429543 -0.439974 -0.439411 -0.44148 -0.441978 -0.442402 -0.443308 -0.4429 -0.4435 -0.442908 -0.443577 -0.443125 -0.443589 -0.443129 -0.443571 -0.442914 -0.443496 -0.442903 -0.443305 -0.442405 -0.441976 -0.441481 -0.439409 -0.439975 -0.429543 -0.446401 -0.383827 -0.525964 
14.8 -13.7553 0.6632 2 4 8 13 15 17 19 21 21 22 22 23 23 24 24 24 24 24 23 23 23 22 22 21 19 17 15 13 8 4 2 -0.530653 -0.382332 -0.448049 -0.429343 -0.44046 -0.439497 -0.441627 -0.442046 -0.442455 -0.443364 -0.442911 -0.443465 -0.442919 -0.443604 -0.443135 -0.443534 -0.443138 -0.443599 -0.442924 -0.44346 -0.442914 -0.443361 -0.442458 -0.442044 -0.441629 -0.439495 -0.440461 -0.429342 -0.44805 -0.382331 -0.530653 
14.9 -13.7657 0.665947 2 4 8 13 16 17 19 21 22 22 23 23 23 24 25 24 25 24 23 23 23 22 22 21 19 17 16 13 8 4 2 -0.53525 -0.380743 -0.449709 -0.429078 -0.440944 -0.439558 -0.441768 -0.44211 -0.442506 -0.443413 -0.442919 -0.44343 -0.442931 -0.44363 -0.443144 -0.443481 -0.443146 -0.443626 -0.442936 -0.443426 -0.442922 -0.44341 -0.442508 -0.442108 -0.441769 -0.439556 -0.440945 -0.429077 -0.449711 -0.380742 -0.53525 
15 -13.7757 0.668671 2 4 8 13 16 18 19 21 22 22 23 24 24 24 25 25 25 25 24 24 23 22 22 21 19 18 16 13 8 4 2 -0.539746 -0.379073 -0.451382 -0.428748 -0.441429 -0.439594 -0.441902 -0.442169 -0.442556 -0.443455 -0.442925 -0.443398 -0.442946 -0.443652 -0.443152 -0.443429 -0.443154 -0.443649 -0.442951 -0.443393 -0.442929 -0.443452 -0.442558 -0.442168 -0.441904 -0.439591 -0.44143 -0.428747 -0.451383 -0.379072 -0.539747 
15.1 -13.7851 0.671374 2 4 8 13 17 18 19 21 22 22 23 24 24 25 25 25 25 25 24 24 23 22 22 21 19 18 17 13 8 4 2 -0.544137 -0.377332 -0.453066 -0.428356 -0.441916 -0.439603 -0.44203 -0.442224 -0.442604 -0.443488 -0.442929 -0.443368 -0.442963 -0.44367 -0.443161 -0.44338 -0.443162 -0.443669 -0.442967 -0.443363 -0.442933 -0.443486 -0.442605 -0.442223 -0.442032 -0.439601 -0.441917 -0.428354 -0.453068 -0.377331 -0.544137 
15.2 -13.7939 0.674059 2 4 8 13 17 19 19 21 22 23 23 24 25 25 25 25 25 25 25 24 23 23 22 21 19 19 17 13 8 4 2 -0.548414 -0.37553 -0.454765 -0.4279 -0.442406 -0.439586 -0.442155 -0.442275 -0.442651 -0.443514 -0.442932 -0.443342 -0.442982 -0.443683 -0.44317 -0.443335 -0.443169 -0.443683 -0.442986 -0.443337 -0.442935 -0.443512 -0.442652 -0.442274 -0.442156 -0.439584 -0.442408 -0.427898 -0.454767 -0.375529 -0.548415 
15.3 -13.8023 0.676726 2 4 8 14 17 20 19 22 22 23 23 24 25 25 25 25 25 25 25 24 23 23 22 22 19 20 17 14 8 4 2 -0.552574 -0.373679 -0.456477 -0.427383 -0.442901 -0.439542 -0.442276 -0.442321 -0.442697 -0.443531 -0.442934 -0.443319 -0.443003 -0.443691 -0.443179 -0.443293 -0.443178 -0.443691 -0.443006 -0.443314 -0.442937 -0.443529 -0.442697 -0.442321 -0.442277 -0.43954 -0.442902 -0.427381 -0.456479 -0.373678 -0.552574 
15.4 -13.8102 0.679377 2 4 8 14 17 20 20 22 22 23 24 24 25 25 25 26 25 25 25 24 24 23 22 22 20 20 17 14 8 4 2 -0.55661 -0.37179 -0.458202 -0.426806 -0.443402 -0.43947 -0.442394 -0.442362 -0.442742 -0.44354 -0.442935 -0.4433 -0.443026 -0.443692 -0.443188 -0.443255 -0.443186 -0.443693 -0.443028 -0.443296 -0.442938 -0.443538 -0.442741 -0.442362 -0.442395 -0.439469 -0.443403 -0.426804 -0.458204 -0.371789 -0.556611 
15.5 -13.8176 0.682014 2 4 8 14 17 20 21 22 23 23 24 24 25 26 26 26 26 26 25 25 24 23 23 22 21 20 17 14 8 4 2 -0.56052 -0.369871 -0.459939 -0.426169 -0.44391 -0.439371 -0.442512 -0.442397 -0.442785 -0.44354 -0.442936 -0.443286 -0.44305 -0.443686 -0.443198 -0.443222 -0.443195 -0.443688 -0.443052 -0.443283 -0.442939 -0.44354 -0.442784 -0.442398 -0.442512 -0.439371 -0.44391 -0.426168 -0.459941 -0.369871 -0.560521 
15.6 -13.8245 0.684638 2 4 8 14 17 20 21 22 23 23 24 26 25 26 26 26 26 26 25 25 24 23 23 22 21 20 17 14 8 4 2 -0.564301 -0.367935 -0.461689 -0.425475 -0.444426 -0.439244 -0.442629 -0.442426 -0.442827 -0.443532 -0.442938 -0.443276 -0.443076 -0.443674 -0.443208 -0.443194 -0.443205 -0.443677 -0.443076 -0.443274 -0.442939 -0.443533 -0.442825 -0.442427 -0.442629 -0.439244 -0.444426 -0.425473 -0.461691 -0.367934 -0.564301 
15.7 -13.831 0.687249 2 4 8 15 18 20 21 22 23 23 24 26 25 26 26 26 26 26 26 25 24 24 23 22 21 20 18 15 8 4 2 -0.567949 -0.36599 -0.46345 -0.424724 -0.444953 -0.439087 -0.442747 -0.442447 -0.442867 -0.443517 -0.44294 -0.443271 -0.443102 -0.443655 -0.443218 -0.443172 -0.443215 -0.443658 -0.443102 -0.443269 -0.442941 -0.443518 -0.442865 -0.442449 -0.442746 -0.439088 -0.444952 -0.424723 -0.463452 -0.365989 -0.56795 
15.8 -13.8371 0.689848 2 4 8 15 18 22 21 22 23 23 25 26 26 26 26 26 26 26 26 26 25 24 23 22 21 22 18 15 8 4 2 -0.571463 -0.364045 -0.465222 -0.423918 -0.445491 -0.438901 -0.442867 -0.44246 -0.442906 -0.443495 -0.442943 -0.44327 -0.443128 -0.44363 -0.443229 -0.443156 -0.443225 -0.443634 -0.443127 -0.443269 -0.442943 -0.443497 -0.442903 -0.442463 -0.442866 -0.438902 -0.44549 -0.423917 -0.465223 -0.364044 -0.571464 
15.9 -13.8428 0.692437 2 4 8 15 18 22 21 22 24 24 26 26 26 26 26 26 26 26 26 26 26 24 24 22 21 22 18 15 8 4 2 -0.574843 -0.362109 -0.467002 -0.423058 -0.446042 -0.438685 -0.44299 -0.442464 -0.442944 -0.443466 -0.442948 -0.443273 -0.443154 -0.4436 -0.443239 -0.443146 -0.443235 -0.443604 -0.443152 -0.443273 -0.442946 -0.443468 -0.44294 -0.442467 -0.442988 -0.438687 -0.44604 -0.423058 -0.467003 -0.362108 -0.574844 
16 -13.8481 0.695015 2 4 8 15 18 22 22 23 24 24 26 26 26 27 26 27 27 27 26 26 26 24 24 23 22 22 18 15 8 4 2 -0.578089 -0.360188 -0.46879 -0.422147 -0.446607 -0.438437 -0.443118 -0.442457 -0.44298 -0.443431 -0.442954 -0.44328 -0.443179 -0.443565 -0.443248 -0.443142 -0.443245 -0.443569 -0.443177 -0.443281 -0.442951 -0.443434 -0.442976 -0.44246 -0.443115 -0.43844 -0.446605 -0.422147 -0.468791 -0.360187 -0.57809 
16.1 -13.853 0.697582 2 4 8 15 18 22 22 23 24 24 26 26 26 27 27 27 27 27 26 26 26 24 24 23 22 22 18 15 8 4 2 -0.581201 -0.35829 -0.470585 -0.421186 -0.447188 -0.438158 -0.44325 -0.442438 -0.443015 -0.44339 -0.442961 -0.44329 -0.443202 -0.443526 -0.443256 -0.443145 -0.443253 -0.44353 -0.4432 -0.443292 -0.442958 -0.443394 -0.443011 -0.442442 -0.443248 -0.438161 -0.447185 -0.421187 -0.470586 -0.358289 -0.581202 
16.2 -13.8576 0.700138 2 4 8 15 18 22 23 23 25 25 26 26 26 28 27 27 27 27 26 27 26 25 24 23 23 22 18 15 8 4 2 -0.584181 -0.356421 -0.472386 -0.420178 -0.447786 -0.437847 -0.44339 -0.442406 -0.443049 -0.443344 -0.442971 -0.443302 -0.443225 -0.443484 -0.443263 -0.443154 -0.443261 -0.443487 -0.443222 -0.443306 -0.442967 -0.443349 -0.443045 -0.44241 -0.443387 -0.43785 -0.447783 -0.420178 -0.472387 -0.35642 -0.584182 
16.3 -13.8619 0.702683 2 4 8 16 18 22 23 23 25 26 26 27 26 28 27 27 27 27 27 27 26 26 25 23 23 22 18 16 8 4 2 -0.587031 -0.354584 -0.474191 -0.419123 -0.448403 -0.437502 -0.443537 -0.44236 -0.443083 -0.443295 -0.442982 -0.443317 -0.443245 -0.44344 -0.443269 -0.443168 -0.443267 -0.443443 -0.443241 -0.443321 -0.442978 -0.443299 -0.443078 -0.442364 -0.443534 -0.437506 -0.4484 -0.419124 -0.474192 -0.354583 -0.587032 
16.4 -13.8659 0.705215 2 4 8 16 19 22 24 24 26 26 26 27 27 28 27 27 27 27 27 27 26 26 25 24 24 22 19 16 8 4 2 -0.589753 -0.352785 -0.476 -0.418024 -0.44904 -0.437125 -0.443692 -0.442298 -0.443116 -0.443242 -0.442996 -0.443332 -0.443263 -0.443395 -0.443273 -0.443188 -0.443271 -0.443398 -0.443259 -0.443337 -0.442991 -0.443245 -0.443111 -0.442301 -0.443689 -0.437128 -0.449037 -0.418025 -0.476001 -0.352784 -0.589754 
16.5 -13.8695 0.707734 2 4 8 16 20 22 24 24 26 26 27 27 27 28 27 27 27 27 27 27 27 26 26 24 24 22 20 16 8 4 2 -0.592351 -0.351027 -0.477812 -0.416884 -0.449699 -0.436713 -0.443858 -0.442218 -0.443148 -0.443185 -0.443011 -0.443348 -0.443278 -0.44335 -0.443275 -0.443212 -0.443274 -0.443352 -0.443274 -0.443354 -0.443007 -0.443189 -0.443145 -0.442221 -0.443855 -0.436716 -0.449697 -0.416885 -0.477813 -0.351025 -0.592352 
16.6 -13.8729 0.710238 2 4 8 16 20 22 24 25 26 26 27 27 27 28 27 28 28 28 27 27 27 26 26 25 24 22 20 16 8 4 2 -0.594829 -0.349311 -0.479625 -0.415705 -0.450381 -0.436267 -0.444033 -0.44212 -0.443182 -0.443126 -0.443029 -0.443364 -0.443291 -0.443305 -0.443276 -0.443239 -0.443275 -0.443308 -0.443286 -0.44337 -0.443025 -0.443129 -0.443179 -0.442122 -0.444031 -0.43627 -0.450379 -0.415705 -0.479627 -0.349309 -0.59483 
16.7 -13.8761 0.712725 2 4 8 16 20 23 25 25 26 27 28 27 27 29 28 29 28 28 28 27 27 27 26 25 25 23 20 16 8 4 2 -0.59719 -0.347639 -0.48144 -0.414489 -0.451087 -0.435786 -0.44422 -0.442002 -0.443216 -0.443064 -0.443048 -0.443378 -0.443301 -0.443263 -0.443275 -0.44327 -0.443275 -0.443265 -0.443296 -0.443384 -0.443045 -0.443066 -0.443215 -0.442003 -0.444219 -0.435788 -0.451086 -0.414488 -0.481441 -0.347637 -0.597191 
16.8 -13.879 0.715195 2 4 8 16 20 23 25 25 26 27 28 27 28 29 29 30 29 28 28 27 28 27 26 25 25 23 20 16 8 4 2 -0.599439 -0.346012 -0.483254 -0.413239 -0.451818 -0.43527 -0.44442 -0.441863 -0.443252 -0.443 -0.44307 -0.443391 -0.443309 -0.443222 -0.443273 -0.443302 -0.443273 -0.443224 -0.443303 -0.443396 -0.443067 -0.443001 -0.443252 -0.441863 -0.444419 -0.435271 -0.451818 -0.413237 -0.483255 -0.34601 -0.59944 
16.9 -13.8816 0.717644 2 4 8 16 20 23 26 26 26 27 28 28 28 29 30 30 30 29 28 28 28 27 26 26 26 23 20 16 8 4 2 -0.601582 -0.34443 -0.485066 -0.411957 -0.452576 -0.434719 -0.444632 -0.441701 -0.44329 -0.442934 -0.443094 -0.4434 -0.443314 -0.443185 -0.44327 -0.443334 -0.44327 -0.443187 -0.443308 -0.443405 -0.443092 -0.442933 -0.443291 -0.4417 -0.444633 -0.434719 -0.452577 -0.411955 -0.485069 -0.344429 -0.601583 
17 -13.8841 0.720073 2 4 8 16 20 23 26 26 27 28 28 28 28 30 30 30 30 30 29 28 28 28 27 26 26 23 20 16 8 4 2 -0.603623 -0.342894 -0.486877 -0.410647 -0.45336 -0.434134 -0.444858 -0.441517 -0.443331 -0.442866 -0.443119 -0.443405 -0.443316 -0.443151 -0.443267 -0.443365 -0.443267 -0.443153 -0.443311 -0.44341 -0.443119 -0.442864 -0.443333 -0.441515 -0.44486 -0.434132 -0.453362 -0.410644 -0.48688 -0.342892 -0.603623 
17.1 -13.8864 0.722477 2 4 8 16 21 23 27 27 27 28 28 29 30 30 30 30 30 30 29 29 28 28 28 27 27 23 20 16 8 4 2 -0.605567 -0.341401 -0.488684 -0.409312 -0.454173 -0.433513 -0.445098 -0.441309 -0.443375 -0.442795 -0.443147 -0.443406 -0.443317 -0.443121 -0.443263 -0.443393 -0.443263 -0.443123 -0.443311 -0.44341 -0.443148 -0.442791 -0.443379 -0.441305 -0.445101 -0.43351 -0.454176 -0.409308 -0.488687 -0.341399 -0.605568 
17.2 -13.8884 0.724857 2 4 8 16 21 23 27 27 29 28 28 29 30 30 31 31 30 31 30 29 28 28 28 27 27 23 21 16 8 4 2 -0.60742 -0.339951 -0.490487 -0.407955 -0.455013 -0.432859 -0.445353 -0.441076 -0.443423 -0.442722 -0.443177 -0.443401 -0.443316 -0.443095 -0.44326 -0.443419 -0.443259 -0.443097 -0.44331 -0.443404 -0.443179 -0.442717 -0.443429 -0.441071 -0.445357 -0.432854 -0.455018 -0.40795 -0.49049 -0.339949 -0.607421 
17.3 -13.8903 0.72721 2 4 8 16 22 24 27 27 29 28 29 29 30 31 31 31 31 31 31 29 29 28 28 27 27 24 21 16 8 4 2 -0.609188 -0.338542 -0.492283 -0.406579 -0.455882 -0.43217 -0.445624 -0.440818 -0.443477 -0.442646 -0.443208 -0.443391 -0.443313 -0.443073 -0.443257 -0.443439 -0.443256 -0.443076 -0.443308 -0.443393 -0.443212 -0.442639 -0.443483 -0.440812 -0.445629 -0.432164 -0.455888 -0.406574 -0.492286 -0.338541 -0.609188 
17.4 -13.8921 0.729536 2 4 8 16 22 24 27 28 29 28 29 30 31 32 32 31 32 31 31 29 29 28 28 28 27 24 22 16 8 4 2 -0.610875 -0.337173 -0.494072 -0.405187 -0.456779 -0.431448 -0.44591 -0.440534 -0.443535 -0.442566 -0.443241 -0.443374 -0.443309 -0.443056 -0.443256 -0.443454 -0.443254 -0.443059 -0.443305 -0.443375 -0.443246 -0.442558 -0.443543 -0.440527 -0.445917 -0.431441 -0.456786 -0.405182 -0.494075 -0.337172 -0.610875 
17.5 -13.8937 0.731833 2 4 8 16 22 24 27 29 29 29 30 30 31 32 32 32 32 32 31 30 30 29 29 29 27 24 22 16 8 4 2 -0.612487 -0.335841 -0.495851 -0.403784 -0.457705 -0.430694 -0.446214 -0.440224 -0.4436 -0.442481 -0.443275 -0.44335 -0.443305 -0.443043 -0.443255 -0.443463 -0.443254 -0.443046 -0.443302 -0.44335 -0.443282 -0.442473 -0.443608 -0.440216 -0.446221 -0.430686 -0.457713 -0.403779 -0.495854 -0.335841 -0.612487 
17.6 -13.8951 0.7341 2 4 8 16 22 24 28 29 30 29 31 30 32 32 32 32 32 32 32 31 31 29 30 29 28 24 22 16 8 4 2 -0.614029 -0.334545 -0.49762 -0.402373 -0.458659 -0.429907 -0.446535 -0.439887 -0.443671 -0.442392 -0.443311 -0.443319 -0.443301 -0.443034 -0.443257 -0.443465 -0.443254 -0.443038 -0.443298 -0.443317 -0.443319 -0.442383 -0.44368 -0.439879 -0.446543 -0.429898 -0.458667 -0.402368 -0.497622 -0.334545 -0.614029 
17.7 -13.8965 0.736338 2 4 8 16 22 24 28 29 30 29 31 31 32 33 32 32 32 33 32 31 31 29 30 29 28 24 22 16 8 4 2 -0.615506 -0.333283 -0.499375 -0.400957 -0.459641 -0.429089 -0.446874 -0.439524 -0.44375 -0.442296 -0.443348 -0.443281 -0.443296 -0.44303 -0.443259 -0.44346 -0.443256 -0.443033 -0.443294 -0.443278 -0.443356 -0.442287 -0.443759 -0.439515 -0.446883 -0.42908 -0.45965 -0.400952 -0.499376 -0.333283 -0.615506 
17.8 -13.8977 0.738547 2 4 8 16 22 24 29 29 30 30 31 32 32 33 32 32 32 33 32 31 31 30 30 29 29 24 22 16 8 4 2 -0.616924 -0.332052 -0.501115 -0.399539 -0.460651 -0.428241 -0.447233 -0.439134 -0.443837 -0.442194 -0.443387 -0.443235 -0.443292 -0.443029 -0.443264 -0.443448 -0.44326 -0.443032 -0.443292 -0.443231 -0.443395 -0.442185 -0.443847 -0.439125 -0.447241 -0.428232 -0.460659 -0.399535 -0.501115 -0.332053 -0.616923 
17.9 -13.8988 0.740727 2 4 8 16 22 24 30 29 31 30 32 32 33 33 32 32 32 33 33 32 32 31 31 29 30 24 22 16 8 4 2 -0.618286 -0.330851 -0.502838 -0.398123 -0.461688 -0.427363 -0.447611 -0.438717 -0.443934 -0.442083 -0.443426 -0.443182 -0.443289 -0.443031 -0.443269 -0.443429 -0.443266 -0.443034 -0.44329 -0.443177 -0.443434 -0.442074 -0.443942 -0.438708 -0.447619 -0.427354 -0.461696 -0.39812 -0.502838 -0.330853 -0.618285 
18 -13.8998 0.74288 2 4 8 16 22 25 30 29 31 31 32 32 33 33 32 33 32 33 33 32 32 31 31 30 30 25 22 16 8 4 2 -0.619597 -0.329678 -0.504543 -0.396712 -0.462752 -0.426455 -0.448011 -0.438273 -0.44404 -0.441962 -0.443466 -0.443122 -0.443287 -0.443037 -0.443276 -0.443404 -0.443273 -0.443039 -0.443289 -0.443115 -0.443473 -0.441955 -0.444048 -0.438265 -0.448018 -0.426447 -0.462759 -0.39671 -0.504541 -0.32968 -0.619596 
18.1 -13.9007 0.745005 2 4 8 16 22 25 30 30 31 31 32 32 33 33 33 33 33 33 33 32 32 31 31 30 30 25 22 16 8 4 2 -0.620861 -0.328531 -0.506227 -0.395308 -0.463842 -0.42552 -0.448433 -0.437802 -0.444157 -0.441831 -0.443507 -0.443054 -0.443286 -0.443045 -0.443284 -0.443373 -0.443281 -0.443047 -0.443289 -0.443047 -0.443513 -0.441825 -0.444164 -0.437795 -0.44844 -0.425512 -0.463849 -0.395307 -0.506224 -0.328534 -0.62086 
18.2 -13.9016 0.747106 2 4 8 16 22 25 30 30 32 32 33 32 33 33 33 33 34 33 33 32 33 31 32 31 30 25 22 16 8 4 2 -0.622082 -0.327408 -0.507889 -0.393913 -0.464959 -0.424556 -0.448879 -0.437305 -0.444285 -0.441687 -0.443549 -0.442979 -0.443286 -0.443055 -0.443293 -0.443337 -0.44329 -0.443056 -0.443291 -0.442972 -0.443554 -0.441683 -0.444291 -0.437299 -0.448884 -0.42455 -0.464963 -0.393914 -0.507885 -0.327412 -0.622081 
18.3 -13.9024 0.749184 2 4 8 16 22 25 30 32 33 32 33 32 33 34 34 34 34 34 33 32 33 32 33 32 30 25 22 16 8 4 2 -0.623263 -0.326307 -0.509527 -0.39253 -0.4661 -0.423565 -0.44935 -0.436781 -0.444426 -0.44153 -0.443592 -0.442898 -0.443289 -0.443067 -0.443302 -0.443297 -0.443299 -0.443066 -0.443294 -0.442891 -0.443595 -0.441527 -0.444431 -0.436775 -0.449354 -0.423561 -0.466104 -0.392532 -0.509522 -0.326312 -0.623262 
18.4 -13.903 0.751241 2 4 8 16 22 25 30 32 33 32 33 33 33 34 34 35 34 34 34 33 33 32 33 32 30 25 22 16 8 4 2 -0.624408 -0.325229 -0.511141 -0.391161 -0.467267 -0.422548 -0.449847 -0.43623 -0.44458 -0.441357 -0.443635 -0.442811 -0.443293 -0.443079 -0.44331 -0.443254 -0.443309 -0.443077 -0.4433 -0.442804 -0.443637 -0.441356 -0.444584 -0.436225 -0.44985 -0.422545 -0.467268 -0.391164 -0.511135 -0.325233 -0.624406 
18.5 -13.9037 0.753279 2 4 8 16 22 25 30 32 33 32 33 33 34 34 34 35 34 34 34 33 33 32 33 32 30 25 23 16 8 4 2 -0.625519 -0.32417 -0.51273 -0.389805 -0.468458 -0.421505 -0.450372 -0.435652 -0.444749 -0.441168 -0.44368 -0.442717 -0.443299 -0.44309 -0.443319 -0.443209 -0.443318 -0.443087 -0.443306 -0.442711 -0.443681 -0.441169 -0.444751 -0.435649 -0.450374 -0.421503 -0.468458 -0.38981 -0.512723 -0.324175 -0.625517 
18.6 -13.9042 0.7553 2 4 8 16 23 25 30 32 33 34 33 34 34 34 35 36 35 34 34 35 33 32 33 32 30 25 23 16 8 4 2 -0.626599 -0.323129 -0.514293 -0.388464 -0.469673 -0.420437 -0.450927 -0.435048 -0.444932 -0.440961 -0.443727 -0.442618 -0.443307 -0.4431 -0.443327 -0.443163 -0.443327 -0.443096 -0.443315 -0.442613 -0.443726 -0.440963 -0.444934 -0.435045 -0.450928 -0.420436 -0.469671 -0.38847 -0.514286 -0.323134 -0.626597 
18.7 -13.9048 0.757307 2 4 8 16 23 25 31 32 34 34 34 34 34 34 35 36 35 34 34 35 34 34 34 32 31 25 23 16 8 4 2 -0.62765 -0.322107 -0.51583 -0.387138 -0.470911 -0.419344 -0.451512 -0.434417 -0.445132 -0.440733 -0.443775 -0.442514 -0.443317 -0.443109 -0.443333 -0.443118 -0.443335 -0.443103 -0.443326 -0.44251 -0.443772 -0.440737 -0.445133 -0.434416 -0.451512 -0.419345 -0.470908 -0.387145 -0.515822 -0.322112 -0.627649 
18.8 -13.9052 0.759302 2 4 8 16 23 25 31 33 34 34 34 35 35 35 36 37 36 35 34 35 34 34 34 33 31 25 23 16 8 4 2 -0.628674 -0.3211 -0.517341 -0.385827 -0.472173 -0.418227 -0.45213 -0.433761 -0.445348 -0.440485 -0.443826 -0.442404 -0.443329 -0.443114 -0.443339 -0.443074 -0.443342 -0.443107 -0.443338 -0.442401 -0.443822 -0.44049 -0.445349 -0.433759 -0.452129 -0.418229 -0.472169 -0.385835 -0.517333 -0.321105 -0.628673 
18.9 -13.9057 0.761286 2 4 8 16 23 25 31 33 35 34 35 35 35 35 36 37 36 35 35 36 35 34 35 33 31 25 23 16 8 4 2 -0.629673 -0.32011 -0.518827 -0.384531 -0.473457 -0.417088 -0.452781 -0.433078 -0.445583 -0.440215 -0.44388 -0.44229 -0.443344 -0.443115 -0.443344 -0.443031 -0.443348 -0.443107 -0.443353 -0.442288 -0.443874 -0.44022 -0.445583 -0.433077 -0.45278 -0.41709 -0.473452 -0.38454 -0.518819 -0.320114 -0.629672 
19 -13.906 0.763263 2 4 8 16 23 25 31 33 35 34 35 36 35 35 36 37 36 35 35 36 35 34 35 33 31 25 23 16 8 4 2 -0.630648 -0.319134 -0.520287 -0.383248 -0.474762 -0.415927 -0.453467 -0.432369 -0.445836 -0.439921 -0.443936 -0.44217 -0.443361 -0.443111 -0.443348 -0.442992 -0.443353 -0.443102 -0.443369 -0.442169 -0.44393 -0.439926 -0.445836 -0.432369 -0.453466 -0.415929 -0.474757 -0.383257 -0.52028 -0.319138 -0.630647 
19.1 -13.9064 0.765233 2 4 8 16 23 26 31 34 35 35 35 36 35 36 36 37 36 36 35 36 35 35 35 34 31 26 23 16 8 4 2 -0.631601 -0.318173 -0.521724 -0.381978 -0.476089 -0.414745 -0.454189 -0.431635 -0.446109 -0.439602 -0.443997 -0.442044 -0.44338 -0.443101 -0.443351 -0.442955 -0.443357 -0.443092 -0.443388 -0.442045 -0.44399 -0.439607 -0.446109 -0.431634 -0.454189 -0.414747 -0.476083 -0.381987 -0.521718 -0.318176 -0.6316 
19.2 -13.9067 0.767198 2 4 8 16 23 26 31 34 35 35 35 36 35 36 36 37 36 36 35 36 35 35 35 34 31 26 23 16 8 4 2 -0.632531 -0.317226 -0.523138 -0.380719 -0.477436 -0.413543 -0.454948 -0.430876 -0.446403 -0.439258 -0.444063 -0.441913 -0.443402 -0.443085 -0.443353 -0.442921 -0.44336 -0.443075 -0.443408 -0.441915 -0.444056 -0.439263 -0.446403 -0.430875 -0.454948 -0.413546 -0.477429 -0.380728 -0.523133 -0.317227 -0.632531 
19.3 -13.907 0.769159 2 4 8 16 23 26 31 34 36 35 35 36 35 36 36 38 36 36 36 36 35 35 36 34 31 26 23 16 8 4 2 -0.633441 -0.316292 -0.524531 -0.37947 -0.478801 -0.412324 -0.455743 -0.430091 -0.446718 -0.438888 -0.444135 -0.441776 -0.443427 -0.44306 -0.443355 -0.442891 -0.443363 -0.44305 -0.443432 -0.441779 -0.444127 -0.438892 -0.446719 -0.43009 -0.455744 -0.412326 -0.478795 -0.379478 -0.524527 -0.316292 -0.63344 
19.4 -13.9073 0.771118 2 4 8 16 24 26 31 34 36 36 35 36 36 36 36 38 37 36 36 36 35 36 36 34 31 26 24 16 8 4 2 -0.634329 -0.315371 -0.525903 -0.37823 -0.480184 -0.411089 -0.456576 -0.429282 -0.447056 -0.438491 -0.444212 -0.441632 -0.443454 -0.443027 -0.443356 -0.442864 -0.443365 -0.443018 -0.443457 -0.441636 -0.444206 -0.438495 -0.447057 -0.42928 -0.456577 -0.411091 -0.480179 -0.378236 -0.5259 -0.315371 -0.634329 
19.5 -13.9075 0.773075 2 4 8 16 24 26 31 34 36 37 35 37 36 36 37 38 37 36 36 37 35 37 36 34 31 26 24 16 8 4 2 -0.635197 -0.314464 -0.527257 -0.376996 -0.481583 -0.40984 -0.457446 -0.42845 -0.447416 -0.438067 -0.444297 -0.441481 -0.443484 -0.442985 -0.443358 -0.44284 -0.443367 -0.442976 -0.443486 -0.441486 -0.444292 -0.43807 -0.447418 -0.428447 -0.457448 -0.409841 -0.481579 -0.377001 -0.527255 -0.314463 -0.635198 
19.6 -13.9077 0.775031 2 4 8 16 24 26 31 34 36 37 36 37 36 36 37 38 37 37 36 37 36 37 36 34 31 26 24 16 8 4 2 -0.636044 -0.313571 -0.528592 -0.375769 -0.482996 -0.40858 -0.458353 -0.427593 -0.447801 -0.437616 -0.444391 -0.441321 -0.443517 -0.442933 -0.443361 -0.442819 -0.44337 -0.442925 -0.443517 -0.441327 -0.444386 -0.437618 -0.447803 -0.42759 -0.458355 -0.40858 -0.482993 -0.375772 -0.528593 -0.313569 -0.636045 
19.7 -13.9079 0.776987 2 4 8 16 24 26 31 34 36 37 37 37 36 37 37 39 38 37 37 37 37 37 36 34 31 26 24 16 8 4 2 -0.636871 -0.312693 -0.529911 -0.374545 -0.484422 -0.40731 -0.459295 -0.426714 -0.44821 -0.437138 -0.444494 -0.441153 -0.443553 -0.44287 -0.443365 -0.442799 -0.443373 -0.442864 -0.443551 -0.441158 -0.44449 -0.437138 -0.448212 -0.426711 -0.459299 -0.407309 -0.48442 -0.374547 -0.529913 -0.312689 -0.636872 
19.8 -13.9081 0.778942 2 4 8 16 24 26 32 34 36 37 37 37 36 38 38 39 38 38 37 37 37 37 36 34 32 26 24 16 8 4 2 -0.637676 -0.311829 -0.531214 -0.373326 -0.485859 -0.406033 -0.460273 -0.425814 -0.448644 -0.436631 -0.444607 -0.440974 -0.443592 -0.442797 -0.443369 -0.442781 -0.443377 -0.442792 -0.443589 -0.440979 -0.444605 -0.436631 -0.448646 -0.425811 -0.460277 -0.406031 -0.485858 -0.373326 -0.531218 -0.311825 -0.637678 
19.9 -13.9082 0.780898 2 4 8 16 24 26 32 34 36 38 37 37 37 38 38 39 39 38 37 37 37 37 36 34 32 26 24 16 8 4 2 -0.63846 -0.310981 -0.532502 -0.37211 -0.487303 -0.404752 -0.461284 -0.424892 -0.449105 -0.436098 -0.444732 -0.440783 -0.443635 -0.442713 -0.443375 -0.442763 -0.443382 -0.44271 -0.44363 -0.440789 -0.444731 -0.436096 -0.449106 -0.424889 -0.461289 -0.404749 -0.487304 -0.372108 -0.532507 -0.310976 -0.638462 
20 -13.9084 0.782855 2 4 8 16 24 26 32 34 36 38 37 38 37 38 39 39 39 38 37 38 37 38 36 34 32 26 24 16 8 4 2 -0.639222 -0.310151 -0.533775 -0.370897 -0.488753 -0.403468 -0.462328 -0.42395 -0.449592 -0.435537 -0.44487 -0.44058 -0.443681 -0.442618 -0.443383 -0.442745 -0.443389 -0.442616 -0.443675 -0.440585 -0.44487 -0.435535 -0.449592 -0.423948 -0.462332 -0.403466 -0.488755 -0.370893 -0.533781 -0.310146 -0.639224 
20.1 -13.9085 0.784811 2 4 8 16 24 26 32 34 37 38 38 38 38 38 39 39 39 38 38 38 37 38 37 34 32 26 24 16 8 4 2 -0.639961 -0.309339 -0.535032 -0.369687 -0.490206 -0.402186 -0.463402 -0.422989 -0.450106 -0.43495 -0.445022 -0.440363 -0.44373 -0.442511 -0.443393 -0.442726 -0.443397 -0.442512 -0.443724 -0.440367 -0.445023 -0.434948 -0.450105 -0.422988 -0.463406 -0.402183 -0.490209 -0.369682 -0.535039 -0.309333 -0.639963 
20.2 -13.9086 0.786769 2 4 8 16 24 26 32 34 37 38 38 39 38 39 39 39 39 39 38 39 37 38 37 34 32 26 24 16 8 4 2 -0.640676 -0.308547 -0.536273 -0.368482 -0.491659 -0.400907 -0.464505 -0.42201 -0.450648 -0.434336 -0.445189 -0.44013 -0.443784 -0.442394 -0.443404 -0.442704 -0.443407 -0.442396 -0.443777 -0.440133 -0.445192 -0.434335 -0.450646 -0.422011 -0.464508 -0.400905 -0.491662 -0.368475 -0.536281 -0.308542 -0.640678 
20.3 -13.9087 0.788728 2 4 8 16 24 26 32 34 37 38 39 39 38 39 39 40 39 39 38 39 38 38 37 34 32 26 24 16 8 4 2 -0.641367 -0.307776 -0.537498 -0.367281 -0.49311 -0.399634 -0.465634 -0.421014 -0.451218 -0.433697 -0.445373 -0.43988 -0.443841 -0.442266 -0.443418 -0.442679 -0.443419 -0.44227 -0.443835 -0.439882 -0.445377 -0.433696 -0.451214 -0.421016 -0.465636 -0.399632 -0.493113 -0.367274 -0.537506 -0.307771 -0.641369 
20.4 -13.9088 0.790688 2 4 8 16 24 26 32 34 37 38 39 39 39 40 39 40 39 40 39 39 39 38 37 34 32 26 24 16 8 4 2 -0.642033 -0.307029 -0.538705 -0.366088 -0.494554 -0.398369 -0.466787 -0.420003 -0.451817 -0.433034 -0.445575 -0.439612 -0.443903 -0.442128 -0.443434 -0.442649 -0.443433 -0.442133 -0.443896 -0.439612 -0.44558 -0.433033 -0.451811 -0.420007 -0.466788 -0.398368 -0.494558 -0.36608 -0.538714 -0.307025 -0.642034 
20.5 -13.9089 0.792651 2 4 8 16 24 26 32 34 37 38 39 39 39 40 39 40 40 40 39 39 39 38 37 34 32 26 24 16 8 4 2 -0.642673 -0.306307 -0.539893 -0.364904 -0.495989 -0.397115 -0.467962 -0.418976 -0.452445 -0.432346 -0.445797 -0.439324 -0.443969 -0.441979 -0.443451 -0.442614 -0.443449 -0.441985 -0.443963 -0.439322 -0.445802 -0.432346 -0.452437 -0.418982 -0.467962 -0.397114 -0.495993 -0.364895 -0.539901 -0.306304 -0.642674 
20.6 -13.9089 0.794615 2 4 8 16 24 26 32 34 38 38 40 39 39 40 39 41 40 41 39 40 39 38 37 34 32 26 24 16 8 4 2 -0.643286 -0.305612 -0.54106 -0.363731 -0.497413 -0.395873 -0.469158 -0.417936 -0.453102 -0.431634 -0.446039 -0.439014 -0.444041 -0.44182 -0.443471 -0.442571 -0.443467 -0.441827 -0.444036 -0.439011 -0.446044 -0.431636 -0.453092 -0.417944 -0.469156 -0.395873 -0.497417 -0.363722 -0.541067 -0.305609 -0.643287 
20.7 -13.909 0.796582 2 4 8 16 24 26 32 34 38 38 40 40 39 40 39 42 40 41 39 40 40 38 38 34 32 26 24 16 8 4 2 -0.643872 -0.304945 -0.542203 -0.362571 -0.498822 -0.394645 -0.470371 -0.416884 -0.453789 -0.430901 -0.446302 -0.438682 -0.444117 -0.441651 -0.443493 -0.44252 -0.443488 -0.441659 -0.444114 -0.438677 -0.446308 -0.430904 -0.453777 -0.416894 -0.470367 -0.394646 -0.498825 -0.362563 -0.542209 -0.304943 -0.643872 
20.8 -13.9091 0.798554 2 4 8 16 24 26 32 34 38 38 40 41 40 41 39 42 40 41 40 41 40 38 38 34 32 26 24 16 8 4 2 -0.644431 -0.304307 -0.543321 -0.361429 -0.500213 -0.393433 -0.4716 -0.41582 -0.454505 -0.430146 -0.446589 -0.438326 -0.4442 -0.441472 -0.443517 -0.44246 -0.443511 -0.44148 -0.444198 -0.43832 -0.446594 -0.43015 -0.454492 -0.415832 -0.471594 -0.393435 -0.500216 -0.361421 -0.543326 -0.304307 -0.64443 
20.9 -13.9091 0.800531 2 4 8 16 24 26 32 34 38 38 40 41 40 41 40 42 40 41 40 41 40 38 38 34 32 26 24 16 8 4 2 -0.644961 -0.303701 -0.544412 -0.360307 -0.501584 -0.392237 -0.472842 -0.414746 -0.455251 -0.42937 -0.446899 -0.437944 -0.44429 -0.441283 -0.443544 -0.442389 -0.443536 -0.441292 -0.444289 -0.437938 -0.446904 -0.429376 -0.455237 -0.414759 -0.472835 -0.392241 -0.501587 -0.3603 -0.544415 -0.303702 -0.64496 
21 -13.9092 0.802515 2 4 8 16 24 26 32 34 38 38 40 41 40 41 40 42 41 41 40 41 40 38 38 34 32 26 24 16 8 4 2 -0.645463 -0.303128 -0.545472 -0.359207 -0.502933 -0.391059 -0.474097 -0.413662 -0.456028 -0.428575 -0.447234 -0.437537 -0.444388 -0.441084 -0.443573 -0.442305 -0.443565 -0.441092 -0.444388 -0.43753 -0.447238 -0.428583 -0.456012 -0.413676 -0.474087 -0.391064 -0.502934 -0.359201 -0.545474 -0.30313 -0.645462 
21.1 -13.9092 0.804507 2 4 8 16 24 26 32 34 38 38 40 41 40 41 40 42 41 41 40 41 40 38 38 34 32 26 24 16 8 4 2 -0.645937 -0.302587 -0.546501 -0.358134 -0.504257 -0.389899 -0.47536 -0.41257 -0.456834 -0.427762 -0.447595 -0.437103 -0.444493 -0.440873 -0.443606 -0.442208 -0.443597 -0.440881 -0.444495 -0.437096 -0.447598 -0.427771 -0.456818 -0.412585 -0.47535 -0.389905 -0.504257 -0.358129 -0.546501 -0.30259 -0.645935 
21.2 -13.9093 0.806511 2 4 8 16 24 26 32 34 38 38 40 41 41 41 41 43 41 41 41 41 40 38 38 34 32 26 24 16 8 4 2 -0.646382 -0.30208 -0.547495 -0.357089 -0.505554 -0.388758 -0.476632 -0.41147 -0.45767 -0.426932 -0.447981 -0.436642 -0.444608 -0.440652 -0.443641 -0.442096 -0.443632 -0.440659 -0.444611 -0.436634 -0.447984 -0.426941 -0.457654 -0.411485 -0.47662 -0.388765 -0.505554 -0.357086 -0.547494 -0.302084 -0.64638 
21.3 -13.9093 0.808528 2 4 8 16 24 26 32 34 38 38 40 41 41 41 41 43 41 41 41 41 40 38 38 34 32 26 24 16 8 4 2 -0.646799 -0.301606 -0.548454 -0.356077 -0.506822 -0.387636 -0.477909 -0.410363 -0.458536 -0.426085 -0.448395 -0.436153 -0.444733 -0.440418 -0.443681 -0.441968 -0.443672 -0.440425 -0.444736 -0.436146 -0.448396 -0.426095 -0.45852 -0.410378 -0.477897 -0.387644 -0.506821 -0.356075 -0.548451 -0.301611 -0.646797 
21.4 -13.9093 0.810562 2 4 8 16 24 26 32 34 38 38 40 41 41 41 41 43 42 41 41 41 40 38 38 34 32 26 24 16 8 4 2 -0.647189 -0.301166 -0.549375 -0.355099 -0.508061 -0.386533 -0.479191 -0.409251 -0.459431 -0.425223 -0.448836 -0.435637 -0.444869 -0.440171 -0.443725 -0.441822 -0.443716 -0.440177 -0.444873 -0.43563 -0.448836 -0.425233 -0.459416 -0.409266 -0.479179 -0.386541 -0.50806 -0.355098 -0.549371 -0.301172 -0.647187 
21.5 -13.9094 0.812616 2 4 8 16 24 26 32 34 38 38 40 41 41 42 42 44 42 42 41 41 40 38 38 34 32 26 24 16 8 4 2 -0.647553 -0.300759 -0.550257 -0.354159 -0.509269 -0.385448 -0.480476 -0.408134 -0.460354 -0.424347 -0.449304 -0.435092 -0.445018 -0.43991 -0.443774 -0.441658 -0.443765 -0.439915 -0.445022 -0.435087 -0.449303 -0.424357 -0.460341 -0.408148 -0.480463 -0.385456 -0.509267 -0.354159 -0.550252 -0.300765 -0.64755 
21.6 -13.9094 0.814695 2 4 8 16 24 26 32 34 38 39 41 42 42 42 43 44 43 42 42 41 42 38 38 34 32 26 24 16 8 4 2 -0.64789 -0.300384 -0.551099 -0.353257 -0.510445 -0.384382 -0.481761 -0.407014 -0.461305 -0.423458 -0.4498 -0.434521 -0.44518 -0.439634 -0.443829 -0.441474 -0.44382 -0.439639 -0.445183 -0.434517 -0.449797 -0.423467 -0.461294 -0.407027 -0.481749 -0.38439 -0.510443 -0.353258 -0.551093 -0.30039 -0.647887 
21.7 -13.9094 0.816801 2 4 8 16 24 26 32 34 38 39 41 42 42 42 44 44 44 42 43 41 42 38 38 34 32 26 24 16 8 4 2 -0.648202 -0.30004 -0.551901 -0.352395 -0.511589 -0.383335 -0.483045 -0.405892 -0.462283 -0.422557 -0.450325 -0.433921 -0.445356 -0.439342 -0.443889 -0.44127 -0.443882 -0.439346 -0.445359 -0.43392 -0.45032 -0.422564 -0.462274 -0.405903 -0.483034 -0.383342 -0.511587 -0.352398 -0.551895 -0.300046 -0.6482 
21.8 -13.9094 0.81894 2 4 8 16 24 26 32 34 38 39 42 42 43 43 45 44 45 43 43 42 42 38 38 34 32 26 24 16 8 4 2 -0.648491 -0.299724 -0.552663 -0.351576 -0.512701 -0.382305 -0.484327 -0.40477 -0.463287 -0.421644 -0.450877 -0.433296 -0.445548 -0.439033 -0.443956 -0.441044 -0.44395 -0.439035 -0.44555 -0.433297 -0.450871 -0.42165 -0.463281 -0.404778 -0.484317 -0.382312 -0.512698 -0.35158 -0.552656 -0.29973 -0.648489 
21.9 -13.9095 0.821117 2 4 8 16 24 26 32 34 38 39 42 42 44 44 45 44 46 44 44 42 42 38 38 34 32 26 24 16 8 4 2 -0.648757 -0.299437 -0.553384 -0.350799 -0.51378 -0.381293 -0.485604 -0.403647 -0.464316 -0.42072 -0.451457 -0.432644 -0.445756 -0.438704 -0.444031 -0.440795 -0.444026 -0.438706 -0.445757 -0.432648 -0.451449 -0.420726 -0.464313 -0.403653 -0.485596 -0.381298 -0.513778 -0.350804 -0.553377 -0.299442 -0.648755 
22 -13.9095 0.823338 2 4 8 16 24 26 32 34 38 39 42 42 44 44 45 45 46 44 45 42 42 38 38 34 32 26 24 16 8 4 2 -0.649002 -0.299175 -0.554066 -0.350065 -0.514827 -0.380298 -0.486875 -0.402528 -0.465368 -0.419787 -0.452065 -0.431968 -0.445983 -0.438356 -0.444113 -0.440524 -0.44411 -0.438357 -0.445982 -0.431974 -0.452056 -0.419791 -0.465367 -0.402531 -0.486868 -0.380302 -0.514825 -0.35007 -0.554059 -0.299178 -0.649001 
22.1 -13.9095 0.825606 2 4 8 16 24 26 32 34 38 39 42 42 44 44 47 45 47 44 45 42 42 38 38 34 32 26 24 16 8 4 2 -0.649227 -0.298936 -0.554708 -0.349375 -0.515842 -0.37932 -0.488138 -0.401412 -0.466441 -0.418844 -0.452701 -0.431267 -0.446228 -0.437986 -0.444204 -0.440229 -0.444202 -0.437987 -0.446225 -0.431277 -0.45269 -0.418847 -0.466444 -0.401413 -0.488133 -0.379323 -0.51584 -0.34938 -0.554702 -0.298938 -0.649226 
22.2 -13.9095 0.827928 2 4 8 16 24 26 32 34 38 39 42 42 44 45 47 46 47 45 45 42 42 38 38 34 32 26 24 16 8 4 2 -0.649434 -0.298718 -0.555313 -0.348727 -0.516825 -0.378359 -0.489391 -0.400301 -0.467535 -0.417894 -0.453364 -0.430544 -0.446493 -0.437594 -0.444304 -0.43991 -0.444303 -0.437595 -0.446488 -0.430556 -0.453352 -0.417895 -0.46754 -0.400301 -0.489387 -0.378361 -0.516823 -0.348733 -0.555308 -0.298719 -0.649434 
22.3 -13.9095 0.83031 2 4 8 16 24 26 32 34 39 39 42 42 44 45 48 46 48 45 45 42 42 38 38 34 32 26 24 16 8 4 2 -0.649625 -0.298518 -0.55588 -0.348121 -0.517777 -0.377416 -0.490631 -0.399199 -0.468646 -0.416936 -0.454054 -0.429798 -0.446778 -0.437179 -0.444413 -0.439567 -0.444413 -0.43718 -0.446772 -0.429813 -0.454042 -0.416936 -0.468653 -0.399196 -0.490629 -0.377416 -0.517775 -0.348127 -0.555877 -0.298518 -0.649625 
22.4 -13.9095 0.832756 2 4 8 16 24 26 32 34 39 39 42 43 45 45 48 46 48 45 45 42 42 38 38 34 32 26 24 16 8 4 2 -0.6498 -0.298336 -0.556413 -0.347557 -0.518699 -0.376491 -0.491857 -0.398105 -0.469774 -0.41597 -0.454772 -0.429032 -0.447085 -0.43674 -0.444531 -0.4392 -0.444533 -0.43674 -0.447077 -0.42905 -0.454759 -0.415969 -0.469782 -0.398102 -0.491857 -0.376489 -0.518697 -0.347562 -0.55641 -0.298334 -0.649801 
22.5 -13.9095 0.835273 2 4 8 16 24 26 32 34 39 39 43 43 45 46 48 46 48 46 45 42 43 38 38 34 32 26 24 16 8 4 2 -0.649961 -0.298167 -0.556911 -0.347032 -0.51959 -0.375584 -0.493067 -0.397024 -0.470915 -0.414999 -0.455516 -0.428247 -0.447415 -0.436275 -0.44466 -0.438809 -0.444664 -0.436275 -0.447405 -0.428266 -0.455502 -0.414997 -0.470924 -0.397019 -0.493068 -0.375581 -0.519589 -0.347037 -0.55691 -0.298164 -0.649963 
22.6 -13.9095 0.837865 2 4 8 16 24 26 32 34 39 39 43 43 45 46 49 46 49 46 47 42 43 38 38 34 32 26 24 16 8 4 2 -0.65011 -0.298011 -0.557377 -0.346547 -0.520451 -0.374696 -0.494257 -0.395956 -0.472067 -0.414021 -0.456287 -0.427443 -0.447768 -0.435784 -0.4448 -0.438393 -0.444804 -0.435784 -0.447756 -0.427464 -0.456273 -0.414019 -0.472077 -0.39595 -0.49426 -0.374692 -0.52045 -0.346551 -0.557377 -0.298007 -0.650113 
22.7 -13.9096 0.840537 2 4 8 16 24 26 32 34 39 39 43 43 47 47 49 46 49 46 47 42 43 38 39 34 32 26 24 16 8 4 2 -0.650248 -0.297866 -0.557813 -0.346098 -0.521283 -0.373828 -0.495427 -0.394903 -0.473229 -0.413038 -0.457084 -0.426622 -0.448144 -0.435267 -0.44495 -0.437953 -0.444955 -0.435266 -0.448131 -0.426644 -0.457069 -0.413036 -0.473238 -0.394897 -0.495431 -0.373823 -0.521283 -0.346102 -0.557814 -0.297861 -0.650251 
22.8 -13.9096 0.843293 2 4 8 16 24 26 32 34 39 39 43 43 47 47 49 47 49 46 47 43 43 38 39 34 32 26 24 16 8 4 2 -0.650376 -0.29773 -0.558218 -0.345684 -0.522086 -0.372981 -0.496574 -0.393868 -0.474397 -0.41205 -0.457906 -0.425786 -0.448544 -0.434722 -0.445112 -0.437489 -0.445118 -0.434721 -0.448531 -0.425808 -0.457892 -0.412049 -0.474405 -0.393862 -0.496578 -0.372976 -0.522086 -0.345688 -0.558221 -0.297724 -0.650379 
22.9 -13.9096 0.846136 2 4 8 16 24 26 32 34 39 39 43 43 47 47 49 48 49 46 47 43 43 38 39 34 32 26 24 16 8 4 2 -0.650494 -0.297602 -0.558596 -0.345305 -0.52286 -0.372157 -0.497696 -0.392852 -0.475568 -0.411059 -0.458753 -0.424934 -0.448969 -0.43415 -0.445285 -0.437001 -0.445292 -0.434149 -0.448956 -0.424956 -0.458739 -0.411057 -0.475576 -0.392847 -0.4977 -0.372152 -0.522861 -0.345308 -0.558599 -0.297595 -0.650498 
23 -13.9096 0.84907 2 4 8 16 24 26 33 34 39 39 43 43 47 47 51 48 50 46 47 43 43 38 39 34 33 26 24 16 8 4 2 -0.650605 -0.297481 -0.558947 -0.344957 -0.523607 -0.371357 -0.49879 -0.391857 -0.476742 -0.410063 -0.459624 -0.424069 -0.44942 -0.43355 -0.445471 -0.436489 -0.445477 -0.433549 -0.449406 -0.42409 -0.459612 -0.410063 -0.476748 -0.391853 -0.498795 -0.371351 -0.523607 -0.344959 -0.558951 -0.297474 -0.650609 
23.1 -13.9096 0.852096 2 4 8 16 24 26 33 34 39 39 43 44 47 47 51 48 51 46 47 43 43 38 39 34 33 26 24 16 8 4 2 -0.650708 -0.297366 -0.559273 -0.344638 -0.524324 -0.370583 -0.499856 -0.390885 -0.477914 -0.409065 -0.460519 -0.423192 -0.449895 -0.432922 -0.445669 -0.435954 -0.445676 -0.432922 -0.449882 -0.423211 -0.460508 -0.409066 -0.477918 -0.390882 -0.49986 -0.370577 -0.524325 -0.34464 -0.559277 -0.297359 -0.650712 
23.2 -13.9096 0.855215 2 4 8 16 24 26 33 34 39 39 43 44 47 48 52 50 52 48 47 43 43 38 39 34 33 26 24 16 8 4 2 -0.650805 -0.297257 -0.559574 -0.344348 -0.525014 -0.369836 -0.500891 -0.389937 -0.479083 -0.408065 -0.461437 -0.422303 -0.450396 -0.432267 -0.44588 -0.435395 -0.445887 -0.432267 -0.450384 -0.42232 -0.461427 -0.408067 -0.479085 -0.389936 -0.500895 -0.36983 -0.525015 -0.344349 -0.559579 -0.29725 -0.650808 
23.3 -13.9096 0.858426 2 4 8 16 24 26 33 34 39 39 43 44 47 48 52 50 52 48 47 43 43 38 39 34 33 26 24 16 8 4 2 -0.650896 -0.297153 -0.559852 -0.344084 -0.525675 -0.369117 -0.501894 -0.389014 -0.480247 -0.407064 -0.462376 -0.421404 -0.450921 -0.431585 -0.446106 -0.434812 -0.446111 -0.431585 -0.450911 -0.421418 -0.462368 -0.407066 -0.480246 -0.389014 -0.501897 -0.369112 -0.525676 -0.344084 -0.559857 -0.297146 -0.650899 
23.4 -13.9096 0.861728 2 4 8 16 24 26 33 34 39 39 43 44 48 49 52 50 52 48 48 43 43 38 39 34 33 26 24 16 8 4 2 -0.65098 -0.297055 -0.560107 -0.343844 -0.526308 -0.368429 -0.502863 -0.388118 -0.481402 -0.406062 -0.463336 -0.420496 -0.451472 -0.430876 -0.446345 -0.434207 -0.446349 -0.430877 -0.451463 -0.420507 -0.463329 -0.406066 -0.481399 -0.388119 -0.502866 -0.368425 -0.526308 -0.343844 -0.560112 -0.297049 -0.650983 
23.5 -13.9096 0.865118 2 4 8 16 24 26 33 34 39 39 43 44 48 49 52 51 52 48 48 43 43 38 39 34 33 26 24 16 8 4 2 -0.65106 -0.296962 -0.560342 -0.343626 -0.526912 -0.367772 -0.503798 -0.387248 -0.482548 -0.405061 -0.464314 -0.41958 -0.452046 -0.430141 -0.446599 -0.433579 -0.446602 -0.430142 -0.452039 -0.419588 -0.464309 -0.405067 -0.482542 -0.38725 -0.5038 -0.367769 -0.526912 -0.343625 -0.560346 -0.296957 -0.651062 
23.6 -13.9096 0.86859 2 4 8 16 24 26 33 34 39 39 43 44 48 50 53 51 52 49 48 43 43 38 39 34 33 26 24 16 8 4 2 -0.651134 -0.296875 -0.560556 -0.343428 -0.527487 -0.367149 -0.504699 -0.386405 -0.483681 -0.404063 -0.465309 -0.418658 -0.452644 -0.429381 -0.446868 -0.432928 -0.44687 -0.429383 -0.452639 -0.418662 -0.465306 -0.404069 -0.483673 -0.386409 -0.504699 -0.367147 -0.527487 -0.343428 -0.560559 -0.296871 -0.651135 
23.7 -13.9096 0.87214 2 4 8 16 24 26 33 34 39 39 43 44 48 51 54 53 54 50 48 43 43 38 40 34 33 26 24 16 8 4 2 -0.651203 -0.296793 -0.56075 -0.343249 -0.528032 -0.36656 -0.505563 -0.38559 -0.4848 -0.403068 -0.466319 -0.41773 -0.453265 -0.428597 -0.447153 -0.432255 -0.447152 -0.4286 -0.453262 -0.41773 -0.466318 -0.403075 -0.48479 -0.385595 -0.505563 -0.36656 -0.528032 -0.343248 -0.560753 -0.296791 -0.651204 
23.8 -13.9096 0.875758 2 4 8 16 24 26 33 34 39 39 43 44 49 51 54 53 54 50 48 43 43 38 40 34 33 26 24 16 8 4 2 -0.651267 -0.296718 -0.560927 -0.343087 -0.528549 -0.366007 -0.506393 -0.384802 -0.485903 -0.402078 -0.467341 -0.416799 -0.453908 -0.427791 -0.447453 -0.431561 -0.447451 -0.427795 -0.453907 -0.416795 -0.467343 -0.402087 -0.485891 -0.384808 -0.506391 -0.366008 -0.528547 -0.343086 -0.560929 -0.296717 -0.651267 
23.9 -13.9096 0.879436 2 4 8 16 24 26 33 34 40 39 43 44 49 51 54 53 54 50 49 43 43 38 40 34 33 26 24 16 8 4 2 -0.651327 -0.296649 -0.561086 -0.34294 -0.529035 -0.36549 -0.507186 -0.384041 -0.486988 -0.401096 -0.468374 -0.415865 -0.454571 -0.426965 -0.447769 -0.430846 -0.447765 -0.42697 -0.454572 -0.415858 -0.468377 -0.401104 -0.486975 -0.384048 -0.507184 -0.365493 -0.529033 -0.342939 -0.561088 -0.29665 -0.651326 
