time energy SvN bondDim localEnergy 
0 -10.5313 0.0687789 2 4 5 5 5 5 5 5 5 5 5 5 5 5 5 5 5 5 5 5 5 5 5 5 5 5 5 5 5 4 2 -0.352106 -0.334128 -0.335954 -0.335895 -0.335992 -0.336123 -0.336322 -0.336622 -0.337071 -0.33774 -0.338724 -0.340145 -0.342128 -0.344721 -0.347528 -0.348904 -0.347528 -0.344721 -0.342128 -0.340145 -0.338724 -0.33774 -0.337071 -0.336622 -0.336322 -0.336123 -0.335992 -0.335895 -0.335954 -0.334128 -0.352106 
0.1 -10.532 0.0688834 2 4 5 5 5 5 5 5 5 5 5 5 5 5 5 5 5 5 5 5 5 5 5 5 5 5 5 5 5 4 2 -0.352107 -0.334129 -0.335955 -0.335897 -0.335995 -0.336127 -0.336327 -0.33663 -0.337083 -0.337758 -0.338749 -0.340179 -0.342175 -0.344782 -0.347601 -0.348982 -0.347601 -0.344782 -0.342175 -0.340179 -0.338749 -0.337758 -0.337083 -0.33663 -0.336327 -0.336127 -0.335995 -0.335897 -0.335955 -0.334129 -0.352106 
0.2 -10.5345 0.0692853 2 4 5 5 5 5 5 5 5 5 5 5 5 5 5 5 5 5 5 5 5 5 5 5 5 5 5 5 5 4 2 -0.352109 -0.334132 -0.33596 -0.335903 -0.336004 -0.33614 -0.336348 -0.33666 -0.337128 -0.337823 -0.338844 -0.340312 -0.342354 -0.345013 -0.347877 -0.349277 -0.347877 -0.345013 -0.342354 -0.340312 -0.338844 -0.337823 -0.337128 -0.33666 -0.336348 -0.33614 -0.336004 -0.335903 -0.33596 -0.334132 -0.352108 
0.3 -10.5397 0.0701287 2 4 5 5 5 5 5 5 5 5 5 5 5 5 5 5 5 5 5 5 5 5 5 5 5 5 5 5 5 4 2 -0.352113 -0.334137 -0.335968 -0.335915 -0.336022 -0.336168 -0.336389 -0.336722 -0.33722 -0.337958 -0.339038 -0.340585 -0.342724 -0.345489 -0.348448 -0.349888 -0.348448 -0.345489 -0.342724 -0.340585 -0.339038 -0.337958 -0.33722 -0.336722 -0.336389 -0.336168 -0.336022 -0.335915 -0.335968 -0.334137 -0.352112 
0.4 -10.5478 0.0714839 2 4 5 5 5 5 5 5 5 5 5 5 5 5 5 5 5 5 5 5 5 5 5 5 5 5 5 5 5 4 2 -0.35212 -0.334145 -0.33598 -0.335934 -0.33605 -0.33621 -0.336453 -0.336818 -0.337362 -0.338168 -0.339341 -0.341011 -0.343304 -0.34624 -0.349353 -0.35086 -0.349353 -0.34624 -0.343304 -0.341011 -0.339341 -0.338168 -0.337362 -0.336818 -0.336453 -0.33621 -0.336051 -0.335934 -0.33598 -0.334146 -0.352119 
0.5 -10.5587 0.073338 2 4 5 5 5 5 5 5 5 5 5 5 5 5 5 5 5 5 5 5 5 5 5 5 5 5 5 5 5 4 2 -0.352128 -0.334156 -0.335996 -0.335958 -0.336087 -0.336266 -0.336536 -0.336942 -0.337548 -0.338441 -0.339737 -0.341573 -0.344073 -0.347245 -0.350574 -0.352177 -0.350574 -0.347245 -0.344073 -0.341573 -0.339737 -0.338441 -0.337548 -0.336942 -0.336536 -0.336266 -0.336087 -0.335958 -0.335996 -0.334156 -0.352128 
0.6 -10.5715 0.0756038 2 4 5 5 5 5 5 5 5 5 5 5 5 5 5 5 5 5 5 5 5 5 5 5 5 5 5 5 5 4 2 -0.352139 -0.334167 -0.336014 -0.335985 -0.336128 -0.336328 -0.33663 -0.337084 -0.33776 -0.338754 -0.340194 -0.342226 -0.344978 -0.348441 -0.352046 -0.353773 -0.352046 -0.348441 -0.344978 -0.342226 -0.340194 -0.338754 -0.33776 -0.337084 -0.33663 -0.336328 -0.336128 -0.335985 -0.336014 -0.334167 -0.352138 
0.7 -10.5853 0.078142 2 4 5 5 5 5 5 5 5 5 5 5 5 5 5 5 5 5 5 5 5 5 5 5 5 5 5 5 5 4 2 -0.35215 -0.334178 -0.336032 -0.336012 -0.33617 -0.336391 -0.336726 -0.337228 -0.337976 -0.339077 -0.34067 -0.342914 -0.345944 -0.34974 -0.353671 -0.355548 -0.353671 -0.34974 -0.345944 -0.342914 -0.34067 -0.339077 -0.337976 -0.337228 -0.336726 -0.336391 -0.33617 -0.336012 -0.336032 -0.334178 -0.352149 
0.8 -10.599 0.0807907 2 4 5 5 5 5 5 5 5 5 5 5 5 5 5 5 5 5 5 5 5 5 5 5 5 5 5 5 5 4 2 -0.352162 -0.334188 -0.336048 -0.336037 -0.336208 -0.336449 -0.336814 -0.337362 -0.338178 -0.339381 -0.341122 -0.343577 -0.346893 -0.351045 -0.355338 -0.357386 -0.355338 -0.351045 -0.346893 -0.343577 -0.341122 -0.339381 -0.338178 -0.337362 -0.336814 -0.336449 -0.336208 -0.336037 -0.336048 -0.334188 -0.352161 
0.9 -10.6117 0.0833958 2 4 5 5 5 5 5 5 5 5 5 5 5 5 5 5 5 5 5 5 5 5 5 5 5 5 5 5 5 4 2 -0.352172 -0.334195 -0.336062 -0.336058 -0.33624 -0.336498 -0.336889 -0.337476 -0.338352 -0.339644 -0.341519 -0.344171 -0.347763 -0.352273 -0.356947 -0.359181 -0.356947 -0.352273 -0.347763 -0.344171 -0.341519 -0.339644 -0.338352 -0.337476 -0.336889 -0.336498 -0.33624 -0.336058 -0.336062 -0.334196 -0.352172 
1 -10.6229 0.0858355 2 4 5 5 5 5 5 5 5 5 5 5 5 5 5 5 5 5 5 5 5 5 5 5 5 5 5 5 5 4 2 -0.352182 -0.334201 -0.336073 -0.336075 -0.336266 -0.336538 -0.336949 -0.337569 -0.338493 -0.33986 -0.34185 -0.344673 -0.348516 -0.353366 -0.358421 -0.360849 -0.358421 -0.353366 -0.348516 -0.344673 -0.34185 -0.33986 -0.338493 -0.337569 -0.336949 -0.336538 -0.336266 -0.336075 -0.336073 -0.334202 -0.352181 
1.1 -10.6325 0.0880366 2 4 5 5 5 5 5 5 5 5 5 5 5 5 5 5 5 5 5 5 5 5 5 5 5 5 5 5 5 4 2 -0.35219 -0.334206 -0.336082 -0.336088 -0.336287 -0.33657 -0.336999 -0.337644 -0.338609 -0.340038 -0.342122 -0.345089 -0.349149 -0.354305 -0.359722 -0.362339 -0.359722 -0.354305 -0.349149 -0.345089 -0.342122 -0.340038 -0.338609 -0.337644 -0.336999 -0.33657 -0.336287 -0.336088 -0.336082 -0.334206 -0.352189 
1.2 -10.6409 0.0899822 2 4 5 5 5 5 5 5 5 5 5 5 5 5 5 5 5 5 5 5 5 5 5 5 5 5 5 5 5 4 2 -0.352196 -0.334211 -0.336091 -0.336102 -0.336307 -0.336601 -0.337046 -0.337715 -0.338716 -0.340198 -0.342361 -0.345449 -0.349688 -0.355106 -0.360846 -0.36364 -0.360846 -0.355106 -0.349688 -0.345449 -0.342361 -0.340198 -0.338716 -0.337715 -0.337046 -0.336601 -0.336307 -0.336102 -0.336091 -0.334211 -0.352196 
1.3 -10.6487 0.0917092 2 4 5 5 5 5 5 5 5 5 5 5 5 5 5 5 5 5 5 5 5 5 5 5 5 5 5 5 5 4 2 -0.352202 -0.334218 -0.336102 -0.336118 -0.336331 -0.336637 -0.3371 -0.337795 -0.338834 -0.340369 -0.342607 -0.345798 -0.350185 -0.355814 -0.361827 -0.364778 -0.361827 -0.355814 -0.350185 -0.345798 -0.342607 -0.340369 -0.338834 -0.337795 -0.3371 -0.336637 -0.336331 -0.336118 -0.336102 -0.334218 -0.352202 
1.4 -10.6566 0.0932996 2 4 5 5 5 5 5 5 5 5 5 5 5 5 5 5 5 5 5 5 5 5 5 5 5 5 5 5 5 4 2 -0.352209 -0.334227 -0.336116 -0.336139 -0.336363 -0.336684 -0.33717 -0.337899 -0.338983 -0.340581 -0.342901 -0.346192 -0.350704 -0.356497 -0.362725 -0.365804 -0.362725 -0.356497 -0.350704 -0.346192 -0.342901 -0.340582 -0.338983 -0.337899 -0.33717 -0.336684 -0.336363 -0.336139 -0.336116 -0.334227 -0.352209 
1.5 -10.6655 0.0948663 2 4 5 5 5 5 5 5 5 5 5 5 5 5 5 5 5 5 5 5 5 5 5 5 5 5 5 5 5 4 2 -0.352217 -0.33424 -0.336134 -0.336167 -0.336405 -0.336747 -0.337264 -0.338036 -0.339181 -0.340859 -0.343277 -0.346681 -0.35131 -0.35723 -0.363612 -0.366789 -0.363612 -0.35723 -0.35131 -0.346681 -0.343277 -0.340859 -0.339181 -0.338036 -0.337264 -0.336747 -0.336405 -0.336167 -0.336134 -0.33424 -0.352217 
1.6 -10.6761 0.0965362 2 4 5 5 5 5 5 5 5 5 5 5 5 5 5 5 5 5 5 5 5 5 5 5 5 5 5 5 5 4 2 -0.352227 -0.334255 -0.336158 -0.336202 -0.336458 -0.336827 -0.337383 -0.338211 -0.339434 -0.341214 -0.343757 -0.347298 -0.352056 -0.35808 -0.364563 -0.367806 -0.364563 -0.35808 -0.352056 -0.347298 -0.343757 -0.341214 -0.339434 -0.338211 -0.337383 -0.336827 -0.336458 -0.336202 -0.336158 -0.334255 -0.352227 
1.7 -10.6886 0.0984326 2 4 5 5 5 5 5 5 5 5 5 5 5 5 5 5 5 5 5 5 5 5 5 5 5 5 5 5 5 4 2 -0.35224 -0.334274 -0.336186 -0.336245 -0.336522 -0.336923 -0.337525 -0.338421 -0.339739 -0.341646 -0.344347 -0.34806 -0.352973 -0.3591 -0.365646 -0.368925 -0.365646 -0.3591 -0.352973 -0.34806 -0.344347 -0.341646 -0.339739 -0.338421 -0.337525 -0.336923 -0.336522 -0.336245 -0.336186 -0.334274 -0.35224 
1.8 -10.7033 0.10066 2 4 5 5 5 5 5 5 5 5 5 5 5 5 5 5 5 5 5 5 5 5 5 5 5 5 5 5 5 4 2 -0.352256 -0.334294 -0.336217 -0.336291 -0.336592 -0.337029 -0.337684 -0.338657 -0.340084 -0.342141 -0.345032 -0.34896 -0.35407 -0.36032 -0.366908 -0.370202 -0.366908 -0.36032 -0.35407 -0.34896 -0.345032 -0.342141 -0.340084 -0.338657 -0.337684 -0.337029 -0.336592 -0.336291 -0.336217 -0.334294 -0.352255 
1.9 -10.7198 0.103294 2 4 5 5 5 5 5 5 5 5 5 5 5 5 5 5 5 5 5 5 5 5 5 5 5 5 5 5 5 4 2 -0.352275 -0.334313 -0.336248 -0.336339 -0.336666 -0.33714 -0.337851 -0.338907 -0.340453 -0.342677 -0.345786 -0.349973 -0.355333 -0.361746 -0.368376 -0.371671 -0.368376 -0.361746 -0.355333 -0.349973 -0.345786 -0.342677 -0.340453 -0.338907 -0.337851 -0.33714 -0.336666 -0.336339 -0.336248 -0.334314 -0.352274 
2 -10.7379 0.106372 2 4 5 5 5 5 5 5 5 5 5 5 5 5 5 5 5 5 5 5 5 5 5 5 5 5 5 5 5 4 2 -0.352296 -0.334332 -0.33628 -0.336387 -0.336738 -0.33725 -0.338018 -0.339158 -0.340828 -0.343228 -0.346578 -0.351061 -0.356727 -0.363359 -0.370055 -0.373348 -0.370055 -0.363359 -0.356727 -0.351061 -0.346578 -0.343228 -0.340828 -0.339158 -0.338018 -0.33725 -0.336738 -0.336387 -0.33628 -0.334333 -0.352295 
2.1 -10.7571 0.109896 2 4 5 5 5 5 5 5 5 5 5 5 5 5 5 5 5 5 5 5 5 5 5 5 5 5 5 5 5 4 2 -0.352318 -0.33435 -0.336309 -0.336432 -0.336807 -0.337355 -0.338178 -0.3394 -0.341194 -0.343774 -0.347375 -0.352184 -0.358208 -0.365125 -0.37193 -0.375227 -0.37193 -0.365125 -0.358208 -0.352184 -0.347375 -0.343774 -0.341194 -0.3394 -0.338178 -0.337355 -0.336807 -0.336432 -0.336309 -0.33435 -0.352317 
2.2 -10.7769 0.113834 2 4 5 5 5 5 5 5 5 5 5 5 5 5 5 5 5 5 5 5 5 5 5 5 5 5 5 5 5 4 2 -0.352341 -0.334366 -0.336338 -0.336475 -0.336873 -0.337455 -0.33833 -0.339631 -0.341543 -0.344298 -0.348153 -0.353303 -0.359729 -0.366998 -0.373969 -0.377287 -0.373969 -0.366998 -0.359729 -0.353303 -0.348153 -0.344299 -0.341543 -0.339631 -0.33833 -0.337455 -0.336873 -0.336475 -0.336338 -0.334366 -0.35234 
2.3 -10.7969 0.118131 2 4 5 5 5 5 5 5 5 5 5 5 5 5 5 5 5 5 5 5 5 5 5 5 5 5 5 5 5 4 2 -0.352363 -0.334381 -0.336366 -0.336517 -0.336936 -0.337552 -0.338477 -0.339853 -0.341877 -0.3448 -0.3489 -0.354393 -0.361246 -0.368928 -0.37613 -0.379492 -0.37613 -0.368928 -0.361246 -0.354393 -0.3489 -0.3448 -0.341877 -0.339853 -0.338477 -0.337552 -0.336936 -0.336517 -0.336366 -0.334382 -0.352363 
2.4 -10.817 0.12271 2 4 5 5 5 5 5 5 5 5 5 5 5 5 5 5 5 5 5 5 5 5 5 5 5 5 5 5 5 4 2 -0.352385 -0.334398 -0.336394 -0.33656 -0.337001 -0.33765 -0.338624 -0.340074 -0.342206 -0.345287 -0.349619 -0.355442 -0.362729 -0.370869 -0.378367 -0.381802 -0.378367 -0.370869 -0.362729 -0.355442 -0.349619 -0.345287 -0.342206 -0.340074 -0.338624 -0.33765 -0.337001 -0.33656 -0.336394 -0.334398 -0.352385 
2.5 -10.8371 0.127493 2 4 5 5 5 5 5 5 5 5 5 5 5 5 5 5 5 5 5 5 5 5 5 5 5 5 5 5 5 4 2 -0.352406 -0.334417 -0.336426 -0.336607 -0.337072 -0.337756 -0.338782 -0.340306 -0.342545 -0.345778 -0.350324 -0.356454 -0.364161 -0.372782 -0.380633 -0.384171 -0.380633 -0.372782 -0.364161 -0.356454 -0.350324 -0.345778 -0.342545 -0.340306 -0.338782 -0.337756 -0.337072 -0.336607 -0.336426 -0.334417 -0.352406 
2.6 -10.8572 0.132401 2 4 5 5 5 5 5 5 5 5 5 5 5 5 5 5 5 5 5 5 5 5 5 5 5 5 5 5 5 4 2 -0.352427 -0.334439 -0.336462 -0.33666 -0.337153 -0.337876 -0.338959 -0.340564 -0.342914 -0.346295 -0.35104 -0.357445 -0.36554 -0.374641 -0.382889 -0.386558 -0.382889 -0.374641 -0.36554 -0.357445 -0.35104 -0.346295 -0.342914 -0.340564 -0.338959 -0.337876 -0.337153 -0.33666 -0.336462 -0.334439 -0.352427 
2.7 -10.8775 0.137362 2 4 5 5 5 5 5 5 5 5 5 5 5 5 5 5 5 5 5 5 5 5 5 5 5 5 5 5 5 4 2 -0.352449 -0.334466 -0.336504 -0.336723 -0.337247 -0.338016 -0.339163 -0.340858 -0.343328 -0.346861 -0.351796 -0.358445 -0.366878 -0.376433 -0.385101 -0.388925 -0.385101 -0.376433 -0.366878 -0.358445 -0.351796 -0.346862 -0.343328 -0.340858 -0.339164 -0.338016 -0.337247 -0.336723 -0.336504 -0.334466 -0.352449 
2.8 -10.8981 0.142322 2 4 5 5 5 5 5 5 5 5 5 5 5 5 5 5 5 5 5 5 5 5 5 5 5 5 5 5 5 4 2 -0.352472 -0.334498 -0.336552 -0.336796 -0.337355 -0.338177 -0.339399 -0.341196 -0.3438 -0.347498 -0.35262 -0.359483 -0.368198 -0.378157 -0.387247 -0.391241 -0.387247 -0.378157 -0.368198 -0.359483 -0.35262 -0.347498 -0.3438 -0.341196 -0.339399 -0.338177 -0.337355 -0.336796 -0.336552 -0.334498 -0.352472 
2.9 -10.9194 0.147239 2 4 5 5 5 5 5 5 5 5 5 5 5 5 5 5 5 5 5 5 5 5 5 5 5 5 5 5 5 4 2 -0.352499 -0.334533 -0.336606 -0.336877 -0.337478 -0.338358 -0.339666 -0.34158 -0.344336 -0.348216 -0.353534 -0.360591 -0.369529 -0.379822 -0.389311 -0.393485 -0.389311 -0.379822 -0.369529 -0.360591 -0.353534 -0.348216 -0.344336 -0.34158 -0.339666 -0.338358 -0.337478 -0.336877 -0.336606 -0.334533 -0.352499 
3 -10.9412 0.152089 2 4 5 5 5 5 5 5 5 5 5 5 5 5 5 5 5 5 5 5 5 5 5 5 5 5 5 5 5 4 2 -0.352529 -0.334572 -0.336665 -0.336966 -0.337612 -0.338558 -0.33996 -0.342005 -0.344933 -0.349019 -0.354551 -0.361794 -0.370901 -0.381447 -0.39129 -0.39564 -0.39129 -0.381447 -0.370901 -0.361794 -0.354551 -0.349019 -0.344933 -0.342005 -0.33996 -0.338558 -0.337612 -0.336966 -0.336665 -0.334572 -0.352529 
3.1 -10.9638 0.156867 2 4 5 5 5 5 5 5 5 5 5 5 5 5 5 5 5 5 5 5 5 5 5 5 5 5 5 5 5 4 2 -0.352563 -0.334611 -0.336727 -0.337061 -0.337754 -0.338771 -0.340274 -0.342463 -0.345582 -0.349901 -0.355673 -0.363109 -0.372342 -0.383052 -0.393185 -0.3977 -0.393185 -0.383052 -0.372342 -0.363109 -0.355673 -0.349901 -0.345582 -0.342463 -0.340275 -0.338771 -0.337754 -0.337061 -0.336727 -0.334611 -0.352563 
3.2 -10.9871 0.161578 2 4 5 5 5 5 5 5 5 5 5 5 5 5 5 5 5 5 5 5 5 5 5 5 5 5 5 5 5 4 2 -0.352603 -0.334651 -0.336791 -0.337158 -0.337901 -0.338991 -0.340603 -0.342945 -0.346272 -0.350848 -0.356893 -0.364542 -0.373873 -0.384662 -0.395005 -0.399663 -0.395005 -0.384662 -0.373873 -0.364542 -0.356893 -0.350848 -0.346272 -0.342945 -0.340603 -0.338991 -0.337901 -0.337158 -0.336791 -0.334651 -0.352602 
3.3 -11.0111 0.166244 2 4 5 5 5 5 5 5 5 5 5 5 5 5 5 5 5 5 5 5 5 5 5 5 5 5 5 5 5 4 2 -0.352646 -0.334691 -0.336856 -0.337257 -0.33805 -0.339216 -0.340939 -0.343441 -0.346988 -0.351846 -0.358197 -0.366089 -0.375508 -0.386299 -0.396762 -0.401533 -0.396762 -0.386299 -0.375508 -0.366089 -0.358197 -0.351846 -0.346988 -0.343441 -0.340939 -0.339216 -0.33805 -0.337257 -0.336856 -0.334691 -0.352645 
3.4 -11.0357 0.170892 2 4 5 5 5 5 5 5 5 5 5 5 5 5 5 5 5 5 5 5 5 5 5 5 5 5 5 5 5 4 2 -0.352693 -0.33473 -0.336923 -0.337356 -0.338201 -0.339444 -0.341279 -0.343945 -0.34772 -0.352875 -0.359565 -0.367738 -0.377252 -0.38798 -0.398471 -0.403316 -0.398471 -0.38798 -0.377252 -0.367738 -0.359565 -0.352875 -0.34772 -0.343945 -0.341279 -0.339444 -0.338201 -0.337356 -0.336923 -0.334731 -0.352692 
3.5 -11.0608 0.175559 2 4 5 5 5 5 5 5 5 5 5 5 5 5 5 5 5 5 5 5 5 5 5 5 5 5 5 5 5 4 2 -0.352742 -0.33477 -0.336991 -0.337458 -0.338355 -0.339675 -0.341625 -0.344454 -0.348461 -0.353924 -0.360976 -0.36947 -0.379102 -0.389721 -0.400145 -0.405023 -0.400145 -0.389721 -0.379102 -0.36947 -0.360976 -0.353924 -0.348461 -0.344454 -0.341625 -0.339675 -0.338355 -0.337458 -0.336991 -0.334771 -0.352741 
3.6 -11.0864 0.180281 2 4 5 5 5 5 5 5 5 5 5 5 5 5 5 5 5 5 5 5 5 5 5 5 5 5 5 5 5 4 2 -0.352794 -0.334813 -0.337062 -0.337565 -0.338516 -0.339915 -0.341979 -0.344973 -0.34921 -0.354983 -0.362413 -0.371262 -0.381045 -0.391527 -0.401797 -0.406662 -0.401797 -0.391527 -0.381045 -0.371262 -0.362413 -0.354983 -0.34921 -0.344973 -0.341979 -0.339915 -0.338516 -0.337565 -0.337062 -0.334813 -0.352793 
3.7 -11.1125 0.185096 2 4 5 5 5 5 5 5 5 5 5 5 5 5 5 6 5 5 5 5 5 5 5 5 5 5 5 5 5 4 2 -0.352846 -0.334859 -0.337139 -0.337679 -0.338686 -0.340168 -0.34235 -0.345509 -0.349973 -0.356051 -0.363861 -0.373093 -0.383066 -0.393401 -0.40344 -0.408247 -0.40344 -0.393401 -0.383066 -0.373093 -0.363861 -0.356051 -0.349973 -0.345509 -0.34235 -0.340168 -0.338686 -0.337679 -0.337139 -0.334859 -0.352846 
3.8 -11.1391 0.190041 2 4 5 5 5 5 5 5 5 5 5 5 5 5 5 6 5 5 5 5 5 5 5 5 5 5 5 5 5 4 2 -0.3529 -0.33491 -0.337223 -0.337804 -0.338872 -0.340441 -0.342745 -0.346072 -0.35076 -0.357131 -0.365312 -0.37494 -0.385142 -0.395339 -0.405082 -0.409785 -0.405082 -0.395339 -0.385142 -0.37494 -0.365312 -0.357131 -0.35076 -0.346072 -0.342745 -0.340441 -0.338872 -0.337804 -0.337223 -0.33491 -0.3529 
3.9 -11.1663 0.195147 2 4 5 5 5 5 5 5 5 5 5 5 5 5 6 6 6 5 5 5 5 5 5 5 5 5 5 5 5 4 2 -0.352956 -0.334969 -0.337316 -0.337941 -0.339076 -0.340739 -0.343174 -0.346674 -0.351583 -0.358233 -0.366766 -0.376788 -0.387252 -0.39733 -0.406728 -0.411287 -0.406728 -0.39733 -0.387252 -0.376788 -0.366766 -0.358234 -0.351583 -0.346674 -0.343174 -0.340739 -0.339076 -0.337941 -0.337316 -0.334969 -0.352956 
4 -11.1941 0.200438 2 4 5 5 5 5 5 5 5 5 5 5 5 5 6 6 6 5 5 5 5 5 5 5 5 5 5 5 5 4 2 -0.353014 -0.335034 -0.337419 -0.338094 -0.339301 -0.341067 -0.343642 -0.347324 -0.352456 -0.359372 -0.368225 -0.378623 -0.389372 -0.399361 -0.408382 -0.412761 -0.408382 -0.399361 -0.389372 -0.378623 -0.368225 -0.359372 -0.352456 -0.347324 -0.343642 -0.341067 -0.339301 -0.338094 -0.337419 -0.335034 -0.353014 
4.1 -11.2225 0.205932 2 4 5 5 5 5 5 5 5 5 5 5 5 6 6 6 6 6 5 5 5 5 5 5 5 5 5 5 5 4 2 -0.353075 -0.335106 -0.33753 -0.33826 -0.339548 -0.341426 -0.344154 -0.348029 -0.353391 -0.36056 -0.3697 -0.380439 -0.391481 -0.401416 -0.410043 -0.414211 -0.410043 -0.401416 -0.391481 -0.380439 -0.3697 -0.36056 -0.353391 -0.348029 -0.344154 -0.341426 -0.339548 -0.33826 -0.33753 -0.335106 -0.353075 
4.2 -11.2515 0.21164 2 4 5 5 5 5 5 5 5 5 5 5 5 6 6 6 6 6 5 5 5 5 5 5 5 5 5 5 5 4 2 -0.353142 -0.335183 -0.337651 -0.338441 -0.339815 -0.341816 -0.344709 -0.348793 -0.354395 -0.361811 -0.371201 -0.382233 -0.393562 -0.403477 -0.411708 -0.415643 -0.411708 -0.403477 -0.393562 -0.382233 -0.371201 -0.361811 -0.354395 -0.348793 -0.344709 -0.341816 -0.339815 -0.338441 -0.337651 -0.335183 -0.353142 
4.3 -11.2811 0.217563 2 4 5 5 5 5 5 5 5 5 5 5 5 6 7 7 7 6 5 5 5 5 5 5 5 5 5 5 5 4 2 -0.353214 -0.335266 -0.337779 -0.338633 -0.340101 -0.342233 -0.345305 -0.349615 -0.355472 -0.363134 -0.37274 -0.384007 -0.395598 -0.405527 -0.413372 -0.41706 -0.413372 -0.405527 -0.395598 -0.384007 -0.37274 -0.363134 -0.355472 -0.349615 -0.345305 -0.342234 -0.340101 -0.338633 -0.337779 -0.335266 -0.353214 
4.4 -11.3111 0.223699 2 4 5 5 5 5 5 5 5 5 5 5 6 7 7 7 7 7 6 5 5 5 5 5 5 5 5 5 5 4 2 -0.353294 -0.335351 -0.337914 -0.338836 -0.340402 -0.342675 -0.345937 -0.350491 -0.35662 -0.364535 -0.374328 -0.385767 -0.39758 -0.407546 -0.415029 -0.418463 -0.415029 -0.407546 -0.39758 -0.385767 -0.374328 -0.364535 -0.356621 -0.350491 -0.345937 -0.342675 -0.340402 -0.338836 -0.337914 -0.335351 -0.353294 
4.5 -11.3415 0.230034 2 4 5 5 5 5 5 5 5 5 5 5 6 7 7 7 7 7 6 5 5 5 5 5 5 5 5 5 5 4 2 -0.353382 -0.335439 -0.338055 -0.339047 -0.340717 -0.343137 -0.346601 -0.351413 -0.357836 -0.366016 -0.375975 -0.38752 -0.399499 -0.409518 -0.41667 -0.419851 -0.41667 -0.409518 -0.399499 -0.38752 -0.375975 -0.366016 -0.357836 -0.351413 -0.346601 -0.343137 -0.340717 -0.339047 -0.338056 -0.335439 -0.353382 
4.6 -11.3723 0.236552 2 4 5 5 5 5 5 5 5 5 5 5 6 7 7 8 7 7 6 5 5 5 5 5 5 5 5 5 5 4 2 -0.353478 -0.33553 -0.338203 -0.339267 -0.341044 -0.343617 -0.347292 -0.352376 -0.359111 -0.367572 -0.377685 -0.389273 -0.401352 -0.411429 -0.418288 -0.421224 -0.418288 -0.411429 -0.401353 -0.389273 -0.377685 -0.367572 -0.359111 -0.352376 -0.347292 -0.343617 -0.341044 -0.339267 -0.338203 -0.33553 -0.353477 
4.7 -11.4033 0.243232 2 4 5 5 5 5 5 5 5 5 5 5 6 7 8 8 8 7 6 5 5 5 5 5 5 5 5 5 5 4 2 -0.353582 -0.335624 -0.338357 -0.339497 -0.341384 -0.344116 -0.348008 -0.353374 -0.360436 -0.369196 -0.37946 -0.391036 -0.40314 -0.413266 -0.419872 -0.42258 -0.419872 -0.413266 -0.40314 -0.391036 -0.37946 -0.369197 -0.360436 -0.353374 -0.348008 -0.344116 -0.341384 -0.339497 -0.338357 -0.335624 -0.353581 
4.8 -11.4345 0.250046 2 4 5 5 5 5 5 5 5 5 5 5 7 7 8 8 8 7 7 5 5 5 5 5 5 5 5 5 5 4 2 -0.353693 -0.335723 -0.33852 -0.339738 -0.34174 -0.344634 -0.348748 -0.354402 -0.361803 -0.370879 -0.381298 -0.392813 -0.404864 -0.41502 -0.421415 -0.423915 -0.421415 -0.41502 -0.404864 -0.392813 -0.381298 -0.370879 -0.361803 -0.354402 -0.348748 -0.344634 -0.34174 -0.339738 -0.33852 -0.335723 -0.353692 
4.9 -11.4659 0.256967 2 4 5 5 5 5 5 5 5 5 5 5 7 8 8 8 8 8 7 5 5 5 5 5 5 5 5 5 5 4 2 -0.353811 -0.335829 -0.338694 -0.339993 -0.342116 -0.345176 -0.349516 -0.35546 -0.363203 -0.372609 -0.383191 -0.39461 -0.406528 -0.416683 -0.422908 -0.425226 -0.422908 -0.416683 -0.406528 -0.39461 -0.383192 -0.372609 -0.363203 -0.35546 -0.349516 -0.345176 -0.342116 -0.339993 -0.338694 -0.33583 -0.35381 
5 -11.4974 0.263964 2 4 5 5 5 5 5 5 5 5 5 6 7 8 8 8 8 8 7 6 5 5 5 5 5 5 5 5 5 4 2 -0.353934 -0.335944 -0.338881 -0.340266 -0.342514 -0.345747 -0.350315 -0.356549 -0.364633 -0.374374 -0.385132 -0.396428 -0.408138 -0.418253 -0.424344 -0.426507 -0.424344 -0.418253 -0.408138 -0.396428 -0.385132 -0.374374 -0.364633 -0.356549 -0.350316 -0.345747 -0.342514 -0.340266 -0.338881 -0.335945 -0.353933 
5.1 -11.5291 0.271009 2 4 5 5 5 5 5 5 5 5 5 6 7 8 8 8 8 8 7 6 5 5 5 5 5 5 5 5 5 4 2 -0.354064 -0.33607 -0.339082 -0.34056 -0.342941 -0.346354 -0.351154 -0.357673 -0.366089 -0.376163 -0.387107 -0.398268 -0.409699 -0.419728 -0.425716 -0.427756 -0.425716 -0.419728 -0.409699 -0.398268 -0.387107 -0.376163 -0.366089 -0.357673 -0.351154 -0.346354 -0.342941 -0.34056 -0.339082 -0.33607 -0.354063 
5.2 -11.5609 0.27807 2 4 5 5 5 5 5 5 5 5 5 6 7 8 8 8 8 8 7 6 5 5 5 5 5 5 5 5 5 4 2 -0.3542 -0.336207 -0.3393 -0.340877 -0.3434 -0.347 -0.352037 -0.358839 -0.367573 -0.377968 -0.389105 -0.400125 -0.411219 -0.421108 -0.42702 -0.428966 -0.42702 -0.421108 -0.411219 -0.400125 -0.389105 -0.377968 -0.367573 -0.358839 -0.352037 -0.347 -0.3434 -0.340878 -0.3393 -0.336208 -0.354199 
5.3 -11.5929 0.285118 2 4 5 5 5 5 5 5 5 5 5 6 7 8 8 8 8 8 7 6 5 5 5 5 5 5 5 5 5 4 2 -0.354343 -0.336357 -0.339534 -0.34122 -0.343893 -0.347691 -0.352972 -0.360052 -0.369087 -0.379782 -0.391111 -0.401995 -0.412702 -0.422397 -0.428251 -0.430133 -0.428251 -0.422397 -0.412702 -0.401995 -0.391111 -0.379782 -0.369087 -0.360052 -0.352972 -0.347691 -0.343893 -0.34122 -0.339534 -0.336357 -0.354343 
5.4 -11.625 0.292127 2 4 5 5 5 5 5 5 5 5 5 7 8 8 8 8 8 8 8 7 5 5 5 5 5 5 5 5 5 4 2 -0.354494 -0.336517 -0.339785 -0.341587 -0.344421 -0.348428 -0.353962 -0.36132 -0.370634 -0.381598 -0.393113 -0.403871 -0.414154 -0.4236 -0.429407 -0.431251 -0.429407 -0.4236 -0.414154 -0.403871 -0.393113 -0.381598 -0.370634 -0.36132 -0.353962 -0.348429 -0.344421 -0.341587 -0.339785 -0.336517 -0.354494 
5.5 -11.6573 0.299071 2 4 5 5 5 5 5 5 5 5 6 7 8 8 8 8 8 8 8 7 6 5 5 5 5 5 5 5 5 4 2 -0.354656 -0.336688 -0.340053 -0.341978 -0.344984 -0.349213 -0.355011 -0.362646 -0.372218 -0.383416 -0.395099 -0.405742 -0.415578 -0.424723 -0.430486 -0.432316 -0.430486 -0.424723 -0.415578 -0.405742 -0.395099 -0.383416 -0.372218 -0.362646 -0.355011 -0.349213 -0.344984 -0.341978 -0.340053 -0.336688 -0.354656 
5.6 -11.6897 0.305928 2 4 5 5 5 5 5 5 5 5 6 7 8 8 8 9 8 8 8 7 6 5 5 5 5 5 5 5 5 4 2 -0.35483 -0.336869 -0.340336 -0.342393 -0.34558 -0.350044 -0.356118 -0.364034 -0.373846 -0.385234 -0.397058 -0.4076 -0.416977 -0.425773 -0.431489 -0.433323 -0.431489 -0.425773 -0.416977 -0.4076 -0.397058 -0.385234 -0.373846 -0.364034 -0.356118 -0.350044 -0.34558 -0.342393 -0.340336 -0.336869 -0.35483 
5.7 -11.7222 0.312679 2 4 5 5 5 5 5 5 5 5 6 7 8 8 9 9 9 8 8 7 6 5 5 5 5 5 5 5 5 4 2 -0.355018 -0.337059 -0.340635 -0.34283 -0.346208 -0.350919 -0.357282 -0.365484 -0.375518 -0.387052 -0.398982 -0.409433 -0.418354 -0.426757 -0.432416 -0.434269 -0.432416 -0.426757 -0.418354 -0.409433 -0.398982 -0.387052 -0.375518 -0.365484 -0.357282 -0.350919 -0.346208 -0.34283 -0.340635 -0.337059 -0.355017 
5.8 -11.7547 0.319308 2 4 5 5 5 5 5 5 5 5 6 8 8 8 9 9 9 8 8 8 6 5 5 5 5 5 5 5 5 4 2 -0.35522 -0.337258 -0.34095 -0.343289 -0.346867 -0.351836 -0.3585 -0.366996 -0.377237 -0.388871 -0.400862 -0.411232 -0.419708 -0.427684 -0.43327 -0.435149 -0.43327 -0.427684 -0.419707 -0.411232 -0.400862 -0.388871 -0.377237 -0.366996 -0.3585 -0.351836 -0.346867 -0.343289 -0.34095 -0.337258 -0.35522 
5.9 -11.7873 0.325801 2 4 5 5 5 5 5 5 5 5 7 8 8 9 9 9 9 9 8 8 7 5 5 5 5 5 5 5 5 4 2 -0.355439 -0.337467 -0.341283 -0.343771 -0.347557 -0.352792 -0.359767 -0.368564 -0.379004 -0.390693 -0.402696 -0.412986 -0.421038 -0.428561 -0.434052 -0.435961 -0.434052 -0.428561 -0.421038 -0.412986 -0.402696 -0.390693 -0.379004 -0.368564 -0.359767 -0.352792 -0.347557 -0.343771 -0.341283 -0.337467 -0.355438 
6 -11.8199 0.332151 2 4 5 5 5 5 5 5 5 5 7 8 8 9 9 10 9 9 8 8 7 5 5 5 5 5 5 5 5 4 2 -0.355674 -0.337687 -0.341634 -0.344277 -0.348277 -0.353787 -0.361081 -0.370185 -0.380815 -0.392518 -0.404478 -0.414687 -0.422342 -0.429396 -0.434767 -0.436703 -0.434767 -0.429396 -0.422342 -0.414687 -0.404478 -0.392518 -0.380815 -0.370185 -0.361081 -0.353787 -0.348277 -0.344277 -0.341634 -0.337687 -0.355673 
6.1 -11.8525 0.33835 2 4 5 5 5 5 5 5 5 6 7 8 8 9 10 10 10 9 8 8 7 6 5 5 5 5 5 5 5 4 2 -0.355926 -0.33792 -0.342005 -0.34481 -0.349031 -0.35482 -0.362436 -0.371851 -0.382667 -0.394348 -0.406207 -0.416325 -0.423619 -0.430195 -0.435419 -0.437374 -0.435419 -0.430195 -0.423619 -0.416325 -0.406207 -0.394348 -0.382667 -0.371851 -0.362436 -0.35482 -0.349031 -0.34481 -0.342005 -0.33792 -0.355925 
6.2 -11.8852 0.344397 2 4 5 5 5 5 5 5 5 6 7 8 8 9 10 10 10 9 8 8 7 6 5 5 5 5 5 5 5 4 2 -0.356194 -0.338169 -0.342401 -0.345373 -0.349821 -0.355892 -0.363832 -0.373557 -0.384553 -0.396182 -0.407882 -0.417896 -0.424864 -0.430964 -0.436011 -0.437973 -0.436011 -0.430964 -0.424864 -0.417896 -0.407882 -0.396182 -0.384553 -0.373557 -0.363832 -0.355892 -0.349821 -0.345373 -0.342401 -0.338169 -0.356193 
6.3 -11.9178 0.350293 2 4 5 5 5 5 5 5 5 6 7 8 9 10 10 10 10 10 9 8 7 6 5 5 5 5 5 5 5 4 2 -0.356479 -0.338436 -0.342821 -0.345969 -0.350651 -0.357007 -0.365266 -0.375295 -0.386467 -0.398018 -0.409505 -0.419393 -0.426074 -0.431708 -0.436549 -0.438501 -0.436549 -0.431708 -0.426074 -0.419393 -0.409505 -0.398018 -0.386467 -0.375295 -0.365266 -0.357007 -0.350651 -0.345969 -0.342821 -0.338436 -0.356479 
6.4 -11.9504 0.356041 2 4 5 5 5 5 5 5 5 6 8 8 9 10 10 10 10 10 9 8 8 6 5 5 5 5 5 5 5 4 2 -0.356782 -0.338722 -0.34327 -0.346601 -0.351524 -0.358167 -0.366738 -0.377061 -0.388401 -0.399855 -0.411076 -0.420814 -0.427245 -0.432431 -0.437037 -0.43896 -0.437037 -0.432431 -0.427245 -0.420814 -0.411076 -0.399855 -0.388401 -0.377061 -0.366738 -0.358167 -0.351524 -0.346601 -0.34327 -0.338722 -0.356781 
6.5 -11.983 0.361648 2 4 5 5 5 5 5 5 5 7 8 8 9 10 10 10 10 10 9 8 8 7 5 5 5 5 5 5 5 4 2 -0.357101 -0.339029 -0.343748 -0.347273 -0.352445 -0.359375 -0.368249 -0.378848 -0.390345 -0.401687 -0.412598 -0.422157 -0.428373 -0.433136 -0.43748 -0.439352 -0.43748 -0.433136 -0.428373 -0.422157 -0.412598 -0.401687 -0.390345 -0.378848 -0.368249 -0.359375 -0.352445 -0.347273 -0.343748 -0.339029 -0.357101 
6.6 -12.0157 0.367124 2 4 5 5 5 5 5 5 5 7 8 8 9 10 10 10 10 10 9 8 8 7 5 5 5 5 5 5 5 4 2 -0.357439 -0.339357 -0.344257 -0.347985 -0.353415 -0.360635 -0.3698 -0.380652 -0.392291 -0.403511 -0.414072 -0.423421 -0.429454 -0.433824 -0.437882 -0.439682 -0.437882 -0.433824 -0.429454 -0.423421 -0.414072 -0.403511 -0.392291 -0.380653 -0.3698 -0.360635 -0.353415 -0.347985 -0.344257 -0.339357 -0.357439 
6.7 -12.0483 0.37248 2 4 5 5 5 5 5 5 6 7 8 8 10 10 10 10 10 10 10 8 8 7 6 5 5 5 5 5 5 4 2 -0.357798 -0.339706 -0.344797 -0.348739 -0.354436 -0.361948 -0.371392 -0.382471 -0.394231 -0.405321 -0.415501 -0.424607 -0.430485 -0.434496 -0.438249 -0.439954 -0.438249 -0.434496 -0.430485 -0.424607 -0.415501 -0.405321 -0.394231 -0.382471 -0.371392 -0.361948 -0.354436 -0.348739 -0.344797 -0.339706 -0.357798 
6.8 -12.0809 0.377728 2 4 5 5 5 5 5 5 6 7 8 9 10 10 10 10 10 10 10 9 8 7 6 5 5 5 5 5 5 4 2 -0.358179 -0.340077 -0.345369 -0.349535 -0.355509 -0.363316 -0.373026 -0.384301 -0.396156 -0.40711 -0.416887 -0.425718 -0.431464 -0.435152 -0.438585 -0.440173 -0.438585 -0.435152 -0.431464 -0.425718 -0.416887 -0.40711 -0.396156 -0.384301 -0.373027 -0.363316 -0.355509 -0.349535 -0.345369 -0.340077 -0.358179 
6.9 -12.1136 0.382884 2 4 5 5 5 5 5 5 6 7 8 9 10 10 10 10 10 10 10 9 8 7 6 5 5 5 5 5 5 4 2 -0.358585 -0.340468 -0.345972 -0.350373 -0.356633 -0.364739 -0.374703 -0.386141 -0.398058 -0.408872 -0.418232 -0.426756 -0.432387 -0.435791 -0.438892 -0.440344 -0.438893 -0.43579 -0.432387 -0.426756 -0.418232 -0.408872 -0.398059 -0.386141 -0.374703 -0.364739 -0.356633 -0.350373 -0.345972 -0.340468 -0.358585 
7 -12.1461 0.387963 2 4 5 5 5 5 5 5 6 8 8 9 10 10 10 10 10 10 10 9 8 8 6 5 5 5 5 5 5 4 2 -0.359019 -0.340881 -0.346608 -0.351253 -0.357808 -0.366217 -0.376422 -0.387988 -0.399933 -0.410601 -0.419538 -0.427727 -0.433253 -0.43641 -0.439176 -0.440476 -0.439176 -0.436409 -0.433254 -0.427726 -0.419538 -0.410601 -0.399933 -0.387988 -0.376422 -0.366217 -0.357808 -0.351253 -0.346608 -0.340881 -0.359019 
7.1 -12.1787 0.392981 2 4 5 5 5 5 5 5 7 8 8 9 10 10 10 10 10 10 10 9 8 8 7 5 5 5 5 5 5 4 2 -0.359482 -0.341314 -0.347276 -0.352173 -0.359032 -0.367745 -0.378182 -0.389841 -0.401772 -0.41229 -0.420807 -0.428633 -0.434062 -0.437007 -0.439439 -0.440573 -0.439439 -0.437007 -0.434063 -0.428633 -0.420807 -0.41229 -0.401773 -0.389841 -0.378182 -0.367745 -0.359032 -0.352173 -0.347276 -0.341314 -0.359482 
7.2 -12.2112 0.397953 2 4 5 5 5 5 5 5 7 8 8 10 10 10 10 10 10 10 10 10 8 8 7 5 5 5 5 5 5 4 2 -0.359978 -0.341771 -0.347979 -0.353135 -0.360303 -0.369322 -0.379978 -0.391699 -0.403574 -0.413933 -0.422039 -0.429482 -0.434813 -0.43758 -0.439684 -0.440644 -0.439684 -0.437579 -0.434814 -0.429481 -0.422039 -0.413932 -0.403574 -0.391699 -0.379979 -0.369322 -0.360303 -0.353135 -0.347979 -0.341771 -0.359978 
7.3 -12.2436 0.402896 2 4 5 5 5 5 5 6 7 8 8 10 10 10 10 10 10 10 10 10 8 8 7 6 5 5 5 5 5 4 2 -0.360508 -0.342251 -0.348718 -0.354139 -0.36162 -0.370944 -0.381809 -0.393559 -0.405332 -0.415523 -0.423234 -0.430277 -0.435507 -0.438125 -0.439913 -0.440694 -0.439914 -0.438125 -0.435507 -0.430276 -0.423234 -0.415523 -0.405332 -0.393559 -0.381809 -0.370944 -0.36162 -0.354139 -0.348719 -0.342251 -0.360507 
7.4 -12.276 0.407824 2 4 5 5 5 5 5 6 7 8 9 10 10 10 10 11 10 10 10 10 9 8 7 6 5 5 5 5 5 4 2 -0.361073 -0.342758 -0.349496 -0.355186 -0.362982 -0.372607 -0.383669 -0.395418 -0.407045 -0.417057 -0.424393 -0.431024 -0.436144 -0.43864 -0.44013 -0.440732 -0.44013 -0.43864 -0.436145 -0.431023 -0.424394 -0.417057 -0.407045 -0.395418 -0.383669 -0.372607 -0.362982 -0.355186 -0.349496 -0.342759 -0.361072 
7.5 -12.3083 0.412751 2 4 5 5 5 5 5 6 7 8 9 10 10 10 11 11 11 10 10 10 9 8 7 6 5 5 5 5 5 4 2 -0.361675 -0.343294 -0.350315 -0.356278 -0.364388 -0.374307 -0.385553 -0.397274 -0.408711 -0.418531 -0.425516 -0.431728 -0.436727 -0.439122 -0.440334 -0.440763 -0.440335 -0.439121 -0.436727 -0.431727 -0.425516 -0.418531 -0.408711 -0.397274 -0.385553 -0.374307 -0.364388 -0.356278 -0.350315 -0.343295 -0.361674 
7.6 -12.3405 0.417687 2 4 5 5 5 5 5 6 8 8 9 10 10 10 11 11 11 10 10 10 9 8 8 6 5 5 5 5 5 4 2 -0.362316 -0.343861 -0.351176 -0.357416 -0.365837 -0.376039 -0.387453 -0.399124 -0.410328 -0.41994 -0.426602 -0.432394 -0.437256 -0.439568 -0.440529 -0.440794 -0.44053 -0.439567 -0.437257 -0.432394 -0.426602 -0.41994 -0.410328 -0.399124 -0.387453 -0.376039 -0.365837 -0.357416 -0.351176 -0.343861 -0.362315 
7.7 -12.3726 0.422644 2 4 5 5 5 5 5 7 8 8 10 10 10 10 11 12 11 10 10 10 10 8 8 7 5 5 5 5 5 4 2 -0.362996 -0.344461 -0.352083 -0.358603 -0.367331 -0.3778 -0.389365 -0.400962 -0.411896 -0.421283 -0.427649 -0.433028 -0.437736 -0.439976 -0.440716 -0.440828 -0.440716 -0.439975 -0.437736 -0.433028 -0.427649 -0.421283 -0.411896 -0.400962 -0.389365 -0.3778 -0.367331 -0.358603 -0.352083 -0.344461 -0.362995 
7.8 -12.4046 0.427629 2 4 5 5 5 5 5 7 8 8 10 10 10 11 11 12 11 11 10 10 10 8 8 7 5 5 5 5 5 4 2 -0.363717 -0.345095 -0.353037 -0.35984 -0.368868 -0.379587 -0.391281 -0.402785 -0.413415 -0.422559 -0.428658 -0.433632 -0.438167 -0.440344 -0.440894 -0.440872 -0.440894 -0.440344 -0.438168 -0.433632 -0.428658 -0.422559 -0.413415 -0.402785 -0.391281 -0.379587 -0.368868 -0.35984 -0.353037 -0.345095 -0.363716 
7.9 -12.4366 0.432648 2 4 5 5 5 5 5 7 8 9 10 10 10 11 12 12 12 11 10 10 10 9 8 7 5 5 5 5 5 4 2 -0.364481 -0.345764 -0.354038 -0.361128 -0.370449 -0.381395 -0.393194 -0.404588 -0.414884 -0.423766 -0.429627 -0.434211 -0.438555 -0.440672 -0.441066 -0.440929 -0.441066 -0.440672 -0.438555 -0.434211 -0.429626 -0.423766 -0.414884 -0.404588 -0.393194 -0.381395 -0.370449 -0.361128 -0.354038 -0.345764 -0.36448 
8 -12.4684 0.437703 2 4 5 5 5 5 6 7 8 9 10 10 10 11 12 12 12 11 10 10 10 9 8 7 6 5 5 5 5 4 2 -0.36529 -0.346469 -0.355089 -0.362468 -0.372073 -0.383223 -0.395099 -0.406364 -0.416305 -0.424906 -0.430554 -0.434768 -0.438902 -0.44096 -0.441231 -0.441001 -0.441231 -0.44096 -0.438901 -0.434768 -0.430554 -0.424906 -0.416305 -0.406364 -0.395099 -0.383223 -0.372073 -0.362468 -0.355089 -0.346469 -0.365289 
8.1 -12.5001 0.442796 2 4 5 5 5 5 6 7 8 9 10 10 10 12 12 12 12 12 10 10 10 9 8 7 6 5 5 5 5 4 2 -0.366146 -0.34721 -0.356189 -0.363859 -0.373739 -0.385066 -0.396989 -0.40811 -0.417678 -0.425979 -0.43144 -0.435305 -0.43921 -0.441207 -0.44139 -0.44109 -0.44139 -0.441207 -0.43921 -0.435305 -0.43144 -0.425979 -0.417678 -0.40811 -0.396989 -0.385066 -0.373739 -0.363859 -0.356189 -0.34721 -0.366146 
8.2 -12.5317 0.447924 2 4 5 5 5 5 6 8 8 9 10 10 11 12 12 13 12 12 11 10 10 9 8 8 6 5 5 5 5 4 2 -0.367054 -0.347987 -0.357339 -0.3653 -0.375446 -0.386923 -0.398858 -0.409819 -0.419004 -0.426987 -0.432282 -0.435824 -0.439485 -0.441415 -0.441544 -0.441198 -0.441544 -0.441415 -0.439484 -0.435824 -0.432282 -0.426987 -0.419004 -0.409819 -0.398858 -0.386923 -0.375446 -0.3653 -0.357339 -0.347987 -0.367054 
8.3 -12.5632 0.453086 2 4 5 5 5 5 6 8 8 10 10 10 11 12 13 13 13 12 11 10 10 10 8 8 6 5 5 5 5 4 2 -0.368015 -0.3488 -0.358538 -0.366791 -0.377192 -0.38879 -0.400702 -0.411486 -0.420284 -0.427933 -0.433081 -0.436325 -0.439729 -0.441585 -0.441693 -0.441323 -0.441692 -0.441586 -0.439728 -0.436326 -0.433081 -0.427933 -0.420284 -0.411486 -0.400702 -0.38879 -0.377192 -0.366791 -0.358538 -0.3488 -0.368015 
8.4 -12.5946 0.458274 2 4 5 5 5 5 7 8 8 10 10 10 11 12 13 13 13 12 11 10 10 10 8 8 7 5 5 5 5 4 2 -0.369034 -0.349648 -0.359786 -0.368329 -0.378973 -0.390664 -0.402515 -0.413108 -0.421519 -0.42882 -0.433836 -0.43681 -0.439945 -0.44172 -0.441836 -0.441466 -0.441835 -0.441721 -0.439944 -0.436811 -0.433836 -0.42882 -0.421519 -0.413108 -0.402515 -0.390664 -0.378973 -0.368329 -0.359786 -0.349648 -0.369034 
8.5 -12.6257 0.463482 2 4 5 5 5 5 7 8 9 10 10 10 11 13 13 14 13 13 11 10 10 10 9 8 7 5 5 5 5 4 2 -0.370114 -0.350534 -0.361083 -0.369911 -0.380786 -0.392541 -0.404294 -0.41468 -0.422709 -0.42965 -0.434546 -0.437279 -0.440138 -0.441824 -0.441974 -0.441624 -0.441973 -0.441824 -0.440137 -0.43728 -0.434546 -0.42965 -0.422709 -0.41468 -0.404294 -0.392541 -0.380786 -0.369911 -0.361084 -0.350533 -0.370115 
8.6 -12.6568 0.468701 2 4 5 5 5 6 7 8 9 10 10 10 12 13 14 14 14 13 12 11 10 10 9 8 7 6 5 5 5 4 2 -0.371259 -0.351455 -0.36243 -0.371535 -0.382626 -0.394418 -0.406034 -0.416198 -0.423856 -0.430429 -0.435211 -0.437731 -0.440309 -0.441898 -0.442107 -0.441795 -0.442106 -0.441899 -0.440308 -0.437732 -0.435211 -0.430429 -0.423856 -0.416197 -0.406034 -0.394418 -0.382626 -0.371535 -0.36243 -0.351455 -0.371259 
8.7 -12.6877 0.473922 2 4 5 5 5 6 7 8 9 10 10 11 12 13 14 14 14 13 12 11 10 10 9 8 7 6 5 5 5 4 2 -0.372472 -0.352414 -0.363824 -0.373198 -0.384489 -0.39629 -0.407734 -0.417658 -0.42496 -0.43116 -0.435833 -0.438166 -0.440463 -0.441948 -0.442234 -0.441977 -0.442233 -0.441948 -0.440462 -0.438167 -0.435832 -0.43116 -0.42496 -0.417658 -0.407734 -0.39629 -0.384489 -0.373198 -0.363825 -0.352414 -0.372472 
8.8 -12.7184 0.479134 2 4 5 5 5 6 8 8 9 10 10 11 12 14 14 15 14 14 12 11 10 10 10 8 8 6 5 5 5 4 2 -0.373756 -0.353412 -0.365268 -0.374897 -0.38637 -0.398154 -0.409389 -0.41906 -0.426022 -0.431846 -0.43641 -0.438582 -0.440602 -0.441976 -0.442356 -0.442166 -0.442355 -0.441977 -0.440601 -0.438583 -0.436409 -0.431846 -0.426022 -0.41906 -0.409389 -0.398154 -0.38637 -0.374897 -0.365268 -0.353412 -0.373755 
8.9 -12.7489 0.484327 2 4 5 5 5 6 8 8 10 10 10 11 13 14 15 15 15 14 13 11 10 10 10 8 8 6 5 5 5 4 2 -0.375114 -0.354447 -0.36676 -0.376628 -0.388263 -0.400005 -0.410999 -0.4204 -0.427041 -0.432493 -0.436943 -0.438979 -0.440729 -0.441989 -0.442471 -0.442358 -0.442471 -0.44199 -0.440728 -0.438979 -0.436943 -0.432493 -0.427041 -0.4204 -0.410999 -0.400005 -0.388263 -0.376628 -0.36676 -0.354447 -0.375113 
9 -12.7792 0.489489 2 4 5 5 5 7 8 8 10 10 10 12 13 14 15 15 15 14 13 12 10 10 10 8 8 7 5 5 5 4 2 -0.376548 -0.355522 -0.368301 -0.378389 -0.390163 -0.401838 -0.412561 -0.421679 -0.428019 -0.433103 -0.437435 -0.439354 -0.440846 -0.441989 -0.442581 -0.442551 -0.442581 -0.44199 -0.440845 -0.439355 -0.437435 -0.433103 -0.428019 -0.421679 -0.412561 -0.401838 -0.390163 -0.378389 -0.368301 -0.355522 -0.376548 
9.1 -12.8093 0.49461 2 4 5 5 5 7 8 9 10 10 10 12 13 14 15 15 15 14 13 12 11 10 10 9 8 7 5 5 5 4 2 -0.378063 -0.356635 -0.36989 -0.380177 -0.392064 -0.403648 -0.414074 -0.422894 -0.428956 -0.433681 -0.437886 -0.439707 -0.440955 -0.441981 -0.442684 -0.442739 -0.442684 -0.441982 -0.440955 -0.439707 -0.437886 -0.433681 -0.428956 -0.422894 -0.414074 -0.403648 -0.392064 -0.380177 -0.36989 -0.356635 -0.378062 
9.2 -12.8392 0.49968 2 4 5 5 6 7 8 9 10 10 11 12 14 15 15 15 15 15 14 12 11 10 10 9 8 7 6 5 5 4 2 -0.37966 -0.357786 -0.371526 -0.381988 -0.393961 -0.405429 -0.415538 -0.424047 -0.429852 -0.43423 -0.438297 -0.440036 -0.441059 -0.441969 -0.442781 -0.442921 -0.442781 -0.44197 -0.441059 -0.440037 -0.438297 -0.43423 -0.429852 -0.424047 -0.415537 -0.405429 -0.393961 -0.381988 -0.371526 -0.357786 -0.379659 
9.3 -12.8689 0.50469 2 4 5 5 6 7 8 9 10 10 11 13 14 15 15 15 15 15 14 13 11 10 10 9 8 7 6 5 5 4 2 -0.381341 -0.358974 -0.373207 -0.383818 -0.395849 -0.407178 -0.416951 -0.425137 -0.430707 -0.434753 -0.438671 -0.440341 -0.44116 -0.441958 -0.442871 -0.443092 -0.442871 -0.441958 -0.44116 -0.440341 -0.438671 -0.434753 -0.430707 -0.425137 -0.416951 -0.407178 -0.395849 -0.383818 -0.373207 -0.358975 -0.381341 
9.4 -12.8984 0.509631 2 4 5 5 6 7 8 9 10 10 11 13 14 15 15 15 15 15 14 13 11 10 10 10 8 7 6 5 5 4 2 -0.383111 -0.360198 -0.374933 -0.385664 -0.397722 -0.408889 -0.418315 -0.426167 -0.431522 -0.435253 -0.439009 -0.440619 -0.441258 -0.441949 -0.442953 -0.44325 -0.442953 -0.441949 -0.441258 -0.44062 -0.439009 -0.435253 -0.431522 -0.426167 -0.418315 -0.408889 -0.397722 -0.385664 -0.374933 -0.360198 -0.38311 
9.5 -12.9276 0.514495 2 4 5 5 6 8 8 10 10 10 12 13 15 15 15 15 15 15 15 13 12 10 10 10 8 8 6 5 5 4 2 -0.38497 -0.361455 -0.376701 -0.387523 -0.399576 -0.410558 -0.419628 -0.427138 -0.432297 -0.435733 -0.439313 -0.440872 -0.441356 -0.441947 -0.443028 -0.443391 -0.443028 -0.441947 -0.441356 -0.440872 -0.439313 -0.435733 -0.432297 -0.427138 -0.419628 -0.410558 -0.399576 -0.387523 -0.376701 -0.361455 -0.38497 
9.6 -12.9565 0.519277 2 4 5 5 7 8 8 10 10 10 12 14 15 15 16 17 16 15 15 14 12 10 10 10 8 8 7 5 5 4 2 -0.386923 -0.362742 -0.378509 -0.389389 -0.401406 -0.412181 -0.420892 -0.428051 -0.433032 -0.436193 -0.439586 -0.441098 -0.441454 -0.441954 -0.443095 -0.443515 -0.443095 -0.441954 -0.441454 -0.441098 -0.439586 -0.436193 -0.433032 -0.428052 -0.420892 -0.412181 -0.401406 -0.389389 -0.378509 -0.362742 -0.386923 
9.7 -12.9852 0.523973 2 4 5 5 7 8 8 10 10 11 12 14 15 15 17 17 17 15 15 14 12 11 10 10 9 8 7 5 5 4 2 -0.388972 -0.364057 -0.380354 -0.39126 -0.403209 -0.413754 -0.422106 -0.428911 -0.433729 -0.436636 -0.43983 -0.441297 -0.441553 -0.441972 -0.443155 -0.443619 -0.443155 -0.441972 -0.441554 -0.441297 -0.43983 -0.436636 -0.433729 -0.428911 -0.422106 -0.413754 -0.403209 -0.39126 -0.380354 -0.364057 -0.388972 
9.8 -13.0136 0.528579 2 4 5 5 7 8 9 10 10 11 12 14 15 17 17 17 17 17 15 14 12 11 10 10 9 8 7 5 5 4 2 -0.39112 -0.365395 -0.382232 -0.39313 -0.404978 -0.415275 -0.423271 -0.429718 -0.434387 -0.437063 -0.440047 -0.44147 -0.441655 -0.442002 -0.443206 -0.443702 -0.443207 -0.442002 -0.441655 -0.44147 -0.440047 -0.437063 -0.434387 -0.429718 -0.423271 -0.415275 -0.404978 -0.39313 -0.382232 -0.365395 -0.39112 
9.9 -13.0417 0.533093 2 4 5 6 7 8 9 10 10 11 13 15 15 17 17 17 17 17 15 15 13 11 10 10 9 8 7 6 5 4 2 -0.39337 -0.366753 -0.384139 -0.394994 -0.406712 -0.41674 -0.424388 -0.430477 -0.435007 -0.437473 -0.44024 -0.441618 -0.441758 -0.442045 -0.44325 -0.443765 -0.44325 -0.442045 -0.441759 -0.441617 -0.440241 -0.437474 -0.435007 -0.430477 -0.424388 -0.41674 -0.406713 -0.394994 -0.384139 -0.366753 -0.39337 
10 -13.0695 0.537515 2 4 5 6 7 8 9 10 10 12 13 15 16 17 17 17 17 17 16 15 13 12 10 10 9 8 7 6 5 4 2 -0.395724 -0.368127 -0.386073 -0.396848 -0.408407 -0.418147 -0.425457 -0.43119 -0.43559 -0.437869 -0.440412 -0.441741 -0.441864 -0.442102 -0.443286 -0.443806 -0.443287 -0.442101 -0.441865 -0.441741 -0.440412 -0.437869 -0.43559 -0.431191 -0.425457 -0.418147 -0.408407 -0.396848 -0.386073 -0.368127 -0.395724 
10.1 -13.0969 0.541847 2 4 5 6 8 8 10 10 10 12 14 15 17 17 18 18 18 17 17 15 14 12 10 10 10 8 8 6 5 4 2 -0.398185 -0.369512 -0.388028 -0.398687 -0.41006 -0.419496 -0.426479 -0.431861 -0.436137 -0.438249 -0.440564 -0.441842 -0.441972 -0.442171 -0.443315 -0.443826 -0.443316 -0.44217 -0.441973 -0.441842 -0.440565 -0.438249 -0.436136 -0.431862 -0.426478 -0.419496 -0.41006 -0.398687 -0.388028 -0.369512 -0.398185 
10.2 -13.1241 0.546089 2 4 6 7 8 8 10 10 10 12 14 15 17 18 18 18 18 18 17 15 14 12 10 10 10 8 8 7 6 4 2 -0.400756 -0.370903 -0.390002 -0.400505 -0.411668 -0.420785 -0.427454 -0.432494 -0.436648 -0.438613 -0.4407 -0.441922 -0.442083 -0.442252 -0.443337 -0.443827 -0.443337 -0.442252 -0.442083 -0.441922 -0.4407 -0.438613 -0.436647 -0.432495 -0.427454 -0.420785 -0.411668 -0.400505 -0.390002 -0.370903 -0.400756 
10.3 -13.1509 0.550246 2 4 6 7 8 8 10 10 11 12 14 15 17 18 18 18 18 18 17 15 14 12 11 10 10 8 8 7 6 4 2 -0.403437 -0.372296 -0.391988 -0.402297 -0.413229 -0.422014 -0.428385 -0.433091 -0.437124 -0.438961 -0.440822 -0.441984 -0.442195 -0.442345 -0.443353 -0.44381 -0.443353 -0.442345 -0.442196 -0.441984 -0.440822 -0.438962 -0.437123 -0.433092 -0.428385 -0.422014 -0.413229 -0.402297 -0.391988 -0.372296 -0.403437 
10.4 -13.1773 0.554322 2 4 6 7 8 9 10 10 11 13 15 17 18 18 18 19 18 18 18 17 15 13 11 10 10 9 8 7 6 4 2 -0.406231 -0.373684 -0.393985 -0.404058 -0.414742 -0.423183 -0.429271 -0.433656 -0.437566 -0.439293 -0.440931 -0.44203 -0.442308 -0.442447 -0.443362 -0.443776 -0.443363 -0.442446 -0.442309 -0.442029 -0.440931 -0.439293 -0.437566 -0.433657 -0.429271 -0.423183 -0.414742 -0.404058 -0.393985 -0.373684 -0.406232 
10.5 -13.2033 0.558321 2 4 7 7 8 9 10 10 11 13 15 17 18 18 19 19 19 18 18 17 15 13 11 10 10 9 8 7 7 4 2 -0.409139 -0.375061 -0.395987 -0.405783 -0.416205 -0.424292 -0.430113 -0.434192 -0.437976 -0.439607 -0.44103 -0.442062 -0.442422 -0.442556 -0.443367 -0.443728 -0.443367 -0.442556 -0.442422 -0.442062 -0.44103 -0.439608 -0.437975 -0.434192 -0.430114 -0.424292 -0.416205 -0.405783 -0.395987 -0.375061 -0.40914 
10.6 -13.229 0.56225 2 4 7 7 8 9 10 10 12 14 15 17 18 19 19 19 19 19 18 17 15 14 12 10 10 9 8 7 7 4 2 -0.412162 -0.376423 -0.397991 -0.407466 -0.417618 -0.425343 -0.430914 -0.434701 -0.438354 -0.439904 -0.441122 -0.442084 -0.442534 -0.44267 -0.443367 -0.443667 -0.443367 -0.44267 -0.442535 -0.442084 -0.441122 -0.439904 -0.438354 -0.434701 -0.430915 -0.425343 -0.417618 -0.407466 -0.397991 -0.376423 -0.412162 
10.7 -13.2542 0.566114 2 4 7 8 8 10 10 10 12 14 15 17 18 19 19 19 19 19 18 17 15 14 12 10 10 10 8 8 7 4 2 -0.415298 -0.377761 -0.399993 -0.409102 -0.418979 -0.426336 -0.431674 -0.435186 -0.438702 -0.440181 -0.441207 -0.442098 -0.442645 -0.442787 -0.443363 -0.443597 -0.443363 -0.442787 -0.442645 -0.442098 -0.441207 -0.440182 -0.438702 -0.435185 -0.431675 -0.426336 -0.418979 -0.409102 -0.399993 -0.377761 -0.415298 
10.8 -13.2791 0.56992 2 4 7 8 8 10 10 10 12 14 16 17 18 19 19 19 19 19 18 17 16 14 12 10 10 10 8 8 7 4 2 -0.418549 -0.37907 -0.401989 -0.410689 -0.42029 -0.427273 -0.432395 -0.435649 -0.439021 -0.44044 -0.441288 -0.442107 -0.442753 -0.442905 -0.443357 -0.443519 -0.443357 -0.442905 -0.442753 -0.442107 -0.441288 -0.44044 -0.439021 -0.435648 -0.432395 -0.427273 -0.42029 -0.410688 -0.401989 -0.37907 -0.418549 
10.9 -13.3035 0.573675 2 4 7 8 8 10 10 11 12 15 17 17 18 19 19 19 19 19 18 17 17 15 12 11 10 10 8 8 7 4 2 -0.421913 -0.380342 -0.403976 -0.41222 -0.421549 -0.428157 -0.433077 -0.436091 -0.439312 -0.440678 -0.441366 -0.442113 -0.442857 -0.44302 -0.443349 -0.443436 -0.443349 -0.44302 -0.442857 -0.442113 -0.441367 -0.440678 -0.439313 -0.43609 -0.433078 -0.428157 -0.421549 -0.41222 -0.403976 -0.380342 -0.421913 
11 -13.3275 0.577384 2 4 8 8 9 10 10 11 13 15 17 18 19 19 19 20 19 19 19 18 17 15 13 11 10 10 9 8 8 4 2 -0.425388 -0.38157 -0.405951 -0.413693 -0.422757 -0.428988 -0.433723 -0.436515 -0.439578 -0.440897 -0.441444 -0.44212 -0.442956 -0.443132 -0.443339 -0.443351 -0.443339 -0.443132 -0.442956 -0.44212 -0.441444 -0.440896 -0.439579 -0.436514 -0.433724 -0.428988 -0.422757 -0.413693 -0.405952 -0.38157 -0.425388 
11.1 -13.351 0.581055 2 4 8 8 9 10 10 12 14 15 17 18 19 19 19 20 19 19 19 18 17 15 14 11 10 10 9 8 8 4 2 -0.428973 -0.382747 -0.407912 -0.415105 -0.423915 -0.42977 -0.434333 -0.436922 -0.43982 -0.441095 -0.441521 -0.442129 -0.443048 -0.443237 -0.443329 -0.443266 -0.443329 -0.443237 -0.443048 -0.442129 -0.441521 -0.441094 -0.439821 -0.43692 -0.434334 -0.42977 -0.423916 -0.415105 -0.407912 -0.382747 -0.428972 
11.2 -13.374 0.584694 2 4 8 8 9 10 10 12 14 15 17 18 19 20 19 20 19 20 19 18 17 15 14 12 10 10 9 8 8 4 2 -0.432664 -0.383864 -0.409855 -0.416453 -0.425024 -0.430505 -0.434909 -0.437312 -0.440039 -0.441273 -0.441599 -0.442142 -0.443133 -0.443334 -0.443319 -0.443184 -0.443319 -0.443334 -0.443133 -0.442142 -0.441599 -0.441272 -0.440041 -0.43731 -0.43491 -0.430504 -0.425025 -0.416452 -0.409855 -0.383864 -0.432664 
11.3 -13.3966 0.588305 2 4 8 8 10 10 10 12 14 17 17 18 20 20 20 20 20 20 20 18 17 17 14 12 10 10 10 8 8 4 2 -0.436459 -0.384915 -0.411779 -0.417734 -0.426085 -0.431195 -0.435452 -0.437686 -0.440237 -0.441431 -0.441679 -0.442161 -0.44321 -0.443422 -0.44331 -0.443106 -0.44331 -0.443422 -0.44321 -0.442161 -0.441679 -0.44143 -0.440239 -0.437684 -0.435454 -0.431194 -0.426086 -0.417733 -0.411779 -0.384915 -0.436459 
11.4 -13.4187 0.591895 2 4 8 8 10 10 11 12 15 17 18 18 20 21 21 20 21 21 20 18 18 17 15 12 10 10 10 8 8 4 2 -0.440355 -0.385891 -0.413682 -0.418946 -0.427099 -0.431844 -0.435964 -0.438046 -0.440415 -0.441569 -0.441761 -0.442187 -0.443277 -0.443498 -0.443302 -0.443035 -0.443302 -0.443498 -0.443277 -0.442187 -0.441762 -0.441568 -0.440418 -0.438043 -0.435966 -0.431842 -0.4271 -0.418946 -0.413682 -0.385891 -0.440354 
11.5 -13.4403 0.595467 2 4 8 9 10 10 11 13 15 17 18 19 20 21 21 21 21 21 20 19 18 17 15 13 11 10 10 9 8 4 2 -0.444346 -0.386784 -0.415562 -0.420089 -0.428067 -0.432453 -0.436446 -0.43839 -0.440576 -0.44169 -0.441847 -0.442222 -0.443336 -0.443562 -0.443296 -0.442972 -0.443296 -0.443562 -0.443336 -0.442222 -0.441847 -0.441688 -0.440579 -0.438387 -0.436448 -0.432451 -0.428068 -0.420089 -0.415562 -0.386785 -0.444345 
11.6 -13.4614 0.599025 2 4 8 10 10 10 11 13 15 17 19 20 21 21 21 21 21 21 21 20 19 17 15 13 11 10 10 10 8 4 2 -0.448428 -0.387589 -0.41742 -0.421161 -0.428991 -0.433025 -0.436899 -0.438719 -0.440721 -0.441793 -0.441935 -0.442264 -0.443384 -0.443613 -0.443291 -0.442919 -0.443291 -0.443613 -0.443384 -0.442264 -0.441935 -0.441791 -0.440723 -0.438716 -0.4369 -0.433024 -0.428993 -0.42116 -0.41742 -0.387589 -0.448427 
11.7 -13.4819 0.602572 2 4 8 10 10 10 12 14 15 17 19 20 21 21 21 21 21 21 21 20 19 17 15 14 12 10 10 10 8 4 2 -0.452596 -0.388296 -0.419254 -0.422161 -0.429874 -0.433563 -0.437324 -0.439033 -0.440851 -0.441879 -0.442026 -0.442316 -0.443422 -0.44365 -0.443288 -0.442877 -0.443289 -0.44365 -0.443422 -0.442316 -0.442027 -0.441878 -0.440853 -0.439031 -0.437326 -0.433561 -0.429875 -0.42216 -0.419254 -0.388297 -0.452595 
11.8 -13.502 0.606111 2 4 8 10 10 10 12 14 16 17 19 20 21 21 21 21 21 21 21 20 19 17 16 14 12 10 10 10 8 4 2 -0.456843 -0.388901 -0.421064 -0.423088 -0.430717 -0.434069 -0.437723 -0.439332 -0.440968 -0.441952 -0.442121 -0.442376 -0.44345 -0.443674 -0.443287 -0.442847 -0.443288 -0.443674 -0.44345 -0.442376 -0.442121 -0.441951 -0.44097 -0.43933 -0.437725 -0.434067 -0.430718 -0.423088 -0.421064 -0.388901 -0.456843 
11.9 -13.5215 0.609643 2 4 8 10 10 10 12 14 17 18 19 20 21 22 21 21 21 22 21 20 19 18 17 14 12 10 10 10 8 4 2 -0.461164 -0.389396 -0.422852 -0.423943 -0.431521 -0.434544 -0.438097 -0.439615 -0.441075 -0.442011 -0.442218 -0.442444 -0.443468 -0.443685 -0.443288 -0.442829 -0.443289 -0.443685 -0.443468 -0.442444 -0.442218 -0.44201 -0.441076 -0.439614 -0.438098 -0.434544 -0.431522 -0.423943 -0.422851 -0.389396 -0.461164 
12 -13.5404 0.613168 2 4 8 10 10 10 12 15 17 19 20 20 21 22 22 22 22 22 21 20 20 19 17 15 12 10 10 10 8 4 2 -0.465551 -0.389777 -0.424617 -0.424726 -0.43229 -0.434992 -0.438448 -0.439883 -0.441171 -0.44206 -0.442317 -0.442519 -0.443477 -0.443684 -0.443291 -0.442824 -0.443291 -0.443683 -0.443477 -0.442519 -0.442317 -0.442059 -0.441172 -0.439882 -0.438448 -0.434992 -0.432291 -0.424726 -0.424616 -0.389777 -0.465551 
12.1 -13.5588 0.616687 2 4 8 10 10 11 13 15 17 19 20 21 21 22 22 22 22 22 21 21 20 19 17 15 13 11 10 10 8 4 2 -0.469998 -0.390038 -0.42636 -0.425436 -0.433026 -0.435414 -0.438775 -0.440134 -0.44126 -0.442099 -0.442417 -0.4426 -0.443477 -0.44367 -0.443295 -0.442831 -0.443295 -0.44367 -0.443478 -0.442599 -0.442418 -0.442098 -0.44126 -0.440135 -0.438774 -0.435414 -0.433026 -0.425437 -0.42636 -0.390038 -0.469997 
12.2 -13.5767 0.620198 2 4 8 10 10 11 13 15 17 19 20 21 22 22 22 22 22 22 22 21 20 19 17 15 13 11 10 10 8 4 2 -0.474495 -0.390176 -0.428084 -0.426074 -0.43373 -0.43581 -0.43908 -0.440369 -0.441342 -0.442131 -0.442518 -0.442685 -0.44347 -0.443645 -0.4433 -0.442851 -0.4433 -0.443645 -0.44347 -0.442685 -0.442519 -0.44213 -0.441342 -0.44037 -0.439079 -0.435811 -0.43373 -0.426075 -0.428084 -0.390176 -0.474495 
12.3 -13.594 0.623701 2 4 8 10 10 11 14 16 17 19 21 21 22 22 22 22 22 22 22 21 21 19 17 16 14 11 10 10 8 4 2 -0.479036 -0.390188 -0.42979 -0.426641 -0.434406 -0.436184 -0.439365 -0.440587 -0.441419 -0.442157 -0.442619 -0.442773 -0.443455 -0.443611 -0.443306 -0.442882 -0.443307 -0.443611 -0.443455 -0.442773 -0.442619 -0.442157 -0.441418 -0.440589 -0.439363 -0.436186 -0.434405 -0.426642 -0.429789 -0.390188 -0.479036 
12.4 -13.6107 0.627192 2 4 8 10 10 12 14 17 18 20 21 22 22 22 22 22 22 22 22 22 21 20 18 17 14 12 10 10 8 4 2 -0.483611 -0.39007 -0.431478 -0.427136 -0.435055 -0.436535 -0.439631 -0.440788 -0.441492 -0.44218 -0.442718 -0.442863 -0.443434 -0.443569 -0.443313 -0.442924 -0.443313 -0.443568 -0.443434 -0.442863 -0.442719 -0.44218 -0.441491 -0.440791 -0.439628 -0.436537 -0.435053 -0.427139 -0.431478 -0.39007 -0.483611 
12.5 -13.6268 0.63067 2 4 8 10 11 12 15 17 19 20 21 22 22 22 22 22 22 22 22 22 21 20 19 17 15 12 11 10 8 4 2 -0.488211 -0.389823 -0.433153 -0.427562 -0.435679 -0.436864 -0.439878 -0.440972 -0.441563 -0.4422 -0.442815 -0.442953 -0.443409 -0.443519 -0.443321 -0.442974 -0.443321 -0.443519 -0.443409 -0.442953 -0.442816 -0.4422 -0.441561 -0.440976 -0.439874 -0.436867 -0.435677 -0.427565 -0.433152 -0.389823 -0.488211 
12.6 -13.6424 0.63413 2 4 8 10 11 12 15 17 19 20 21 22 22 22 22 23 22 22 22 22 21 20 19 17 15 12 11 10 8 4 2 -0.492829 -0.389446 -0.434815 -0.427919 -0.436282 -0.437172 -0.440107 -0.441139 -0.441632 -0.44222 -0.442909 -0.443041 -0.443379 -0.443464 -0.443328 -0.443033 -0.443328 -0.443464 -0.44338 -0.44304 -0.442909 -0.442221 -0.44163 -0.441144 -0.440103 -0.437176 -0.436279 -0.427922 -0.434815 -0.389446 -0.492828 
12.7 -13.6574 0.637571 2 4 8 10 11 13 15 17 19 21 22 22 22 22 23 23 23 22 22 22 22 21 19 17 15 13 11 10 8 4 2 -0.497453 -0.388939 -0.436467 -0.428208 -0.436865 -0.437461 -0.44032 -0.441289 -0.441701 -0.442241 -0.442998 -0.443126 -0.443348 -0.443406 -0.443335 -0.443098 -0.443335 -0.443406 -0.443348 -0.443125 -0.442999 -0.442242 -0.441698 -0.441294 -0.440316 -0.437465 -0.436862 -0.428211 -0.436467 -0.388939 -0.497453 
12.8 -13.6719 0.640988 2 4 8 10 12 13 15 17 19 21 22 22 22 23 23 23 23 23 22 22 22 21 19 17 15 14 12 10 8 4 2 -0.502076 -0.388304 -0.438112 -0.42843 -0.43743 -0.437728 -0.440518 -0.441423 -0.441771 -0.442265 -0.443082 -0.443206 -0.443315 -0.443345 -0.443343 -0.443167 -0.443343 -0.443345 -0.443315 -0.443205 -0.443082 -0.442265 -0.441768 -0.441428 -0.440513 -0.437733 -0.437426 -0.428433 -0.438111 -0.388304 -0.502076 
12.9 -13.6857 0.644377 2 4 8 11 12 14 17 18 19 21 22 22 22 23 23 23 23 23 22 22 22 21 20 18 17 14 12 11 8 4 2 -0.506687 -0.387544 -0.43975 -0.428585 -0.437979 -0.437976 -0.440702 -0.44154 -0.441842 -0.442291 -0.443159 -0.443279 -0.443282 -0.443284 -0.44335 -0.443238 -0.44335 -0.443284 -0.443282 -0.443279 -0.44316 -0.442292 -0.441839 -0.441546 -0.440697 -0.437981 -0.437975 -0.428588 -0.43975 -0.387544 -0.506687 
13 -13.6991 0.647734 2 4 8 11 12 14 17 19 19 21 22 22 23 23 23 24 23 23 23 22 22 21 20 19 17 14 12 11 8 4 2 -0.511278 -0.386661 -0.441386 -0.428675 -0.438514 -0.438202 -0.440872 -0.441642 -0.441916 -0.442322 -0.443229 -0.443346 -0.44325 -0.443224 -0.443356 -0.443309 -0.443356 -0.443224 -0.44325 -0.443345 -0.44323 -0.442323 -0.441913 -0.441647 -0.440867 -0.438207 -0.43851 -0.428678 -0.441385 -0.386662 -0.511278 
13.1 -13.7118 0.651056 2 4 8 11 12 14 17 19 20 22 22 22 23 23 23 24 23 23 23 22 22 22 20 19 17 14 12 11 8 4 2 -0.515838 -0.385662 -0.443019 -0.428702 -0.439037 -0.438408 -0.44103 -0.441729 -0.441992 -0.442358 -0.443291 -0.443404 -0.44322 -0.443167 -0.443362 -0.443379 -0.443362 -0.443167 -0.44322 -0.443403 -0.443292 -0.442358 -0.441989 -0.441733 -0.441026 -0.438413 -0.439033 -0.428705 -0.443019 -0.385662 -0.515838 
13.2 -13.724 0.654339 2 4 8 11 13 14 17 19 20 22 22 22 23 24 24 25 24 24 23 22 22 22 21 19 17 15 13 11 8 4 2 -0.52036 -0.38455 -0.444654 -0.428666 -0.43955 -0.438593 -0.441178 -0.441801 -0.44207 -0.442398 -0.443345 -0.443453 -0.443192 -0.443113 -0.443368 -0.443445 -0.443368 -0.443113 -0.443193 -0.443452 -0.443346 -0.442398 -0.442068 -0.441805 -0.441175 -0.438597 -0.439546 -0.428668 -0.444653 -0.384551 -0.52036 
13.3 -13.7357 0.657579 2 4 8 11 14 16 18 19 21 22 22 23 23 24 25 25 25 24 23 23 22 22 21 19 18 16 14 11 8 4 2 -0.524834 -0.383332 -0.44629 -0.428567 -0.440054 -0.438755 -0.441317 -0.44186 -0.442152 -0.442443 -0.443389 -0.443492 -0.443168 -0.443065 -0.443373 -0.443506 -0.443373 -0.443065 -0.443169 -0.443491 -0.44339 -0.442443 -0.442151 -0.441863 -0.441314 -0.438758 -0.440051 -0.428569 -0.44629 -0.383333 -0.524834 
13.4 -13.7468 0.660773 2 4 8 11 14 16 18 19 21 22 22 23 23 24 25 25 25 24 24 23 22 22 21 19 18 16 14 11 8 4 2 -0.529251 -0.382015 -0.44793 -0.428408 -0.440551 -0.438894 -0.441447 -0.441907 -0.442238 -0.442493 -0.443424 -0.443521 -0.443148 -0.443022 -0.443378 -0.443561 -0.443378 -0.443022 -0.443148 -0.443521 -0.443425 -0.442493 -0.442237 -0.441909 -0.441446 -0.438896 -0.440548 -0.42841 -0.44793 -0.382016 -0.529251 
13.5 -13.7574 0.663919 2 4 8 13 14 16 18 20 21 22 22 23 24 24 25 25 25 24 24 23 23 22 21 20 18 16 14 13 8 4 2 -0.533604 -0.380607 -0.449576 -0.42819 -0.441043 -0.439008 -0.441571 -0.441942 -0.442326 -0.442547 -0.44345 -0.443541 -0.443132 -0.442987 -0.443382 -0.443606 -0.443382 -0.442987 -0.443133 -0.443541 -0.44345 -0.442547 -0.442326 -0.441942 -0.441571 -0.43901 -0.441041 -0.428191 -0.449575 -0.380607 -0.533604 
13.6 -13.7675 0.667015 2 4 8 13 15 17 19 20 22 22 23 23 24 24 25 26 25 25 24 23 23 22 22 20 19 17 15 13 8 4 2 -0.537885 -0.379114 -0.451227 -0.427913 -0.441531 -0.439098 -0.44169 -0.441966 -0.442417 -0.442606 -0.443466 -0.443551 -0.443121 -0.442959 -0.443386 -0.443643 -0.443386 -0.442959 -0.443121 -0.443551 -0.443466 -0.442605 -0.442418 -0.441966 -0.441691 -0.439099 -0.441529 -0.427913 -0.451227 -0.379115 -0.537885 
13.7 -13.7771 0.670059 2 4 8 13 15 18 19 21 22 22 23 24 24 24 26 26 26 25 24 24 23 22 22 21 19 18 15 13 8 4 2 -0.542086 -0.377546 -0.452885 -0.427578 -0.442017 -0.439161 -0.441806 -0.441981 -0.44251 -0.442667 -0.443473 -0.443552 -0.443115 -0.442939 -0.44339 -0.443669 -0.44339 -0.442939 -0.443115 -0.443551 -0.443473 -0.442667 -0.442511 -0.441979 -0.441808 -0.439161 -0.442016 -0.427578 -0.452886 -0.377547 -0.542086 
13.8 -13.7862 0.67305 2 4 8 13 16 18 19 21 22 22 23 24 24 25 26 26 26 25 25 24 23 22 22 21 19 18 16 13 8 4 2 -0.5462 -0.375911 -0.454551 -0.427187 -0.442503 -0.439196 -0.441919 -0.441987 -0.442605 -0.44273 -0.443472 -0.443543 -0.443113 -0.442928 -0.443393 -0.443684 -0.443393 -0.442928 -0.443113 -0.443543 -0.443471 -0.44273 -0.442607 -0.441985 -0.441922 -0.439195 -0.442502 -0.427186 -0.454552 -0.375912 -0.5462 
13.9 -13.7948 0.675989 2 4 8 13 17 18 19 21 22 23 23 24 25 25 26 27 26 25 25 24 23 23 22 21 19 18 17 13 8 4 2 -0.550221 -0.374219 -0.456225 -0.42674 -0.442989 -0.439203 -0.442032 -0.441986 -0.442702 -0.442795 -0.443462 -0.443527 -0.443116 -0.442925 -0.443395 -0.443688 -0.443395 -0.442925 -0.443116 -0.443527 -0.443462 -0.442795 -0.442703 -0.441982 -0.442036 -0.439202 -0.442989 -0.426739 -0.456226 -0.37422 -0.550221 
14 -13.8029 0.678875 2 4 8 14 17 18 19 22 22 23 24 24 25 26 26 27 26 26 25 24 24 23 22 22 19 18 17 14 8 4 2 -0.554144 -0.372478 -0.457907 -0.426238 -0.443478 -0.43918 -0.442146 -0.441977 -0.442798 -0.442859 -0.443446 -0.443502 -0.443123 -0.442931 -0.443397 -0.443681 -0.443397 -0.442931 -0.443123 -0.443503 -0.443445 -0.44286 -0.4428 -0.441973 -0.44215 -0.439178 -0.443478 -0.426237 -0.457908 -0.372479 -0.554145 
14.1 -13.8106 0.681709 2 4 8 14 17 19 19 22 22 23 24 24 25 26 27 27 27 26 25 24 24 23 22 22 19 19 17 14 8 4 2 -0.557964 -0.370698 -0.459597 -0.425684 -0.44397 -0.439126 -0.442262 -0.441963 -0.442894 -0.442922 -0.443424 -0.443472 -0.443134 -0.442945 -0.443398 -0.443664 -0.443399 -0.442944 -0.443134 -0.443472 -0.443422 -0.442924 -0.442895 -0.441959 -0.442266 -0.439124 -0.443971 -0.425682 -0.459598 -0.370699 -0.557964 
14.2 -13.8178 0.684494 2 4 8 14 17 19 20 22 22 23 24 25 26 26 27 27 27 26 26 25 24 23 22 22 20 19 17 14 8 4 2 -0.561676 -0.368888 -0.461295 -0.425076 -0.444469 -0.43904 -0.442382 -0.441943 -0.442988 -0.442983 -0.443396 -0.443436 -0.443148 -0.442966 -0.443399 -0.443637 -0.443399 -0.442966 -0.443149 -0.443436 -0.443395 -0.442985 -0.442989 -0.441939 -0.442386 -0.439037 -0.44447 -0.425074 -0.461295 -0.368888 -0.561676 
14.3 -13.8246 0.687231 2 4 8 14 17 21 21 22 23 23 24 25 26 26 27 27 27 26 26 25 24 23 23 22 21 21 17 14 8 4 2 -0.565276 -0.367056 -0.463 -0.424417 -0.444974 -0.438921 -0.442507 -0.441918 -0.44308 -0.443041 -0.443365 -0.443395 -0.443166 -0.442995 -0.443398 -0.443602 -0.443398 -0.442995 -0.443166 -0.443395 -0.443364 -0.443043 -0.44308 -0.441915 -0.442511 -0.438918 -0.444976 -0.424414 -0.463001 -0.367056 -0.565276 
14.4 -13.831 0.689922 2 4 8 14 17 21 21 22 23 23 25 26 26 27 27 27 27 27 26 26 25 23 23 22 21 21 17 14 8 4 2 -0.568762 -0.365211 -0.464712 -0.423707 -0.445488 -0.438768 -0.442638 -0.441889 -0.443168 -0.443094 -0.443332 -0.44335 -0.443186 -0.44303 -0.443396 -0.443558 -0.443396 -0.443029 -0.443186 -0.443351 -0.44333 -0.443096 -0.443168 -0.441887 -0.442641 -0.438765 -0.445491 -0.423704 -0.464713 -0.365211 -0.568762 
14.5 -13.837 0.692572 2 4 8 15 18 21 21 22 23 24 26 26 26 27 27 27 27 27 26 26 25 24 23 22 21 21 18 15 8 4 2 -0.57213 -0.363361 -0.46643 -0.422948 -0.446013 -0.43858 -0.442777 -0.441856 -0.443252 -0.443141 -0.443297 -0.443303 -0.443208 -0.44307 -0.443393 -0.443509 -0.443393 -0.443069 -0.443208 -0.443304 -0.443295 -0.443144 -0.443251 -0.441855 -0.442779 -0.438578 -0.446016 -0.422945 -0.466431 -0.363361 -0.572131 
14.6 -13.8427 0.695183 2 4 8 15 18 22 21 22 23 24 26 26 26 27 27 27 27 27 27 26 26 24 24 22 21 21 18 15 8 4 2 -0.575381 -0.361513 -0.468154 -0.422139 -0.44655 -0.438357 -0.442924 -0.441819 -0.443331 -0.443181 -0.443262 -0.443254 -0.443232 -0.443114 -0.443388 -0.443455 -0.443388 -0.443114 -0.443232 -0.443255 -0.44326 -0.443184 -0.44333 -0.441818 -0.442925 -0.438355 -0.446553 -0.422136 -0.468155 -0.361513 -0.575382 
14.7 -13.8479 0.697759 2 4 8 15 18 22 21 23 24 24 26 26 27 27 28 27 28 27 27 26 26 24 24 23 21 22 18 15 8 4 2 -0.578512 -0.359675 -0.469883 -0.421283 -0.447101 -0.438098 -0.44308 -0.441776 -0.443405 -0.443214 -0.443229 -0.443205 -0.443257 -0.443161 -0.443382 -0.443398 -0.443383 -0.443161 -0.443257 -0.443206 -0.443227 -0.443217 -0.443402 -0.441777 -0.44308 -0.438097 -0.447104 -0.42128 -0.469885 -0.359674 -0.578513 
14.8 -13.8528 0.700304 2 4 8 15 18 22 22 23 24 25 26 27 27 27 29 27 29 28 27 27 26 25 24 23 22 22 18 15 8 4 2 -0.581523 -0.357853 -0.471617 -0.420381 -0.447667 -0.437804 -0.443247 -0.44173 -0.443472 -0.443239 -0.443197 -0.443156 -0.443282 -0.44321 -0.443375 -0.443339 -0.443375 -0.44321 -0.443282 -0.443157 -0.443196 -0.443242 -0.443469 -0.441731 -0.443246 -0.437803 -0.44767 -0.420377 -0.471619 -0.357851 -0.581525 
14.9 -13.8574 0.702821 2 4 8 15 18 22 23 23 24 26 26 27 27 28 29 28 29 28 27 27 26 26 24 23 23 22 18 15 8 4 2 -0.584416 -0.356052 -0.473354 -0.419433 -0.448251 -0.437473 -0.443424 -0.441677 -0.443533 -0.443254 -0.443169 -0.443109 -0.443307 -0.44326 -0.443366 -0.44328 -0.443367 -0.443259 -0.443307 -0.44311 -0.443168 -0.443257 -0.44353 -0.44168 -0.443422 -0.437473 -0.448253 -0.419429 -0.473356 -0.35605 -0.584417 
15 -13.8617 0.705314 2 4 8 16 18 22 23 23 25 26 26 27 27 28 29 28 29 28 27 27 26 26 25 23 23 22 18 16 8 4 2 -0.58719 -0.354277 -0.475095 -0.41844 -0.448853 -0.437107 -0.443613 -0.441618 -0.443587 -0.44326 -0.443145 -0.443064 -0.443332 -0.443308 -0.443357 -0.443223 -0.443357 -0.443308 -0.443332 -0.443064 -0.443144 -0.443262 -0.443584 -0.441621 -0.44361 -0.437107 -0.448855 -0.418437 -0.475097 -0.354275 -0.587192 
15.1 -13.8657 0.707788 2 4 8 16 18 22 23 23 25 26 27 28 28 28 29 29 29 28 27 28 26 26 25 23 23 22 18 16 8 4 2 -0.589848 -0.352533 -0.476838 -0.417405 -0.449475 -0.436705 -0.443813 -0.441552 -0.443634 -0.443256 -0.443125 -0.443021 -0.443356 -0.443354 -0.443346 -0.443169 -0.443347 -0.443354 -0.443356 -0.443022 -0.443125 -0.443257 -0.443632 -0.441555 -0.443809 -0.436706 -0.449477 -0.417402 -0.47684 -0.35253 -0.58985 
15.2 -13.8694 0.710244 2 4 8 16 19 22 24 23 26 26 27 28 28 28 29 29 29 28 28 28 27 26 26 23 24 22 19 16 8 4 2 -0.592391 -0.350822 -0.478582 -0.416329 -0.450119 -0.436267 -0.444026 -0.441476 -0.443676 -0.443241 -0.44311 -0.442983 -0.443379 -0.443397 -0.443335 -0.443119 -0.443335 -0.443397 -0.443378 -0.442983 -0.443111 -0.443242 -0.443674 -0.44148 -0.444021 -0.436269 -0.450121 -0.416325 -0.478585 -0.350819 -0.592393 
15.3 -13.8728 0.712687 2 4 8 16 20 22 24 24 26 27 27 28 28 28 30 30 30 29 28 28 27 27 26 24 24 22 20 16 8 4 2 -0.594823 -0.349148 -0.480328 -0.415213 -0.450786 -0.435795 -0.44425 -0.441391 -0.443712 -0.443216 -0.443101 -0.442949 -0.4434 -0.443435 -0.443323 -0.443074 -0.443324 -0.443435 -0.443399 -0.442949 -0.443102 -0.443215 -0.443711 -0.441395 -0.444245 -0.435797 -0.450788 -0.415209 -0.48033 -0.349145 -0.594825 
15.4 -13.876 0.715119 2 4 8 16 20 23 25 25 26 27 28 28 28 29 30 30 30 29 28 28 28 27 26 25 25 23 20 16 8 4 2 -0.597146 -0.347513 -0.482073 -0.414059 -0.451477 -0.435289 -0.444486 -0.441294 -0.443744 -0.443179 -0.443098 -0.44292 -0.443418 -0.443467 -0.443312 -0.443036 -0.443312 -0.443467 -0.443418 -0.44292 -0.4431 -0.443178 -0.443743 -0.441298 -0.444481 -0.435291 -0.451479 -0.414056 -0.482076 -0.34751 -0.597148 
15.5 -13.8789 0.717542 2 4 8 16 20 23 25 25 26 28 28 28 29 30 31 31 31 30 29 28 28 27 26 25 25 23 20 16 8 4 2 -0.599364 -0.345919 -0.483818 -0.412869 -0.452194 -0.434751 -0.444734 -0.441184 -0.443771 -0.443131 -0.443101 -0.442896 -0.443435 -0.443493 -0.4433 -0.443004 -0.443301 -0.443493 -0.443434 -0.442896 -0.443103 -0.443129 -0.443771 -0.441187 -0.444729 -0.434753 -0.452196 -0.412867 -0.483821 -0.345915 -0.599366 
15.6 -13.8816 0.719959 2 4 8 16 20 23 25 25 26 28 28 29 29 30 31 32 31 30 29 28 28 28 26 25 25 23 20 16 8 4 2 -0.60148 -0.344365 -0.485561 -0.411647 -0.452936 -0.43418 -0.444994 -0.44106 -0.443796 -0.443072 -0.44311 -0.442878 -0.443448 -0.443512 -0.44329 -0.442979 -0.44329 -0.443512 -0.443448 -0.442878 -0.443113 -0.443069 -0.443797 -0.441062 -0.44499 -0.434182 -0.452938 -0.411644 -0.485564 -0.344361 -0.601483 
15.7 -13.8841 0.722371 2 4 8 16 20 23 25 25 27 28 28 29 30 31 31 33 31 30 30 29 28 28 27 25 25 23 20 16 8 4 2 -0.6035 -0.342854 -0.487301 -0.410394 -0.453706 -0.433579 -0.445266 -0.440918 -0.443819 -0.443002 -0.443125 -0.442866 -0.443459 -0.443523 -0.44328 -0.442962 -0.44328 -0.443522 -0.443458 -0.442866 -0.443128 -0.442998 -0.443821 -0.44092 -0.445262 -0.43358 -0.453707 -0.410392 -0.487304 -0.34285 -0.603502 
15.8 -13.8864 0.724779 2 4 8 16 20 23 26 26 27 29 28 29 31 31 32 33 33 31 31 29 29 29 27 26 26 23 20 16 8 4 2 -0.605426 -0.341384 -0.489037 -0.409113 -0.454502 -0.432948 -0.445549 -0.440759 -0.443841 -0.44292 -0.443146 -0.442859 -0.443466 -0.443525 -0.443272 -0.442953 -0.443272 -0.443525 -0.443465 -0.442859 -0.443149 -0.442916 -0.443844 -0.440759 -0.445546 -0.432949 -0.454504 -0.409111 -0.48904 -0.34138 -0.605428 
15.9 -13.8886 0.727183 2 4 8 16 20 23 27 27 28 29 29 30 31 31 32 33 33 31 31 30 29 29 28 27 27 23 20 16 8 4 2 -0.607263 -0.339955 -0.490768 -0.407808 -0.455326 -0.432289 -0.445843 -0.440579 -0.443865 -0.442828 -0.443172 -0.442858 -0.44347 -0.44352 -0.443266 -0.44295 -0.443265 -0.44352 -0.443469 -0.442858 -0.443175 -0.442823 -0.443868 -0.440579 -0.445841 -0.43229 -0.455328 -0.407807 -0.490771 -0.339951 -0.607266 
16 -13.8905 0.729583 2 4 8 16 21 23 27 27 28 29 29 31 31 32 32 33 33 32 31 31 29 29 29 27 27 23 21 16 8 4 2 -0.609017 -0.338566 -0.492492 -0.406482 -0.456178 -0.431603 -0.446149 -0.440379 -0.443891 -0.442725 -0.443204 -0.442861 -0.44347 -0.443507 -0.443261 -0.442955 -0.44326 -0.443507 -0.44347 -0.442861 -0.443205 -0.44272 -0.443894 -0.440378 -0.446147 -0.431603 -0.456179 -0.406481 -0.492494 -0.338563 -0.609019 
16.1 -13.8923 0.731979 2 4 8 16 21 23 27 28 29 29 30 31 32 32 32 33 33 32 32 31 30 29 29 27 27 23 21 16 8 4 2 -0.610692 -0.337217 -0.494207 -0.405139 -0.457056 -0.430892 -0.446465 -0.440155 -0.44392 -0.442611 -0.44324 -0.442868 -0.443467 -0.443486 -0.443258 -0.442966 -0.443257 -0.443486 -0.443467 -0.442869 -0.443241 -0.442607 -0.443924 -0.440154 -0.446464 -0.430891 -0.457058 -0.405138 -0.49421 -0.337214 -0.610694 
16.2 -13.894 0.73437 2 4 8 16 22 23 27 29 29 30 30 31 32 32 32 33 33 32 32 31 30 29 29 28 27 23 22 16 8 4 2 -0.612291 -0.335906 -0.495912 -0.403782 -0.457962 -0.430156 -0.446792 -0.439907 -0.443955 -0.442487 -0.44328 -0.442879 -0.443461 -0.443458 -0.443257 -0.442983 -0.443256 -0.443459 -0.44346 -0.44288 -0.44328 -0.442485 -0.443958 -0.439906 -0.446792 -0.430155 -0.457963 -0.403781 -0.495915 -0.335903 -0.612293 
16.3 -13.8955 0.736755 2 4 8 16 22 24 28 29 30 30 31 32 33 33 32 33 33 33 33 32 31 30 29 29 28 24 22 16 8 4 2 -0.613821 -0.334631 -0.497605 -0.402415 -0.458894 -0.429396 -0.447131 -0.439633 -0.443996 -0.442354 -0.443324 -0.442892 -0.443452 -0.443424 -0.443257 -0.443006 -0.443256 -0.443425 -0.443451 -0.442893 -0.443323 -0.442353 -0.443998 -0.439632 -0.447132 -0.429395 -0.458895 -0.402414 -0.497608 -0.334628 -0.613823 
16.4 -13.8968 0.739133 2 4 8 16 22 24 28 29 30 31 32 32 33 33 32 33 33 33 33 32 32 31 30 29 29 24 22 16 8 4 2 -0.615285 -0.333391 -0.499285 -0.401042 -0.459851 -0.428615 -0.447482 -0.439332 -0.444045 -0.442211 -0.443371 -0.442906 -0.44344 -0.443384 -0.44326 -0.443033 -0.443259 -0.443385 -0.443439 -0.442908 -0.443369 -0.442212 -0.444045 -0.439331 -0.447483 -0.428613 -0.459853 -0.401041 -0.499287 -0.333388 -0.615287 
16.5 -13.8981 0.741501 2 4 8 16 22 24 30 29 30 32 32 32 33 33 32 33 33 33 33 32 32 31 30 29 29 24 22 16 8 4 2 -0.616688 -0.332184 -0.500949 -0.399666 -0.460834 -0.427811 -0.447845 -0.439003 -0.444103 -0.442059 -0.44342 -0.442919 -0.443426 -0.44334 -0.443264 -0.443063 -0.443262 -0.443341 -0.443424 -0.442922 -0.443417 -0.442062 -0.444102 -0.439003 -0.447847 -0.427809 -0.460835 -0.399665 -0.500951 -0.332182 -0.616689 
16.6 -13.8992 0.743858 2 4 8 16 22 24 30 29 31 32 32 32 33 33 33 33 33 33 33 32 32 32 31 29 30 24 22 16 8 4 2 -0.618035 -0.331009 -0.502596 -0.398293 -0.46184 -0.426987 -0.448221 -0.438645 -0.444171 -0.441899 -0.443472 -0.442932 -0.44341 -0.443292 -0.443269 -0.443096 -0.443267 -0.443294 -0.443408 -0.442935 -0.443467 -0.441903 -0.444168 -0.438645 -0.448223 -0.426984 -0.461842 -0.398291 -0.502598 -0.331007 -0.618035 
16.7 -13.9003 0.746202 2 4 8 16 22 24 30 30 32 32 32 32 33 33 34 34 34 33 33 32 32 32 32 30 30 24 22 16 8 4 2 -0.619328 -0.329863 -0.504224 -0.396923 -0.46287 -0.426142 -0.448612 -0.438256 -0.444251 -0.44173 -0.443525 -0.442941 -0.443393 -0.443241 -0.443275 -0.443131 -0.443273 -0.443244 -0.44339 -0.442945 -0.443519 -0.441736 -0.444246 -0.438258 -0.448614 -0.426139 -0.462873 -0.396922 -0.504226 -0.329861 -0.619329 
16.8 -13.9012 0.748531 2 4 8 16 22 25 30 31 32 32 32 33 33 33 34 35 34 34 33 33 32 32 32 31 30 25 22 16 8 4 2 -0.620573 -0.328744 -0.505832 -0.395562 -0.463923 -0.425278 -0.449018 -0.437837 -0.444344 -0.441552 -0.44358 -0.442945 -0.443375 -0.443189 -0.443282 -0.443166 -0.44328 -0.443193 -0.443372 -0.44295 -0.443573 -0.44156 -0.444337 -0.437839 -0.44902 -0.425274 -0.463925 -0.395561 -0.505834 -0.328743 -0.620573 
16.9 -13.9021 0.750843 2 4 8 16 22 25 30 31 32 32 33 33 33 34 34 35 35 35 33 33 33 32 32 31 30 25 22 16 8 4 2 -0.621772 -0.327652 -0.507418 -0.394212 -0.464997 -0.424393 -0.449442 -0.437386 -0.44445 -0.441367 -0.443635 -0.442943 -0.443357 -0.443137 -0.44329 -0.443201 -0.443287 -0.443141 -0.443353 -0.442949 -0.443627 -0.441376 -0.444441 -0.43739 -0.449444 -0.424389 -0.465 -0.394211 -0.50742 -0.327652 -0.621772 
17 -13.9029 0.753135 2 4 8 16 23 25 30 31 33 32 33 33 33 34 35 35 36 35 33 33 33 32 32 31 30 25 22 16 8 4 2 -0.62293 -0.326584 -0.508981 -0.392876 -0.466091 -0.423488 -0.449884 -0.436904 -0.444571 -0.441172 -0.443691 -0.442934 -0.44334 -0.443085 -0.443297 -0.443236 -0.443294 -0.443089 -0.443336 -0.44294 -0.443682 -0.441183 -0.444561 -0.436908 -0.449886 -0.423483 -0.466095 -0.392874 -0.508983 -0.326584 -0.622929 
17.1 -13.9036 0.755407 2 4 8 16 23 25 30 32 33 33 33 34 34 34 36 36 36 35 34 34 33 33 33 32 30 25 23 16 8 4 2 -0.624048 -0.325539 -0.510521 -0.391555 -0.467207 -0.422563 -0.450347 -0.436389 -0.444708 -0.440969 -0.443747 -0.442916 -0.443324 -0.443034 -0.443304 -0.443268 -0.443301 -0.443038 -0.44332 -0.442922 -0.443738 -0.440981 -0.444697 -0.436393 -0.45035 -0.422557 -0.46721 -0.391553 -0.510522 -0.32554 -0.624047 
17.2 -13.9043 0.757655 2 4 8 16 23 25 31 32 33 33 34 35 34 35 36 36 36 35 34 34 34 33 33 32 31 25 23 16 8 4 2 -0.625131 -0.324516 -0.512036 -0.390252 -0.468342 -0.421616 -0.450833 -0.435842 -0.444862 -0.440757 -0.443803 -0.442888 -0.443311 -0.442985 -0.443311 -0.443297 -0.443308 -0.44299 -0.443306 -0.442894 -0.443794 -0.440769 -0.44485 -0.435846 -0.450836 -0.421611 -0.468346 -0.390249 -0.512038 -0.324517 -0.62513 
17.3 -13.9049 0.75988 2 4 8 16 23 25 31 32 34 34 34 35 35 35 36 37 36 35 35 35 34 34 34 32 31 25 23 16 8 4 2 -0.626181 -0.323512 -0.513526 -0.388967 -0.469496 -0.420649 -0.451344 -0.435262 -0.445033 -0.440535 -0.44386 -0.442847 -0.4433 -0.442938 -0.443318 -0.443322 -0.443315 -0.442943 -0.443294 -0.442853 -0.443851 -0.440547 -0.445022 -0.435267 -0.451346 -0.420643 -0.4695 -0.388964 -0.513528 -0.323514 -0.626179 
17.4 -13.9054 0.762079 2 4 8 16 23 25 31 32 34 34 34 35 35 36 36 37 37 36 35 35 35 34 34 32 31 25 23 16 8 4 2 -0.627199 -0.322528 -0.514992 -0.387701 -0.470668 -0.41966 -0.451881 -0.434651 -0.445223 -0.440302 -0.443917 -0.442795 -0.443292 -0.442894 -0.443323 -0.443343 -0.44332 -0.442899 -0.443287 -0.4428 -0.443908 -0.440313 -0.445212 -0.434655 -0.451884 -0.419654 -0.470673 -0.387698 -0.514993 -0.32253 -0.627197 
17.5 -13.9059 0.764251 2 4 8 16 23 25 32 33 35 34 35 35 35 36 37 38 37 36 35 35 35 34 34 32 32 25 23 16 8 4 2 -0.628189 -0.321562 -0.516433 -0.386454 -0.47186 -0.418649 -0.452447 -0.434007 -0.445432 -0.440058 -0.443974 -0.442728 -0.443288 -0.442853 -0.443328 -0.443359 -0.443325 -0.442858 -0.443283 -0.442734 -0.443967 -0.440068 -0.445422 -0.43401 -0.452451 -0.418642 -0.471864 -0.386451 -0.516434 -0.321565 -0.628186 
17.6 -13.9063 0.766396 2 4 8 16 23 26 32 33 35 34 35 36 35 36 38 38 38 36 35 36 35 34 34 33 32 26 23 16 8 4 2 -0.629151 -0.320612 -0.517849 -0.385226 -0.473069 -0.417615 -0.453044 -0.433333 -0.44566 -0.439802 -0.444032 -0.442647 -0.443289 -0.442815 -0.443332 -0.443368 -0.44333 -0.44282 -0.443284 -0.442652 -0.444026 -0.43981 -0.445653 -0.433335 -0.453049 -0.417608 -0.473073 -0.385224 -0.51785 -0.320616 -0.629148 
17.7 -13.9067 0.768513 2 4 8 16 23 26 32 33 35 35 36 36 36 36 38 38 38 36 36 36 36 35 34 33 32 26 23 16 8 4 2 -0.630088 -0.31968 -0.519242 -0.384017 -0.474296 -0.416558 -0.453673 -0.432629 -0.445909 -0.439532 -0.444092 -0.442551 -0.443294 -0.442781 -0.443335 -0.443371 -0.443333 -0.442785 -0.443289 -0.442556 -0.444087 -0.439538 -0.445904 -0.432628 -0.453679 -0.416551 -0.4743 -0.384014 -0.519242 -0.319683 -0.630085 
17.8 -13.9071 0.770602 2 4 8 16 23 26 33 34 35 36 36 36 36 36 38 38 38 37 36 36 36 36 35 33 33 26 23 16 8 4 2 -0.631 -0.318763 -0.520611 -0.382824 -0.475541 -0.415478 -0.454337 -0.431895 -0.446179 -0.439247 -0.444154 -0.44244 -0.443304 -0.442749 -0.443337 -0.443367 -0.443336 -0.442752 -0.4433 -0.442443 -0.444151 -0.439251 -0.446177 -0.431893 -0.454343 -0.415471 -0.475545 -0.382822 -0.520611 -0.318767 -0.630997 
17.9 -13.9074 0.772664 2 4 8 16 24 26 33 34 36 36 36 36 36 37 38 38 38 37 36 36 36 36 36 34 33 26 23 16 8 4 2 -0.631888 -0.317862 -0.521959 -0.381648 -0.476803 -0.414375 -0.455036 -0.431133 -0.44647 -0.438947 -0.444218 -0.442312 -0.443319 -0.44272 -0.443339 -0.443356 -0.443339 -0.442722 -0.443315 -0.442315 -0.444217 -0.438948 -0.446471 -0.431129 -0.455043 -0.414369 -0.476806 -0.381646 -0.521959 -0.317866 -0.631885 
18 -13.9077 0.774698 2 4 8 16 24 26 33 35 36 36 36 37 36 37 38 38 38 37 37 37 36 37 36 34 33 26 24 16 8 4 2 -0.632754 -0.316976 -0.523286 -0.380485 -0.478082 -0.413249 -0.455771 -0.430344 -0.446783 -0.438629 -0.444286 -0.442169 -0.443339 -0.442692 -0.443341 -0.443337 -0.443342 -0.442693 -0.443336 -0.44217 -0.444286 -0.438627 -0.446787 -0.430338 -0.45578 -0.413243 -0.478085 -0.380483 -0.523285 -0.316981 -0.632751 
18.1 -13.908 0.776706 2 4 8 16 24 26 33 35 36 37 36 37 37 37 38 38 38 38 37 37 36 37 36 34 33 26 24 16 8 4 2 -0.633598 -0.316106 -0.524593 -0.379334 -0.479377 -0.412101 -0.456544 -0.429531 -0.447118 -0.438293 -0.444358 -0.442009 -0.443365 -0.442666 -0.443342 -0.44331 -0.443344 -0.442666 -0.443363 -0.44201 -0.44436 -0.438288 -0.447125 -0.429522 -0.456553 -0.412096 -0.47938 -0.379333 -0.524592 -0.316111 -0.633595 
18.2 -13.9082 0.778689 2 4 8 16 24 26 33 35 36 37 37 37 37 38 38 38 38 38 37 37 37 37 36 34 33 26 24 16 8 4 2 -0.63442 -0.315252 -0.525881 -0.378193 -0.480689 -0.410932 -0.457353 -0.428694 -0.447475 -0.437936 -0.444436 -0.441833 -0.443395 -0.442639 -0.443344 -0.443276 -0.443346 -0.442638 -0.443394 -0.441833 -0.444438 -0.437929 -0.447485 -0.428683 -0.457363 -0.410927 -0.48069 -0.378193 -0.52588 -0.315257 -0.634417 
18.3 -13.9084 0.780649 2 4 8 16 24 26 33 35 36 37 37 37 37 38 39 38 39 38 38 37 37 37 36 34 33 26 24 16 8 4 2 -0.635221 -0.314414 -0.527152 -0.37706 -0.482015 -0.409744 -0.4582 -0.427835 -0.447855 -0.437558 -0.44452 -0.441641 -0.443431 -0.442612 -0.443345 -0.443234 -0.443349 -0.44261 -0.443431 -0.44164 -0.444524 -0.43755 -0.447867 -0.427822 -0.45821 -0.409739 -0.482017 -0.37706 -0.527151 -0.314418 -0.635218 
18.4 -13.9086 0.782588 2 4 8 16 24 26 33 35 36 37 37 38 38 38 40 39 40 38 38 38 37 37 36 34 33 26 24 16 8 4 2 -0.636 -0.313593 -0.528407 -0.375933 -0.483357 -0.408537 -0.459083 -0.426957 -0.448257 -0.437158 -0.444611 -0.441434 -0.443472 -0.442583 -0.443348 -0.443185 -0.443351 -0.44258 -0.443473 -0.441432 -0.444616 -0.437147 -0.448271 -0.426942 -0.459093 -0.408533 -0.483357 -0.375934 -0.528405 -0.313597 -0.635997 
18.5 -13.9088 0.784508 2 4 8 16 24 26 33 35 36 38 37 38 39 38 40 39 40 39 39 38 37 38 36 35 33 26 24 16 8 4 2 -0.636758 -0.312788 -0.529646 -0.37481 -0.484711 -0.407313 -0.460002 -0.426061 -0.448682 -0.436733 -0.444712 -0.44121 -0.443517 -0.442551 -0.443351 -0.443128 -0.443355 -0.442547 -0.44352 -0.441208 -0.444718 -0.436721 -0.448698 -0.426045 -0.460012 -0.40731 -0.484711 -0.374811 -0.529644 -0.312792 -0.636755 
18.6 -13.909 0.786413 2 4 8 16 24 26 33 36 36 38 38 38 39 39 40 39 40 39 39 38 38 39 36 35 33 26 24 16 8 4 2 -0.637494 -0.312002 -0.53087 -0.373689 -0.486078 -0.406076 -0.460955 -0.425149 -0.449131 -0.436283 -0.444824 -0.440972 -0.443568 -0.442515 -0.443355 -0.443065 -0.443359 -0.44251 -0.443571 -0.440969 -0.44483 -0.43627 -0.449147 -0.425133 -0.460964 -0.406074 -0.486077 -0.373691 -0.530868 -0.312005 -0.637492 
18.7 -13.9091 0.788303 2 4 8 16 24 26 33 36 36 38 38 39 39 39 40 39 40 39 39 39 38 39 36 35 33 26 24 16 8 4 2 -0.638208 -0.311234 -0.532081 -0.372569 -0.487455 -0.404826 -0.46194 -0.424224 -0.449603 -0.435806 -0.444947 -0.440718 -0.443623 -0.442473 -0.44336 -0.442996 -0.443364 -0.442467 -0.443627 -0.440714 -0.444953 -0.435793 -0.449619 -0.424209 -0.461949 -0.404825 -0.487454 -0.372571 -0.532078 -0.311237 -0.638207 
18.8 -13.9093 0.790184 2 4 8 16 24 26 34 36 38 38 38 39 39 40 40 39 40 40 40 39 38 39 37 35 33 26 24 16 8 4 2 -0.638901 -0.310486 -0.533277 -0.371449 -0.488841 -0.403568 -0.462957 -0.423287 -0.450098 -0.435301 -0.445084 -0.440449 -0.443682 -0.442424 -0.443366 -0.442921 -0.443371 -0.442418 -0.443687 -0.440445 -0.44509 -0.435289 -0.450114 -0.423273 -0.462964 -0.403568 -0.488839 -0.371451 -0.533275 -0.310489 -0.638899 
18.9 -13.9094 0.792059 2 4 8 16 24 26 34 36 38 38 39 39 39 40 40 41 40 40 40 39 39 39 38 35 34 26 24 16 8 4 2 -0.639571 -0.309758 -0.534461 -0.370328 -0.490234 -0.402303 -0.464001 -0.42234 -0.450617 -0.434768 -0.445237 -0.440165 -0.443747 -0.442367 -0.443375 -0.44284 -0.443379 -0.44236 -0.443752 -0.44016 -0.445242 -0.434757 -0.450632 -0.422327 -0.464007 -0.402304 -0.490231 -0.37033 -0.534459 -0.30976 -0.63957 
19 -13.9095 0.793929 2 4 8 16 24 26 34 36 38 39 40 39 39 40 41 41 40 40 40 39 40 39 38 35 34 26 24 16 8 4 2 -0.640219 -0.309052 -0.535631 -0.369205 -0.491631 -0.401035 -0.465072 -0.421385 -0.451161 -0.434205 -0.445406 -0.439866 -0.443815 -0.4423 -0.443385 -0.442755 -0.443389 -0.442294 -0.443821 -0.439861 -0.445411 -0.434195 -0.451174 -0.421375 -0.465076 -0.401038 -0.491628 -0.369208 -0.535629 -0.309053 -0.640219 
19.1 -13.9096 0.7958 2 4 8 16 24 26 34 36 38 39 40 39 39 40 41 42 41 40 40 40 40 39 38 35 34 26 24 16 8 4 2 -0.640845 -0.308367 -0.536787 -0.368082 -0.49303 -0.399768 -0.466167 -0.420424 -0.451728 -0.433613 -0.445593 -0.439552 -0.443888 -0.442222 -0.443398 -0.442664 -0.443401 -0.442216 -0.443895 -0.439546 -0.445598 -0.433604 -0.45174 -0.420416 -0.466169 -0.399771 -0.493027 -0.368084 -0.536785 -0.308367 -0.640844 
19.2 -13.9097 0.797675 2 4 8 16 24 26 34 36 38 39 41 40 40 40 42 42 42 40 40 40 40 39 38 35 34 26 24 16 8 4 2 -0.641447 -0.307704 -0.53793 -0.366957 -0.494428 -0.398503 -0.467283 -0.419457 -0.452321 -0.43299 -0.445801 -0.439223 -0.443966 -0.442132 -0.443412 -0.44257 -0.443415 -0.442126 -0.443973 -0.439217 -0.445805 -0.432983 -0.45233 -0.419452 -0.467283 -0.398507 -0.494425 -0.36696 -0.537928 -0.307704 -0.641447 
19.3 -13.9098 0.799557 2 4 8 16 24 26 34 36 38 39 41 40 40 41 42 42 42 41 41 41 41 39 38 35 34 26 24 16 8 4 2 -0.642027 -0.307064 -0.539057 -0.365834 -0.495823 -0.397245 -0.468418 -0.418486 -0.452938 -0.432337 -0.446029 -0.438878 -0.444049 -0.442027 -0.44343 -0.44247 -0.443431 -0.442023 -0.444055 -0.438872 -0.446034 -0.432332 -0.452944 -0.418484 -0.468415 -0.39725 -0.49582 -0.365837 -0.539055 -0.307064 -0.642028 
19.4 -13.9098 0.80145 2 4 8 16 24 26 34 36 38 39 41 40 41 41 42 42 42 41 41 41 41 39 38 35 34 26 24 16 8 4 2 -0.642585 -0.306448 -0.540169 -0.364712 -0.497211 -0.395996 -0.46957 -0.417511 -0.453582 -0.431654 -0.446281 -0.438518 -0.444136 -0.441908 -0.443451 -0.442367 -0.443451 -0.441904 -0.444143 -0.438512 -0.446285 -0.43165 -0.453585 -0.417512 -0.469565 -0.396001 -0.497209 -0.364715 -0.540167 -0.306447 -0.642585 
19.5 -13.9099 0.803357 2 4 8 16 24 26 34 36 38 39 41 41 41 41 42 42 42 41 41 41 41 39 38 35 34 26 24 16 8 4 2 -0.64312 -0.305855 -0.541264 -0.363595 -0.49859 -0.394759 -0.470735 -0.416533 -0.454251 -0.430941 -0.446556 -0.438142 -0.44423 -0.441773 -0.443475 -0.442259 -0.443474 -0.44177 -0.444236 -0.438136 -0.44656 -0.430939 -0.454251 -0.416537 -0.470728 -0.394765 -0.498588 -0.363598 -0.541262 -0.305853 -0.643121 
19.6 -13.91 0.805281 2 4 8 16 24 26 34 36 38 40 41 41 41 41 42 42 42 41 42 42 41 39 38 35 34 26 24 16 8 4 2 -0.643632 -0.305285 -0.542341 -0.362484 -0.499956 -0.393537 -0.471913 -0.415552 -0.454947 -0.430199 -0.446856 -0.43775 -0.444329 -0.441621 -0.443502 -0.442146 -0.4435 -0.441619 -0.444335 -0.437743 -0.44686 -0.430199 -0.454945 -0.415559 -0.471904 -0.393544 -0.499954 -0.362486 -0.542339 -0.305283 -0.643634 
19.7 -13.91 0.807225 2 4 8 16 24 26 34 36 38 40 41 41 41 42 42 42 43 41 42 42 41 39 38 35 34 26 24 16 8 4 2 -0.644123 -0.304739 -0.543398 -0.361381 -0.501307 -0.392333 -0.4731 -0.414567 -0.455671 -0.429429 -0.447182 -0.437341 -0.444435 -0.44145 -0.443534 -0.442027 -0.443531 -0.441449 -0.444441 -0.437334 -0.447186 -0.42943 -0.455666 -0.414577 -0.473089 -0.39234 -0.501305 -0.361384 -0.543396 -0.304737 -0.644124 
19.8 -13.9101 0.809194 2 4 8 16 24 26 34 36 38 40 41 41 41 42 43 42 43 42 42 42 41 39 38 35 34 26 24 16 8 4 2 -0.644592 -0.304215 -0.544435 -0.36029 -0.502639 -0.391149 -0.474295 -0.413579 -0.456422 -0.428633 -0.447533 -0.436916 -0.444548 -0.44126 -0.44357 -0.441903 -0.443566 -0.441261 -0.444553 -0.436908 -0.447538 -0.428633 -0.456415 -0.41359 -0.474283 -0.391155 -0.502637 -0.360293 -0.544433 -0.304213 -0.644594 
19.9 -13.9101 0.81119 2 4 8 16 24 26 34 36 38 40 41 42 41 42 43 42 43 42 42 42 41 40 38 35 34 26 24 16 8 4 2 -0.645041 -0.303714 -0.54545 -0.359214 -0.503949 -0.389986 -0.475496 -0.412586 -0.457201 -0.42781 -0.447912 -0.436473 -0.444669 -0.441051 -0.44361 -0.441772 -0.443606 -0.441052 -0.444674 -0.436465 -0.447917 -0.427811 -0.457194 -0.412599 -0.475484 -0.389993 -0.503948 -0.359218 -0.545447 -0.303712 -0.645043 
20 -13.9101 0.813216 2 4 8 16 24 26 34 36 38 40 42 42 42 43 43 43 43 42 42 42 42 40 38 35 34 26 24 16 8 4 2 -0.645469 -0.303235 -0.54644 -0.358156 -0.505236 -0.388848 -0.476702 -0.411588 -0.45801 -0.426964 -0.448317 -0.436013 -0.444799 -0.44082 -0.443655 -0.441633 -0.443651 -0.440822 -0.444803 -0.436004 -0.448323 -0.426965 -0.458001 -0.411602 -0.476689 -0.388854 -0.505234 -0.35816 -0.546438 -0.303233 -0.645471 
20.1 -13.9102 0.815276 2 4 8 16 24 26 34 36 38 40 42 42 43 43 43 43 44 43 43 42 42 40 38 35 34 26 24 16 8 4 2 -0.645878 -0.302777 -0.547406 -0.35712 -0.506495 -0.387734 -0.477911 -0.410584 -0.458847 -0.426096 -0.448748 -0.435535 -0.444938 -0.440568 -0.443706 -0.441486 -0.443701 -0.440571 -0.444942 -0.435526 -0.448756 -0.426096 -0.458838 -0.410599 -0.477899 -0.387739 -0.506493 -0.357124 -0.547403 -0.302775 -0.64588 
20.2 -13.9102 0.817372 2 4 8 16 24 26 34 36 38 40 42 42 43 43 45 43 45 43 44 42 43 40 38 35 34 26 24 16 8 4 2 -0.646268 -0.302339 -0.548345 -0.356107 -0.507725 -0.386646 -0.479122 -0.409573 -0.459714 -0.425208 -0.449207 -0.435038 -0.445087 -0.440295 -0.443762 -0.44133 -0.443758 -0.440297 -0.445091 -0.435029 -0.449216 -0.425207 -0.459705 -0.409587 -0.47911 -0.386651 -0.507723 -0.356112 -0.548341 -0.302337 -0.646271 
20.3 -13.9102 0.819507 2 4 8 16 24 26 34 36 38 40 42 43 43 44 45 45 45 43 44 42 43 40 38 35 34 26 24 16 8 4 2 -0.646641 -0.301921 -0.549255 -0.355123 -0.508925 -0.385585 -0.480333 -0.408554 -0.46061 -0.424302 -0.449692 -0.434522 -0.445248 -0.439999 -0.443825 -0.441162 -0.443821 -0.440001 -0.445252 -0.434513 -0.449702 -0.424299 -0.460603 -0.408568 -0.480323 -0.385589 -0.508922 -0.355127 -0.549252 -0.301919 -0.646643 
20.4 -13.9103 0.821685 2 4 8 16 24 26 34 36 38 40 43 43 44 44 45 45 46 43 45 43 43 40 38 35 34 26 24 16 8 4 2 -0.646997 -0.30152 -0.550136 -0.354169 -0.510091 -0.384551 -0.481545 -0.407527 -0.461536 -0.423379 -0.450203 -0.433988 -0.445422 -0.43968 -0.443894 -0.440982 -0.443891 -0.439682 -0.445425 -0.433978 -0.450214 -0.423375 -0.461529 -0.407539 -0.481537 -0.384554 -0.510088 -0.354174 -0.550133 -0.301518 -0.646999 
20.5 -13.9103 0.823909 2 4 8 16 24 26 34 36 38 40 43 43 45 44 45 46 46 44 45 43 43 40 38 35 34 26 24 16 8 4 2 -0.647337 -0.301136 -0.550986 -0.353249 -0.511223 -0.383544 -0.482756 -0.406491 -0.46249 -0.422443 -0.450739 -0.433434 -0.445608 -0.439339 -0.443969 -0.440789 -0.443967 -0.43934 -0.445611 -0.433424 -0.450751 -0.422438 -0.462485 -0.406501 -0.482749 -0.383546 -0.51122 -0.353254 -0.550983 -0.301134 -0.647339 
20.6 -13.9103 0.826181 2 4 8 16 24 26 34 36 38 40 43 43 45 45 46 47 46 44 45 43 43 40 38 35 34 27 24 16 8 4 2 -0.647662 -0.300768 -0.551804 -0.352365 -0.51232 -0.382564 -0.483964 -0.405446 -0.463472 -0.421496 -0.451301 -0.43286 -0.44581 -0.438975 -0.444052 -0.440581 -0.444052 -0.438975 -0.445813 -0.432851 -0.451314 -0.421489 -0.46347 -0.405453 -0.48396 -0.382565 -0.512317 -0.35237 -0.551801 -0.300766 -0.647663 
20.7 -13.9103 0.828504 2 4 8 16 24 26 34 36 38 40 43 43 45 46 46 47 47 45 45 43 43 40 38 35 34 27 24 16 8 4 2 -0.647972 -0.300415 -0.552589 -0.35152 -0.513381 -0.38161 -0.48517 -0.404392 -0.464482 -0.420539 -0.451888 -0.432266 -0.446027 -0.438588 -0.444143 -0.440356 -0.444143 -0.438586 -0.44603 -0.432257 -0.4519 -0.420531 -0.464482 -0.404396 -0.485168 -0.38161 -0.513378 -0.351525 -0.552586 -0.300414 -0.647974 
20.8 -13.9103 0.830881 2 4 8 16 24 26 34 36 38 40 43 43 45 46 47 47 48 45 46 43 43 40 38 35 34 27 24 16 8 4 2 -0.648269 -0.300076 -0.553341 -0.350716 -0.514406 -0.380682 -0.486371 -0.403329 -0.465517 -0.419575 -0.452498 -0.431651 -0.446261 -0.438177 -0.444241 -0.440113 -0.444243 -0.438175 -0.446264 -0.431642 -0.452511 -0.419566 -0.465519 -0.40333 -0.486372 -0.380681 -0.514402 -0.350721 -0.553338 -0.300075 -0.648271 
20.9 -13.9103 0.833316 2 4 8 16 24 26 34 36 38 40 43 43 46 46 49 47 48 45 46 43 44 40 38 35 34 27 24 16 8 4 2 -0.648554 -0.29975 -0.554057 -0.349954 -0.515394 -0.379778 -0.487568 -0.402259 -0.466576 -0.418607 -0.453132 -0.431015 -0.446514 -0.437745 -0.444347 -0.439851 -0.444351 -0.43774 -0.446517 -0.431007 -0.453145 -0.418596 -0.466581 -0.402257 -0.487571 -0.379777 -0.515391 -0.349958 -0.554055 -0.299749 -0.648555 
21 -13.9104 0.83581 2 4 8 16 24 27 34 36 38 40 43 43 47 46 49 48 48 45 46 44 44 40 38 35 34 27 24 16 8 4 2 -0.648826 -0.299437 -0.554737 -0.349236 -0.516347 -0.378898 -0.488759 -0.401181 -0.467657 -0.417635 -0.45379 -0.430357 -0.446785 -0.437289 -0.444461 -0.439569 -0.444467 -0.437284 -0.446789 -0.43035 -0.453803 -0.417623 -0.467664 -0.401176 -0.488764 -0.378896 -0.516343 -0.34924 -0.554736 -0.299436 -0.648827 
21.1 -13.9104 0.838366 2 4 8 16 24 27 34 36 38 40 44 43 47 46 50 48 49 46 46 44 44 40 38 35 34 27 24 16 8 4 2 -0.649087 -0.299136 -0.555382 -0.348563 -0.517264 -0.378039 -0.489943 -0.400099 -0.468757 -0.416662 -0.454471 -0.429678 -0.447078 -0.436812 -0.444585 -0.439264 -0.444592 -0.436805 -0.447081 -0.429671 -0.454482 -0.41665 -0.468767 -0.400091 -0.489949 -0.378037 -0.517261 -0.348566 -0.555381 -0.299135 -0.649087 
21.2 -13.9104 0.840986 2 4 8 16 24 27 34 36 38 40 44 43 47 47 50 49 50 46 47 44 45 40 38 35 34 27 24 16 8 4 2 -0.649336 -0.298847 -0.55599 -0.347936 -0.518147 -0.377202 -0.491118 -0.399013 -0.469875 -0.415689 -0.455174 -0.428976 -0.447391 -0.436312 -0.444718 -0.438936 -0.444726 -0.436304 -0.447395 -0.42897 -0.455185 -0.415677 -0.469886 -0.399003 -0.491126 -0.3772 -0.518144 -0.347937 -0.55599 -0.298846 -0.649337 
21.3 -13.9104 0.843673 2 4 8 16 24 27 34 36 38 40 44 44 47 47 50 49 50 47 47 44 45 40 38 35 34 27 24 16 8 4 2 -0.649575 -0.298569 -0.556561 -0.347353 -0.518996 -0.376384 -0.492284 -0.397927 -0.471007 -0.414719 -0.455901 -0.428251 -0.447727 -0.435791 -0.44486 -0.438583 -0.444869 -0.435783 -0.447731 -0.428247 -0.455909 -0.414707 -0.47102 -0.397915 -0.492293 -0.376381 -0.518994 -0.347353 -0.556562 -0.298568 -0.649575 
21.4 -13.9104 0.846427 2 4 8 16 24 27 34 36 38 40 44 44 47 48 51 50 51 47 48 44 45 40 38 35 34 27 24 16 8 4 2 -0.649802 -0.298303 -0.557095 -0.346816 -0.519814 -0.375584 -0.493438 -0.396843 -0.472151 -0.413752 -0.456649 -0.427503 -0.448087 -0.43525 -0.445012 -0.438204 -0.445021 -0.43524 -0.44809 -0.4275 -0.456656 -0.413741 -0.472164 -0.39683 -0.493448 -0.375582 -0.519812 -0.346814 -0.557098 -0.298302 -0.649803 
21.5 -13.9104 0.849251 2 4 8 16 24 27 34 36 39 40 44 44 47 48 51 50 51 48 48 44 45 40 39 35 34 27 24 16 8 4 2 -0.65002 -0.298049 -0.557592 -0.346323 -0.520602 -0.374801 -0.49458 -0.395763 -0.473302 -0.412789 -0.45742 -0.426733 -0.448471 -0.434687 -0.445174 -0.437798 -0.445184 -0.434678 -0.448474 -0.426731 -0.457425 -0.41278 -0.473315 -0.395749 -0.49459 -0.374799 -0.5206 -0.34632 -0.557596 -0.298048 -0.65002 
21.6 -13.9104 0.852145 2 4 8 16 24 27 34 36 39 40 44 44 47 48 52 51 51 48 48 44 45 40 39 35 34 27 24 16 8 4 2 -0.650227 -0.297807 -0.558053 -0.345873 -0.52136 -0.374033 -0.495708 -0.394691 -0.474458 -0.411832 -0.458212 -0.42594 -0.448879 -0.434105 -0.445348 -0.437364 -0.445357 -0.434096 -0.448882 -0.425939 -0.458216 -0.411825 -0.47447 -0.394678 -0.495717 -0.374032 -0.521359 -0.345869 -0.558058 -0.297806 -0.650226 
21.7 -13.9104 0.85511 2 4 8 16 24 27 34 36 39 40 44 44 47 49 53 51 52 48 49 44 45 40 39 35 34 27 24 16 8 4 2 -0.650423 -0.297577 -0.558478 -0.345465 -0.522091 -0.373281 -0.496819 -0.393631 -0.475615 -0.410882 -0.459027 -0.425124 -0.449313 -0.433503 -0.445532 -0.436901 -0.44554 -0.433495 -0.449316 -0.425124 -0.459028 -0.410877 -0.475626 -0.393618 -0.496827 -0.37328 -0.52209 -0.345459 -0.558483 -0.297577 -0.650422 
21.8 -13.9104 0.858145 2 4 8 16 24 27 34 36 39 40 44 44 47 50 53 52 53 49 49 44 45 40 39 35 34 27 24 16 8 4 2 -0.650609 -0.297361 -0.558867 -0.345096 -0.522796 -0.372542 -0.497913 -0.392585 -0.476771 -0.409938 -0.459863 -0.424287 -0.449772 -0.432882 -0.445728 -0.436409 -0.445735 -0.432875 -0.449774 -0.424288 -0.459862 -0.409935 -0.47678 -0.392574 -0.497919 -0.372542 -0.522796 -0.34509 -0.558874 -0.29736 -0.650608 
21.9 -13.9104 0.86125 2 4 8 16 24 27 34 36 39 40 44 44 49 50 53 53 53 49 49 44 45 40 39 35 34 27 24 16 8 4 2 -0.650783 -0.297158 -0.559222 -0.344766 -0.523477 -0.371818 -0.498986 -0.391556 -0.477921 -0.409002 -0.46072 -0.423429 -0.450256 -0.432243 -0.445936 -0.435887 -0.445941 -0.432238 -0.450258 -0.42343 -0.460718 -0.409001 -0.477928 -0.391548 -0.498991 -0.371819 -0.523477 -0.344758 -0.559229 -0.297158 -0.650782 
22 -13.9104 0.864423 2 4 8 16 24 27 34 36 39 40 44 44 49 50 53 54 53 49 49 44 45 40 39 35 34 27 24 16 8 4 2 -0.650947 -0.29697 -0.559545 -0.34447 -0.524135 -0.371107 -0.500038 -0.390549 -0.479062 -0.408073 -0.461598 -0.42255 -0.450765 -0.431586 -0.446157 -0.435335 -0.44616 -0.431583 -0.450766 -0.422553 -0.461594 -0.408074 -0.479067 -0.390543 -0.50004 -0.371109 -0.524136 -0.344461 -0.559551 -0.29697 -0.650946 
22.1 -13.9104 0.867662 2 4 8 16 24 27 34 36 39 40 44 44 49 50 54 54 53 50 49 44 45 40 39 35 34 27 24 16 8 4 2 -0.651099 -0.296796 -0.559835 -0.344206 -0.524771 -0.37041 -0.501066 -0.389566 -0.480193 -0.407151 -0.462496 -0.421654 -0.451298 -0.430913 -0.446391 -0.434752 -0.446392 -0.430912 -0.451298 -0.421657 -0.46249 -0.407155 -0.480195 -0.389563 -0.501066 -0.370413 -0.524772 -0.344198 -0.559841 -0.296797 -0.651098 
22.2 -13.9104 0.870965 2 4 8 16 24 27 34 36 39 40 44 44 49 50 54 54 54 50 49 44 45 40 39 35 34 27 24 16 8 4 2 -0.65124 -0.296637 -0.560095 -0.343972 -0.525387 -0.369728 -0.502069 -0.38861 -0.481309 -0.406237 -0.463414 -0.420741 -0.451854 -0.430223 -0.446639 -0.43414 -0.446637 -0.430224 -0.451853 -0.420745 -0.463406 -0.406244 -0.481308 -0.38861 -0.502066 -0.369732 -0.525387 -0.343964 -0.560101 -0.296639 -0.651238 
22.3 -13.9105 0.874327 2 4 8 16 24 27 34 36 39 40 44 44 50 51 54 56 54 51 49 44 45 40 39 35 34 27 24 16 8 4 2 -0.651369 -0.296494 -0.560328 -0.343764 -0.525982 -0.369062 -0.503043 -0.387684 -0.482409 -0.40533 -0.464349 -0.419813 -0.452432 -0.429517 -0.446901 -0.433498 -0.446896 -0.429521 -0.45243 -0.419818 -0.46434 -0.405339 -0.482405 -0.387687 -0.503038 -0.369067 -0.525983 -0.343757 -0.560333 -0.296496 -0.651367 
22.4 -13.9105 0.877743 2 4 8 16 24 27 34 36 39 40 44 44 50 51 54 56 54 51 49 44 45 40 40 35 34 27 24 16 8 4 2 -0.651487 -0.296366 -0.560535 -0.34358 -0.526558 -0.368412 -0.503989 -0.38679 -0.483491 -0.40443 -0.465301 -0.418873 -0.453031 -0.428797 -0.447176 -0.432828 -0.447169 -0.428804 -0.453028 -0.418878 -0.465291 -0.404441 -0.483484 -0.386796 -0.503981 -0.368418 -0.526558 -0.343573 -0.560538 -0.296369 -0.651485 
22.5 -13.9105 0.881208 2 4 8 16 24 27 34 36 41 40 44 44 50 51 55 57 55 52 49 44 45 40 40 35 34 27 24 16 8 4 2 -0.651592 -0.296255 -0.560718 -0.343416 -0.527114 -0.36778 -0.504903 -0.385929 -0.484552 -0.403537 -0.466268 -0.417923 -0.45365 -0.428063 -0.447466 -0.43213 -0.447457 -0.428073 -0.453645 -0.417929 -0.466257 -0.403549 -0.484543 -0.385938 -0.504893 -0.367787 -0.527114 -0.34341 -0.56072 -0.296258 -0.65159 
22.6 -13.9105 0.884714 2 4 8 16 24 27 34 36 41 40 44 44 50 51 55 57 55 52 49 44 45 40 40 35 34 27 24 16 8 4 2 -0.651685 -0.296158 -0.56088 -0.343269 -0.527651 -0.367169 -0.505783 -0.385104 -0.485593 -0.40265 -0.467249 -0.416965 -0.454285 -0.427316 -0.447771 -0.431406 -0.447759 -0.427328 -0.454279 -0.416973 -0.467237 -0.402663 -0.485581 -0.385116 -0.505772 -0.367175 -0.527651 -0.343264 -0.560881 -0.296162 -0.651683 
22.7 -13.9105 0.888253 2 4 8 16 24 27 34 36 41 40 44 44 50 51 55 57 55 52 49 44 45 40 40 35 34 27 24 16 8 4 2 -0.651767 -0.296078 -0.561023 -0.343136 -0.528168 -0.36658 -0.50663 -0.384315 -0.48661 -0.401769 -0.468241 -0.416004 -0.454937 -0.426557 -0.44809 -0.430658 -0.448076 -0.426572 -0.454928 -0.416013 -0.468228 -0.401783 -0.486597 -0.384329 -0.506618 -0.366586 -0.528168 -0.343132 -0.561023 -0.296082 -0.651765 
22.8 -13.9105 0.891817 2 4 8 16 24 27 34 36 41 40 44 44 50 52 55 57 55 52 50 44 45 40 40 35 34 27 24 16 8 4 2 -0.651837 -0.296012 -0.561151 -0.343014 -0.528666 -0.366014 -0.507441 -0.383563 -0.487605 -0.400893 -0.469242 -0.415042 -0.455601 -0.425788 -0.448423 -0.429889 -0.448408 -0.425804 -0.455592 -0.415052 -0.469228 -0.400908 -0.48759 -0.383578 -0.507428 -0.366021 -0.528665 -0.343012 -0.561149 -0.296017 -0.651834 
22.9 -13.9105 0.895394 2 4 8 16 24 27 34 36 41 40 44 44 50 52 55 57 55 52 50 44 45 40 40 35 34 27 24 16 8 4 2 -0.651895 -0.295961 -0.561265 -0.3429 -0.529142 -0.365476 -0.508214 -0.382848 -0.488576 -0.400023 -0.470249 -0.414082 -0.456278 -0.425008 -0.44877 -0.429101 -0.448754 -0.425026 -0.456266 -0.414093 -0.470234 -0.400039 -0.48856 -0.382864 -0.508201 -0.365481 -0.529142 -0.3429 -0.561262 -0.295965 -0.651892 
23 -13.9105 0.898973 2 4 8 16 24 27 34 36 41 40 44 44 50 52 56 57 55 52 50 44 45 40 40 35 34 27 24 16 8 4 2 -0.651941 -0.295923 -0.561368 -0.342792 -0.529597 -0.364965 -0.50895 -0.38217 -0.489523 -0.399159 -0.471259 -0.413126 -0.456963 -0.424221 -0.449129 -0.428296 -0.449113 -0.424239 -0.45695 -0.413139 -0.471244 -0.399175 -0.489507 -0.382186 -0.508938 -0.364969 -0.529597 -0.342793 -0.561364 -0.295928 -0.651939 
23.1 -13.9105 0.902541 2 4 8 16 24 27 34 36 41 40 44 44 50 52 56 57 56 52 50 44 45 40 40 35 34 27 24 16 8 4 2 -0.651977 -0.295898 -0.561463 -0.342688 -0.53003 -0.364485 -0.509648 -0.381529 -0.490446 -0.398301 -0.47227 -0.412179 -0.457656 -0.423426 -0.449501 -0.427479 -0.449485 -0.423445 -0.457641 -0.412193 -0.472255 -0.398317 -0.49043 -0.381544 -0.509637 -0.364488 -0.53003 -0.34269 -0.561458 -0.295902 -0.651976 
23.2 -13.9105 0.906086 2 4 8 16 24 27 34 36 41 40 44 44 50 52 56 58 56 52 50 44 45 40 40 35 34 27 24 16 8 4 2 -0.652003 -0.295885 -0.561552 -0.342586 -0.53044 -0.364037 -0.510307 -0.380922 -0.491345 -0.397449 -0.473278 -0.411244 -0.458353 -0.422625 -0.449884 -0.426653 -0.449869 -0.422644 -0.458338 -0.411259 -0.473262 -0.397464 -0.49133 -0.380937 -0.510298 -0.364038 -0.530441 -0.342589 -0.561547 -0.295889 -0.652002 
23.3 -13.9105 0.909591 2 4 8 16 24 27 34 36 41 40 44 44 50 53 56 58 56 52 50 44 45 40 40 35 34 27 24 16 8 4 2 -0.652018 -0.295883 -0.561636 -0.342484 -0.530826 -0.363623 -0.510928 -0.38035 -0.492221 -0.396605 -0.474279 -0.410322 -0.459053 -0.421821 -0.450277 -0.425821 -0.450263 -0.421839 -0.459037 -0.410339 -0.474264 -0.396619 -0.492207 -0.380363 -0.51092 -0.363623 -0.530827 -0.342488 -0.561631 -0.295886 -0.652018 
