time energy SvN bondDim localEnergy 
0 -9.77266 0.0316936 2 4 4 4 4 4 4 4 4 4 4 4 4 4 4 4 4 4 4 4 4 4 4 4 4 4 4 4 4 4 2 -0.322884 -0.314025 -0.314599 -0.314579 -0.314581 -0.314581 -0.314583 -0.314587 -0.314597 -0.314623 -0.314678 -0.314784 -0.314955 -0.315175 -0.315373 -0.315455 -0.315373 -0.315175 -0.314955 -0.314784 -0.314678 -0.314623 -0.314597 -0.314587 -0.314583 -0.314581 -0.314581 -0.314579 -0.314599 -0.314025 -0.322884 
0.1 -9.77295 0.0317348 2 4 4 4 4 4 4 4 4 4 4 4 4 4 4 4 4 4 4 4 4 4 4 4 4 4 4 4 4 4 2 -0.322885 -0.314025 -0.3146 -0.31458 -0.314581 -0.314582 -0.314583 -0.314588 -0.314599 -0.314625 -0.314684 -0.314795 -0.314976 -0.315207 -0.315416 -0.315501 -0.315416 -0.315207 -0.314976 -0.314795 -0.314684 -0.314626 -0.314599 -0.314588 -0.314583 -0.314582 -0.314581 -0.31458 -0.3146 -0.314025 -0.322884 
0.2 -9.77401 0.031888 2 4 4 4 4 4 4 4 4 4 4 4 4 4 4 4 4 4 4 4 4 4 4 4 4 4 4 4 4 4 2 -0.322886 -0.314027 -0.314601 -0.314581 -0.314583 -0.314583 -0.314585 -0.31459 -0.314604 -0.314636 -0.314705 -0.314838 -0.315052 -0.315326 -0.315573 -0.315674 -0.315573 -0.315326 -0.315052 -0.314838 -0.314705 -0.314636 -0.314604 -0.31459 -0.314585 -0.314583 -0.314583 -0.314581 -0.314601 -0.314027 -0.322885 
0.3 -9.77606 0.0321893 2 4 4 4 4 4 4 4 4 4 4 4 4 4 4 4 4 4 4 4 4 4 4 4 4 4 4 4 4 4 2 -0.322888 -0.314028 -0.314603 -0.314583 -0.314584 -0.314585 -0.314588 -0.314594 -0.314612 -0.314654 -0.314745 -0.31492 -0.315201 -0.315559 -0.31588 -0.316011 -0.31588 -0.315559 -0.315201 -0.31492 -0.314745 -0.314654 -0.314612 -0.314594 -0.314588 -0.314585 -0.314584 -0.314583 -0.314603 -0.314028 -0.322886 
0.4 -9.77899 0.0326286 2 4 4 4 4 4 4 4 4 4 4 4 4 4 4 4 4 4 4 4 4 4 4 4 4 4 4 4 4 4 2 -0.322889 -0.314029 -0.314604 -0.314584 -0.314585 -0.314586 -0.31459 -0.314599 -0.314623 -0.314679 -0.314803 -0.315038 -0.315416 -0.315896 -0.316325 -0.316501 -0.316325 -0.315896 -0.315416 -0.315038 -0.314803 -0.314679 -0.314623 -0.314599 -0.31459 -0.314586 -0.314585 -0.314584 -0.314604 -0.314029 -0.322887 
0.5 -9.78249 0.0331607 2 4 4 4 4 4 4 4 4 4 4 4 4 4 4 4 4 4 4 4 4 4 4 4 4 4 4 4 4 4 2 -0.322889 -0.314029 -0.314604 -0.314584 -0.314585 -0.314587 -0.314591 -0.314603 -0.314634 -0.314709 -0.31487 -0.315178 -0.315673 -0.3163 -0.316862 -0.317091 -0.316862 -0.3163 -0.315673 -0.315178 -0.31487 -0.314709 -0.314634 -0.314603 -0.314591 -0.314587 -0.314585 -0.314584 -0.314604 -0.314029 -0.322887 
0.6 -9.78619 0.033734 2 4 4 4 4 4 4 4 4 4 4 4 4 4 4 4 4 4 4 4 4 4 4 4 4 4 4 4 4 4 2 -0.322889 -0.314028 -0.314603 -0.314583 -0.314584 -0.314586 -0.314592 -0.314607 -0.314646 -0.314739 -0.31494 -0.315326 -0.315945 -0.316731 -0.317435 -0.317724 -0.317435 -0.316731 -0.315945 -0.315326 -0.31494 -0.314739 -0.314646 -0.314607 -0.314592 -0.314586 -0.314584 -0.314583 -0.314603 -0.314028 -0.322887 
0.7 -9.78993 0.0343219 2 4 4 4 4 4 4 4 4 4 4 4 4 4 4 4 4 4 4 4 4 4 4 4 4 4 4 4 4 4 2 -0.322887 -0.314026 -0.314601 -0.314581 -0.314583 -0.314585 -0.314592 -0.31461 -0.314657 -0.314768 -0.315011 -0.315474 -0.31622 -0.317168 -0.318018 -0.318367 -0.318018 -0.317168 -0.31622 -0.315475 -0.315011 -0.314768 -0.314657 -0.31461 -0.314592 -0.314585 -0.314583 -0.314581 -0.314601 -0.314026 -0.322886 
0.8 -9.79386 0.0349429 2 4 4 4 4 4 4 4 4 4 4 4 4 4 4 4 4 4 4 4 4 4 4 4 4 4 4 4 4 4 2 -0.322885 -0.314025 -0.3146 -0.31458 -0.314582 -0.314585 -0.314593 -0.314614 -0.314669 -0.3148 -0.315086 -0.315632 -0.316508 -0.317625 -0.318628 -0.31904 -0.318628 -0.317625 -0.316508 -0.315632 -0.315086 -0.3148 -0.314669 -0.314614 -0.314593 -0.314585 -0.314582 -0.31458 -0.3146 -0.314025 -0.322885 
0.9 -9.79843 0.0356605 2 4 4 4 4 4 4 4 4 4 4 4 4 4 4 4 4 4 4 4 4 4 4 4 4 4 4 4 4 4 2 -0.322884 -0.314025 -0.3146 -0.31458 -0.314582 -0.314585 -0.314594 -0.31462 -0.314684 -0.31484 -0.315176 -0.315817 -0.316846 -0.318153 -0.319326 -0.319807 -0.319326 -0.318153 -0.316846 -0.315817 -0.315176 -0.31484 -0.314684 -0.31462 -0.314594 -0.314585 -0.314582 -0.31458 -0.3146 -0.314025 -0.322884 
1 -9.80422 0.0365661 2 4 4 4 4 4 4 4 4 4 4 4 4 4 4 4 4 4 4 4 4 4 4 4 4 4 4 4 4 4 2 -0.322884 -0.314026 -0.3146 -0.314581 -0.314583 -0.314587 -0.314598 -0.314628 -0.314706 -0.314892 -0.315294 -0.316058 -0.317277 -0.318819 -0.320196 -0.32076 -0.320196 -0.318819 -0.317277 -0.316058 -0.315294 -0.314892 -0.314706 -0.314628 -0.314598 -0.314587 -0.314583 -0.314581 -0.3146 -0.314026 -0.322884 
1.1 -9.81178 0.0377539 2 4 4 4 4 4 4 4 4 4 4 4 4 4 4 4 4 4 4 4 4 4 4 4 4 4 4 4 4 4 2 -0.322885 -0.314027 -0.314602 -0.314582 -0.314585 -0.31459 -0.314603 -0.31464 -0.314735 -0.314962 -0.315452 -0.316378 -0.317846 -0.319687 -0.321321 -0.321987 -0.321321 -0.319687 -0.317846 -0.316378 -0.315452 -0.314962 -0.314735 -0.31464 -0.314603 -0.31459 -0.314585 -0.314582 -0.314602 -0.314027 -0.322885 
1.2 -9.82148 0.0393 2 4 4 4 4 4 4 4 4 4 4 4 4 4 4 4 4 4 4 4 4 4 4 4 4 4 4 4 4 4 2 -0.322887 -0.314029 -0.314603 -0.314584 -0.314587 -0.314593 -0.31461 -0.314655 -0.314773 -0.315053 -0.315657 -0.316793 -0.318581 -0.320803 -0.322758 -0.32355 -0.322758 -0.320803 -0.318582 -0.316793 -0.315657 -0.315053 -0.314773 -0.314655 -0.31461 -0.314593 -0.314587 -0.314584 -0.314603 -0.314029 -0.322886 
1.3 -9.83348 0.0412546 2 4 4 4 4 4 4 4 4 4 4 4 4 4 4 4 4 4 4 4 4 4 4 4 4 4 4 4 4 4 2 -0.322889 -0.314029 -0.314604 -0.314585 -0.314589 -0.314596 -0.314617 -0.314673 -0.314819 -0.315166 -0.315912 -0.317309 -0.319494 -0.322186 -0.324533 -0.325479 -0.324533 -0.322186 -0.319494 -0.317309 -0.315912 -0.315166 -0.314819 -0.314673 -0.314617 -0.314596 -0.314589 -0.314585 -0.314604 -0.31403 -0.322887 
1.4 -9.84777 0.0436493 2 4 4 4 4 4 4 4 4 4 4 4 4 4 4 4 4 4 4 4 4 4 4 4 4 4 4 4 4 4 2 -0.322889 -0.314029 -0.314604 -0.314585 -0.314589 -0.314598 -0.314624 -0.314694 -0.314873 -0.315301 -0.316217 -0.317927 -0.320586 -0.323836 -0.326649 -0.327777 -0.326649 -0.323836 -0.320586 -0.317927 -0.316217 -0.315301 -0.314873 -0.314694 -0.314624 -0.314598 -0.314589 -0.314585 -0.314604 -0.314029 -0.322887 
1.5 -9.86438 0.0465149 2 4 4 4 4 4 4 4 4 4 4 4 4 4 4 4 4 4 4 4 4 4 4 4 4 4 4 4 4 4 2 -0.322889 -0.314027 -0.314603 -0.314584 -0.314589 -0.3146 -0.314631 -0.314717 -0.314936 -0.315458 -0.316575 -0.31865 -0.321857 -0.325753 -0.329101 -0.330438 -0.329101 -0.325753 -0.321857 -0.31865 -0.316575 -0.315458 -0.314936 -0.314717 -0.314631 -0.3146 -0.314589 -0.314584 -0.314603 -0.314028 -0.322887 
1.6 -9.88341 0.0498987 2 4 4 4 4 4 4 4 4 4 4 4 4 4 4 4 4 4 4 4 4 4 4 4 4 4 4 4 4 4 2 -0.322888 -0.314026 -0.314601 -0.314583 -0.314588 -0.314602 -0.31464 -0.314744 -0.315011 -0.315644 -0.316993 -0.319489 -0.323323 -0.327948 -0.331894 -0.333462 -0.331894 -0.327948 -0.323324 -0.319489 -0.316994 -0.315644 -0.315011 -0.314744 -0.31464 -0.314602 -0.314588 -0.314583 -0.314601 -0.314026 -0.322886 
1.7 -9.90516 0.0538761 2 4 4 4 4 4 4 4 4 4 4 4 4 4 4 4 4 4 4 4 4 4 4 4 4 4 4 4 4 4 2 -0.322886 -0.314025 -0.3146 -0.314582 -0.314589 -0.314605 -0.314651 -0.314777 -0.315101 -0.315866 -0.31749 -0.320472 -0.325016 -0.330447 -0.335044 -0.336862 -0.335044 -0.330447 -0.325016 -0.320472 -0.31749 -0.315866 -0.315101 -0.314777 -0.314651 -0.314605 -0.314589 -0.314582 -0.3146 -0.314025 -0.322885 
1.8 -9.93007 0.0585524 2 4 4 4 4 4 4 4 4 4 4 4 4 4 4 4 4 4 4 4 4 4 4 4 4 4 4 4 4 4 2 -0.322885 -0.314025 -0.314601 -0.314583 -0.31459 -0.31461 -0.314667 -0.31482 -0.315211 -0.316136 -0.318086 -0.321636 -0.32698 -0.333292 -0.338581 -0.340659 -0.338581 -0.333292 -0.32698 -0.321636 -0.318086 -0.316136 -0.315212 -0.31482 -0.314667 -0.31461 -0.31459 -0.314583 -0.314601 -0.314025 -0.322885 
1.9 -9.95858 0.064056 2 4 4 4 4 4 4 4 4 4 4 4 4 4 4 4 4 4 4 4 4 4 4 4 4 4 4 4 4 4 2 -0.322884 -0.314027 -0.314602 -0.314584 -0.314594 -0.314618 -0.314686 -0.314873 -0.315349 -0.316468 -0.318811 -0.323024 -0.32927 -0.33653 -0.342533 -0.344873 -0.342533 -0.33653 -0.32927 -0.323024 -0.318811 -0.316468 -0.315349 -0.314873 -0.314686 -0.314618 -0.314594 -0.314584 -0.314602 -0.314026 -0.322884 
2 -9.9911 0.0705259 2 4 4 4 4 4 4 4 4 4 4 4 4 4 4 4 4 4 4 4 4 4 4 4 4 4 4 4 4 4 2 -0.322885 -0.314028 -0.314604 -0.314587 -0.314598 -0.314627 -0.314711 -0.314939 -0.315519 -0.316875 -0.319691 -0.324679 -0.331934 -0.340198 -0.346918 -0.349512 -0.346918 -0.340199 -0.331934 -0.324679 -0.319691 -0.316875 -0.315519 -0.314939 -0.314711 -0.314627 -0.314598 -0.314587 -0.314604 -0.314028 -0.322884 
2.1 -10.0279 0.0780978 2 4 4 4 4 4 4 4 4 4 4 4 4 4 4 4 4 4 4 4 4 4 4 4 4 4 4 4 4 4 2 -0.322886 -0.31403 -0.314605 -0.314589 -0.314603 -0.314639 -0.314741 -0.315019 -0.315727 -0.317372 -0.320751 -0.326638 -0.33501 -0.344317 -0.351729 -0.354558 -0.351729 -0.344317 -0.33501 -0.326639 -0.320751 -0.317372 -0.315727 -0.315019 -0.314741 -0.314639 -0.314603 -0.314589 -0.314605 -0.31403 -0.322885 
2.2 -10.069 0.0868912 2 4 4 4 4 4 4 4 4 4 4 4 4 4 4 4 4 4 4 4 4 4 4 4 4 4 4 4 4 4 2 -0.322888 -0.31403 -0.314606 -0.314591 -0.314607 -0.314651 -0.314777 -0.315117 -0.315979 -0.317972 -0.322016 -0.328931 -0.338519 -0.34888 -0.356935 -0.359969 -0.356935 -0.34888 -0.338519 -0.328931 -0.322016 -0.317972 -0.315979 -0.315117 -0.314777 -0.314651 -0.314607 -0.314591 -0.314606 -0.31403 -0.322886 
2.3 -10.1143 0.0969988 2 4 4 4 4 4 4 4 4 4 4 4 4 4 4 4 4 4 4 4 4 4 4 4 4 4 4 4 4 4 2 -0.322889 -0.314029 -0.314606 -0.314592 -0.314611 -0.314665 -0.314819 -0.315234 -0.316283 -0.318689 -0.323507 -0.331578 -0.342462 -0.353855 -0.362473 -0.36567 -0.362473 -0.353855 -0.342463 -0.331578 -0.323507 -0.318689 -0.316283 -0.315234 -0.314819 -0.314665 -0.314611 -0.314592 -0.314606 -0.31403 -0.322887 
2.4 -10.1635 0.108478 2 4 4 4 4 4 4 4 4 4 4 4 4 4 4 4 4 4 4 4 4 4 4 4 4 4 4 4 4 4 2 -0.32289 -0.314028 -0.314605 -0.314592 -0.314616 -0.314682 -0.314869 -0.315375 -0.316647 -0.319541 -0.325248 -0.334595 -0.346824 -0.359184 -0.368257 -0.371567 -0.368257 -0.359184 -0.346824 -0.334596 -0.325249 -0.319541 -0.316647 -0.315375 -0.314869 -0.314682 -0.314616 -0.314592 -0.314605 -0.314028 -0.322888 
2.5 -10.2162 0.121347 2 4 4 4 4 4 4 4 4 4 4 4 4 4 4 4 4 4 4 4 4 4 4 4 4 4 4 4 4 4 2 -0.322889 -0.314027 -0.314605 -0.314593 -0.314622 -0.314702 -0.314931 -0.315545 -0.317085 -0.320551 -0.327268 -0.337993 -0.35157 -0.364787 -0.374182 -0.37755 -0.374182 -0.364787 -0.35157 -0.337993 -0.327268 -0.320551 -0.317085 -0.315545 -0.314931 -0.314702 -0.314622 -0.314593 -0.314604 -0.314027 -0.322887 
2.6 -10.2721 0.135579 2 4 4 4 4 4 4 4 4 4 4 4 4 4 5 5 5 4 4 4 4 4 4 4 4 4 4 4 4 4 2 -0.322888 -0.314026 -0.314605 -0.314595 -0.31463 -0.314728 -0.315006 -0.315753 -0.317612 -0.321746 -0.329594 -0.341773 -0.35665 -0.370569 -0.380134 -0.383501 -0.380134 -0.370569 -0.35665 -0.341773 -0.329594 -0.321746 -0.317613 -0.315753 -0.315006 -0.314728 -0.31463 -0.314595 -0.314605 -0.314026 -0.322887 
2.7 -10.3306 0.151109 2 4 4 4 4 4 4 4 4 4 4 4 4 4 5 5 5 4 4 4 4 4 4 4 4 4 4 4 4 4 2 -0.322886 -0.314027 -0.314606 -0.314599 -0.314641 -0.314761 -0.315099 -0.316006 -0.318247 -0.323156 -0.332254 -0.345929 -0.361997 -0.376422 -0.385999 -0.389307 -0.385999 -0.376422 -0.361997 -0.345929 -0.332255 -0.323156 -0.318247 -0.316006 -0.315099 -0.314761 -0.314641 -0.314599 -0.314606 -0.314027 -0.322886 
2.8 -10.3911 0.167834 2 4 4 4 4 4 4 4 4 4 4 4 4 5 5 5 5 5 4 4 4 4 4 4 4 4 4 4 4 4 2 -0.322885 -0.314029 -0.314609 -0.314605 -0.314656 -0.314802 -0.315214 -0.316315 -0.31901 -0.324812 -0.335275 -0.350441 -0.367532 -0.382238 -0.391669 -0.394867 -0.391669 -0.382238 -0.367532 -0.350441 -0.335275 -0.324812 -0.31901 -0.316315 -0.315214 -0.314802 -0.314656 -0.314605 -0.314609 -0.314029 -0.322885 
2.9 -10.453 0.185617 2 4 4 4 4 4 4 4 4 4 4 4 4 5 5 5 5 5 4 4 4 4 4 4 4 4 4 4 4 4 2 -0.322885 -0.314031 -0.314612 -0.314612 -0.314674 -0.314852 -0.315354 -0.316689 -0.319922 -0.326744 -0.33867 -0.355275 -0.373166 -0.387913 -0.397053 -0.400095 -0.397053 -0.387913 -0.373166 -0.355275 -0.33867 -0.326745 -0.319923 -0.316689 -0.315354 -0.314852 -0.314674 -0.314612 -0.314612 -0.314031 -0.322885 
3 -10.5159 0.204304 2 4 4 4 4 4 4 4 4 4 4 4 5 5 5 5 5 5 5 4 4 4 4 4 4 4 4 4 4 4 2 -0.322886 -0.314033 -0.314615 -0.314619 -0.314695 -0.314912 -0.315524 -0.317141 -0.321008 -0.328982 -0.342446 -0.360377 -0.378801 -0.393351 -0.402076 -0.404927 -0.402076 -0.393351 -0.378801 -0.360377 -0.342446 -0.328982 -0.321008 -0.317141 -0.315524 -0.314912 -0.314695 -0.314619 -0.314615 -0.314033 -0.322886 
3.1 -10.5791 0.223728 2 4 4 4 4 4 4 4 4 4 4 4 5 5 6 6 6 5 5 4 4 4 4 4 4 4 4 4 4 4 2 -0.322888 -0.314034 -0.314618 -0.314628 -0.314719 -0.314985 -0.31573 -0.317683 -0.322291 -0.331547 -0.346591 -0.365681 -0.384342 -0.398474 -0.406686 -0.409325 -0.406686 -0.398474 -0.384342 -0.365681 -0.346591 -0.331548 -0.322291 -0.317684 -0.31573 -0.314985 -0.314719 -0.314628 -0.314618 -0.314034 -0.322887 
3.2 -10.6423 0.24372 2 4 4 4 4 4 4 4 4 4 4 5 5 5 6 7 6 5 5 5 4 4 4 4 4 4 4 4 4 4 2 -0.322891 -0.314034 -0.31462 -0.314636 -0.314748 -0.315072 -0.315977 -0.318334 -0.323797 -0.334459 -0.351079 -0.371103 -0.389698 -0.403222 -0.410854 -0.413267 -0.410854 -0.403222 -0.389698 -0.371103 -0.351079 -0.334459 -0.323797 -0.318334 -0.315977 -0.315072 -0.314748 -0.314636 -0.31462 -0.314034 -0.322889 
3.3 -10.7051 0.26412 2 4 4 4 4 4 4 4 4 4 4 5 5 6 7 7 7 6 5 5 4 4 4 4 4 4 4 4 4 4 2 -0.322892 -0.314033 -0.314622 -0.314647 -0.314783 -0.315178 -0.316277 -0.31911 -0.325553 -0.337726 -0.355868 -0.376556 -0.394791 -0.407555 -0.414571 -0.416755 -0.41457 -0.407555 -0.394791 -0.376556 -0.355869 -0.337727 -0.325554 -0.319111 -0.316277 -0.315178 -0.314783 -0.314647 -0.314622 -0.314033 -0.32289 
3.4 -10.7671 0.284783 2 4 4 4 4 4 4 4 4 4 4 5 5 7 7 8 7 7 5 5 4 4 4 4 4 4 4 4 4 4 2 -0.322892 -0.314033 -0.314626 -0.31466 -0.314826 -0.315306 -0.316639 -0.320035 -0.327586 -0.341352 -0.3609 -0.381946 -0.399556 -0.411454 -0.417843 -0.419806 -0.417843 -0.411454 -0.399556 -0.381946 -0.3609 -0.341352 -0.327586 -0.320035 -0.316639 -0.315306 -0.314826 -0.31466 -0.314626 -0.314033 -0.32289 
3.5 -10.8282 0.305584 2 4 4 4 4 4 4 4 4 4 4 5 6 7 8 8 8 7 6 5 4 4 4 4 4 4 4 4 4 4 2 -0.322892 -0.314034 -0.314631 -0.314677 -0.314879 -0.315464 -0.317077 -0.321133 -0.32992 -0.345326 -0.366102 -0.387185 -0.403947 -0.414918 -0.420694 -0.422446 -0.420693 -0.414918 -0.403947 -0.387185 -0.366102 -0.345326 -0.329921 -0.321133 -0.317077 -0.315464 -0.314879 -0.314677 -0.314631 -0.314034 -0.32289 
3.6 -10.8882 0.326419 2 4 4 4 4 4 4 4 4 4 5 5 6 8 8 8 8 8 6 5 5 4 4 4 4 4 4 4 4 4 2 -0.322891 -0.314037 -0.314638 -0.314699 -0.314945 -0.315657 -0.317605 -0.322428 -0.332578 -0.349627 -0.371393 -0.392193 -0.407937 -0.41796 -0.423154 -0.424714 -0.423154 -0.41796 -0.407937 -0.392193 -0.371393 -0.349627 -0.332579 -0.322429 -0.317605 -0.315657 -0.314945 -0.314699 -0.314638 -0.314037 -0.32289 
3.7 -10.947 0.347206 2 4 4 4 4 4 4 4 4 4 5 5 7 8 8 8 8 8 7 5 5 4 4 4 4 4 4 4 4 4 2 -0.32289 -0.314041 -0.314648 -0.314727 -0.315027 -0.315892 -0.31824 -0.323949 -0.335576 -0.354218 -0.376685 -0.396904 -0.411516 -0.420607 -0.425263 -0.426648 -0.425262 -0.420607 -0.411516 -0.396904 -0.376685 -0.354218 -0.335577 -0.323949 -0.31824 -0.315892 -0.315027 -0.314727 -0.314648 -0.314041 -0.32289 
3.8 -11.0046 0.367882 2 4 4 4 4 4 4 4 4 4 5 6 7 8 8 8 8 8 7 6 5 4 4 4 4 4 4 4 4 4 2 -0.322891 -0.314047 -0.31466 -0.314761 -0.315126 -0.316176 -0.319 -0.325721 -0.338922 -0.359049 -0.381891 -0.401269 -0.414691 -0.422891 -0.42706 -0.428292 -0.42706 -0.422891 -0.414691 -0.401269 -0.381891 -0.359049 -0.338922 -0.325722 -0.319001 -0.316176 -0.315126 -0.314761 -0.31466 -0.314046 -0.322891 
3.9 -11.061 0.388401 2 4 4 4 4 4 4 4 4 4 5 6 8 8 8 9 8 8 8 6 5 4 4 4 4 4 4 4 4 4 2 -0.322893 -0.314052 -0.314674 -0.314801 -0.315246 -0.31652 -0.319906 -0.32777 -0.342613 -0.364057 -0.386928 -0.405256 -0.417479 -0.424852 -0.428588 -0.429686 -0.428587 -0.424852 -0.417479 -0.405256 -0.386928 -0.364057 -0.342614 -0.327771 -0.319906 -0.31652 -0.315246 -0.314801 -0.314674 -0.314051 -0.322893 
4 -11.1161 0.408727 2 4 4 4 4 4 4 4 4 5 5 7 8 8 9 9 9 8 8 7 5 5 4 4 4 4 4 4 4 4 2 -0.322896 -0.314056 -0.314689 -0.314849 -0.315391 -0.316934 -0.320979 -0.330119 -0.346636 -0.369168 -0.391724 -0.40885 -0.419909 -0.42653 -0.429885 -0.430868 -0.429885 -0.42653 -0.419909 -0.40885 -0.391724 -0.369169 -0.346636 -0.330119 -0.32098 -0.316934 -0.315391 -0.314849 -0.314689 -0.314056 -0.322895 
4.1 -11.1701 0.428837 2 4 4 4 4 4 4 4 4 5 5 7 8 8 9 10 9 8 8 7 5 5 4 4 4 4 4 4 4 4 2 -0.3229 -0.314061 -0.314707 -0.314907 -0.315565 -0.317431 -0.322244 -0.332785 -0.350962 -0.374302 -0.396219 -0.412054 -0.422016 -0.427965 -0.430988 -0.431873 -0.430988 -0.427964 -0.422016 -0.412053 -0.396219 -0.374302 -0.350963 -0.332785 -0.322245 -0.317431 -0.315565 -0.314907 -0.314707 -0.314061 -0.322899 
4.2 -11.223 0.448711 2 4 4 4 4 4 4 4 4 5 6 8 8 9 10 10 10 9 8 8 6 5 4 4 4 4 4 4 4 4 2 -0.322905 -0.314066 -0.314728 -0.314976 -0.315777 -0.318028 -0.323727 -0.335782 -0.355552 -0.379376 -0.40037 -0.414881 -0.423837 -0.429192 -0.431929 -0.432731 -0.43193 -0.429192 -0.423838 -0.414881 -0.40037 -0.379376 -0.355552 -0.335782 -0.323727 -0.318028 -0.315777 -0.314976 -0.314728 -0.314066 -0.322903 
4.3 -11.2749 0.468335 2 4 4 4 4 4 4 4 4 5 6 8 8 9 10 10 10 9 8 8 6 5 4 4 4 4 4 4 4 4 2 -0.322908 -0.314073 -0.314755 -0.315062 -0.316035 -0.318743 -0.325453 -0.339114 -0.36035 -0.384309 -0.404151 -0.417357 -0.42541 -0.430248 -0.432737 -0.433467 -0.432738 -0.430247 -0.425411 -0.417357 -0.404151 -0.384309 -0.36035 -0.339114 -0.325453 -0.318743 -0.316035 -0.315062 -0.314755 -0.314073 -0.322906 
4.4 -11.3258 0.487698 2 4 4 4 4 4 4 4 5 5 7 8 9 10 10 10 10 10 9 8 7 5 5 4 4 4 4 4 4 4 2 -0.322912 -0.314083 -0.314789 -0.315168 -0.316347 -0.319596 -0.327447 -0.342778 -0.365291 -0.389028 -0.407552 -0.419513 -0.426773 -0.431161 -0.433435 -0.434103 -0.433436 -0.43116 -0.426773 -0.419513 -0.407552 -0.389028 -0.365291 -0.342778 -0.327448 -0.319596 -0.316348 -0.315168 -0.314789 -0.314084 -0.32291 
4.5 -11.376 0.506791 2 4 4 4 4 4 4 4 5 5 7 8 9 10 10 10 10 10 9 8 7 5 5 4 4 4 4 4 4 4 2 -0.322915 -0.314097 -0.314832 -0.315297 -0.316726 -0.32061 -0.329734 -0.346758 -0.3703 -0.393473 -0.410578 -0.421386 -0.427958 -0.431957 -0.434042 -0.434658 -0.434044 -0.431955 -0.427958 -0.421386 -0.410578 -0.393473 -0.3703 -0.346758 -0.329734 -0.32061 -0.316727 -0.315297 -0.314832 -0.314098 -0.322914 
4.6 -11.4254 0.525607 2 4 4 4 4 4 4 4 5 6 8 8 10 10 10 11 10 10 10 8 8 6 5 4 4 4 4 4 4 4 2 -0.32292 -0.314115 -0.314884 -0.315455 -0.317184 -0.321809 -0.33233 -0.351026 -0.375298 -0.397598 -0.413246 -0.423012 -0.428995 -0.432658 -0.434576 -0.435144 -0.434577 -0.432656 -0.428996 -0.423011 -0.413246 -0.397598 -0.375298 -0.351026 -0.332331 -0.321809 -0.317184 -0.315455 -0.314885 -0.314115 -0.322919 
4.7 -11.474 0.544143 2 4 4 4 4 4 4 4 5 6 8 8 10 10 11 11 11 10 10 8 8 6 5 4 4 4 4 4 4 4 2 -0.322926 -0.314137 -0.314948 -0.315647 -0.317734 -0.323216 -0.33525 -0.355542 -0.380205 -0.401372 -0.415583 -0.424426 -0.429912 -0.43328 -0.435048 -0.435575 -0.43505 -0.433278 -0.429913 -0.424426 -0.415583 -0.401372 -0.380205 -0.355543 -0.33525 -0.323216 -0.317735 -0.315647 -0.314948 -0.314137 -0.322926 
4.8 -11.5221 0.562393 2 4 4 4 4 4 4 4 5 7 8 9 10 11 11 12 11 11 10 9 8 7 5 4 4 4 4 4 4 4 2 -0.322935 -0.314161 -0.315025 -0.315878 -0.318393 -0.324856 -0.338498 -0.360254 -0.384944 -0.404781 -0.41762 -0.425664 -0.430729 -0.433838 -0.43547 -0.435958 -0.435472 -0.433836 -0.43073 -0.425664 -0.41762 -0.404781 -0.384944 -0.360254 -0.338498 -0.324857 -0.318393 -0.315879 -0.315025 -0.314161 -0.322935 
4.9 -11.5695 0.580359 2 4 4 4 4 4 4 5 5 7 8 9 10 11 12 13 12 11 10 9 8 7 5 5 4 4 4 4 4 4 2 -0.322948 -0.31419 -0.315117 -0.316158 -0.319179 -0.326754 -0.342071 -0.365096 -0.389451 -0.407826 -0.419395 -0.426755 -0.431464 -0.434344 -0.435849 -0.436303 -0.435852 -0.434341 -0.431465 -0.426755 -0.419395 -0.407826 -0.389451 -0.365096 -0.342071 -0.326755 -0.319179 -0.316158 -0.315117 -0.31419 -0.322947 
5 -11.6164 0.598039 2 4 4 4 4 4 4 5 6 8 8 10 10 11 13 14 13 11 10 10 8 8 6 5 4 4 4 4 4 4 2 -0.322964 -0.314224 -0.315228 -0.316495 -0.320113 -0.328932 -0.345954 -0.369997 -0.39367 -0.410519 -0.420943 -0.427725 -0.432132 -0.434805 -0.436193 -0.436613 -0.436195 -0.434803 -0.432133 -0.427725 -0.420943 -0.410519 -0.39367 -0.369997 -0.345954 -0.328932 -0.320113 -0.316495 -0.315228 -0.314224 -0.322962 
5.1 -11.6628 0.615435 2 4 4 4 4 4 4 5 6 8 8 10 11 13 14 14 14 13 11 10 8 8 6 5 4 4 4 4 4 4 2 -0.322982 -0.314265 -0.315363 -0.316902 -0.321217 -0.331408 -0.350121 -0.374879 -0.397562 -0.412885 -0.4223 -0.428597 -0.432743 -0.435229 -0.436506 -0.436895 -0.436508 -0.435226 -0.432744 -0.428597 -0.422299 -0.412885 -0.397562 -0.374879 -0.350121 -0.331409 -0.321218 -0.316902 -0.315363 -0.314265 -0.322981 
5.2 -11.7088 0.632549 2 4 4 4 4 4 4 5 6 8 9 10 11 13 15 15 15 13 11 10 9 8 6 5 4 4 4 4 4 4 2 -0.323004 -0.314316 -0.315529 -0.317393 -0.322517 -0.334198 -0.354535 -0.379666 -0.401104 -0.414953 -0.423497 -0.429389 -0.433307 -0.43562 -0.436792 -0.437151 -0.436794 -0.435618 -0.433307 -0.429389 -0.423497 -0.414953 -0.401104 -0.379666 -0.354535 -0.334198 -0.322518 -0.317393 -0.315529 -0.314316 -0.323002 
5.3 -11.7544 0.649385 2 4 4 4 4 4 4 5 7 8 9 10 11 14 15 16 15 14 11 10 9 8 7 5 4 4 4 4 4 4 2 -0.323029 -0.31438 -0.315731 -0.317983 -0.324038 -0.337307 -0.359144 -0.384283 -0.404288 -0.416758 -0.424565 -0.430116 -0.433829 -0.435983 -0.437055 -0.437386 -0.437058 -0.435981 -0.433829 -0.430116 -0.424565 -0.416758 -0.404287 -0.384283 -0.359144 -0.337307 -0.324038 -0.317983 -0.315731 -0.31438 -0.323027 
5.4 -11.7996 0.665946 2 4 4 4 4 4 5 5 7 8 10 10 13 15 17 17 17 15 13 10 10 8 7 5 5 4 4 4 4 4 2 -0.323059 -0.31446 -0.315977 -0.318691 -0.325803 -0.340736 -0.363889 -0.388668 -0.407118 -0.418334 -0.425529 -0.430789 -0.434314 -0.43632 -0.437298 -0.437602 -0.4373 -0.436319 -0.434314 -0.430789 -0.425529 -0.418334 -0.407118 -0.388668 -0.363889 -0.340736 -0.325804 -0.318691 -0.315977 -0.31446 -0.323057 
5.5 -11.8444 0.682239 2 4 4 4 4 4 5 6 8 8 10 11 13 15 17 17 17 15 13 11 10 8 8 6 5 4 4 4 4 4 2 -0.323095 -0.314557 -0.316275 -0.319535 -0.327837 -0.344474 -0.368699 -0.392767 -0.409612 -0.419717 -0.426408 -0.431417 -0.434767 -0.436635 -0.437524 -0.437801 -0.437525 -0.436633 -0.434766 -0.431417 -0.426408 -0.419718 -0.409612 -0.392767 -0.368699 -0.344474 -0.327837 -0.319535 -0.316275 -0.314557 -0.323094 
5.6 -11.889 0.698268 2 4 4 4 4 4 5 6 8 9 10 11 14 17 19 19 19 17 14 11 10 9 8 6 5 4 4 4 4 4 2 -0.323139 -0.314675 -0.316635 -0.320536 -0.330158 -0.348499 -0.3735 -0.396545 -0.411796 -0.420941 -0.42722 -0.432006 -0.435189 -0.436928 -0.437733 -0.437985 -0.437735 -0.436927 -0.435189 -0.432006 -0.42722 -0.420941 -0.411795 -0.396545 -0.3735 -0.348499 -0.330158 -0.320536 -0.316635 -0.314675 -0.323139 
5.7 -11.9332 0.714041 2 4 4 4 4 4 5 7 8 9 10 12 15 17 19 19 19 17 15 12 10 9 8 7 5 4 4 4 4 4 2 -0.323195 -0.314817 -0.317068 -0.321717 -0.332783 -0.352777 -0.378216 -0.399978 -0.4137 -0.422034 -0.427979 -0.432561 -0.435584 -0.437201 -0.437929 -0.438157 -0.437929 -0.437201 -0.435583 -0.432561 -0.427978 -0.422034 -0.4137 -0.399978 -0.378216 -0.352778 -0.332783 -0.321717 -0.317068 -0.314817 -0.323195 
5.8 -11.9772 0.729564 2 4 4 4 4 4 5 7 8 10 10 13 15 19 20 20 20 19 15 13 10 10 8 7 5 4 4 4 4 4 2 -0.323264 -0.314988 -0.317588 -0.323102 -0.33572 -0.357265 -0.382775 -0.403059 -0.415361 -0.423023 -0.428693 -0.433085 -0.435952 -0.437456 -0.438112 -0.438317 -0.438112 -0.437457 -0.435951 -0.433086 -0.428693 -0.423023 -0.415361 -0.403059 -0.382775 -0.357265 -0.33572 -0.323102 -0.317589 -0.314988 -0.323263 
5.9 -12.0209 0.744845 2 4 4 4 4 5 5 7 8 10 11 13 17 19 20 20 20 19 17 13 11 10 8 7 5 5 4 4 4 4 2 -0.323348 -0.315194 -0.318212 -0.324714 -0.338972 -0.361904 -0.387112 -0.405794 -0.416813 -0.423929 -0.429371 -0.433582 -0.436296 -0.437694 -0.438283 -0.438468 -0.438283 -0.437695 -0.436294 -0.433583 -0.429371 -0.423929 -0.416813 -0.405794 -0.387112 -0.361904 -0.338972 -0.324714 -0.318212 -0.315194 -0.323348 
6 -12.0644 0.759892 2 4 4 4 4 5 6 8 8 10 11 15 17 20 20 21 20 20 17 15 11 10 8 8 6 5 4 4 4 4 2 -0.323452 -0.315445 -0.318957 -0.326577 -0.342532 -0.366629 -0.391176 -0.4082 -0.418091 -0.424769 -0.430018 -0.434053 -0.436616 -0.437915 -0.438445 -0.43861 -0.438444 -0.437918 -0.436614 -0.434053 -0.430017 -0.42477 -0.418091 -0.4082 -0.391176 -0.366629 -0.342533 -0.326578 -0.318957 -0.315445 -0.323451 
6.1 -12.1076 0.774712 2 4 4 4 4 5 6 8 9 10 12 15 19 20 21 21 21 20 19 15 12 10 9 8 6 5 4 4 4 4 2 -0.323578 -0.315749 -0.319844 -0.328714 -0.346385 -0.371369 -0.394926 -0.410303 -0.419226 -0.425558 -0.430637 -0.434498 -0.436915 -0.438122 -0.438598 -0.438744 -0.438596 -0.438124 -0.436912 -0.434499 -0.430636 -0.425559 -0.419226 -0.410303 -0.394926 -0.371369 -0.346385 -0.328714 -0.319844 -0.315749 -0.323576 
6.2 -12.1506 0.789312 2 4 4 4 4 5 6 8 9 10 13 17 19 20 22 23 21 20 19 17 13 10 9 8 6 5 4 4 4 4 2 -0.323729 -0.316117 -0.320896 -0.331142 -0.350502 -0.376049 -0.398339 -0.412135 -0.420248 -0.426307 -0.43123 -0.43492 -0.437192 -0.438313 -0.438742 -0.438872 -0.43874 -0.438317 -0.43719 -0.434921 -0.431229 -0.426307 -0.420248 -0.412135 -0.398339 -0.376049 -0.350502 -0.331142 -0.320896 -0.316118 -0.323727 
6.3 -12.1934 0.803698 2 4 4 4 4 5 7 8 10 11 13 17 20 21 23 25 23 21 20 17 13 11 10 8 7 5 4 4 4 4 2 -0.323912 -0.316563 -0.322135 -0.333874 -0.354845 -0.380597 -0.401404 -0.41373 -0.42118 -0.427022 -0.4318 -0.43532 -0.437451 -0.438491 -0.43888 -0.438994 -0.438877 -0.438495 -0.437449 -0.43532 -0.431799 -0.427023 -0.42118 -0.41373 -0.401404 -0.380597 -0.354845 -0.333874 -0.322136 -0.316563 -0.32391 
6.4 -12.236 0.817876 2 4 4 4 5 5 7 8 10 11 15 18 20 21 25 25 25 21 20 18 15 11 10 8 7 5 5 4 4 4 2 -0.324134 -0.317099 -0.323586 -0.336917 -0.359363 -0.384945 -0.404126 -0.415124 -0.422043 -0.42771 -0.432346 -0.435697 -0.437691 -0.438657 -0.43901 -0.439112 -0.439007 -0.438661 -0.437689 -0.435698 -0.432345 -0.427711 -0.422043 -0.415123 -0.404126 -0.384945 -0.359363 -0.336917 -0.323586 -0.3171 -0.324133 
6.5 -12.2784 0.83185 2 4 4 4 5 5 8 8 10 11 15 19 20 23 25 27 25 23 20 19 15 11 10 8 8 5 5 4 4 4 2 -0.324404 -0.317741 -0.325272 -0.34027 -0.363997 -0.389039 -0.40652 -0.416349 -0.422853 -0.428374 -0.43287 -0.436053 -0.437914 -0.43881 -0.439134 -0.439224 -0.439131 -0.438814 -0.437912 -0.436054 -0.432869 -0.428375 -0.422853 -0.416349 -0.40652 -0.389039 -0.363997 -0.34027 -0.325272 -0.317742 -0.324403 
6.6 -12.3207 0.845626 2 4 4 4 5 6 8 9 10 13 16 19 21 25 27 27 27 25 21 19 16 13 10 9 8 6 5 4 4 4 2 -0.324731 -0.318507 -0.327214 -0.343922 -0.368678 -0.392834 -0.40861 -0.417439 -0.423621 -0.429017 -0.433372 -0.436388 -0.438122 -0.438952 -0.439252 -0.439333 -0.439249 -0.438956 -0.43812 -0.436389 -0.433371 -0.429017 -0.423622 -0.417439 -0.40861 -0.392834 -0.368678 -0.343922 -0.327215 -0.318507 -0.324731 
6.7 -12.3627 0.859209 2 4 4 4 5 6 8 9 10 13 17 20 21 25 27 29 27 25 21 20 17 13 10 9 8 6 5 4 4 4 2 -0.32513 -0.319414 -0.329433 -0.347851 -0.373334 -0.396301 -0.410426 -0.418421 -0.424359 -0.429639 -0.433852 -0.436704 -0.438314 -0.439083 -0.439365 -0.439439 -0.439362 -0.439087 -0.438313 -0.436704 -0.433851 -0.42964 -0.42436 -0.418421 -0.410427 -0.396301 -0.373334 -0.347851 -0.329434 -0.319414 -0.32513 
6.8 -12.4046 0.872602 2 4 4 4 5 7 8 10 11 13 18 20 23 27 29 29 29 27 23 20 18 13 11 10 8 7 5 4 4 4 2 -0.325613 -0.320486 -0.331945 -0.352027 -0.377892 -0.399425 -0.412004 -0.41932 -0.425073 -0.430243 -0.43431 -0.437 -0.438493 -0.439205 -0.439473 -0.439541 -0.43947 -0.439209 -0.438492 -0.437001 -0.434309 -0.430243 -0.425074 -0.419319 -0.412004 -0.399425 -0.377892 -0.352027 -0.331945 -0.320486 -0.325612 
6.9 -12.4462 0.885812 2 4 4 4 5 7 8 10 11 15 19 21 24 27 29 30 29 27 24 21 19 15 11 10 8 7 5 4 4 4 2 -0.326196 -0.321745 -0.33476 -0.356405 -0.382284 -0.402207 -0.413376 -0.420154 -0.425766 -0.430827 -0.434746 -0.437278 -0.43866 -0.439318 -0.439576 -0.43964 -0.439573 -0.439321 -0.438659 -0.437279 -0.434745 -0.430827 -0.425768 -0.420153 -0.413377 -0.402207 -0.382284 -0.356405 -0.33476 -0.321745 -0.326195 
7 -12.4877 0.898841 2 4 4 5 5 8 8 10 12 16 19 21 25 29 31 32 31 29 25 21 19 16 12 10 8 8 5 5 4 4 2 -0.326898 -0.323215 -0.337882 -0.360932 -0.386448 -0.404656 -0.414579 -0.420941 -0.426443 -0.431392 -0.435161 -0.437538 -0.438814 -0.439423 -0.439675 -0.439737 -0.439672 -0.439426 -0.438813 -0.437539 -0.43516 -0.431391 -0.426445 -0.42094 -0.414579 -0.404656 -0.386448 -0.360932 -0.337883 -0.323216 -0.326897 
7.1 -12.529 0.911696 2 4 4 5 6 8 9 10 13 16 20 22 27 29 32 33 32 29 27 22 20 16 13 10 9 8 6 5 4 4 2 -0.32774 -0.324919 -0.341308 -0.365545 -0.390336 -0.406796 -0.415644 -0.421692 -0.427105 -0.431938 -0.435554 -0.437782 -0.438957 -0.43952 -0.439769 -0.439831 -0.439766 -0.439522 -0.438957 -0.437782 -0.435553 -0.431937 -0.427107 -0.421691 -0.415644 -0.406796 -0.390336 -0.365545 -0.341309 -0.324919 -0.327738 
7.2 -12.5701 0.924379 2 4 4 5 6 8 9 10 13 18 20 24 28 30 34 35 34 31 28 24 20 18 13 10 9 8 6 5 4 4 2 -0.328746 -0.326877 -0.345025 -0.370175 -0.393911 -0.408653 -0.4166 -0.422417 -0.427752 -0.432464 -0.435927 -0.438009 -0.439091 -0.439611 -0.439858 -0.439922 -0.439856 -0.439613 -0.439091 -0.43801 -0.435926 -0.432463 -0.427754 -0.422416 -0.4166 -0.408653 -0.393911 -0.370175 -0.345025 -0.326877 -0.328744 
7.3 -12.6111 0.936895 2 4 4 5 6 8 9 11 14 18 21 24 29 32 36 38 36 32 29 24 20 18 14 11 10 8 7 5 4 4 2 -0.329943 -0.329106 -0.349007 -0.374749 -0.397151 -0.41026 -0.417471 -0.423123 -0.428385 -0.432971 -0.436278 -0.438221 -0.439214 -0.439696 -0.439944 -0.44001 -0.439942 -0.439697 -0.439215 -0.438222 -0.436278 -0.43297 -0.428388 -0.423122 -0.417471 -0.41026 -0.397151 -0.374749 -0.349008 -0.329107 -0.329942 
7.4 -12.6517 0.949247 2 4 5 5 7 8 10 11 15 19 21 26 29 33 38 38 38 33 29 26 21 19 15 11 10 8 7 5 5 4 2 -0.331362 -0.33162 -0.353222 -0.379198 -0.40005 -0.411653 -0.418279 -0.423813 -0.429005 -0.433458 -0.43661 -0.438419 -0.439329 -0.439776 -0.440026 -0.440096 -0.440024 -0.439776 -0.43933 -0.438419 -0.43661 -0.433456 -0.429007 -0.423813 -0.418279 -0.411653 -0.40005 -0.379198 -0.353222 -0.33162 -0.331361 
7.5 -12.6922 0.961438 2 4 5 5 7 8 10 12 16 19 22 27 31 35 39 41 39 35 31 27 22 19 16 11 10 8 7 5 5 4 2 -0.333037 -0.334423 -0.357622 -0.383456 -0.402612 -0.412866 -0.41904 -0.424492 -0.429609 -0.433926 -0.436922 -0.438602 -0.439436 -0.439851 -0.440104 -0.440178 -0.440103 -0.439851 -0.439437 -0.438602 -0.436922 -0.433923 -0.429611 -0.424491 -0.41904 -0.412866 -0.402612 -0.383456 -0.357622 -0.334424 -0.333036 
7.6 -12.7323 0.973471 2 4 5 5 8 8 10 13 16 20 24 28 32 38 41 42 41 38 32 28 24 20 16 13 10 8 8 5 5 4 2 -0.335 -0.337516 -0.362153 -0.387466 -0.404854 -0.413932 -0.419767 -0.425159 -0.430199 -0.434373 -0.437215 -0.438772 -0.439535 -0.439923 -0.440178 -0.440258 -0.440178 -0.439921 -0.439537 -0.438772 -0.437215 -0.43437 -0.430201 -0.42516 -0.419767 -0.413932 -0.404854 -0.387466 -0.362153 -0.337517 -0.335 
7.7 -12.7722 0.985349 2 4 5 6 8 9 10 13 18 20 24 29 33 38 42 44 42 38 33 29 24 20 18 13 10 9 8 6 5 4 2 -0.337288 -0.340888 -0.36675 -0.391185 -0.406801 -0.414881 -0.420471 -0.425818 -0.430773 -0.4348 -0.437489 -0.438929 -0.439627 -0.439991 -0.440249 -0.440335 -0.44025 -0.439989 -0.439629 -0.438929 -0.437489 -0.434797 -0.430775 -0.425818 -0.42047 -0.414881 -0.406801 -0.391185 -0.36675 -0.340889 -0.337288 
7.8 -12.8118 0.997076 2 4 5 6 8 9 11 14 18 21 25 30 35 40 44 45 44 40 35 30 25 21 18 13 11 9 8 6 5 4 2 -0.339934 -0.344521 -0.371344 -0.394583 -0.408483 -0.415739 -0.421158 -0.426466 -0.431331 -0.435208 -0.437745 -0.439075 -0.439713 -0.440057 -0.440317 -0.440408 -0.440318 -0.440054 -0.439715 -0.439074 -0.437746 -0.435205 -0.431332 -0.426467 -0.421157 -0.415739 -0.408483 -0.394583 -0.371344 -0.344521 -0.339935 
7.9 -12.8509 1.00865 2 4 5 7 8 10 11 15 19 21 27 32 37 42 46 47 46 42 37 32 27 21 19 15 11 10 8 7 5 4 2 -0.342969 -0.348383 -0.375864 -0.397642 -0.409934 -0.416529 -0.421833 -0.427105 -0.431872 -0.435595 -0.437983 -0.439209 -0.439793 -0.44012 -0.440382 -0.440478 -0.440383 -0.440117 -0.439795 -0.439208 -0.437985 -0.435592 -0.431873 -0.427106 -0.421832 -0.416529 -0.409934 -0.397642 -0.375863 -0.348383 -0.34297 
8 -12.8896 1.02009 2 4 5 7 8 10 11 16 19 22 28 32 38 44 47 48 47 44 39 32 28 22 19 16 11 10 8 7 5 4 2 -0.346422 -0.352432 -0.38024 -0.400361 -0.411189 -0.417269 -0.4225 -0.427733 -0.432395 -0.435963 -0.438205 -0.439332 -0.439868 -0.440182 -0.440444 -0.440545 -0.440445 -0.440179 -0.43987 -0.439331 -0.438207 -0.43596 -0.432396 -0.427735 -0.422499 -0.417269 -0.411189 -0.400361 -0.380239 -0.352433 -0.346422 
8.1 -12.9278 1.03138 2 4 5 7 8 10 13 16 20 24 28 34 40 45 49 51 48 46 40 34 28 24 20 16 13 10 8 7 5 4 2 -0.350312 -0.356617 -0.38441 -0.402749 -0.412283 -0.417973 -0.42316 -0.42835 -0.432901 -0.436312 -0.43841 -0.439445 -0.439938 -0.440242 -0.440503 -0.440607 -0.440505 -0.440238 -0.439941 -0.439444 -0.438412 -0.436309 -0.432902 -0.428352 -0.423159 -0.417974 -0.412282 -0.40275 -0.38441 -0.356617 -0.350312 
8.2 -12.9654 1.04254 2 4 6 8 9 10 13 18 20 24 30 36 42 47 51 53 51 47 42 36 30 24 20 18 13 10 8 8 6 4 2 -0.354652 -0.360874 -0.388322 -0.404827 -0.413245 -0.418653 -0.423815 -0.428956 -0.433389 -0.436641 -0.4386 -0.439549 -0.440005 -0.440301 -0.440559 -0.440666 -0.440562 -0.440297 -0.440007 -0.439548 -0.438602 -0.436638 -0.433389 -0.428958 -0.423813 -0.418654 -0.413244 -0.404827 -0.388322 -0.360874 -0.354652 
8.3 -13.0024 1.05357 2 4 6 8 9 10 13 18 21 27 31 37 43 48 53 55 53 48 44 37 31 27 21 18 14 10 9 8 6 4 2 -0.359444 -0.365132 -0.391936 -0.40662 -0.414105 -0.419317 -0.424464 -0.429548 -0.433858 -0.436952 -0.438774 -0.439644 -0.440068 -0.440359 -0.440613 -0.440721 -0.440616 -0.440355 -0.44007 -0.439643 -0.438777 -0.436949 -0.433858 -0.429552 -0.424462 -0.419317 -0.414104 -0.406621 -0.391935 -0.365132 -0.359443 
8.4 -13.0386 1.06447 2 4 7 8 9 11 15 19 21 27 32 39 45 51 55 59 55 52 45 39 32 27 21 19 15 11 9 8 7 4 2 -0.364676 -0.369313 -0.395224 -0.40816 -0.414886 -0.41997 -0.425108 -0.430128 -0.434309 -0.437244 -0.438935 -0.439731 -0.440128 -0.440416 -0.440664 -0.440772 -0.440668 -0.440412 -0.44013 -0.43973 -0.438938 -0.437241 -0.434308 -0.430131 -0.425106 -0.419971 -0.414885 -0.408161 -0.395224 -0.369313 -0.364675 
8.5 -13.0738 1.07524 2 4 7 8 10 11 16 19 22 28 34 40 47 52 59 59 59 52 47 40 34 28 22 19 16 11 10 8 7 4 2 -0.370321 -0.37334 -0.398175 -0.409482 -0.41561 -0.420616 -0.425746 -0.430694 -0.43474 -0.437517 -0.439081 -0.439811 -0.440186 -0.440472 -0.440714 -0.440819 -0.440717 -0.440468 -0.440188 -0.439809 -0.439084 -0.437514 -0.434739 -0.430697 -0.425744 -0.420617 -0.415609 -0.409483 -0.398174 -0.37334 -0.37032 
8.6 -13.1081 1.08588 2 4 8 8 10 12 16 20 23 29 34 42 48 54 60 63 60 55 48 42 34 29 24 20 16 12 10 8 8 4 2 -0.376334 -0.377139 -0.400787 -0.41062 -0.416293 -0.421259 -0.426378 -0.431245 -0.435153 -0.437773 -0.439215 -0.439884 -0.440242 -0.440527 -0.440761 -0.440862 -0.440765 -0.440523 -0.440244 -0.439882 -0.439218 -0.43777 -0.435151 -0.431248 -0.426376 -0.42126 -0.416291 -0.410621 -0.400786 -0.377139 -0.376333 
8.7 -13.1412 1.09641 2 4 8 9 10 13 17 20 25 30 36 44 50 57 63 65 63 57 50 44 36 30 25 20 17 13 10 9 8 4 2 -0.382653 -0.380641 -0.403072 -0.411605 -0.416946 -0.421898 -0.427002 -0.43178 -0.435545 -0.438011 -0.439337 -0.439951 -0.440297 -0.440582 -0.440806 -0.440902 -0.44081 -0.440578 -0.440298 -0.43995 -0.43934 -0.438008 -0.435543 -0.431784 -0.427 -0.421899 -0.416944 -0.411607 -0.403071 -0.380641 -0.382652 
8.8 -13.1729 1.10681 2 4 8 9 10 13 18 21 26 31 39 46 52 59 65 67 65 59 52 46 38 31 27 21 18 13 10 9 8 4 2 -0.389197 -0.38379 -0.405049 -0.412468 -0.417581 -0.422536 -0.427618 -0.4323 -0.435919 -0.438231 -0.439447 -0.440013 -0.44035 -0.440635 -0.440849 -0.440938 -0.440853 -0.440631 -0.440351 -0.440012 -0.43945 -0.438229 -0.435916 -0.432304 -0.427616 -0.422537 -0.417579 -0.41247 -0.405049 -0.38379 -0.389197 
8.9 -13.2032 1.1171 2 4 8 10 11 14 18 21 27 32 40 47 54 62 68 69 68 62 54 47 40 32 27 21 19 14 11 10 8 4 2 -0.39587 -0.386544 -0.406744 -0.413235 -0.418203 -0.423171 -0.428225 -0.432803 -0.436272 -0.438435 -0.439547 -0.440071 -0.440403 -0.440687 -0.44089 -0.44097 -0.440894 -0.440684 -0.440404 -0.440069 -0.43955 -0.438434 -0.43627 -0.432806 -0.428223 -0.423172 -0.418201 -0.413236 -0.406744 -0.386543 -0.39587 
9 -13.2318 1.12728 2 4 8 10 11 15 19 22 28 34 41 49 57 64 70 71 70 64 57 49 42 34 28 22 19 15 11 10 8 4 2 -0.402566 -0.388874 -0.408186 -0.413927 -0.418819 -0.423804 -0.428822 -0.433289 -0.436606 -0.438623 -0.439638 -0.440124 -0.440455 -0.440738 -0.440929 -0.441 -0.440933 -0.440735 -0.440455 -0.440123 -0.43964 -0.438622 -0.436604 -0.433292 -0.428821 -0.423805 -0.418816 -0.413928 -0.408186 -0.388874 -0.402566 
9.1 -13.2586 1.13735 2 4 8 10 11 16 20 23 29 35 44 51 58 65 71 76 71 66 58 51 44 35 29 23 20 16 11 10 8 4 2 -0.409172 -0.390771 -0.409405 -0.414562 -0.419429 -0.424433 -0.429409 -0.433757 -0.43692 -0.438795 -0.439719 -0.440175 -0.440506 -0.440787 -0.440966 -0.441027 -0.44097 -0.440785 -0.440506 -0.440174 -0.439722 -0.438794 -0.436918 -0.43376 -0.429408 -0.424434 -0.419427 -0.414562 -0.409405 -0.39077 -0.409172 
9.2 -13.2836 1.14731 2 4 8 10 13 16 20 24 30 37 45 53 61 69 76 77 76 69 61 53 45 37 30 24 20 16 13 10 8 4 2 -0.415578 -0.392237 -0.41043 -0.415153 -0.420038 -0.425059 -0.429983 -0.434207 -0.437215 -0.438953 -0.439793 -0.440224 -0.440557 -0.440835 -0.441001 -0.441051 -0.441004 -0.440833 -0.440557 -0.440223 -0.439795 -0.438952 -0.437213 -0.434209 -0.429983 -0.42506 -0.420036 -0.415153 -0.410431 -0.392237 -0.415578 
9.3 -13.3065 1.15717 2 4 8 10 13 18 20 26 31 38 47 54 63 71 77 80 77 71 63 54 47 39 31 26 20 18 13 10 8 4 2 -0.421682 -0.393291 -0.411289 -0.41571 -0.420644 -0.42568 -0.430545 -0.434639 -0.437491 -0.439096 -0.439861 -0.44027 -0.440607 -0.440881 -0.441034 -0.441074 -0.441037 -0.440879 -0.440607 -0.44027 -0.439862 -0.439096 -0.437489 -0.43464 -0.430546 -0.425681 -0.420643 -0.41571 -0.41129 -0.39329 -0.421682 
9.4 -13.3274 1.16694 2 4 8 11 14 18 21 27 33 41 48 57 66 73 80 83 80 73 66 57 48 41 33 27 21 18 14 11 8 4 2 -0.427395 -0.393962 -0.412005 -0.41624 -0.421249 -0.426296 -0.431094 -0.435051 -0.437747 -0.439225 -0.439922 -0.440315 -0.440657 -0.440924 -0.441066 -0.441095 -0.441069 -0.440923 -0.440657 -0.440315 -0.439923 -0.439226 -0.437746 -0.435052 -0.431095 -0.426296 -0.421249 -0.416238 -0.412007 -0.393961 -0.427395 
9.5 -13.3462 1.17661 2 4 8 11 15 19 22 28 34 42 51 58 67 76 82 87 83 76 67 58 51 42 34 28 22 19 15 11 8 4 2 -0.432648 -0.394287 -0.412598 -0.416745 -0.421852 -0.426904 -0.431629 -0.435444 -0.437985 -0.439343 -0.439978 -0.44036 -0.440706 -0.440966 -0.441096 -0.441115 -0.441098 -0.440966 -0.440705 -0.440359 -0.439979 -0.439343 -0.437984 -0.435444 -0.43163 -0.426904 -0.421852 -0.416743 -0.412601 -0.394287 -0.432648 
9.6 -13.363 1.18618 2 4 8 12 15 19 23 28 35 44 52 61 70 78 87 89 87 79 70 61 52 44 35 28 23 19 15 12 8 4 2 -0.437394 -0.394312 -0.413086 -0.417227 -0.422452 -0.427504 -0.432148 -0.435818 -0.438205 -0.439448 -0.44003 -0.440403 -0.440754 -0.441006 -0.441124 -0.441133 -0.441125 -0.441006 -0.440753 -0.440403 -0.44003 -0.439449 -0.438204 -0.435816 -0.43215 -0.427504 -0.422452 -0.417224 -0.413088 -0.394312 -0.437394 
9.7 -13.3777 1.19567 2 4 8 13 17 20 24 30 37 46 53 63 71 81 89 93 89 81 72 64 53 46 37 30 24 20 17 13 8 4 2 -0.441605 -0.394084 -0.41348 -0.417686 -0.423046 -0.428095 -0.432651 -0.436171 -0.438406 -0.439543 -0.440078 -0.440447 -0.440802 -0.441044 -0.44115 -0.441151 -0.441151 -0.441044 -0.4408 -0.440447 -0.440078 -0.439544 -0.438406 -0.436169 -0.432653 -0.428094 -0.423048 -0.417682 -0.413483 -0.394084 -0.441605 
9.8 -13.3906 1.20506 2 4 8 13 18 20 26 30 39 47 56 66 76 85 92 96 92 85 76 66 56 47 39 30 26 20 18 13 8 4 2 -0.445276 -0.393651 -0.413792 -0.418119 -0.423635 -0.428674 -0.433137 -0.436504 -0.438591 -0.439628 -0.440124 -0.44049 -0.440847 -0.441079 -0.441175 -0.441169 -0.441175 -0.44108 -0.440846 -0.440491 -0.440123 -0.43963 -0.438591 -0.436501 -0.43314 -0.428673 -0.423637 -0.418114 -0.413795 -0.393651 -0.445276 
9.9 -13.4017 1.21438 2 4 8 14 19 21 26 33 41 49 58 67 77 88 96 100 96 88 77 68 58 49 41 32 26 21 19 14 8 4 2 -0.44842 -0.393058 -0.414031 -0.418523 -0.424214 -0.429241 -0.433605 -0.436817 -0.43876 -0.439704 -0.440167 -0.440534 -0.440892 -0.441112 -0.441198 -0.441187 -0.441198 -0.441114 -0.44089 -0.440534 -0.440166 -0.439706 -0.43876 -0.436813 -0.433608 -0.429239 -0.424217 -0.418518 -0.414034 -0.393059 -0.44842 
10 -13.4112 1.2236 2 4 8 14 19 22 28 34 42 51 60 70 80 90 99 104 100 91 80 70 60 51 42 34 28 22 19 14 8 4 2 -0.451066 -0.392349 -0.414204 -0.418894 -0.424783 -0.429793 -0.434054 -0.437109 -0.438913 -0.439772 -0.440209 -0.440578 -0.440934 -0.441143 -0.44122 -0.441205 -0.441219 -0.441145 -0.440933 -0.440578 -0.440208 -0.439774 -0.438913 -0.437105 -0.434058 -0.429791 -0.424786 -0.418889 -0.414206 -0.39235 -0.451065 
10.1 -13.4193 1.23275 2 4 8 15 20 22 28 35 44 53 63 73 84 95 104 107 104 95 84 73 63 53 44 35 28 22 20 15 8 4 2 -0.453252 -0.391562 -0.414318 -0.419229 -0.425337 -0.430328 -0.434484 -0.437381 -0.439051 -0.439833 -0.44025 -0.440622 -0.440975 -0.441172 -0.44124 -0.441223 -0.441239 -0.441174 -0.440974 -0.440622 -0.440248 -0.439836 -0.439051 -0.437377 -0.434487 -0.430327 -0.425341 -0.419223 -0.41432 -0.391563 -0.453252 
10.2 -13.426 1.24181 2 4 8 15 20 24 30 37 46 54 65 75 86 98 107 110 107 98 86 75 65 54 46 37 30 24 20 15 8 4 2 -0.455029 -0.390727 -0.41438 -0.419522 -0.425875 -0.430845 -0.434894 -0.437633 -0.439175 -0.439889 -0.440291 -0.440666 -0.441013 -0.441198 -0.441259 -0.441242 -0.441257 -0.4412 -0.441013 -0.440666 -0.440289 -0.439892 -0.439175 -0.43763 -0.434896 -0.430844 -0.425879 -0.419516 -0.414381 -0.390729 -0.455029 
10.3 -13.4316 1.25081 2 4 8 16 21 25 30 39 47 56 68 78 89 100 110 114 110 102 89 78 68 56 47 39 31 25 21 16 8 4 2 -0.45645 -0.389872 -0.414398 -0.419768 -0.426392 -0.431342 -0.435282 -0.437865 -0.439287 -0.439939 -0.440331 -0.44071 -0.44105 -0.441222 -0.441277 -0.441261 -0.441275 -0.441225 -0.44105 -0.44071 -0.440329 -0.439942 -0.439287 -0.437862 -0.435284 -0.431341 -0.426396 -0.419763 -0.414399 -0.389874 -0.456449 
10.4 -13.4362 1.25973 2 4 8 16 21 27 32 40 49 58 69 81 93 105 113 117 113 105 93 81 69 59 49 41 32 27 21 16 8 4 2 -0.457571 -0.389014 -0.414381 -0.419965 -0.426884 -0.431816 -0.435648 -0.438078 -0.439386 -0.439985 -0.440371 -0.440754 -0.441084 -0.441245 -0.441295 -0.44128 -0.441292 -0.441247 -0.441084 -0.440754 -0.440369 -0.439988 -0.439386 -0.438076 -0.435649 -0.431816 -0.426888 -0.41996 -0.414382 -0.389017 -0.457571 
10.5 -13.44 1.26857 2 4 8 16 22 28 34 42 51 61 72 84 97 108 117 121 117 107 97 85 73 61 51 42 34 28 22 16 8 4 2 -0.45845 -0.388168 -0.414339 -0.420108 -0.427349 -0.432265 -0.435991 -0.438272 -0.439475 -0.440028 -0.440412 -0.440798 -0.441116 -0.441265 -0.441311 -0.4413 -0.441308 -0.441268 -0.441116 -0.440797 -0.44041 -0.440031 -0.439474 -0.438271 -0.435991 -0.432266 -0.427352 -0.420104 -0.414339 -0.388171 -0.458449 
10.6 -13.443 1.27735 2 4 8 16 23 29 34 44 53 64 74 86 100 111 121 125 121 111 100 86 74 64 53 44 35 29 23 16 8 4 2 -0.45914 -0.38734 -0.414282 -0.420195 -0.427782 -0.432686 -0.43631 -0.438447 -0.439554 -0.440068 -0.440453 -0.440841 -0.441146 -0.441283 -0.441327 -0.44132 -0.441324 -0.441286 -0.441146 -0.440839 -0.440451 -0.440071 -0.439552 -0.438448 -0.436308 -0.432688 -0.427784 -0.420191 -0.414281 -0.387343 -0.459139 
10.7 -13.4455 1.28606 2 4 8 16 23 30 37 46 55 65 77 90 102 113 124 129 125 114 103 91 77 66 55 46 37 30 23 16 8 4 2 -0.459695 -0.386533 -0.414222 -0.420223 -0.428178 -0.433077 -0.436604 -0.438605 -0.439623 -0.440106 -0.440495 -0.440883 -0.441173 -0.4413 -0.441343 -0.441341 -0.441339 -0.441303 -0.441174 -0.440881 -0.440493 -0.44011 -0.43962 -0.438607 -0.436601 -0.43308 -0.428179 -0.42022 -0.414219 -0.386537 -0.459694 
10.8 -13.4474 1.29471 2 4 8 16 25 31 38 46 56 68 81 94 107 118 128 133 128 118 108 94 81 69 56 46 39 31 25 16 8 4 2 -0.460162 -0.385745 -0.414168 -0.420191 -0.428534 -0.433434 -0.436873 -0.438745 -0.439684 -0.440143 -0.440537 -0.440924 -0.441198 -0.441316 -0.441358 -0.441361 -0.441354 -0.441318 -0.441199 -0.440922 -0.440535 -0.440146 -0.439681 -0.438749 -0.436868 -0.433439 -0.428534 -0.420189 -0.414165 -0.385749 -0.460162 
10.9 -13.4489 1.30329 2 4 8 16 25 32 41 50 59 70 82 97 111 122 133 137 133 122 111 98 82 70 59 50 41 33 25 16 8 4 2 -0.460586 -0.384973 -0.414134 -0.420099 -0.428847 -0.433756 -0.437115 -0.438869 -0.439738 -0.440178 -0.440579 -0.440963 -0.441221 -0.44133 -0.441372 -0.441381 -0.441368 -0.441332 -0.441222 -0.440961 -0.440578 -0.440182 -0.439734 -0.438875 -0.437108 -0.433762 -0.428846 -0.420099 -0.41413 -0.384976 -0.460586 
11 -13.4501 1.3118 2 4 8 16 26 34 42 51 61 73 86 101 113 127 137 143 137 126 113 101 86 73 62 51 42 34 26 16 8 4 2 -0.461005 -0.384207 -0.414131 -0.419949 -0.429113 -0.434039 -0.43733 -0.438977 -0.439786 -0.440214 -0.440621 -0.441001 -0.441242 -0.441343 -0.441386 -0.441401 -0.441383 -0.441344 -0.441243 -0.440999 -0.440621 -0.440217 -0.43978 -0.438984 -0.437322 -0.434046 -0.42911 -0.41995 -0.414126 -0.384211 -0.461005 
11.1 -13.451 1.32024 2 4 8 16 26 36 45 53 63 75 88 103 118 130 142 149 142 130 118 104 90 76 64 53 45 36 26 16 8 4 2 -0.461455 -0.38344 -0.414167 -0.419741 -0.429328 -0.43428 -0.437517 -0.43907 -0.439827 -0.440249 -0.440664 -0.441037 -0.441261 -0.441355 -0.4414 -0.441421 -0.441397 -0.441356 -0.441262 -0.441035 -0.440663 -0.440252 -0.439821 -0.439078 -0.437508 -0.434287 -0.429324 -0.419744 -0.414162 -0.383443 -0.461455 
11.2 -13.4517 1.32863 2 4 8 16 27 37 47 55 66 79 93 108 121 134 148 151 148 134 121 109 93 80 66 55 47 37 27 16 8 4 2 -0.461964 -0.38266 -0.414253 -0.419481 -0.429491 -0.434476 -0.437675 -0.439148 -0.439863 -0.440285 -0.440706 -0.441072 -0.441278 -0.441366 -0.441414 -0.441441 -0.441411 -0.441367 -0.44128 -0.44107 -0.440706 -0.440287 -0.439857 -0.439157 -0.437665 -0.434484 -0.429486 -0.419484 -0.414248 -0.382663 -0.461965 
11.3 -13.4522 1.33695 2 4 8 16 27 39 47 57 69 82 96 111 125 140 151 158 151 140 125 111 96 82 69 57 47 39 27 16 8 4 2 -0.462558 -0.38186 -0.414397 -0.41917 -0.429599 -0.434624 -0.437804 -0.439211 -0.439895 -0.44032 -0.440748 -0.441104 -0.441293 -0.441376 -0.441428 -0.441459 -0.441425 -0.441377 -0.441295 -0.441102 -0.440748 -0.440322 -0.439888 -0.439221 -0.437793 -0.434633 -0.429594 -0.419174 -0.414391 -0.381862 -0.462559 
11.4 -13.4526 1.34521 2 4 8 16 29 40 50 60 70 84 100 115 130 144 156 162 156 144 130 115 100 84 70 60 50 40 29 16 8 4 2 -0.463259 -0.381028 -0.414603 -0.418815 -0.429652 -0.434722 -0.437903 -0.439259 -0.439922 -0.440356 -0.44079 -0.441133 -0.441308 -0.441386 -0.441441 -0.441477 -0.441439 -0.441386 -0.441309 -0.441132 -0.44079 -0.440357 -0.439916 -0.439271 -0.43789 -0.434732 -0.429646 -0.418819 -0.414598 -0.381029 -0.463261 
11.5 -13.4529 1.35341 2 4 8 16 29 42 52 61 74 87 103 119 135 148 161 166 161 149 135 119 104 88 74 61 52 42 29 16 8 4 2 -0.464084 -0.380156 -0.414877 -0.418419 -0.42965 -0.434767 -0.43797 -0.439294 -0.439946 -0.440392 -0.44083 -0.441161 -0.441321 -0.441396 -0.441454 -0.441494 -0.441453 -0.441396 -0.441322 -0.44116 -0.44083 -0.440393 -0.439939 -0.439306 -0.437957 -0.434777 -0.429644 -0.418424 -0.414872 -0.380156 -0.464085 
11.6 -13.4531 1.36156 2 4 8 16 29 44 53 64 76 90 107 123 139 154 165 172 165 154 139 123 108 91 77 64 53 44 29 16 8 4 2 -0.465045 -0.379236 -0.415222 -0.41799 -0.429594 -0.434758 -0.438005 -0.439314 -0.439965 -0.440428 -0.440869 -0.441186 -0.441333 -0.441406 -0.441467 -0.441511 -0.441466 -0.441405 -0.441334 -0.441186 -0.440869 -0.440428 -0.43996 -0.439326 -0.437993 -0.434767 -0.429588 -0.417994 -0.415217 -0.379235 -0.465048 
11.7 -13.4533 1.36965 2 4 8 16 30 44 56 67 80 94 111 126 143 158 173 177 174 159 144 126 111 94 80 67 56 44 30 16 8 4 2 -0.466155 -0.378262 -0.415638 -0.41753 -0.429485 -0.434692 -0.438006 -0.43932 -0.439982 -0.440464 -0.440906 -0.441209 -0.441344 -0.441415 -0.44148 -0.441526 -0.441479 -0.441415 -0.441344 -0.44121 -0.440906 -0.440463 -0.439977 -0.439331 -0.437995 -0.434701 -0.42948 -0.417535 -0.415634 -0.37826 -0.466157 
11.8 -13.4534 1.37768 2 4 8 16 30 46 57 69 83 98 115 132 147 163 176 183 176 163 147 132 116 98 83 69 57 45 30 16 8 4 2 -0.46742 -0.377228 -0.416125 -0.417047 -0.429327 -0.434568 -0.437974 -0.439311 -0.439994 -0.440499 -0.440941 -0.441229 -0.441355 -0.441425 -0.441492 -0.44154 -0.441492 -0.441424 -0.441354 -0.441231 -0.440942 -0.440497 -0.439991 -0.439321 -0.437964 -0.434576 -0.429322 -0.417051 -0.416123 -0.377226 -0.467423 
11.9 -13.4535 1.38566 2 4 8 16 31 47 60 71 84 102 119 136 152 168 181 188 182 168 152 137 119 103 84 72 60 47 31 16 8 4 2 -0.468845 -0.376133 -0.416683 -0.416544 -0.429124 -0.434385 -0.437908 -0.439287 -0.440004 -0.440533 -0.440974 -0.441247 -0.441364 -0.441435 -0.441504 -0.441553 -0.441505 -0.441434 -0.441363 -0.44125 -0.440974 -0.440531 -0.440001 -0.439295 -0.437899 -0.434392 -0.42912 -0.416547 -0.416681 -0.376129 -0.468848 
12 -13.4535 1.39359 2 4 8 16 31 48 62 75 89 106 123 140 157 173 189 196 188 173 158 140 123 107 89 76 62 48 31 16 8 4 2 -0.470434 -0.374972 -0.417307 -0.416025 -0.42888 -0.434144 -0.437805 -0.439246 -0.440009 -0.440565 -0.441005 -0.441263 -0.441374 -0.441445 -0.441516 -0.441566 -0.441517 -0.441444 -0.441372 -0.441267 -0.441005 -0.440562 -0.440007 -0.439253 -0.437799 -0.434149 -0.428876 -0.416028 -0.417307 -0.374968 -0.470437 
12.1 -13.4536 1.40146 2 4 8 16 31 49 64 77 91 108 126 144 162 179 195 201 196 179 164 144 126 108 92 76 64 49 31 16 8 4 2 -0.472186 -0.373747 -0.417996 -0.415494 -0.4286 -0.433844 -0.437667 -0.439189 -0.440009 -0.440595 -0.441033 -0.441277 -0.441382 -0.441455 -0.441527 -0.441577 -0.441528 -0.441454 -0.44138 -0.441282 -0.441032 -0.440591 -0.440009 -0.439193 -0.437662 -0.433847 -0.428598 -0.415495 -0.417997 -0.373742 -0.47219 
12.2 -13.4536 1.40928 2 4 8 16 32 50 66 82 96 114 131 150 166 186 200 206 200 186 167 150 132 114 96 82 67 50 32 16 8 4 2 -0.474102 -0.372458 -0.418747 -0.414951 -0.428292 -0.433487 -0.437491 -0.439113 -0.440005 -0.440622 -0.441058 -0.44129 -0.441391 -0.441466 -0.441538 -0.441587 -0.441539 -0.441465 -0.441388 -0.441295 -0.441057 -0.440618 -0.440006 -0.439115 -0.437489 -0.433488 -0.428291 -0.414952 -0.418748 -0.372452 -0.474106 
12.3 -13.4536 1.41705 2 4 8 16 32 51 69 84 100 117 135 154 173 192 205 214 206 192 173 155 136 118 101 84 70 51 32 16 8 4 2 -0.476178 -0.371106 -0.419554 -0.414398 -0.427961 -0.433075 -0.437279 -0.439018 -0.439994 -0.440644 -0.44108 -0.4413 -0.441399 -0.441476 -0.441548 -0.441596 -0.44155 -0.441476 -0.441395 -0.441306 -0.441078 -0.44064 -0.439997 -0.439018 -0.437279 -0.433074 -0.427961 -0.414398 -0.419556 -0.3711 -0.476183 
12.4 -13.4536 1.42477 2 4 8 16 32 52 70 87 105 121 140 160 177 196 212 219 213 196 179 160 140 122 105 87 70 52 32 16 8 4 2 -0.478412 -0.369693 -0.420416 -0.413835 -0.427615 -0.43261 -0.437029 -0.438902 -0.439976 -0.440663 -0.441098 -0.441309 -0.441407 -0.441488 -0.441558 -0.441604 -0.44156 -0.441487 -0.441403 -0.441315 -0.441096 -0.440659 -0.43998 -0.4389 -0.437031 -0.432608 -0.427616 -0.413835 -0.420418 -0.369687 -0.478416 
12.5 -13.4536 1.43243 2 4 8 16 32 53 73 91 106 125 145 164 185 201 217 225 217 202 185 164 146 126 107 91 73 53 32 16 8 4 2 -0.480798 -0.368224 -0.421328 -0.413261 -0.42726 -0.432096 -0.436743 -0.438764 -0.43995 -0.440676 -0.441113 -0.441316 -0.441415 -0.441499 -0.441567 -0.441611 -0.441569 -0.441499 -0.44141 -0.441323 -0.441111 -0.440672 -0.439955 -0.43876 -0.436747 -0.432092 -0.427262 -0.413261 -0.421331 -0.368218 -0.480802 
12.6 -13.4536 1.44005 2 4 8 16 32 53 76 93 112 130 149 170 188 207 223 230 223 207 189 170 150 131 112 94 76 53 32 16 8 4 2 -0.483331 -0.366701 -0.422289 -0.412674 -0.426903 -0.431536 -0.43642 -0.438603 -0.439915 -0.440682 -0.441124 -0.441322 -0.441422 -0.44151 -0.441576 -0.441617 -0.441578 -0.44151 -0.441418 -0.441329 -0.441121 -0.440679 -0.439921 -0.438597 -0.436426 -0.431531 -0.426906 -0.412673 -0.422292 -0.366695 -0.483334 
12.7 -13.4536 1.44763 2 4 8 16 32 54 77 97 117 134 154 175 195 214 231 238 231 214 195 175 155 134 117 98 77 54 32 16 8 4 2 -0.486004 -0.365128 -0.423296 -0.412071 -0.426551 -0.430935 -0.436061 -0.438416 -0.439868 -0.440681 -0.441131 -0.441326 -0.44143 -0.441522 -0.441585 -0.441623 -0.441587 -0.441522 -0.441425 -0.441332 -0.441127 -0.440679 -0.439875 -0.438409 -0.436069 -0.430929 -0.426554 -0.41207 -0.423298 -0.365123 -0.486007 
12.8 -13.4536 1.45516 2 4 8 16 32 55 80 102 120 139 160 180 201 220 236 244 237 221 201 181 160 139 120 102 80 55 32 16 8 4 2 -0.48881 -0.36351 -0.424348 -0.41145 -0.42621 -0.430298 -0.435669 -0.438203 -0.439809 -0.440672 -0.441133 -0.441328 -0.441437 -0.441533 -0.441593 -0.441627 -0.441595 -0.441533 -0.441433 -0.441335 -0.441129 -0.440671 -0.439815 -0.438194 -0.435678 -0.430291 -0.426212 -0.411449 -0.42435 -0.363506 -0.488813 
12.9 -13.4536 1.46265 2 4 8 16 32 55 82 105 125 145 164 186 207 227 243 252 243 227 208 187 165 145 125 105 82 55 32 16 8 4 2 -0.491742 -0.361851 -0.425444 -0.410806 -0.425884 -0.429629 -0.435244 -0.437961 -0.439736 -0.440654 -0.441131 -0.441329 -0.441444 -0.441544 -0.441601 -0.441631 -0.441602 -0.441545 -0.44144 -0.441335 -0.441127 -0.440653 -0.439742 -0.437952 -0.435254 -0.429622 -0.425887 -0.410805 -0.425445 -0.361848 -0.491744 
13 -13.4536 1.47009 2 4 8 16 32 57 84 108 128 149 171 191 215 232 249 258 249 234 215 192 171 150 128 108 84 57 32 16 8 4 2 -0.494792 -0.360155 -0.426584 -0.410136 -0.425579 -0.428934 -0.434791 -0.43769 -0.439646 -0.440626 -0.441123 -0.441329 -0.441451 -0.441555 -0.441608 -0.441635 -0.441609 -0.441555 -0.441448 -0.441334 -0.441119 -0.440626 -0.439651 -0.437681 -0.434801 -0.428927 -0.425581 -0.410136 -0.426584 -0.360152 -0.494793 
