time energy SvN bondDim localEnergy 
0 -11.682 0.112074 2 4 8 8 8 8 8 8 8 8 8 8 8 8 8 8 8 8 8 8 8 8 8 8 8 8 8 8 8 4 2 -0.417644 -0.365823 -0.375783 -0.374218 -0.374512 -0.374464 -0.374473 -0.374471 -0.374472 -0.374472 -0.374474 -0.374479 -0.374502 -0.374564 -0.374973 -0.375343 -0.374973 -0.374564 -0.374502 -0.374479 -0.374474 -0.374472 -0.374472 -0.374471 -0.374473 -0.374464 -0.374512 -0.374218 -0.375783 -0.365823 -0.417644 
0.1 -11.682 0.11209 2 4 8 7 8 8 8 8 8 8 8 8 8 8 8 8 8 8 8 8 8 8 8 8 8 8 8 7 8 4 2 -0.417644 -0.365823 -0.375783 -0.374218 -0.374512 -0.374464 -0.374473 -0.374471 -0.374472 -0.374472 -0.374474 -0.374479 -0.374502 -0.374565 -0.374979 -0.375353 -0.374979 -0.374565 -0.374502 -0.374479 -0.374474 -0.374472 -0.374472 -0.374471 -0.374473 -0.374464 -0.374512 -0.374218 -0.375783 -0.365823 -0.417644 
0.2 -11.6821 0.112157 2 4 8 7 8 8 8 8 8 8 8 8 8 8 8 8 8 8 8 8 8 8 8 8 8 8 8 7 8 4 2 -0.417644 -0.365823 -0.375783 -0.374218 -0.374512 -0.374464 -0.374473 -0.374471 -0.374472 -0.374472 -0.374474 -0.374479 -0.374503 -0.37457 -0.375004 -0.375395 -0.375004 -0.37457 -0.374503 -0.374479 -0.374474 -0.374472 -0.374472 -0.374471 -0.374473 -0.374464 -0.374512 -0.374218 -0.375783 -0.365823 -0.417644 
0.3 -11.6824 0.112311 2 4 8 7 8 8 8 8 8 8 8 8 8 8 8 8 8 8 8 8 8 8 8 8 8 8 8 7 8 4 2 -0.417644 -0.365823 -0.375783 -0.374218 -0.374512 -0.374464 -0.374473 -0.374471 -0.374472 -0.374472 -0.374474 -0.37448 -0.374506 -0.374581 -0.375061 -0.375491 -0.375061 -0.374581 -0.374506 -0.37448 -0.374474 -0.374472 -0.374472 -0.374471 -0.374473 -0.374464 -0.374512 -0.374218 -0.375783 -0.365823 -0.417644 
0.4 -11.6828 0.112588 2 4 8 7 8 8 8 8 8 8 8 8 8 8 8 8 8 8 8 8 8 8 8 8 8 8 8 7 8 4 2 -0.417644 -0.365823 -0.375783 -0.374218 -0.374512 -0.374464 -0.374473 -0.374471 -0.374472 -0.374472 -0.374474 -0.374481 -0.374511 -0.3746 -0.375162 -0.375663 -0.375162 -0.3746 -0.374511 -0.374481 -0.374474 -0.374472 -0.374472 -0.374471 -0.374473 -0.374464 -0.374512 -0.374218 -0.375783 -0.365823 -0.417644 
0.5 -11.6835 0.113024 2 4 8 7 8 7 8 8 8 8 8 8 8 8 8 8 8 8 8 8 8 8 8 8 8 7 8 7 8 4 2 -0.417644 -0.365823 -0.375783 -0.374218 -0.374512 -0.374464 -0.374473 -0.374471 -0.374472 -0.374473 -0.374475 -0.374483 -0.374519 -0.37463 -0.375321 -0.375932 -0.375321 -0.37463 -0.374519 -0.374483 -0.374475 -0.374473 -0.374472 -0.374471 -0.374473 -0.374464 -0.374512 -0.374218 -0.375783 -0.365823 -0.417644 
0.6 -11.6844 0.113647 2 4 8 7 8 7 8 8 8 8 8 8 8 8 8 8 8 8 8 8 8 8 8 8 8 7 8 7 8 4 2 -0.417644 -0.365823 -0.375783 -0.374218 -0.374512 -0.374464 -0.374473 -0.374472 -0.374472 -0.374473 -0.374476 -0.374486 -0.37453 -0.374673 -0.375546 -0.376315 -0.375546 -0.374673 -0.37453 -0.374486 -0.374476 -0.374473 -0.374472 -0.374472 -0.374473 -0.374464 -0.374512 -0.374218 -0.375783 -0.365823 -0.417644 
0.7 -11.6857 0.114487 2 4 8 7 8 7 8 8 8 8 8 8 8 8 8 8 8 8 8 8 8 8 8 8 8 7 8 7 8 4 2 -0.417644 -0.365823 -0.375783 -0.374218 -0.374512 -0.374464 -0.374473 -0.374472 -0.374472 -0.374473 -0.374477 -0.37449 -0.374546 -0.374731 -0.375848 -0.376826 -0.375848 -0.374731 -0.374546 -0.37449 -0.374477 -0.374473 -0.374472 -0.374472 -0.374473 -0.374464 -0.374512 -0.374218 -0.375783 -0.365823 -0.417644 
0.8 -11.6873 0.115566 2 4 8 7 8 7 8 8 8 8 8 8 8 8 7 7 7 8 8 8 8 8 8 8 8 7 8 7 8 4 2 -0.417644 -0.365823 -0.375783 -0.374218 -0.374512 -0.374464 -0.374473 -0.374472 -0.374472 -0.374474 -0.374479 -0.374496 -0.374567 -0.374806 -0.376232 -0.377479 -0.376232 -0.374806 -0.374567 -0.374496 -0.374479 -0.374474 -0.374472 -0.374472 -0.374473 -0.374464 -0.374512 -0.374218 -0.375783 -0.365823 -0.417644 
0.9 -11.6893 0.116906 2 4 8 7 8 7 8 8 8 8 8 8 8 7 7 7 7 7 8 8 8 8 8 8 8 7 8 7 8 4 2 -0.417644 -0.365823 -0.375783 -0.374218 -0.374512 -0.374464 -0.374473 -0.374472 -0.374472 -0.374474 -0.37448 -0.374503 -0.374593 -0.374898 -0.376704 -0.378282 -0.376704 -0.374898 -0.374593 -0.374503 -0.37448 -0.374474 -0.374472 -0.374472 -0.374473 -0.374464 -0.374512 -0.374218 -0.375783 -0.365823 -0.417644 
1 -11.6917 0.118528 2 4 8 7 8 7 8 8 8 8 8 8 8 7 7 7 7 7 8 8 8 8 8 8 8 7 8 7 8 4 2 -0.417644 -0.365823 -0.375783 -0.374218 -0.374512 -0.374464 -0.374473 -0.374472 -0.374473 -0.374475 -0.374483 -0.374511 -0.374627 -0.375011 -0.37727 -0.379246 -0.37727 -0.375011 -0.374627 -0.374511 -0.374483 -0.374475 -0.374473 -0.374472 -0.374473 -0.374464 -0.374512 -0.374218 -0.375783 -0.365823 -0.417644 
1.1 -11.6946 0.120457 2 4 8 7 8 7 8 8 8 8 8 8 8 7 7 7 7 7 8 8 8 8 8 8 8 7 8 7 8 4 2 -0.417644 -0.365823 -0.375783 -0.374218 -0.374512 -0.374464 -0.374473 -0.374472 -0.374473 -0.374475 -0.374486 -0.374521 -0.374667 -0.375146 -0.377934 -0.380378 -0.377934 -0.375146 -0.374667 -0.374521 -0.374486 -0.374475 -0.374473 -0.374472 -0.374473 -0.374464 -0.374512 -0.374218 -0.375783 -0.365823 -0.417644 
1.2 -11.6979 0.122724 2 4 8 7 8 7 8 8 8 8 8 8 8 7 7 7 7 7 8 8 8 8 8 8 8 7 8 7 8 4 2 -0.417644 -0.365823 -0.375783 -0.374218 -0.374512 -0.374464 -0.374473 -0.374472 -0.374473 -0.374476 -0.374489 -0.374533 -0.374717 -0.375307 -0.378704 -0.381691 -0.378704 -0.375307 -0.374717 -0.374533 -0.374489 -0.374476 -0.374473 -0.374472 -0.374473 -0.374464 -0.374512 -0.374218 -0.375783 -0.365823 -0.417644 
1.3 -11.7017 0.125367 2 4 8 7 8 7 8 8 8 8 8 8 8 7 7 7 7 7 8 8 8 8 8 8 8 7 8 7 8 4 2 -0.417644 -0.365823 -0.375783 -0.374218 -0.374512 -0.374464 -0.374473 -0.374472 -0.374473 -0.374478 -0.374493 -0.374548 -0.374776 -0.375497 -0.379589 -0.383198 -0.379589 -0.375497 -0.374776 -0.374548 -0.374493 -0.374478 -0.374473 -0.374472 -0.374473 -0.374464 -0.374512 -0.374218 -0.375783 -0.365823 -0.417644 
1.4 -11.7061 0.128436 2 4 8 7 8 7 8 8 8 8 8 8 8 7 7 7 7 7 8 8 8 8 8 8 8 7 8 7 8 4 2 -0.417644 -0.365823 -0.375783 -0.374218 -0.374512 -0.374464 -0.374473 -0.374472 -0.374474 -0.374479 -0.374498 -0.374566 -0.374848 -0.375723 -0.380597 -0.384915 -0.380597 -0.375723 -0.374848 -0.374566 -0.374498 -0.374479 -0.374474 -0.374472 -0.374473 -0.374464 -0.374512 -0.374218 -0.375783 -0.365823 -0.417644 
1.5 -11.7111 0.131992 2 4 8 7 8 7 8 8 8 8 8 8 8 7 7 7 7 7 8 8 8 8 8 8 8 7 8 7 8 4 2 -0.417644 -0.365823 -0.375783 -0.374218 -0.374512 -0.374464 -0.374473 -0.374472 -0.374474 -0.37448 -0.374504 -0.374587 -0.374933 -0.375992 -0.381743 -0.386861 -0.381743 -0.375992 -0.374933 -0.374587 -0.374504 -0.37448 -0.374474 -0.374472 -0.374473 -0.374464 -0.374512 -0.374218 -0.375783 -0.365823 -0.417644 
1.6 -11.7168 0.136104 2 4 8 7 8 7 8 8 8 8 8 8 8 7 7 7 7 7 8 8 8 8 8 8 8 7 8 7 8 4 2 -0.417644 -0.365823 -0.375783 -0.374218 -0.374512 -0.374464 -0.374473 -0.374472 -0.374475 -0.374482 -0.374511 -0.374612 -0.375036 -0.376314 -0.38304 -0.389053 -0.38304 -0.376314 -0.375036 -0.374612 -0.374511 -0.374482 -0.374475 -0.374472 -0.374473 -0.374464 -0.374512 -0.374218 -0.375783 -0.365823 -0.417644 
1.7 -11.7233 0.140854 2 4 8 7 8 7 8 8 8 8 8 8 8 7 7 7 7 7 8 8 8 8 8 8 8 7 8 7 8 4 2 -0.417644 -0.365823 -0.375783 -0.374218 -0.374512 -0.374464 -0.374473 -0.374472 -0.374475 -0.374485 -0.37452 -0.374642 -0.375159 -0.3767 -0.384501 -0.391508 -0.384501 -0.3767 -0.375159 -0.374642 -0.37452 -0.374485 -0.374475 -0.374472 -0.374473 -0.374464 -0.374512 -0.374218 -0.375783 -0.365823 -0.417644 
1.8 -11.7306 0.146327 2 4 8 7 8 7 8 8 8 8 8 8 8 7 7 7 7 7 8 8 8 8 8 8 8 7 8 7 8 4 2 -0.417644 -0.365823 -0.375783 -0.374218 -0.374512 -0.374464 -0.374473 -0.374473 -0.374476 -0.374488 -0.374531 -0.374679 -0.375307 -0.377163 -0.386139 -0.394239 -0.386139 -0.377163 -0.375307 -0.374679 -0.374531 -0.374488 -0.374476 -0.374473 -0.374473 -0.374464 -0.374512 -0.374218 -0.375783 -0.365823 -0.417644 
1.9 -11.7388 0.152606 2 4 8 7 8 7 8 8 8 8 8 8 8 7 7 7 7 7 8 8 8 8 8 8 8 7 8 7 8 4 2 -0.417644 -0.365823 -0.375783 -0.374218 -0.374512 -0.374464 -0.374473 -0.374473 -0.374477 -0.374491 -0.374544 -0.374724 -0.375484 -0.377718 -0.387962 -0.397249 -0.387962 -0.377718 -0.375484 -0.374724 -0.374544 -0.374491 -0.374477 -0.374473 -0.374473 -0.374464 -0.374512 -0.374218 -0.375783 -0.365823 -0.417644 
2 -11.748 0.15977 2 4 8 7 8 7 8 8 8 8 8 8 8 7 7 7 7 7 8 8 8 8 8 8 8 7 8 7 8 4 2 -0.417644 -0.365823 -0.375783 -0.374218 -0.374512 -0.374464 -0.374473 -0.374473 -0.374478 -0.374495 -0.374559 -0.374778 -0.375698 -0.378383 -0.389974 -0.400532 -0.389974 -0.378383 -0.375698 -0.374778 -0.374559 -0.374495 -0.374478 -0.374473 -0.374473 -0.374464 -0.374512 -0.374218 -0.375783 -0.365823 -0.417644 
2.1 -11.7583 0.167883 2 4 8 7 8 7 8 8 8 8 8 8 8 7 7 7 7 7 8 8 8 8 8 8 8 7 8 7 8 4 2 -0.417644 -0.365823 -0.375783 -0.374218 -0.374512 -0.374464 -0.374473 -0.374474 -0.37448 -0.374501 -0.374579 -0.374845 -0.375955 -0.379174 -0.39217 -0.404067 -0.39217 -0.379174 -0.375955 -0.374845 -0.374579 -0.374501 -0.37448 -0.374474 -0.374473 -0.374464 -0.374512 -0.374218 -0.375783 -0.365823 -0.417644 
2.2 -11.7695 0.17699 2 4 8 7 8 7 8 8 8 8 8 8 8 7 7 7 7 7 8 8 8 8 8 8 8 7 8 7 8 4 2 -0.417644 -0.365823 -0.375783 -0.374218 -0.374512 -0.374464 -0.374474 -0.374474 -0.374482 -0.374507 -0.374602 -0.374926 -0.376265 -0.38011 -0.39454 -0.407823 -0.39454 -0.38011 -0.376265 -0.374926 -0.374602 -0.374507 -0.374482 -0.374474 -0.374474 -0.374464 -0.374512 -0.374218 -0.375783 -0.365823 -0.417644 
2.3 -11.7817 0.187107 2 4 8 7 8 7 8 8 8 8 8 8 8 7 7 7 7 7 8 8 8 8 8 8 8 7 8 7 8 4 2 -0.417644 -0.365823 -0.375783 -0.374218 -0.374512 -0.374464 -0.374474 -0.374475 -0.374484 -0.374515 -0.374631 -0.375027 -0.376637 -0.381205 -0.397065 -0.411754 -0.397065 -0.381205 -0.376637 -0.375027 -0.374631 -0.374515 -0.374484 -0.374475 -0.374474 -0.374464 -0.374512 -0.374218 -0.375783 -0.365823 -0.417644 
2.4 -11.7948 0.198222 2 4 8 7 8 7 8 8 8 8 8 8 8 7 7 7 7 7 8 8 8 8 8 8 8 7 8 7 8 4 2 -0.417644 -0.365823 -0.375783 -0.374218 -0.374512 -0.374464 -0.374474 -0.374475 -0.374486 -0.374524 -0.374666 -0.375149 -0.377084 -0.382475 -0.399718 -0.415805 -0.399718 -0.382475 -0.377084 -0.375149 -0.374666 -0.374524 -0.374486 -0.374475 -0.374474 -0.374464 -0.374512 -0.374218 -0.375783 -0.365823 -0.417644 
2.5 -11.8088 0.210288 2 4 8 7 8 7 8 8 8 8 8 8 8 7 7 7 7 7 8 8 8 8 8 8 8 7 8 7 8 4 2 -0.417644 -0.365823 -0.375783 -0.374218 -0.374513 -0.374464 -0.374474 -0.374476 -0.37449 -0.374536 -0.374709 -0.3753 -0.377619 -0.38393 -0.402466 -0.419911 -0.402466 -0.38393 -0.377619 -0.3753 -0.374709 -0.374536 -0.37449 -0.374476 -0.374474 -0.374464 -0.374513 -0.374218 -0.375783 -0.365823 -0.417644 
2.6 -11.8236 0.223227 2 4 8 7 8 7 8 8 8 8 8 8 8 7 7 7 7 7 8 8 8 8 8 8 8 7 8 7 8 4 2 -0.417644 -0.365823 -0.375783 -0.374218 -0.374513 -0.374465 -0.374475 -0.374478 -0.374494 -0.37455 -0.374761 -0.375484 -0.378255 -0.385576 -0.405276 -0.424007 -0.405276 -0.385577 -0.378255 -0.375484 -0.374761 -0.37455 -0.374494 -0.374478 -0.374475 -0.374465 -0.374513 -0.374218 -0.375783 -0.365823 -0.417644 
2.7 -11.8391 0.236932 2 4 8 7 8 7 8 8 8 8 8 8 8 7 7 7 7 7 8 8 8 8 8 8 8 7 8 7 8 4 2 -0.417644 -0.365823 -0.375783 -0.374218 -0.374513 -0.374465 -0.374475 -0.374479 -0.374499 -0.374567 -0.374825 -0.375709 -0.379008 -0.387414 -0.40811 -0.428023 -0.40811 -0.387414 -0.379008 -0.375709 -0.374825 -0.374567 -0.374499 -0.374479 -0.374475 -0.374465 -0.374513 -0.374218 -0.375783 -0.365823 -0.417644 
2.8 -11.8552 0.251271 2 4 8 7 8 7 8 8 8 8 8 8 8 7 7 7 7 7 8 8 8 8 8 8 8 7 8 7 8 4 2 -0.417644 -0.365823 -0.375783 -0.374218 -0.374513 -0.374465 -0.374475 -0.374481 -0.374505 -0.374589 -0.374903 -0.375984 -0.37989 -0.389439 -0.410934 -0.431894 -0.410934 -0.389439 -0.37989 -0.375984 -0.374903 -0.374589 -0.374505 -0.374481 -0.374475 -0.374465 -0.374513 -0.374218 -0.375783 -0.365823 -0.417644 
2.9 -11.8718 0.266094 2 4 8 7 8 7 8 8 8 8 8 8 8 7 7 7 7 7 8 8 8 8 8 8 8 7 8 7 8 4 2 -0.417644 -0.365823 -0.375783 -0.374218 -0.374513 -0.374465 -0.374476 -0.374483 -0.374512 -0.374615 -0.374998 -0.376316 -0.380917 -0.391638 -0.413716 -0.43556 -0.413716 -0.391638 -0.380917 -0.376316 -0.374998 -0.374615 -0.374512 -0.374483 -0.374476 -0.374465 -0.374513 -0.374218 -0.375783 -0.365823 -0.417644 
3 -11.8888 0.281243 2 4 8 7 8 7 8 8 8 8 8 8 8 7 7 7 7 7 8 8 8 8 8 8 8 7 8 7 8 4 2 -0.417644 -0.365823 -0.375783 -0.374218 -0.374513 -0.374465 -0.374477 -0.374485 -0.374521 -0.374647 -0.375114 -0.376719 -0.382098 -0.393997 -0.416429 -0.438965 -0.416429 -0.393997 -0.382098 -0.376719 -0.375114 -0.374647 -0.374521 -0.374485 -0.374477 -0.374465 -0.374513 -0.374218 -0.375783 -0.365823 -0.417644 
3.1 -11.9062 0.296559 2 4 8 7 8 7 8 8 8 8 8 8 8 7 7 7 7 7 8 8 8 8 8 8 8 7 8 7 8 4 2 -0.417644 -0.365823 -0.375783 -0.374218 -0.374513 -0.374465 -0.374478 -0.374488 -0.374532 -0.374686 -0.375256 -0.377203 -0.383441 -0.396494 -0.419055 -0.442066 -0.419055 -0.396494 -0.383441 -0.377203 -0.375256 -0.374686 -0.374532 -0.374488 -0.374478 -0.374465 -0.374513 -0.374218 -0.375783 -0.365823 -0.417644 
3.2 -11.9239 0.311888 2 4 8 7 8 7 8 8 8 8 8 8 8 7 7 7 7 7 8 8 8 8 8 8 8 7 8 7 8 4 2 -0.417644 -0.365823 -0.375783 -0.374218 -0.374513 -0.374466 -0.374479 -0.374492 -0.374545 -0.374734 -0.375428 -0.377782 -0.38495 -0.399106 -0.421577 -0.444823 -0.421577 -0.399106 -0.38495 -0.377782 -0.375428 -0.374734 -0.374545 -0.374492 -0.374479 -0.374466 -0.374513 -0.374218 -0.375783 -0.365823 -0.417644 
3.3 -11.9418 0.32709 2 4 8 7 8 7 8 8 8 8 8 8 8 7 7 8 7 7 8 8 8 8 8 8 8 7 8 7 8 4 2 -0.417644 -0.365823 -0.375783 -0.374218 -0.374513 -0.374466 -0.37448 -0.374496 -0.374561 -0.374793 -0.375638 -0.378471 -0.386621 -0.401806 -0.423988 -0.447211 -0.423988 -0.401806 -0.386621 -0.378471 -0.375638 -0.374793 -0.374561 -0.374496 -0.37448 -0.374466 -0.374513 -0.374218 -0.375783 -0.365823 -0.417644 
3.4 -11.9599 0.342039 2 4 8 7 8 7 8 8 8 8 8 8 8 7 8 8 8 7 8 8 8 8 8 8 8 7 8 7 8 4 2 -0.417644 -0.365823 -0.375783 -0.374218 -0.374513 -0.374466 -0.374481 -0.374502 -0.374581 -0.374865 -0.375893 -0.379283 -0.388446 -0.404569 -0.426283 -0.44921 -0.426283 -0.404569 -0.388446 -0.379283 -0.375893 -0.374865 -0.374581 -0.374502 -0.374481 -0.374466 -0.374513 -0.374218 -0.375783 -0.365823 -0.417644 
3.5 -11.9782 0.356631 2 4 8 7 8 7 8 8 8 8 8 8 8 7 8 8 8 7 8 8 8 8 8 8 8 7 8 7 8 4 2 -0.417644 -0.365823 -0.375783 -0.374218 -0.374513 -0.374467 -0.374483 -0.374509 -0.374606 -0.374952 -0.376202 -0.380233 -0.390412 -0.407371 -0.428461 -0.45081 -0.428461 -0.407371 -0.390412 -0.380233 -0.376202 -0.374952 -0.374606 -0.374509 -0.374483 -0.374467 -0.374513 -0.374218 -0.375783 -0.365823 -0.417644 
3.6 -11.9965 0.370781 2 4 8 7 8 7 8 8 8 8 8 8 8 8 8 8 8 8 8 8 8 8 8 8 8 7 8 7 8 4 2 -0.417644 -0.365823 -0.375783 -0.374218 -0.374513 -0.374467 -0.374486 -0.374517 -0.374636 -0.37506 -0.376575 -0.381333 -0.392498 -0.410189 -0.430524 -0.452011 -0.430524 -0.410189 -0.392498 -0.381333 -0.376575 -0.37506 -0.374636 -0.374517 -0.374486 -0.374467 -0.374513 -0.374218 -0.375783 -0.365823 -0.417644 
3.7 -12.015 0.384423 2 4 8 7 8 7 8 8 8 8 8 8 8 8 8 8 8 8 8 8 8 8 8 8 8 7 8 7 8 4 2 -0.417644 -0.365823 -0.375783 -0.374218 -0.374514 -0.374468 -0.374488 -0.374527 -0.374672 -0.375191 -0.377023 -0.382591 -0.394681 -0.413004 -0.432474 -0.452819 -0.432474 -0.413004 -0.394681 -0.382591 -0.377023 -0.375191 -0.374672 -0.374527 -0.374488 -0.374468 -0.374514 -0.374218 -0.375783 -0.365823 -0.417644 
3.8 -12.0336 0.39751 2 4 8 7 8 7 8 8 8 8 8 8 8 8 8 8 8 8 8 8 8 8 8 8 8 7 8 7 8 4 2 -0.417644 -0.365823 -0.375783 -0.374218 -0.374514 -0.374469 -0.374492 -0.374539 -0.374717 -0.375351 -0.37756 -0.384013 -0.396934 -0.415802 -0.434311 -0.453249 -0.434311 -0.415802 -0.396934 -0.384013 -0.37756 -0.375351 -0.374717 -0.374539 -0.374492 -0.374469 -0.374514 -0.374218 -0.375783 -0.365823 -0.417644 
3.9 -12.0522 0.410012 2 4 8 7 8 7 8 8 8 8 8 8 8 8 8 8 8 8 8 8 8 8 8 8 8 7 8 7 8 4 2 -0.417644 -0.365823 -0.375783 -0.374218 -0.374514 -0.37447 -0.374496 -0.374554 -0.374771 -0.375546 -0.378199 -0.385599 -0.399231 -0.418569 -0.436036 -0.453321 -0.436036 -0.418569 -0.399231 -0.385599 -0.378199 -0.375546 -0.374771 -0.374554 -0.374496 -0.37447 -0.374514 -0.374219 -0.375783 -0.365823 -0.417644 
4 -12.0709 0.421913 2 4 8 7 8 7 8 8 8 8 8 8 8 8 8 8 8 8 8 8 8 8 8 8 8 7 8 7 8 4 2 -0.417644 -0.365823 -0.375783 -0.374219 -0.374515 -0.374472 -0.374501 -0.374573 -0.374838 -0.375783 -0.378953 -0.387343 -0.401544 -0.421295 -0.437649 -0.453064 -0.437649 -0.421295 -0.401544 -0.387343 -0.378953 -0.375783 -0.374838 -0.374573 -0.374501 -0.374472 -0.374515 -0.374219 -0.375783 -0.365823 -0.417644 
4.1 -12.0897 0.433207 2 4 8 7 8 7 8 8 8 8 8 8 8 8 8 8 8 8 8 8 8 8 8 8 8 7 8 7 8 4 2 -0.417644 -0.365823 -0.375783 -0.374219 -0.374515 -0.374474 -0.374508 -0.374596 -0.374919 -0.37607 -0.379836 -0.389235 -0.403851 -0.423972 -0.439146 -0.452511 -0.439146 -0.423972 -0.403851 -0.389235 -0.379836 -0.37607 -0.374919 -0.374596 -0.374508 -0.374474 -0.374515 -0.374219 -0.375783 -0.365823 -0.417644 
4.2 -12.1085 0.443904 2 4 8 7 8 7 8 8 8 8 8 8 8 8 8 9 8 8 8 8 8 8 8 8 8 7 8 7 8 4 2 -0.417644 -0.365823 -0.375783 -0.374219 -0.374516 -0.374476 -0.374515 -0.374623 -0.375019 -0.376418 -0.38086 -0.391257 -0.406133 -0.426591 -0.440524 -0.451697 -0.440524 -0.426591 -0.406133 -0.391257 -0.38086 -0.376418 -0.375019 -0.374623 -0.374515 -0.374476 -0.374516 -0.374219 -0.375783 -0.365823 -0.417644 
4.3 -12.1274 0.454021 2 4 8 7 8 7 8 8 8 8 8 8 8 8 9 9 9 8 8 8 8 8 8 8 8 7 8 7 8 4 2 -0.417644 -0.365823 -0.375783 -0.374219 -0.374516 -0.374479 -0.374525 -0.374657 -0.37514 -0.376837 -0.382034 -0.393387 -0.408376 -0.429144 -0.441778 -0.450666 -0.441778 -0.429144 -0.408376 -0.393387 -0.382034 -0.376837 -0.37514 -0.374657 -0.374525 -0.374479 -0.374516 -0.374219 -0.375783 -0.365823 -0.417644 
4.4 -12.1462 0.463586 2 4 8 7 8 7 8 8 8 8 8 8 8 8 9 9 9 8 8 8 8 8 8 8 8 7 8 7 8 4 2 -0.417644 -0.365823 -0.375783 -0.374219 -0.374517 -0.374482 -0.374536 -0.374699 -0.375289 -0.37734 -0.383363 -0.3956 -0.410574 -0.431621 -0.442902 -0.449459 -0.442902 -0.431621 -0.410574 -0.3956 -0.383363 -0.37734 -0.375289 -0.374699 -0.374536 -0.374482 -0.374517 -0.374219 -0.375783 -0.365823 -0.417644 
4.5 -12.1652 0.472637 2 4 8 7 8 7 8 8 8 8 8 8 8 9 9 10 9 9 8 8 8 8 8 8 8 7 8 7 8 4 2 -0.417644 -0.365823 -0.375784 -0.37422 -0.374518 -0.374486 -0.37455 -0.374749 -0.375469 -0.377941 -0.384847 -0.397869 -0.412724 -0.434011 -0.443892 -0.448123 -0.443892 -0.434011 -0.412724 -0.397869 -0.384847 -0.377941 -0.375469 -0.374749 -0.37455 -0.374486 -0.374518 -0.37422 -0.375784 -0.365823 -0.417644 
4.6 -12.1841 0.481221 2 4 8 7 8 7 8 8 8 8 8 8 8 9 10 10 10 9 8 8 8 8 8 8 8 7 8 7 8 4 2 -0.417644 -0.365823 -0.375784 -0.37422 -0.37452 -0.374491 -0.374567 -0.374811 -0.375689 -0.378652 -0.386481 -0.400166 -0.414829 -0.436301 -0.444742 -0.446701 -0.444742 -0.4363 -0.414829 -0.400166 -0.386481 -0.378652 -0.375689 -0.374811 -0.374567 -0.374491 -0.37452 -0.37422 -0.375784 -0.365823 -0.417644 
4.7 -12.2031 0.489395 2 4 8 7 8 7 8 8 8 8 8 8 8 9 10 10 10 9 8 8 8 8 8 8 8 7 8 7 8 4 2 -0.417644 -0.365823 -0.375784 -0.374221 -0.374521 -0.374496 -0.374588 -0.374887 -0.375956 -0.379489 -0.388253 -0.402467 -0.416897 -0.438473 -0.445451 -0.44524 -0.445451 -0.438473 -0.416897 -0.402467 -0.388253 -0.379489 -0.375956 -0.374887 -0.374588 -0.374496 -0.374521 -0.374221 -0.375784 -0.365823 -0.417644 
4.8 -12.2222 0.49722 2 4 8 7 8 7 8 8 8 8 8 8 8 10 10 10 10 10 8 8 8 8 8 8 8 7 8 7 8 4 2 -0.417644 -0.365823 -0.375784 -0.374221 -0.374523 -0.374503 -0.374614 -0.37498 -0.37628 -0.380463 -0.390145 -0.40475 -0.418935 -0.440513 -0.446016 -0.443782 -0.446016 -0.440513 -0.418935 -0.40475 -0.390145 -0.380463 -0.37628 -0.37498 -0.374614 -0.374503 -0.374523 -0.374221 -0.375784 -0.365823 -0.417644 
4.9 -12.2412 0.504763 2 4 8 7 8 7 8 8 8 8 8 8 9 10 10 10 10 10 9 8 8 8 8 8 8 7 8 7 8 4 2 -0.417644 -0.365824 -0.375784 -0.374222 -0.374526 -0.374512 -0.374646 -0.375093 -0.37667 -0.381585 -0.392134 -0.406999 -0.420952 -0.442401 -0.446439 -0.442367 -0.446439 -0.442401 -0.420952 -0.406999 -0.392135 -0.381585 -0.37667 -0.375093 -0.374646 -0.374512 -0.374526 -0.374222 -0.375784 -0.365824 -0.417644 
5 -12.2603 0.512095 2 4 8 7 8 7 8 8 8 8 8 8 9 10 10 10 10 10 9 8 8 8 8 8 8 7 8 7 8 4 2 -0.417644 -0.365824 -0.375784 -0.374223 -0.374529 -0.374523 -0.374684 -0.375231 -0.377139 -0.382862 -0.394195 -0.409204 -0.422957 -0.444119 -0.446723 -0.441033 -0.446723 -0.444119 -0.422957 -0.409204 -0.394195 -0.382862 -0.377139 -0.375231 -0.374684 -0.374523 -0.374529 -0.374223 -0.375784 -0.365824 -0.417644 
5.1 -12.2794 0.519283 2 4 8 7 8 7 8 8 8 8 8 8 9 10 10 11 10 10 9 8 8 8 8 8 8 7 8 7 8 4 2 -0.417644 -0.365824 -0.375785 -0.374224 -0.374533 -0.374536 -0.374731 -0.3754 -0.377699 -0.384295 -0.396298 -0.411358 -0.424956 -0.445648 -0.446875 -0.439812 -0.446875 -0.445648 -0.424956 -0.411358 -0.396298 -0.384295 -0.377699 -0.3754 -0.374731 -0.374536 -0.374533 -0.374224 -0.375785 -0.365824 -0.417644 
5.2 -12.2986 0.526392 2 4 8 7 8 7 8 8 8 8 8 8 9 10 11 11 11 10 9 8 8 8 8 8 8 7 8 7 8 4 2 -0.417644 -0.365824 -0.375785 -0.374225 -0.374537 -0.374552 -0.374789 -0.375605 -0.378364 -0.385883 -0.398414 -0.413463 -0.426952 -0.446974 -0.446902 -0.438731 -0.446902 -0.446974 -0.426952 -0.413463 -0.398414 -0.385883 -0.378364 -0.375605 -0.374789 -0.374552 -0.374537 -0.374225 -0.375785 -0.365824 -0.417644 
5.3 -12.3177 0.533478 2 4 8 7 8 7 8 8 8 8 8 8 10 10 11 12 11 10 10 8 8 8 8 8 8 7 8 7 8 4 2 -0.417644 -0.365824 -0.375785 -0.374226 -0.374542 -0.374571 -0.374859 -0.375854 -0.379148 -0.387614 -0.400516 -0.415524 -0.428943 -0.448081 -0.446815 -0.437815 -0.446815 -0.448081 -0.428943 -0.415524 -0.400516 -0.387614 -0.379148 -0.375854 -0.374859 -0.374571 -0.374542 -0.374226 -0.375785 -0.365824 -0.417644 
5.4 -12.3369 0.540591 2 4 8 7 8 7 8 8 8 8 8 9 10 10 11 12 11 10 10 9 8 8 8 8 8 7 8 7 8 4 2 -0.417644 -0.365824 -0.375786 -0.374228 -0.374549 -0.374595 -0.374945 -0.376157 -0.380063 -0.389474 -0.402581 -0.417547 -0.430925 -0.448959 -0.446627 -0.43708 -0.446627 -0.448959 -0.430925 -0.417547 -0.402581 -0.389474 -0.380063 -0.376157 -0.374945 -0.374595 -0.374549 -0.374228 -0.375786 -0.365824 -0.417644 
5.5 -12.3561 0.547768 2 4 8 7 8 7 8 8 8 8 8 9 10 10 12 13 12 10 10 9 8 8 8 8 8 7 8 7 8 4 2 -0.417644 -0.365824 -0.375787 -0.37423 -0.374557 -0.374625 -0.37505 -0.376522 -0.38112 -0.391441 -0.404591 -0.419541 -0.432888 -0.449601 -0.446351 -0.436538 -0.446351 -0.449601 -0.432888 -0.419541 -0.404591 -0.391441 -0.38112 -0.376522 -0.37505 -0.374625 -0.374557 -0.37423 -0.375787 -0.365824 -0.417644 
5.6 -12.3753 0.555038 2 4 8 7 8 7 8 8 8 8 8 9 10 11 13 13 13 11 10 9 8 8 8 8 8 7 8 7 8 4 2 -0.417645 -0.365824 -0.375787 -0.374233 -0.374567 -0.37466 -0.375179 -0.376962 -0.382326 -0.39349 -0.406534 -0.421518 -0.43482 -0.450005 -0.446003 -0.436195 -0.446003 -0.450005 -0.43482 -0.421518 -0.406534 -0.39349 -0.382326 -0.376962 -0.375179 -0.37466 -0.374567 -0.374233 -0.375787 -0.365824 -0.417644 
5.7 -12.3945 0.562421 2 4 8 7 8 7 8 8 8 8 8 9 10 11 13 13 13 11 10 9 8 8 8 8 8 7 8 7 8 4 2 -0.417645 -0.365824 -0.375788 -0.374237 -0.374579 -0.374704 -0.375335 -0.377489 -0.383685 -0.395591 -0.408406 -0.423483 -0.436703 -0.450173 -0.445598 -0.436052 -0.445598 -0.450173 -0.436703 -0.423483 -0.408406 -0.395591 -0.383685 -0.377489 -0.375335 -0.374704 -0.374579 -0.374237 -0.375788 -0.365824 -0.417645 
5.8 -12.4138 0.569926 2 4 8 7 8 7 8 8 8 8 8 10 10 11 13 15 13 11 10 10 8 8 8 8 8 7 8 7 8 4 2 -0.417645 -0.365824 -0.37579 -0.374241 -0.374594 -0.374758 -0.375526 -0.378117 -0.385195 -0.397716 -0.410208 -0.425443 -0.43852 -0.450112 -0.445152 -0.436104 -0.445152 -0.450112 -0.43852 -0.425443 -0.410208 -0.397716 -0.385195 -0.378117 -0.375526 -0.374758 -0.374594 -0.374241 -0.37579 -0.365825 -0.417645 
5.9 -12.4331 0.577556 2 4 8 7 8 7 8 8 8 8 8 10 10 12 15 15 15 13 10 10 8 8 8 8 8 7 8 7 8 4 2 -0.417645 -0.365825 -0.375791 -0.374246 -0.374612 -0.374823 -0.375758 -0.378859 -0.386847 -0.399834 -0.411949 -0.427401 -0.44025 -0.449836 -0.444679 -0.436342 -0.44468 -0.449836 -0.44025 -0.427401 -0.411949 -0.399834 -0.386847 -0.378859 -0.375758 -0.374823 -0.374612 -0.374246 -0.375791 -0.365825 -0.417645 
6 -12.4523 0.585309 2 4 8 7 8 7 8 8 8 8 9 10 10 13 15 15 15 13 10 10 9 8 8 8 8 7 8 7 8 4 2 -0.417645 -0.365825 -0.375793 -0.374252 -0.374635 -0.374903 -0.376039 -0.379728 -0.388627 -0.40192 -0.41364 -0.429355 -0.441872 -0.449361 -0.444196 -0.436753 -0.444196 -0.449361 -0.441872 -0.429355 -0.41364 -0.40192 -0.388627 -0.379728 -0.376039 -0.374903 -0.374635 -0.374252 -0.375793 -0.365825 -0.417645 
6.1 -12.4716 0.593176 2 4 8 7 8 7 8 8 8 8 9 10 11 13 15 17 15 13 11 10 9 8 8 8 8 7 8 7 8 4 2 -0.417646 -0.365826 -0.375795 -0.374259 -0.374662 -0.375001 -0.37638 -0.380736 -0.390514 -0.403952 -0.415296 -0.431298 -0.443367 -0.448709 -0.443715 -0.43732 -0.443715 -0.448709 -0.443367 -0.431298 -0.415296 -0.403952 -0.390514 -0.380736 -0.37638 -0.375001 -0.374662 -0.374259 -0.375795 -0.365826 -0.417646 
6.2 -12.4909 0.601143 2 4 8 7 8 7 8 8 8 8 9 10 11 14 17 17 17 14 11 10 9 8 8 8 8 7 8 7 8 4 2 -0.417646 -0.365826 -0.375798 -0.374269 -0.374695 -0.375121 -0.37679 -0.381892 -0.392483 -0.405915 -0.416934 -0.433222 -0.444716 -0.447906 -0.443248 -0.438022 -0.443248 -0.447905 -0.444716 -0.433222 -0.416934 -0.405915 -0.392483 -0.381892 -0.37679 -0.375121 -0.374695 -0.374269 -0.375798 -0.365826 -0.417646 
6.3 -12.5103 0.609192 2 4 8 7 8 7 8 8 8 8 9 10 11 14 17 18 17 14 11 10 9 8 8 8 8 7 8 7 8 4 2 -0.417647 -0.365827 -0.375801 -0.37428 -0.374736 -0.375267 -0.377283 -0.383201 -0.394504 -0.4078 -0.418571 -0.435113 -0.445902 -0.446978 -0.442807 -0.438837 -0.442807 -0.446978 -0.445902 -0.435113 -0.418571 -0.4078 -0.394504 -0.383201 -0.377283 -0.375267 -0.374736 -0.37428 -0.375801 -0.365827 -0.417646 
6.4 -12.5296 0.6173 2 4 8 7 8 7 8 8 8 8 10 10 11 15 17 19 17 15 11 10 10 8 8 8 8 7 8 7 8 4 2 -0.417647 -0.365828 -0.375805 -0.374294 -0.374786 -0.375444 -0.377871 -0.384663 -0.396548 -0.409604 -0.420222 -0.436954 -0.446912 -0.445957 -0.442399 -0.439738 -0.4424 -0.445956 -0.446913 -0.436954 -0.420222 -0.409604 -0.396548 -0.384663 -0.377871 -0.375444 -0.374786 -0.374294 -0.375805 -0.365828 -0.417647 
6.5 -12.549 0.625437 2 4 8 7 8 7 8 8 8 8 10 10 13 15 19 19 19 15 13 10 10 8 8 8 8 7 8 7 8 4 2 -0.417648 -0.365829 -0.37581 -0.37431 -0.374847 -0.375661 -0.378567 -0.386273 -0.398583 -0.411332 -0.4219 -0.438726 -0.447737 -0.444873 -0.442034 -0.4407 -0.442034 -0.444873 -0.447738 -0.438725 -0.421899 -0.411332 -0.398583 -0.386273 -0.378567 -0.375661 -0.374847 -0.37431 -0.37581 -0.365829 -0.417648 
6.6 -12.5683 0.63357 2 4 8 7 8 7 8 8 8 9 10 10 13 16 19 20 19 17 13 10 10 9 8 8 8 7 8 7 8 4 2 -0.417649 -0.365831 -0.375816 -0.374331 -0.374921 -0.375924 -0.379385 -0.388017 -0.400581 -0.412992 -0.423612 -0.440407 -0.448371 -0.44376 -0.441717 -0.441696 -0.441717 -0.443759 -0.448372 -0.440407 -0.423612 -0.412992 -0.400581 -0.388017 -0.379385 -0.375924 -0.374921 -0.374331 -0.375816 -0.365831 -0.417649 
6.7 -12.5877 0.641662 2 4 8 7 8 7 8 8 8 9 10 11 14 17 19 20 19 17 14 11 10 9 8 8 8 7 8 7 8 4 2 -0.41765 -0.365833 -0.375823 -0.374356 -0.375012 -0.376242 -0.380337 -0.389877 -0.402518 -0.414598 -0.425365 -0.441978 -0.448813 -0.442647 -0.441451 -0.442698 -0.441451 -0.442646 -0.448813 -0.441978 -0.425364 -0.414598 -0.402518 -0.389877 -0.380337 -0.376242 -0.375012 -0.374356 -0.375823 -0.365833 -0.41765 
6.8 -12.6071 0.649674 2 4 8 7 8 7 8 8 8 9 10 11 14 17 20 20 20 17 14 11 10 9 8 8 8 7 8 7 8 4 2 -0.417651 -0.365835 -0.375832 -0.374387 -0.375123 -0.376626 -0.381433 -0.391829 -0.404376 -0.416165 -0.427156 -0.443417 -0.449064 -0.441564 -0.441239 -0.44368 -0.44124 -0.441564 -0.449064 -0.443417 -0.427156 -0.416165 -0.404376 -0.391829 -0.381433 -0.376626 -0.375123 -0.374387 -0.375832 -0.365835 -0.417651 
6.9 -12.6265 0.657565 2 4 8 7 8 7 8 8 8 9 10 11 15 17 20 20 20 18 15 11 10 9 8 8 8 7 8 7 8 4 2 -0.417653 -0.365837 -0.375843 -0.374425 -0.375259 -0.377089 -0.382678 -0.393845 -0.406144 -0.41771 -0.428983 -0.444704 -0.449133 -0.440541 -0.441084 -0.444617 -0.441084 -0.440541 -0.449133 -0.444704 -0.428982 -0.41771 -0.406144 -0.393845 -0.382679 -0.377089 -0.375259 -0.374425 -0.375843 -0.365837 -0.417653 
7 -12.6459 0.665295 2 4 8 7 8 7 8 8 8 10 10 13 15 19 20 21 20 19 15 13 10 10 8 8 8 7 8 7 8 4 2 -0.417655 -0.36584 -0.375856 -0.374471 -0.375425 -0.377641 -0.384076 -0.395895 -0.407818 -0.41925 -0.430834 -0.445821 -0.449029 -0.439601 -0.440983 -0.445484 -0.440983 -0.439601 -0.449029 -0.445822 -0.430834 -0.41925 -0.407818 -0.395895 -0.384076 -0.377641 -0.375425 -0.374471 -0.375856 -0.36584 -0.417655 
7.1 -12.6653 0.672828 2 4 8 7 8 7 8 8 8 10 10 13 15 19 21 21 21 19 15 13 10 10 8 8 8 7 8 7 8 4 2 -0.417657 -0.365844 -0.375872 -0.374527 -0.375626 -0.378298 -0.38562 -0.397946 -0.409399 -0.420799 -0.432697 -0.446756 -0.448766 -0.438768 -0.440937 -0.44626 -0.440937 -0.438768 -0.448766 -0.446757 -0.432697 -0.420799 -0.409399 -0.397946 -0.38562 -0.378298 -0.375626 -0.374527 -0.375872 -0.365844 -0.417657 
7.2 -12.6847 0.680134 2 4 8 7 8 7 8 8 9 10 11 13 17 20 21 23 21 20 17 13 11 10 9 8 8 7 8 7 8 4 2 -0.41766 -0.365848 -0.375892 -0.374596 -0.375871 -0.379072 -0.387302 -0.399968 -0.410896 -0.422369 -0.434555 -0.447497 -0.448363 -0.438059 -0.440943 -0.446927 -0.440942 -0.438059 -0.448362 -0.447497 -0.434554 -0.422369 -0.410896 -0.399968 -0.387302 -0.379072 -0.375871 -0.374596 -0.375892 -0.365848 -0.41766 
7.3 -12.7041 0.687185 2 4 8 7 8 7 8 8 9 10 11 14 17 20 22 23 22 20 17 14 11 10 9 8 8 7 8 7 8 4 2 -0.417664 -0.365854 -0.375916 -0.37468 -0.376168 -0.379976 -0.389103 -0.401935 -0.412324 -0.423969 -0.436387 -0.448036 -0.447837 -0.437488 -0.440996 -0.447469 -0.440996 -0.437489 -0.447836 -0.448037 -0.436387 -0.423969 -0.412324 -0.401935 -0.389103 -0.379976 -0.376168 -0.37468 -0.375916 -0.365854 -0.417664 
7.4 -12.7236 0.693962 2 4 8 7 8 7 8 8 9 10 11 15 18 20 22 25 22 20 18 15 11 10 9 8 8 7 8 7 8 4 2 -0.417668 -0.365861 -0.375946 -0.374783 -0.376527 -0.381021 -0.391001 -0.403826 -0.4137 -0.425603 -0.438173 -0.448373 -0.447209 -0.437066 -0.441093 -0.447875 -0.441093 -0.437067 -0.447208 -0.448374 -0.438173 -0.425603 -0.413699 -0.403826 -0.391001 -0.381021 -0.376527 -0.374783 -0.375946 -0.365861 -0.417668 
7.5 -12.743 0.700451 2 4 8 7 8 7 8 8 9 10 11 15 18 20 24 25 24 20 18 15 11 10 9 8 8 7 8 7 8 4 2 -0.417674 -0.365869 -0.375982 -0.374909 -0.376959 -0.382215 -0.392969 -0.405624 -0.415042 -0.427271 -0.43989 -0.448509 -0.446502 -0.436799 -0.441229 -0.448135 -0.441229 -0.4368 -0.446501 -0.448511 -0.439889 -0.427271 -0.415042 -0.405624 -0.392969 -0.382215 -0.376959 -0.374909 -0.375982 -0.365869 -0.417674 
7.6 -12.7625 0.706642 2 4 8 7 8 7 8 8 10 10 13 15 19 21 24 25 24 21 19 15 13 10 10 8 8 7 8 7 8 4 2 -0.417681 -0.365879 -0.376026 -0.375062 -0.377477 -0.383561 -0.394976 -0.407322 -0.416372 -0.428968 -0.441514 -0.448452 -0.445739 -0.436688 -0.441398 -0.448245 -0.441398 -0.436689 -0.445737 -0.448453 -0.441514 -0.428968 -0.416372 -0.407322 -0.394976 -0.383561 -0.377477 -0.375062 -0.376026 -0.365879 -0.41768 
7.7 -12.7819 0.712531 2 4 8 7 8 7 8 8 10 10 13 17 19 22 25 27 25 22 19 17 13 10 10 8 8 7 8 7 8 4 2 -0.417689 -0.365892 -0.37608 -0.375249 -0.378094 -0.385057 -0.396989 -0.408918 -0.417708 -0.430686 -0.443025 -0.448211 -0.444941 -0.436731 -0.441595 -0.448205 -0.441594 -0.436732 -0.444939 -0.448213 -0.443025 -0.430686 -0.417708 -0.408918 -0.396989 -0.385057 -0.378094 -0.375249 -0.37608 -0.365892 -0.417689 
7.8 -12.8014 0.718118 2 4 8 7 8 7 8 9 10 11 13 17 20 22 26 28 26 22 20 17 14 11 10 9 8 7 8 7 8 4 2 -0.417699 -0.365907 -0.376147 -0.375476 -0.378823 -0.386695 -0.398978 -0.410418 -0.419068 -0.432413 -0.444403 -0.447803 -0.44413 -0.436922 -0.441812 -0.448019 -0.441812 -0.436923 -0.444129 -0.447805 -0.444402 -0.432413 -0.419068 -0.410418 -0.398978 -0.386695 -0.378823 -0.375476 -0.376147 -0.365907 -0.417699 
7.9 -12.8209 0.723409 2 4 8 7 8 7 8 9 10 11 14 18 20 22 26 28 26 22 20 18 14 11 10 9 8 7 8 7 8 4 2 -0.417711 -0.365926 -0.376228 -0.375752 -0.379677 -0.38846 -0.400912 -0.411831 -0.420467 -0.434134 -0.445628 -0.447246 -0.443328 -0.437251 -0.442044 -0.447693 -0.442043 -0.437252 -0.443326 -0.447248 -0.445628 -0.434134 -0.420467 -0.411831 -0.400912 -0.38846 -0.379677 -0.375752 -0.376228 -0.365926 -0.417711 
8 -12.8404 0.728412 2 4 8 7 8 7 8 9 10 11 15 18 20 24 28 30 28 24 20 18 15 11 10 9 8 7 8 7 8 4 2 -0.417726 -0.365949 -0.376327 -0.376086 -0.380669 -0.390332 -0.402769 -0.413173 -0.421915 -0.43583 -0.446687 -0.446562 -0.442552 -0.437705 -0.442284 -0.447238 -0.442283 -0.437706 -0.44255 -0.446563 -0.446687 -0.43583 -0.421915 -0.413173 -0.402769 -0.390332 -0.380669 -0.376086 -0.376327 -0.365949 -0.417726 
8.1 -12.8599 0.733142 2 4 8 7 8 7 8 9 10 11 15 19 21 24 28 31 28 24 21 19 15 11 10 9 8 7 8 7 8 4 2 -0.417744 -0.365977 -0.376447 -0.376488 -0.381806 -0.392284 -0.404531 -0.414461 -0.42342 -0.437481 -0.447568 -0.445774 -0.44182 -0.438268 -0.442525 -0.446668 -0.442525 -0.43827 -0.441818 -0.445775 -0.447568 -0.437481 -0.42342 -0.414461 -0.404531 -0.392284 -0.381806 -0.376488 -0.376447 -0.365977 -0.417744 
8.2 -12.8794 0.737619 2 4 8 7 8 7 8 10 10 13 16 19 21 25 30 31 30 25 21 19 16 13 10 10 8 7 8 7 8 4 2 -0.417766 -0.366011 -0.376595 -0.376972 -0.383093 -0.394286 -0.406185 -0.415716 -0.424983 -0.439067 -0.448263 -0.444908 -0.441147 -0.438923 -0.442762 -0.446 -0.442761 -0.438925 -0.441145 -0.444908 -0.448263 -0.439067 -0.424983 -0.415716 -0.406185 -0.394286 -0.383093 -0.376972 -0.376595 -0.366011 -0.417766 
8.3 -12.8989 0.741869 2 4 8 7 8 8 8 10 10 13 16 19 21 25 30 32 30 25 21 19 16 13 10 10 8 8 8 7 8 4 2 -0.417793 -0.366053 -0.376775 -0.377549 -0.384532 -0.396306 -0.407728 -0.416956 -0.426603 -0.440568 -0.448768 -0.44399 -0.440545 -0.439651 -0.442987 -0.445252 -0.442987 -0.439652 -0.440544 -0.44399 -0.448769 -0.440568 -0.426603 -0.416956 -0.407728 -0.396306 -0.384532 -0.377549 -0.376775 -0.366053 -0.417793 
8.4 -12.9184 0.745922 2 4 8 7 8 8 9 10 10 13 17 20 23 26 31 33 31 26 23 20 17 14 10 10 9 8 8 7 8 4 2 -0.417826 -0.366105 -0.376993 -0.378233 -0.386114 -0.398312 -0.409163 -0.4182 -0.428274 -0.441961 -0.449084 -0.443047 -0.440024 -0.44043 -0.443197 -0.444445 -0.443197 -0.44043 -0.440023 -0.443047 -0.449084 -0.441962 -0.428274 -0.4182 -0.409163 -0.398312 -0.386114 -0.378233 -0.376993 -0.366105 -0.417826 
8.5 -12.9379 0.749812 2 4 8 7 8 8 9 10 11 14 18 20 23 28 32 34 32 28 23 20 18 14 11 10 9 8 8 7 8 4 2 -0.417866 -0.366167 -0.377259 -0.379037 -0.387828 -0.400273 -0.410499 -0.419464 -0.429985 -0.44323 -0.449214 -0.442105 -0.439593 -0.441239 -0.443386 -0.4436 -0.443386 -0.441239 -0.439592 -0.442105 -0.449214 -0.44323 -0.429985 -0.419464 -0.410499 -0.400273 -0.387828 -0.379037 -0.377259 -0.366168 -0.417866 
8.6 -12.9574 0.753579 2 4 8 7 8 8 9 10 11 15 18 20 25 28 33 36 33 28 25 20 18 15 11 10 9 8 8 7 8 4 2 -0.417916 -0.366244 -0.377581 -0.379973 -0.389655 -0.402162 -0.41175 -0.420762 -0.431723 -0.444356 -0.449166 -0.441189 -0.439255 -0.442056 -0.44355 -0.442741 -0.44355 -0.442056 -0.439255 -0.441189 -0.449166 -0.444356 -0.431723 -0.420762 -0.411749 -0.402162 -0.389655 -0.379973 -0.377581 -0.366244 -0.417915 
8.7 -12.9769 0.757262 2 4 8 7 8 8 9 10 11 15 19 21 25 29 34 37 34 29 25 21 19 15 11 10 9 8 8 7 8 4 2 -0.417976 -0.366338 -0.377969 -0.381052 -0.391571 -0.403959 -0.412933 -0.422103 -0.433472 -0.445325 -0.448951 -0.440323 -0.439014 -0.44286 -0.443685 -0.441888 -0.443685 -0.44286 -0.439014 -0.440322 -0.448951 -0.445326 -0.433471 -0.422103 -0.412933 -0.403959 -0.391571 -0.381052 -0.377969 -0.366338 -0.417975 
8.8 -12.9965 0.760904 2 4 8 7 8 8 10 10 13 16 19 21 25 30 36 38 36 30 25 21 19 16 13 10 10 8 8 7 8 4 2 -0.418049 -0.366453 -0.378436 -0.38228 -0.393545 -0.405648 -0.414068 -0.423495 -0.435212 -0.446126 -0.448584 -0.439526 -0.43887 -0.443631 -0.44379 -0.441065 -0.44379 -0.443631 -0.43887 -0.439525 -0.448584 -0.446127 -0.435212 -0.423495 -0.414068 -0.405648 -0.393545 -0.38228 -0.378436 -0.366453 -0.418049 
8.9 -13.016 0.764545 2 4 8 7 8 8 10 10 13 16 19 23 27 31 37 39 37 31 27 23 19 16 13 10 10 8 8 7 8 4 2 -0.418139 -0.366593 -0.378994 -0.383657 -0.395545 -0.407222 -0.415178 -0.424939 -0.436925 -0.446751 -0.448083 -0.438817 -0.43882 -0.444349 -0.443863 -0.44029 -0.443863 -0.444349 -0.438821 -0.438816 -0.448083 -0.446752 -0.436924 -0.424939 -0.415178 -0.407222 -0.395545 -0.383657 -0.378994 -0.366593 -0.418138 
9 -13.0356 0.768225 2 4 8 7 8 8 10 10 14 17 20 23 27 32 38 40 38 32 27 23 20 17 14 10 10 8 8 7 8 4 2 -0.418248 -0.366763 -0.379658 -0.385182 -0.39754 -0.408681 -0.416282 -0.426433 -0.438588 -0.447196 -0.447466 -0.438211 -0.438862 -0.444998 -0.443903 -0.439583 -0.443903 -0.444997 -0.438863 -0.438211 -0.447465 -0.447197 -0.438587 -0.426433 -0.416282 -0.408681 -0.39754 -0.385182 -0.379658 -0.366763 -0.418248 
9.1 -13.0552 0.77198 2 4 8 7 8 9 10 11 14 18 20 25 29 33 39 41 39 33 29 25 20 18 14 11 10 9 8 7 8 4 2 -0.418381 -0.366971 -0.380441 -0.386842 -0.399497 -0.410029 -0.417399 -0.427972 -0.44018 -0.44746 -0.446754 -0.43772 -0.43899 -0.445561 -0.44391 -0.438959 -0.44391 -0.445561 -0.438991 -0.43772 -0.446753 -0.447462 -0.440179 -0.427972 -0.417399 -0.410029 -0.399497 -0.386842 -0.380441 -0.366971 -0.418381 
9.2 -13.0748 0.775842 2 4 8 7 8 9 10 11 15 18 21 25 29 34 40 42 40 34 29 25 21 18 15 11 10 9 8 7 8 4 2 -0.418543 -0.367222 -0.381356 -0.388621 -0.401387 -0.411278 -0.418547 -0.429547 -0.441681 -0.447548 -0.445969 -0.437353 -0.439197 -0.446026 -0.443886 -0.438433 -0.443886 -0.446026 -0.439198 -0.437353 -0.445968 -0.447549 -0.441681 -0.429546 -0.418547 -0.411278 -0.401387 -0.388621 -0.381356 -0.367222 -0.418543 
9.3 -13.0943 0.779837 2 4 8 7 8 9 10 11 15 19 21 25 30 35 41 43 41 35 30 25 21 19 15 11 10 9 8 7 8 4 2 -0.418741 -0.367527 -0.382414 -0.390496 -0.403186 -0.412443 -0.41974 -0.431145 -0.443072 -0.447465 -0.445133 -0.437114 -0.439473 -0.446383 -0.443832 -0.438016 -0.443832 -0.446382 -0.439474 -0.437114 -0.445132 -0.447467 -0.443071 -0.431145 -0.41974 -0.412443 -0.403186 -0.390496 -0.382414 -0.367527 -0.418741 
9.4 -13.1139 0.783988 2 4 8 7 8 10 10 13 16 19 21 27 31 36 41 45 41 36 31 27 21 19 16 13 10 10 8 7 8 4 2 -0.418981 -0.367893 -0.383623 -0.39244 -0.404878 -0.413543 -0.420988 -0.432753 -0.444333 -0.447223 -0.444268 -0.437005 -0.439811 -0.446624 -0.443752 -0.437716 -0.443752 -0.446624 -0.439812 -0.437004 -0.444267 -0.447225 -0.444333 -0.432753 -0.420988 -0.413543 -0.404878 -0.39244 -0.383624 -0.367893 -0.418981 
9.5 -13.1336 0.788311 2 4 8 8 8 10 10 13 16 20 23 27 32 37 42 45 42 38 32 27 23 20 16 13 10 10 8 8 8 4 2 -0.419273 -0.368332 -0.384989 -0.394421 -0.406451 -0.414598 -0.422299 -0.434354 -0.44545 -0.446837 -0.443395 -0.437024 -0.440198 -0.446746 -0.443648 -0.437536 -0.443649 -0.446745 -0.440199 -0.437023 -0.443395 -0.446838 -0.44545 -0.434353 -0.422299 -0.414598 -0.406451 -0.394421 -0.384989 -0.368332 -0.419273 
9.6 -13.1532 0.792814 2 4 8 8 8 10 10 13 17 20 23 28 33 39 44 48 44 39 33 29 23 20 18 13 10 10 8 8 8 4 2 -0.419627 -0.368854 -0.386508 -0.396405 -0.407902 -0.415629 -0.423675 -0.435929 -0.44641 -0.446323 -0.442536 -0.437166 -0.440624 -0.446746 -0.443525 -0.43748 -0.443525 -0.446746 -0.440625 -0.437166 -0.442535 -0.446323 -0.446411 -0.435928 -0.423675 -0.415629 -0.407902 -0.396405 -0.386508 -0.368854 -0.419627 
9.7 -13.1728 0.797501 2 4 8 8 9 10 11 13 18 20 25 29 33 41 45 48 45 41 33 29 25 20 18 14 11 10 9 8 8 4 2 -0.420055 -0.369471 -0.388173 -0.398361 -0.409234 -0.416654 -0.425115 -0.43746 -0.447202 -0.445699 -0.441709 -0.437424 -0.441078 -0.446627 -0.443386 -0.437545 -0.443386 -0.446627 -0.441078 -0.437424 -0.441708 -0.445699 -0.447204 -0.437458 -0.425116 -0.416654 -0.409234 -0.398361 -0.388173 -0.369471 -0.420055 
9.8 -13.1925 0.802367 2 4 8 8 9 10 11 15 18 21 25 29 35 41 47 51 47 41 35 30 25 21 18 15 11 10 9 8 8 4 2 -0.420572 -0.370193 -0.38997 -0.400257 -0.410456 -0.417691 -0.426616 -0.438927 -0.447821 -0.444988 -0.44093 -0.437788 -0.441547 -0.446395 -0.443236 -0.437726 -0.443236 -0.446394 -0.441547 -0.437788 -0.44093 -0.444987 -0.447824 -0.438925 -0.426616 -0.417692 -0.410456 -0.400257 -0.38997 -0.370193 -0.420572 
9.9 -13.2122 0.807403 2 4 8 8 9 10 11 15 19 21 26 30 38 42 48 52 48 43 38 30 26 21 19 15 11 10 9 8 8 4 2 -0.421195 -0.371028 -0.391878 -0.402067 -0.411583 -0.418758 -0.428169 -0.440311 -0.448263 -0.44421 -0.440216 -0.438246 -0.44202 -0.446056 -0.443079 -0.438017 -0.443079 -0.446056 -0.44202 -0.438246 -0.440216 -0.444209 -0.448266 -0.440309 -0.42817 -0.418758 -0.411583 -0.402067 -0.391878 -0.371028 -0.421195 
10 -13.2319 0.812595 2 4 8 9 9 10 13 16 19 21 27 32 38 43 49 54 49 43 38 32 27 21 19 16 13 10 9 9 8 4 2 -0.421941 -0.371982 -0.393869 -0.40377 -0.412631 -0.419865 -0.429765 -0.441595 -0.448528 -0.44339 -0.439578 -0.438783 -0.442485 -0.445621 -0.442919 -0.438407 -0.442919 -0.445621 -0.442486 -0.438783 -0.439579 -0.443387 -0.448532 -0.441593 -0.429765 -0.419865 -0.412631 -0.40377 -0.39387 -0.371982 -0.421941 
10.1 -13.2515 0.817922 2 4 8 9 10 10 13 16 20 22 27 32 40 44 50 55 50 44 40 32 27 22 20 16 13 10 10 9 8 4 2 -0.422832 -0.373056 -0.395914 -0.405354 -0.413621 -0.421023 -0.431388 -0.442763 -0.448621 -0.442548 -0.439027 -0.439384 -0.442933 -0.445104 -0.44276 -0.438885 -0.44276 -0.445104 -0.442933 -0.439383 -0.439028 -0.442545 -0.448626 -0.44276 -0.431389 -0.421023 -0.413621 -0.405354 -0.395914 -0.373057 -0.422832 
10.2 -13.2712 0.823361 2 4 8 9 10 10 13 17 20 24 29 33 41 46 52 56 52 46 41 33 29 24 20 17 13 10 10 9 8 4 2 -0.42389 -0.374248 -0.397979 -0.406812 -0.414573 -0.422237 -0.433025 -0.443798 -0.448549 -0.441708 -0.438571 -0.440032 -0.443352 -0.444518 -0.442606 -0.439435 -0.442606 -0.444518 -0.443352 -0.440032 -0.438573 -0.441704 -0.448554 -0.443795 -0.433025 -0.422238 -0.414573 -0.406812 -0.397979 -0.374249 -0.42389 
10.3 -13.2909 0.828886 2 4 8 10 10 11 14 18 20 24 29 35 41 47 54 58 54 47 42 35 29 24 20 18 14 11 10 10 8 4 2 -0.425138 -0.375548 -0.400029 -0.408142 -0.415509 -0.423511 -0.434658 -0.44469 -0.448322 -0.440891 -0.438216 -0.440711 -0.443733 -0.443881 -0.44246 -0.440043 -0.442461 -0.443881 -0.443733 -0.44071 -0.438218 -0.440886 -0.448327 -0.444687 -0.434658 -0.423511 -0.415509 -0.408142 -0.400029 -0.375548 -0.425138 
10.4 -13.3106 0.83447 2 4 8 10 10 11 15 18 21 25 29 37 43 48 55 60 56 48 43 37 29 25 21 18 15 11 10 10 8 4 2 -0.4266 -0.376939 -0.402031 -0.409353 -0.416447 -0.424842 -0.436269 -0.445429 -0.447953 -0.440115 -0.437964 -0.441402 -0.444069 -0.443208 -0.442326 -0.440693 -0.442327 -0.443208 -0.44407 -0.441401 -0.437968 -0.440109 -0.447959 -0.445426 -0.436268 -0.424843 -0.416447 -0.409353 -0.402031 -0.376939 -0.4266 
10.5 -13.3302 0.840085 2 4 8 10 10 11 15 19 21 27 31 39 44 49 56 61 56 49 44 39 32 27 21 19 15 11 10 10 8 4 2 -0.428296 -0.3784 -0.403957 -0.410454 -0.417405 -0.426228 -0.437839 -0.446007 -0.447458 -0.439399 -0.437818 -0.442088 -0.444354 -0.442519 -0.442206 -0.441366 -0.442207 -0.442518 -0.444354 -0.442087 -0.437821 -0.439393 -0.447464 -0.446005 -0.437838 -0.426229 -0.417405 -0.410454 -0.403957 -0.3784 -0.428296 
10.6 -13.3498 0.845703 2 4 8 10 10 13 16 19 21 27 32 39 45 51 58 63 58 51 45 39 32 27 21 19 16 13 10 10 8 4 2 -0.430246 -0.379901 -0.405781 -0.411463 -0.4184 -0.42766 -0.439349 -0.446423 -0.446854 -0.438757 -0.437774 -0.442753 -0.444581 -0.441831 -0.442102 -0.442046 -0.442103 -0.44183 -0.444582 -0.442751 -0.437778 -0.438751 -0.446859 -0.446422 -0.439347 -0.427661 -0.4184 -0.411463 -0.405781 -0.379901 -0.430246 
10.7 -13.3693 0.851294 2 4 8 10 10 13 16 20 22 28 32 41 47 54 59 65 59 54 47 41 33 28 22 20 16 13 10 10 8 4 2 -0.432462 -0.381412 -0.407485 -0.412397 -0.419442 -0.42913 -0.44078 -0.446675 -0.446161 -0.438202 -0.43783 -0.443381 -0.444749 -0.441161 -0.442015 -0.442716 -0.442016 -0.44116 -0.44475 -0.443379 -0.437834 -0.438196 -0.446165 -0.446675 -0.440778 -0.42913 -0.419442 -0.412397 -0.407485 -0.381412 -0.432462 
10.8 -13.3886 0.856834 2 4 8 10 10 13 17 20 24 29 34 42 47 54 60 67 61 54 47 42 35 29 24 20 18 13 10 10 8 4 2 -0.434949 -0.382896 -0.409059 -0.413276 -0.420541 -0.430624 -0.442115 -0.446767 -0.445397 -0.437745 -0.437981 -0.443956 -0.444853 -0.440526 -0.441947 -0.443358 -0.441948 -0.440525 -0.444855 -0.443954 -0.437985 -0.43774 -0.4454 -0.446768 -0.442113 -0.430625 -0.420541 -0.413276 -0.409059 -0.382896 -0.434949 
10.9 -13.4078 0.862295 2 4 8 10 11 13 18 20 24 29 36 42 49 57 62 67 62 57 49 42 37 29 24 20 18 13 11 10 8 4 2 -0.437704 -0.384319 -0.410496 -0.414121 -0.421703 -0.43213 -0.443337 -0.446706 -0.444583 -0.437393 -0.438219 -0.444466 -0.444896 -0.439942 -0.441898 -0.443958 -0.4419 -0.43994 -0.444897 -0.444463 -0.438223 -0.437388 -0.444585 -0.446708 -0.443335 -0.43213 -0.421704 -0.414121 -0.410496 -0.384319 -0.437704 
11 -13.4267 0.867654 2 4 8 10 11 15 18 21 25 30 37 44 51 58 64 69 65 58 52 44 38 30 25 21 18 15 11 10 8 4 2 -0.440712 -0.385647 -0.411799 -0.41495 -0.422932 -0.433631 -0.444432 -0.446501 -0.44374 -0.43715 -0.438536 -0.444899 -0.444876 -0.439422 -0.441869 -0.444501 -0.441871 -0.43942 -0.444878 -0.444896 -0.43854 -0.437146 -0.443741 -0.446504 -0.444429 -0.433631 -0.422932 -0.41495 -0.411799 -0.385647 -0.440712 
11.1 -13.4453 0.872889 2 4 8 10 11 15 19 21 27 32 38 45 53 59 65 72 66 59 53 45 38 32 27 21 19 15 11 10 8 4 2 -0.443945 -0.38685 -0.412974 -0.415781 -0.424225 -0.435111 -0.445387 -0.446164 -0.442888 -0.437018 -0.438923 -0.445246 -0.444799 -0.438978 -0.441859 -0.444974 -0.441861 -0.438976 -0.444801 -0.445243 -0.438927 -0.437016 -0.442887 -0.446168 -0.445384 -0.435111 -0.424226 -0.415781 -0.412974 -0.38685 -0.443945 
11.2 -13.4634 0.87798 2 4 8 10 12 16 19 21 27 32 40 45 54 61 67 73 68 61 54 45 40 32 27 22 19 16 12 10 8 4 2 -0.447365 -0.387904 -0.414033 -0.41663 -0.425581 -0.436553 -0.446193 -0.445709 -0.442045 -0.436997 -0.439368 -0.4455 -0.444666 -0.43862 -0.441867 -0.445366 -0.441869 -0.438617 -0.444669 -0.445497 -0.439371 -0.436996 -0.442042 -0.445715 -0.446189 -0.436552 -0.425581 -0.416631 -0.414033 -0.387904 -0.447365 
11.3 -13.4811 0.882911 2 4 8 10 14 16 20 22 28 34 41 47 57 62 69 74 69 62 57 48 42 34 28 23 20 16 14 10 8 4 2 -0.450922 -0.388792 -0.414989 -0.417511 -0.426993 -0.437939 -0.446842 -0.445154 -0.441229 -0.437083 -0.43986 -0.445656 -0.444485 -0.438355 -0.441894 -0.44567 -0.441896 -0.438352 -0.444487 -0.445653 -0.439862 -0.437084 -0.441224 -0.445161 -0.446838 -0.437938 -0.426993 -0.417511 -0.41499 -0.388792 -0.450922 
11.4 -13.4981 0.887668 2 4 8 11 14 16 20 24 29 35 42 48 58 64 70 74 70 64 58 48 42 35 29 24 20 16 14 11 8 4 2 -0.454555 -0.389505 -0.415861 -0.418431 -0.428452 -0.439252 -0.447329 -0.444516 -0.440456 -0.437271 -0.440386 -0.445712 -0.444261 -0.438187 -0.441937 -0.445879 -0.441939 -0.438184 -0.444263 -0.445709 -0.440387 -0.437274 -0.440449 -0.444524 -0.447326 -0.439251 -0.428452 -0.418432 -0.415861 -0.389505 -0.454555 
11.5 -13.5144 0.892241 2 4 8 11 14 18 20 24 30 37 44 50 59 66 72 76 72 66 59 49 44 37 30 24 20 18 14 11 8 4 2 -0.458197 -0.390043 -0.416663 -0.419398 -0.429948 -0.440476 -0.447655 -0.443814 -0.439741 -0.437553 -0.440934 -0.445669 -0.444001 -0.438119 -0.441994 -0.445989 -0.441997 -0.438116 -0.444003 -0.445666 -0.440934 -0.437558 -0.439732 -0.443823 -0.447652 -0.440475 -0.429948 -0.419399 -0.416663 -0.390043 -0.458197 
11.6 -13.5299 0.896626 2 4 8 11 14 18 21 25 30 38 44 52 61 68 74 78 74 68 61 52 44 38 30 25 21 18 14 11 8 4 2 -0.461778 -0.390413 -0.417414 -0.420415 -0.431469 -0.441594 -0.447821 -0.443068 -0.439096 -0.437921 -0.44149 -0.445529 -0.443713 -0.43815 -0.442065 -0.445999 -0.442067 -0.438147 -0.443715 -0.445526 -0.44149 -0.437927 -0.439085 -0.443077 -0.447818 -0.441594 -0.431468 -0.420416 -0.417414 -0.390412 -0.461778 
11.7 -13.5444 0.900822 2 4 8 13 16 19 21 27 32 38 45 54 62 70 75 79 75 70 62 54 46 38 32 27 21 19 16 12 8 4 2 -0.465229 -0.390627 -0.41813 -0.421481 -0.433 -0.442594 -0.447832 -0.442297 -0.438532 -0.438362 -0.442043 -0.445297 -0.443405 -0.438278 -0.442147 -0.44591 -0.442149 -0.438275 -0.443408 -0.445295 -0.442041 -0.43837 -0.43852 -0.442307 -0.447829 -0.442594 -0.432999 -0.421482 -0.418131 -0.390627 -0.465229 
11.8 -13.558 0.904831 2 4 8 13 16 19 22 27 32 41 47 56 65 72 76 80 76 72 65 56 47 42 32 28 22 19 16 13 8 4 2 -0.468483 -0.390707 -0.418827 -0.422592 -0.434525 -0.443463 -0.447695 -0.44152 -0.438057 -0.438865 -0.442579 -0.444981 -0.443085 -0.438497 -0.442237 -0.445726 -0.442239 -0.438494 -0.443088 -0.444979 -0.442577 -0.438874 -0.438044 -0.44153 -0.447692 -0.443463 -0.434524 -0.422594 -0.418827 -0.390707 -0.468483 
11.9 -13.5704 0.908662 2 4 8 13 18 19 22 28 34 42 48 57 66 74 77 81 78 74 66 57 47 42 34 28 22 19 18 13 8 4 2 -0.471483 -0.390675 -0.419517 -0.423742 -0.43603 -0.44419 -0.447421 -0.440756 -0.437677 -0.439416 -0.443088 -0.44459 -0.442762 -0.438799 -0.442334 -0.445453 -0.442335 -0.438797 -0.442764 -0.444589 -0.443084 -0.439426 -0.437664 -0.440767 -0.447418 -0.444191 -0.436027 -0.423743 -0.419517 -0.390675 -0.471483 
12 -13.5818 0.912326 2 4 8 13 18 20 24 29 35 43 49 59 68 76 80 84 80 76 68 59 50 43 35 29 24 20 18 13 8 4 2 -0.474184 -0.390558 -0.420213 -0.42492 -0.437496 -0.44477 -0.447022 -0.440022 -0.437397 -0.440002 -0.443558 -0.444136 -0.442444 -0.439177 -0.442434 -0.445099 -0.442435 -0.439175 -0.442445 -0.444136 -0.443554 -0.440013 -0.437383 -0.440032 -0.447019 -0.444771 -0.437493 -0.424921 -0.420213 -0.390559 -0.474184 
12.1 -13.592 0.915837 2 4 8 14 18 20 24 30 37 44 52 60 70 78 81 84 81 79 70 60 51 44 37 30 24 20 18 14 8 4 2 -0.476555 -0.390384 -0.420926 -0.426113 -0.438908 -0.445197 -0.446513 -0.439333 -0.437218 -0.440608 -0.443981 -0.443631 -0.442137 -0.439618 -0.442535 -0.444675 -0.442536 -0.439618 -0.442138 -0.443631 -0.443976 -0.440619 -0.437205 -0.439343 -0.44651 -0.445199 -0.438904 -0.426115 -0.420926 -0.390384 -0.476554 
12.2 -13.6011 0.919214 2 4 8 14 19 21 25 31 38 45 53 62 71 80 83 87 83 81 71 63 54 45 38 31 25 21 19 14 8 4 2 -0.478578 -0.390178 -0.421665 -0.427307 -0.440249 -0.445468 -0.44591 -0.438704 -0.437141 -0.441219 -0.444347 -0.443089 -0.441848 -0.440112 -0.442635 -0.444191 -0.442635 -0.440112 -0.441849 -0.44309 -0.444342 -0.44123 -0.437128 -0.438713 -0.445906 -0.445471 -0.440244 -0.427309 -0.421664 -0.390178 -0.478577 
12.3 -13.6091 0.922476 2 4 8 15 20 22 27 32 39 47 55 63 72 81 85 89 85 81 72 63 55 47 39 32 27 22 20 15 8 4 2 -0.480252 -0.389965 -0.422438 -0.428483 -0.441504 -0.445585 -0.445229 -0.438145 -0.437163 -0.441822 -0.444651 -0.442524 -0.441585 -0.440644 -0.44273 -0.443662 -0.442729 -0.440645 -0.441585 -0.442525 -0.444645 -0.441832 -0.437151 -0.438153 -0.445225 -0.44559 -0.441498 -0.428486 -0.422437 -0.389965 -0.480251 
12.4 -13.6161 0.925646 2 4 8 15 20 22 28 33 41 47 56 65 75 84 87 93 87 84 76 65 56 47 41 34 28 22 20 15 8 4 2 -0.48159 -0.389765 -0.423252 -0.429623 -0.442657 -0.445551 -0.444489 -0.437666 -0.43728 -0.442401 -0.444886 -0.441951 -0.441351 -0.441202 -0.442818 -0.443102 -0.442817 -0.441202 -0.441351 -0.441953 -0.444881 -0.442411 -0.43727 -0.437674 -0.444485 -0.445557 -0.44265 -0.429626 -0.423252 -0.389766 -0.481589 
12.5 -13.6221 0.928748 2 4 8 15 20 23 28 34 42 48 59 67 77 85 89 94 89 85 77 67 59 48 42 34 28 23 20 15 8 4 2 -0.482617 -0.389596 -0.424116 -0.430706 -0.443696 -0.445373 -0.443707 -0.437276 -0.437487 -0.442945 -0.445051 -0.441384 -0.441152 -0.44177 -0.442898 -0.442524 -0.442897 -0.441771 -0.441151 -0.441387 -0.445046 -0.442953 -0.437479 -0.437282 -0.443703 -0.44538 -0.443688 -0.430709 -0.424115 -0.389598 -0.482617 
12.6 -13.6272 0.931808 2 4 8 16 21 25 28 36 43 50 61 68 78 86 89 96 90 86 79 68 61 51 43 36 29 25 21 16 8 4 2 -0.483369 -0.38947 -0.425034 -0.43171 -0.444609 -0.445057 -0.442902 -0.436978 -0.437778 -0.44344 -0.445143 -0.440838 -0.440991 -0.442335 -0.442967 -0.441944 -0.442965 -0.442337 -0.440989 -0.440841 -0.445138 -0.443447 -0.437772 -0.436983 -0.442897 -0.445065 -0.444601 -0.431714 -0.425033 -0.389471 -0.483368 
12.7 -13.6315 0.934852 2 4 8 16 21 25 30 37 45 52 62 69 80 88 93 98 93 88 81 69 62 52 45 37 30 25 21 16 8 4 2 -0.483889 -0.389391 -0.426015 -0.432614 -0.445387 -0.444616 -0.44209 -0.436776 -0.438143 -0.443877 -0.445162 -0.440325 -0.44087 -0.442883 -0.443023 -0.441377 -0.443021 -0.442885 -0.440867 -0.440329 -0.445157 -0.443882 -0.438139 -0.43678 -0.442085 -0.444625 -0.445378 -0.432617 -0.426014 -0.389393 -0.483888 
12.8 -13.6351 0.937907 2 4 8 16 21 27 30 38 46 54 63 72 83 89 95 101 95 90 83 73 63 55 46 39 30 27 22 16 8 4 2 -0.484225 -0.38936 -0.427063 -0.433395 -0.446022 -0.44406 -0.441289 -0.436671 -0.438572 -0.444246 -0.44511 -0.439859 -0.44079 -0.4434 -0.443066 -0.440836 -0.443063 -0.443403 -0.440787 -0.439863 -0.445106 -0.444249 -0.438571 -0.436673 -0.441284 -0.44407 -0.446013 -0.433398 -0.427062 -0.389362 -0.484224 
12.9 -13.6381 0.941 2 4 8 16 22 27 32 40 47 56 65 74 84 92 98 102 98 93 85 75 65 56 47 40 32 27 22 16 8 4 2 -0.484432 -0.38937 -0.428186 -0.434032 -0.446511 -0.443404 -0.440513 -0.43666 -0.439056 -0.444538 -0.444992 -0.439449 -0.440753 -0.443875 -0.443093 -0.440334 -0.443091 -0.443879 -0.440749 -0.439454 -0.444988 -0.44454 -0.439057 -0.436661 -0.440508 -0.443414 -0.446501 -0.434035 -0.428184 -0.389373 -0.484431 
13 -13.6405 0.944156 2 4 8 16 23 29 34 41 48 57 66 77 86 94 99 105 99 95 86 77 67 57 48 41 34 29 23 16 8 4 2 -0.484563 -0.389411 -0.429389 -0.434505 -0.44685 -0.442661 -0.439777 -0.436741 -0.439583 -0.444749 -0.444811 -0.439105 -0.440757 -0.444297 -0.443106 -0.439884 -0.443104 -0.444301 -0.440752 -0.439111 -0.444807 -0.444749 -0.439585 -0.43674 -0.439772 -0.442672 -0.446841 -0.434508 -0.429387 -0.389414 -0.484562 
13.1 -13.6425 0.947398 2 4 8 16 23 29 35 43 49 60 69 79 88 97 102 108 102 97 88 79 69 60 50 43 35 29 23 16 8 4 2 -0.484674 -0.389464 -0.430678 -0.434795 -0.44704 -0.441848 -0.439094 -0.436908 -0.440139 -0.444876 -0.444573 -0.438835 -0.440801 -0.444655 -0.443104 -0.439497 -0.443101 -0.444659 -0.440796 -0.438841 -0.44457 -0.444874 -0.440144 -0.436906 -0.439089 -0.441859 -0.447032 -0.434797 -0.430676 -0.389467 -0.484673 
13.2 -13.6441 0.950747 2 4 8 16 25 30 36 44 52 61 71 80 89 98 104 110 104 98 89 80 72 61 52 44 36 30 25 16 8 4 2 -0.48482 -0.389507 -0.43206 -0.434885 -0.447085 -0.440979 -0.438474 -0.437154 -0.440714 -0.444915 -0.444288 -0.438644 -0.440883 -0.444942 -0.443087 -0.439179 -0.443085 -0.444946 -0.440878 -0.43865 -0.444285 -0.444912 -0.440721 -0.43715 -0.43847 -0.440989 -0.447078 -0.434887 -0.432057 -0.38951 -0.484819 
13.3 -13.6453 0.954221 2 4 8 16 25 32 38 46 53 63 72 84 91 101 107 111 107 101 91 84 73 63 53 46 38 32 25 16 8 4 2 -0.485052 -0.389513 -0.433537 -0.434763 -0.44699 -0.440069 -0.437926 -0.43747 -0.441294 -0.444868 -0.443961 -0.438535 -0.441 -0.445152 -0.443057 -0.43894 -0.443054 -0.445156 -0.440994 -0.438541 -0.443959 -0.444864 -0.441302 -0.437465 -0.437923 -0.440078 -0.446984 -0.434763 -0.433535 -0.389516 -0.485051 
13.4 -13.6463 0.957832 2 4 8 16 26 32 39 46 54 65 75 85 94 103 108 115 108 104 94 85 75 65 54 46 39 32 26 16 8 4 2 -0.485422 -0.389451 -0.435116 -0.434416 -0.446764 -0.439133 -0.437459 -0.437845 -0.441867 -0.444737 -0.443604 -0.438509 -0.441147 -0.445281 -0.443013 -0.438782 -0.443011 -0.445284 -0.441142 -0.438515 -0.443602 -0.444732 -0.441876 -0.43784 -0.437456 -0.43914 -0.44676 -0.434416 -0.435114 -0.389454 -0.485421 
13.5 -13.6471 0.961587 2 4 8 16 26 32 41 48 57 66 76 88 95 106 111 117 112 106 96 88 76 66 57 48 41 32 26 16 8 4 2 -0.485977 -0.389288 -0.436799 -0.433837 -0.446416 -0.438183 -0.437076 -0.43827 -0.442421 -0.444527 -0.443224 -0.438565 -0.441321 -0.445325 -0.442959 -0.438708 -0.442957 -0.445329 -0.441316 -0.438571 -0.443223 -0.444521 -0.442431 -0.438265 -0.437074 -0.438189 -0.446414 -0.433836 -0.436796 -0.389291 -0.485977 
13.6 -13.6477 0.965491 2 4 8 16 26 35 42 49 58 68 79 89 98 108 113 119 113 109 98 89 79 68 58 49 41 35 26 16 8 4 2 -0.486761 -0.388987 -0.438588 -0.433023 -0.445959 -0.437234 -0.436782 -0.438732 -0.442944 -0.444243 -0.442833 -0.438701 -0.441517 -0.445287 -0.442895 -0.43872 -0.442893 -0.44529 -0.441512 -0.438707 -0.442831 -0.444237 -0.442954 -0.438726 -0.436781 -0.437238 -0.445959 -0.43302 -0.438585 -0.388989 -0.486761 
13.7 -13.6482 0.969542 2 4 8 16 27 36 44 51 60 70 82 91 100 110 116 122 116 110 100 91 82 70 61 51 45 36 27 16 8 4 2 -0.487815 -0.388511 -0.440484 -0.431971 -0.445407 -0.436295 -0.436578 -0.439217 -0.443426 -0.443895 -0.442438 -0.438912 -0.441729 -0.445166 -0.442824 -0.438814 -0.442822 -0.445169 -0.441725 -0.438918 -0.442437 -0.443889 -0.443436 -0.439211 -0.436577 -0.436297 -0.445409 -0.431968 -0.440482 -0.388513 -0.487815 
13.8 -13.6485 0.973732 2 4 8 16 27 38 45 53 62 71 83 93 103 112 119 125 119 113 104 93 84 71 62 53 45 38 27 16 8 4 2 -0.489175 -0.387822 -0.442488 -0.430687 -0.444776 -0.435377 -0.436464 -0.439712 -0.443857 -0.44349 -0.44205 -0.439192 -0.441952 -0.444969 -0.442747 -0.438988 -0.442746 -0.444971 -0.441948 -0.439197 -0.442049 -0.443485 -0.443867 -0.439706 -0.436464 -0.435377 -0.44478 -0.430683 -0.442487 -0.387824 -0.489175 
13.9 -13.6488 0.978054 2 4 8 16 27 38 46 54 63 74 85 95 106 115 121 128 121 115 106 95 86 75 63 54 46 38 27 16 8 4 2 -0.490874 -0.386883 -0.444599 -0.429174 -0.444082 -0.434488 -0.436437 -0.440204 -0.444229 -0.443041 -0.441677 -0.439532 -0.44218 -0.444699 -0.442667 -0.439236 -0.442666 -0.444701 -0.442177 -0.439536 -0.441676 -0.443035 -0.444237 -0.440199 -0.436439 -0.434486 -0.444088 -0.42917 -0.444598 -0.386885 -0.490874 
14 -13.649 0.982492 2 4 8 16 28 39 48 56 65 76 86 98 108 117 123 130 124 118 108 98 87 75 65 56 48 40 28 16 8 4 2 -0.492939 -0.385659 -0.446814 -0.427444 -0.443342 -0.433633 -0.436496 -0.440679 -0.444534 -0.442557 -0.441327 -0.439923 -0.442408 -0.444366 -0.442586 -0.43955 -0.442585 -0.444367 -0.442405 -0.439926 -0.441327 -0.442552 -0.444542 -0.440673 -0.436498 -0.433629 -0.44335 -0.427439 -0.446813 -0.38566 -0.49294 
14.1 -13.6491 0.98703 2 4 8 16 29 41 49 58 67 78 89 100 109 120 128 132 128 121 109 100 89 78 67 58 49 41 29 16 8 4 2 -0.495394 -0.384116 -0.449131 -0.425508 -0.442576 -0.432818 -0.436633 -0.441122 -0.444768 -0.442051 -0.441008 -0.440355 -0.442629 -0.443978 -0.442505 -0.439922 -0.442505 -0.443979 -0.442627 -0.440357 -0.441009 -0.442046 -0.444775 -0.441118 -0.436637 -0.432812 -0.442585 -0.425503 -0.44913 -0.384116 -0.495395 
14.2 -13.6492 0.99165 2 4 8 16 29 42 50 59 69 81 92 103 112 124 131 136 131 124 113 103 92 81 69 60 50 42 29 16 8 4 2 -0.498257 -0.382223 -0.451544 -0.423382 -0.441801 -0.432047 -0.436844 -0.441522 -0.444928 -0.441535 -0.440727 -0.440816 -0.44284 -0.443545 -0.442427 -0.440341 -0.442427 -0.443546 -0.442838 -0.440817 -0.440728 -0.441531 -0.444933 -0.441518 -0.436848 -0.432039 -0.441811 -0.423376 -0.451544 -0.382223 -0.498258 
14.3 -13.6493 0.996333 2 4 8 16 29 42 52 61 71 83 94 105 115 125 132 137 132 125 117 105 96 83 71 61 52 43 29 16 8 4 2 -0.501541 -0.379956 -0.454051 -0.421083 -0.441034 -0.431319 -0.43712 -0.441864 -0.44501 -0.441021 -0.440487 -0.441295 -0.443033 -0.443079 -0.442353 -0.440796 -0.442353 -0.44308 -0.443033 -0.441295 -0.440489 -0.441018 -0.445014 -0.441861 -0.437125 -0.43131 -0.441045 -0.421077 -0.454051 -0.379954 -0.501543 
14.4 -13.6493 1.00106 2 4 8 16 30 43 53 63 74 86 96 107 118 128 136 140 135 129 118 107 97 86 74 63 53 43 30 16 8 4 2 -0.505254 -0.377291 -0.456643 -0.41863 -0.440295 -0.430635 -0.437453 -0.442138 -0.445015 -0.440521 -0.440294 -0.44178 -0.443207 -0.442593 -0.442286 -0.441277 -0.442286 -0.442593 -0.443207 -0.441778 -0.440297 -0.440518 -0.445017 -0.442136 -0.437458 -0.430625 -0.440306 -0.418623 -0.456645 -0.377288 -0.505256 
14.5 -13.6494 1.0058 2 4 8 16 30 45 56 66 76 87 99 110 120 132 139 142 139 133 121 110 99 87 76 66 56 46 30 16 8 4 2 -0.509397 -0.374214 -0.459316 -0.416042 -0.4396 -0.429993 -0.437833 -0.442334 -0.444944 -0.440046 -0.440151 -0.442258 -0.443356 -0.442097 -0.442225 -0.441769 -0.442225 -0.442097 -0.443356 -0.442255 -0.440155 -0.440043 -0.444945 -0.442332 -0.437838 -0.429983 -0.439611 -0.416036 -0.459318 -0.37421 -0.5094 
14.6 -13.6494 1.01054 2 4 8 16 30 46 57 67 78 89 101 114 122 136 142 146 143 136 123 114 101 89 78 67 57 46 30 16 8 4 2 -0.513967 -0.370715 -0.462062 -0.413343 -0.438965 -0.42939 -0.43825 -0.442441 -0.444801 -0.439605 -0.440059 -0.442718 -0.443477 -0.441606 -0.442173 -0.442262 -0.442173 -0.441606 -0.443478 -0.442714 -0.440063 -0.439603 -0.444801 -0.442441 -0.438255 -0.42938 -0.438976 -0.413337 -0.462065 -0.370711 -0.51397 
14.7 -13.6494 1.01526 2 4 8 16 31 46 59 70 80 92 103 115 126 138 143 150 143 138 127 115 105 92 80 70 59 47 31 16 8 4 2 -0.518955 -0.366792 -0.464874 -0.410553 -0.438406 -0.428821 -0.438695 -0.442452 -0.444589 -0.439207 -0.440019 -0.443148 -0.443568 -0.441131 -0.44213 -0.442742 -0.44213 -0.441131 -0.44357 -0.443143 -0.440024 -0.439206 -0.444588 -0.442453 -0.4387 -0.428811 -0.438416 -0.410547 -0.464877 -0.366787 -0.518958 
14.8 -13.6494 1.01994 2 4 8 16 31 47 60 71 83 94 106 118 129 140 147 153 148 141 130 118 107 94 83 71 60 47 31 16 8 4 2 -0.524345 -0.36245 -0.467742 -0.407694 -0.437937 -0.42828 -0.439157 -0.442362 -0.444316 -0.438861 -0.440029 -0.443538 -0.443628 -0.440683 -0.442097 -0.443199 -0.442097 -0.440683 -0.443631 -0.443532 -0.440035 -0.438859 -0.444314 -0.442363 -0.439161 -0.42827 -0.437946 -0.407689 -0.467746 -0.362444 -0.524348 
14.9 -13.6494 1.02455 2 4 8 16 31 48 62 73 84 96 109 120 133 144 150 156 150 145 133 121 109 96 85 74 62 48 31 16 8 4 2 -0.530114 -0.357701 -0.470657 -0.404789 -0.437571 -0.427759 -0.439626 -0.442165 -0.443987 -0.43857 -0.440089 -0.443879 -0.443656 -0.440274 -0.442074 -0.443621 -0.442074 -0.440274 -0.443658 -0.443872 -0.440095 -0.438569 -0.443984 -0.442166 -0.439629 -0.427751 -0.437578 -0.404784 -0.470662 -0.357694 -0.530118 
15 -13.6494 1.02908 2 4 8 16 31 49 63 74 87 98 112 123 134 147 152 158 153 148 135 124 112 98 87 75 63 50 31 16 8 4 2 -0.536237 -0.352566 -0.47361 -0.401859 -0.437318 -0.42725 -0.440092 -0.441858 -0.443611 -0.438341 -0.440194 -0.444162 -0.443651 -0.439914 -0.442061 -0.443998 -0.442062 -0.439913 -0.443654 -0.444155 -0.440201 -0.438339 -0.443608 -0.441861 -0.440095 -0.427243 -0.437324 -0.401854 -0.473616 -0.352558 -0.536241 
15.1 -13.6494 1.03352 2 4 8 16 31 50 64 77 90 101 115 127 138 151 156 162 156 151 139 127 115 101 90 78 64 50 31 16 8 4 2 -0.54268 -0.347072 -0.476591 -0.398923 -0.437189 -0.426743 -0.440547 -0.441442 -0.443196 -0.438173 -0.440342 -0.444381 -0.443615 -0.439609 -0.442059 -0.444321 -0.442059 -0.439609 -0.443618 -0.444374 -0.440349 -0.438172 -0.443193 -0.441445 -0.440549 -0.426738 -0.437193 -0.39892 -0.476597 -0.347064 -0.542684 
15.2 -13.6494 1.03785 2 4 8 16 32 50 66 80 91 104 118 129 142 153 160 165 160 154 142 129 117 104 92 80 66 50 32 16 8 4 2 -0.549406 -0.341256 -0.479587 -0.396003 -0.437191 -0.426228 -0.440983 -0.440917 -0.442751 -0.438069 -0.440528 -0.44453 -0.443548 -0.439368 -0.442067 -0.444584 -0.442067 -0.439368 -0.443552 -0.444523 -0.440534 -0.438068 -0.442749 -0.44092 -0.440984 -0.426224 -0.437194 -0.395999 -0.479594 -0.341248 -0.549409 
15.3 -13.6494 1.04206 2 4 8 16 32 50 68 83 95 108 119 133 145 157 163 167 163 157 145 133 119 108 95 83 68 50 32 16 8 4 2 -0.55637 -0.335162 -0.482587 -0.393114 -0.437333 -0.425692 -0.441394 -0.440286 -0.442287 -0.438026 -0.440745 -0.444606 -0.443455 -0.439195 -0.442084 -0.444779 -0.442084 -0.439195 -0.443458 -0.4446 -0.440751 -0.438025 -0.442284 -0.440289 -0.441394 -0.425689 -0.437334 -0.393111 -0.482595 -0.335153 -0.556373 
15.4 -13.6494 1.04614 2 4 8 16 32 52 69 83 97 109 123 137 148 160 166 172 166 160 148 137 122 109 98 84 69 52 32 16 8 4 2 -0.563525 -0.328839 -0.485578 -0.390275 -0.437619 -0.425122 -0.441774 -0.439554 -0.441811 -0.438041 -0.440987 -0.444607 -0.443337 -0.439094 -0.442109 -0.444904 -0.44211 -0.439093 -0.443339 -0.444602 -0.440992 -0.43804 -0.441809 -0.439556 -0.441774 -0.425121 -0.437618 -0.390272 -0.485586 -0.328831 -0.563528 
15.5 -13.6494 1.05009 2 4 8 16 32 52 71 87 100 113 126 140 151 164 169 175 169 164 151 140 126 113 100 87 71 52 32 16 8 4 2 -0.57082 -0.322345 -0.488547 -0.3875 -0.438053 -0.424505 -0.442121 -0.438725 -0.441334 -0.438109 -0.441249 -0.444533 -0.443197 -0.439065 -0.442143 -0.444956 -0.442143 -0.439065 -0.4432 -0.444529 -0.441253 -0.438108 -0.441333 -0.438727 -0.442121 -0.424505 -0.438052 -0.387497 -0.488556 -0.322337 -0.570823 
15.6 -13.6494 1.0539 2 4 8 16 32 53 72 89 102 115 129 142 156 167 173 178 173 166 156 143 129 116 102 89 72 53 32 16 8 4 2 -0.578201 -0.31574 -0.49148 -0.384801 -0.438639 -0.423826 -0.442433 -0.437809 -0.440864 -0.438223 -0.441522 -0.444386 -0.44304 -0.439109 -0.442183 -0.444933 -0.442184 -0.439108 -0.443042 -0.444382 -0.441524 -0.438223 -0.440863 -0.43781 -0.442432 -0.423828 -0.438637 -0.384798 -0.491489 -0.315733 -0.578203 
15.7 -13.6494 1.05758 2 4 8 16 32 53 72 91 104 118 133 147 158 169 176 181 176 169 159 147 133 119 105 91 73 53 32 16 8 4 2 -0.585609 -0.309093 -0.494364 -0.38219 -0.43938 -0.423071 -0.44271 -0.436812 -0.44041 -0.438376 -0.441799 -0.444168 -0.44287 -0.439222 -0.442229 -0.444838 -0.44223 -0.439221 -0.442872 -0.444166 -0.4418 -0.438376 -0.440409 -0.436813 -0.442709 -0.423074 -0.439377 -0.382186 -0.494373 -0.309087 -0.585611 
15.8 -13.6494 1.06113 2 4 8 16 32 53 75 93 108 121 137 151 160 173 180 184 180 173 162 151 137 121 108 93 75 53 32 16 8 4 2 -0.592988 -0.302472 -0.497186 -0.379673 -0.440276 -0.422225 -0.442953 -0.435746 -0.439978 -0.438558 -0.442073 -0.443886 -0.442691 -0.439402 -0.442279 -0.444674 -0.44228 -0.439401 -0.442692 -0.443885 -0.442073 -0.438559 -0.439978 -0.435747 -0.442952 -0.422229 -0.440272 -0.379669 -0.497195 -0.302467 -0.592988 
15.9 -13.6494 1.06455 2 4 8 16 32 54 76 96 110 124 139 153 164 177 183 189 183 177 165 154 138 125 112 96 76 54 32 16 8 4 2 -0.600276 -0.29595 -0.499932 -0.377258 -0.441328 -0.421273 -0.443167 -0.43462 -0.439576 -0.438758 -0.442337 -0.443544 -0.442508 -0.439641 -0.442332 -0.444446 -0.442333 -0.43964 -0.442509 -0.443545 -0.442335 -0.43876 -0.439577 -0.43462 -0.443165 -0.421277 -0.441324 -0.377254 -0.499941 -0.295945 -0.600276 
