time energy SvN bondDim localEnergy 
0 -9.7892 0.0355624 2 4 4 4 4 4 4 4 4 4 4 4 4 4 4 4 4 4 4 4 4 4 4 4 4 4 4 4 4 4 2 -0.322885 -0.314026 -0.314601 -0.314583 -0.314587 -0.314593 -0.314604 -0.314625 -0.314665 -0.31474 -0.314882 -0.31515 -0.315652 -0.316582 -0.318497 -0.31986 -0.318497 -0.316582 -0.315652 -0.31515 -0.314882 -0.31474 -0.314665 -0.314625 -0.314604 -0.314593 -0.314587 -0.314583 -0.314601 -0.314026 -0.322885 
0.1 -9.78971 0.0356648 2 4 4 4 4 4 4 4 4 4 4 4 4 4 4 4 4 4 4 4 4 4 4 4 4 4 4 4 4 4 2 -0.322885 -0.314026 -0.314602 -0.314583 -0.314588 -0.314594 -0.314605 -0.314627 -0.314668 -0.314745 -0.314891 -0.315165 -0.315679 -0.316631 -0.318583 -0.319971 -0.318583 -0.316631 -0.315679 -0.315165 -0.314891 -0.314745 -0.314668 -0.314627 -0.314605 -0.314594 -0.314588 -0.314583 -0.314602 -0.314026 -0.322885 
0.2 -9.79155 0.0360402 2 4 4 4 4 4 4 4 4 4 4 4 4 4 4 4 4 4 4 4 4 4 4 4 4 4 4 4 4 4 2 -0.322887 -0.314028 -0.314603 -0.314585 -0.31459 -0.314596 -0.314609 -0.314632 -0.314677 -0.314761 -0.31492 -0.315218 -0.315777 -0.316805 -0.318897 -0.320376 -0.318897 -0.316805 -0.315777 -0.315218 -0.31492 -0.314761 -0.314677 -0.314632 -0.314609 -0.314596 -0.31459 -0.314585 -0.314603 -0.314028 -0.322886 
0.3 -9.795 0.0367644 2 4 4 4 4 4 4 4 4 4 4 4 4 4 4 4 4 4 4 4 4 4 4 4 4 4 4 4 4 4 2 -0.322889 -0.31403 -0.314605 -0.314587 -0.314592 -0.3146 -0.314615 -0.314642 -0.314694 -0.314791 -0.314974 -0.315318 -0.315959 -0.317134 -0.319494 -0.321152 -0.319494 -0.317134 -0.315959 -0.315318 -0.314974 -0.314791 -0.314694 -0.314642 -0.314615 -0.3146 -0.314592 -0.314587 -0.314605 -0.31403 -0.322887 
0.4 -9.79975 0.0377943 2 4 4 4 4 4 4 4 4 4 4 4 4 4 4 4 4 4 4 4 4 4 4 4 4 4 4 4 4 4 2 -0.32289 -0.314031 -0.314607 -0.314589 -0.314595 -0.314604 -0.314621 -0.314653 -0.314715 -0.31483 -0.315046 -0.315452 -0.316207 -0.317584 -0.320327 -0.32225 -0.320327 -0.317584 -0.316207 -0.315452 -0.315046 -0.31483 -0.314715 -0.314653 -0.314621 -0.314604 -0.314595 -0.314589 -0.314607 -0.314031 -0.322888 
0.5 -9.80507 0.0389942 2 4 4 4 4 4 4 4 4 4 4 4 4 4 4 4 4 4 4 4 4 4 4 4 4 4 4 4 4 4 2 -0.32289 -0.314031 -0.314607 -0.31459 -0.314597 -0.314607 -0.314627 -0.314665 -0.314736 -0.31487 -0.315123 -0.315596 -0.316477 -0.318081 -0.321274 -0.323524 -0.321275 -0.318081 -0.316477 -0.315597 -0.315123 -0.31487 -0.314736 -0.314665 -0.314627 -0.314607 -0.314597 -0.31459 -0.314607 -0.314031 -0.322888 
0.6 -9.81012 0.0401978 2 4 4 4 4 4 4 4 4 4 4 4 4 4 4 4 4 4 4 4 4 4 4 4 4 4 4 4 4 4 2 -0.32289 -0.31403 -0.314606 -0.314589 -0.314597 -0.314609 -0.314631 -0.314674 -0.314754 -0.314906 -0.315191 -0.315726 -0.316723 -0.318543 -0.322193 -0.324797 -0.322193 -0.318543 -0.316723 -0.315727 -0.315191 -0.314906 -0.314754 -0.314674 -0.314631 -0.314609 -0.314597 -0.314589 -0.314606 -0.31403 -0.322888 
0.7 -9.81439 0.0412758 2 4 4 4 4 4 4 4 4 4 4 4 4 4 4 4 4 4 4 4 4 4 4 4 4 4 4 4 4 4 2 -0.322888 -0.314028 -0.314605 -0.314588 -0.314596 -0.314609 -0.314634 -0.31468 -0.314768 -0.314933 -0.315245 -0.315829 -0.31692 -0.318921 -0.322982 -0.325932 -0.322982 -0.318921 -0.31692 -0.315829 -0.315245 -0.314933 -0.314768 -0.31468 -0.314634 -0.314609 -0.314596 -0.314588 -0.314605 -0.314028 -0.322887 
0.8 -9.81783 0.0421833 2 4 4 4 4 4 4 4 4 4 4 4 4 4 4 4 4 4 4 4 4 4 4 4 4 4 4 4 4 4 2 -0.322887 -0.314027 -0.314604 -0.314588 -0.314596 -0.31461 -0.314636 -0.314686 -0.314779 -0.314955 -0.315286 -0.315909 -0.317075 -0.319218 -0.323619 -0.326881 -0.323619 -0.319218 -0.317075 -0.315909 -0.315286 -0.314955 -0.314779 -0.314686 -0.314636 -0.31461 -0.314596 -0.314588 -0.314604 -0.314027 -0.322886 
0.9 -9.8209 0.042972 2 4 4 4 4 4 4 4 4 4 4 4 4 4 4 4 4 4 4 4 4 4 4 4 4 4 4 4 4 4 2 -0.322886 -0.314027 -0.314604 -0.314588 -0.314597 -0.314612 -0.314639 -0.314692 -0.314791 -0.314977 -0.315329 -0.315989 -0.317223 -0.319488 -0.324165 -0.327695 -0.324165 -0.319488 -0.317223 -0.315989 -0.315329 -0.314977 -0.314791 -0.314692 -0.314639 -0.314612 -0.314597 -0.314588 -0.314604 -0.314027 -0.322886 
1 -9.82436 0.0437687 2 4 4 4 4 4 4 4 4 4 4 4 4 4 4 4 4 4 4 4 4 4 4 4 4 4 4 4 4 4 2 -0.322886 -0.314028 -0.314605 -0.314589 -0.314599 -0.314615 -0.314645 -0.314701 -0.314808 -0.315009 -0.315387 -0.316095 -0.317412 -0.319813 -0.324739 -0.328498 -0.324739 -0.319813 -0.317412 -0.316095 -0.315387 -0.315009 -0.314808 -0.314701 -0.314645 -0.314615 -0.314599 -0.314589 -0.314605 -0.314028 -0.322886 
1.1 -9.82892 0.0447306 2 4 4 4 4 4 4 4 4 4 4 4 4 4 4 4 4 4 4 4 4 4 4 4 4 4 4 4 4 4 2 -0.322887 -0.31403 -0.314607 -0.314592 -0.314602 -0.31462 -0.314653 -0.314716 -0.314833 -0.315055 -0.315472 -0.316248 -0.317684 -0.320267 -0.32547 -0.329442 -0.32547 -0.320267 -0.317684 -0.316249 -0.315472 -0.315055 -0.314833 -0.314716 -0.314653 -0.31462 -0.314602 -0.314592 -0.314607 -0.31403 -0.322887 
1.2 -9.835 0.0459946 2 4 4 4 4 4 4 4 4 4 4 4 4 4 4 4 4 4 4 4 4 4 4 4 4 4 4 4 4 4 2 -0.322889 -0.314032 -0.314609 -0.314595 -0.314606 -0.314626 -0.314664 -0.314734 -0.314867 -0.315117 -0.315586 -0.316456 -0.318052 -0.320888 -0.326448 -0.330655 -0.326449 -0.320888 -0.318052 -0.316456 -0.315586 -0.315117 -0.314867 -0.314734 -0.314664 -0.314626 -0.314606 -0.314595 -0.314609 -0.314032 -0.322888 
1.3 -9.84261 0.0476397 2 4 4 4 4 4 4 4 4 4 4 4 4 4 4 4 4 4 4 4 4 4 4 4 4 4 4 4 4 4 2 -0.322891 -0.314033 -0.314611 -0.314597 -0.31461 -0.314633 -0.314675 -0.314755 -0.314906 -0.31519 -0.315721 -0.316705 -0.318502 -0.321665 -0.327706 -0.332205 -0.327706 -0.321665 -0.318502 -0.316706 -0.315721 -0.31519 -0.314906 -0.314755 -0.314675 -0.314633 -0.31461 -0.314597 -0.314611 -0.314033 -0.322889 
1.4 -9.8514 0.0496717 2 4 4 4 4 4 4 4 4 4 4 4 4 4 4 4 4 4 4 4 4 4 4 4 4 4 4 4 4 4 2 -0.322892 -0.314033 -0.314611 -0.314598 -0.314613 -0.314638 -0.314686 -0.314777 -0.314947 -0.315267 -0.315866 -0.316975 -0.318997 -0.322546 -0.329208 -0.334092 -0.329208 -0.322546 -0.318997 -0.316975 -0.315866 -0.315267 -0.314947 -0.314777 -0.314686 -0.314638 -0.314613 -0.314598 -0.314611 -0.314033 -0.32289 
1.5 -9.86086 0.0520343 2 4 4 4 4 4 4 4 4 4 4 4 4 4 4 4 4 4 4 4 4 4 4 4 4 4 4 4 4 4 2 -0.322892 -0.314032 -0.314611 -0.314599 -0.314615 -0.314643 -0.314696 -0.314796 -0.314986 -0.315342 -0.316007 -0.317243 -0.319499 -0.323465 -0.330876 -0.336259 -0.330876 -0.323465 -0.319499 -0.317243 -0.316008 -0.315342 -0.314986 -0.314796 -0.314696 -0.314643 -0.314615 -0.314599 -0.314611 -0.314032 -0.32289 
1.6 -9.87054 0.0546372 2 4 4 4 4 4 4 4 4 4 4 4 4 4 4 4 4 4 4 4 4 4 4 4 4 4 4 4 4 4 2 -0.322891 -0.314031 -0.31461 -0.314599 -0.314616 -0.314647 -0.314705 -0.314815 -0.315022 -0.315412 -0.316142 -0.317499 -0.319983 -0.324369 -0.332618 -0.338618 -0.332619 -0.32437 -0.319983 -0.317499 -0.316142 -0.315412 -0.315022 -0.314815 -0.314705 -0.314647 -0.314616 -0.314599 -0.31461 -0.314031 -0.32289 
1.7 -9.88022 0.0573892 2 4 4 4 4 4 4 4 4 4 4 4 4 4 4 4 4 4 4 4 4 4 4 4 4 4 4 4 4 4 2 -0.32289 -0.31403 -0.31461 -0.314599 -0.314618 -0.314652 -0.314715 -0.314834 -0.315059 -0.315483 -0.316276 -0.31775 -0.320452 -0.325239 -0.334362 -0.341078 -0.334362 -0.325239 -0.320452 -0.31775 -0.316276 -0.315483 -0.315059 -0.314834 -0.314715 -0.314652 -0.314618 -0.314599 -0.31461 -0.31403 -0.322889 
1.8 -9.88997 0.0602266 2 4 4 4 4 4 4 4 4 4 4 4 4 4 4 4 4 4 4 4 4 4 4 4 4 4 4 4 4 4 2 -0.322889 -0.314031 -0.314611 -0.314601 -0.314621 -0.314658 -0.314727 -0.314857 -0.315101 -0.315561 -0.316421 -0.318016 -0.320934 -0.326096 -0.336073 -0.343573 -0.336073 -0.326096 -0.320934 -0.318016 -0.316421 -0.315561 -0.315101 -0.314857 -0.314727 -0.314658 -0.314621 -0.314601 -0.314611 -0.314031 -0.322889 
1.9 -9.90008 0.0631283 2 4 4 4 4 4 4 4 4 4 4 4 4 4 4 4 4 4 4 4 4 4 4 4 4 4 4 4 4 4 2 -0.322888 -0.314033 -0.314613 -0.314604 -0.314626 -0.314666 -0.314742 -0.314884 -0.315152 -0.315655 -0.316593 -0.318325 -0.321472 -0.32699 -0.337759 -0.34607 -0.337759 -0.326991 -0.321472 -0.318325 -0.316593 -0.315655 -0.315152 -0.314884 -0.314742 -0.314666 -0.314626 -0.314604 -0.314613 -0.314033 -0.322888 
2 -9.91094 0.0661187 2 4 4 4 4 4 4 4 4 4 4 4 4 4 4 4 4 4 4 4 4 4 4 4 4 4 4 4 4 4 2 -0.322889 -0.314035 -0.314616 -0.314608 -0.314633 -0.314677 -0.314761 -0.314918 -0.315215 -0.31577 -0.316802 -0.318697 -0.322105 -0.327989 -0.339467 -0.348576 -0.339467 -0.327989 -0.322105 -0.318697 -0.316803 -0.31577 -0.315215 -0.314918 -0.314761 -0.314677 -0.314633 -0.314608 -0.314616 -0.314035 -0.322889 
2.1 -9.92289 0.0692589 2 4 4 4 4 4 4 4 4 4 4 4 4 4 4 4 4 4 4 4 4 4 4 4 4 4 4 4 4 4 2 -0.322891 -0.314037 -0.314619 -0.314613 -0.31464 -0.314689 -0.314783 -0.314959 -0.315289 -0.315907 -0.317052 -0.31914 -0.322857 -0.329146 -0.341262 -0.351121 -0.341263 -0.329146 -0.322857 -0.31914 -0.317052 -0.315907 -0.315289 -0.314959 -0.314783 -0.314689 -0.31464 -0.314613 -0.314619 -0.314037 -0.322891 
2.2 -9.93611 0.0726317 2 4 4 4 4 4 4 4 4 4 4 4 4 4 4 4 4 4 4 4 4 4 4 4 4 4 4 4 4 4 2 -0.322894 -0.314039 -0.314621 -0.314617 -0.314647 -0.314702 -0.314806 -0.315003 -0.315372 -0.316061 -0.317335 -0.319648 -0.323728 -0.330493 -0.343211 -0.353755 -0.343211 -0.330494 -0.323728 -0.319648 -0.317335 -0.316061 -0.315372 -0.315003 -0.314806 -0.314702 -0.314647 -0.314617 -0.314621 -0.314039 -0.322892 
2.3 -9.95064 0.0763251 2 4 4 4 4 4 4 4 4 4 4 4 4 4 4 4 4 4 4 4 4 4 4 4 4 4 4 4 4 4 2 -0.322896 -0.314039 -0.314623 -0.31462 -0.314653 -0.314715 -0.314831 -0.315049 -0.31546 -0.316226 -0.317641 -0.320205 -0.324701 -0.332033 -0.345365 -0.356529 -0.345365 -0.332033 -0.324701 -0.320205 -0.317641 -0.316226 -0.31546 -0.315049 -0.314831 -0.314715 -0.314653 -0.31462 -0.314623 -0.314039 -0.322894 
2.4 -9.9664 0.0804171 2 4 4 4 4 4 4 4 4 4 4 4 4 4 4 4 4 4 4 4 4 4 4 4 4 4 4 4 4 4 2 -0.322897 -0.314038 -0.314623 -0.314622 -0.314659 -0.314727 -0.314855 -0.315097 -0.315551 -0.316398 -0.317962 -0.320794 -0.325745 -0.333738 -0.347752 -0.359483 -0.347752 -0.333739 -0.325746 -0.320794 -0.317962 -0.316398 -0.315551 -0.315097 -0.314855 -0.314727 -0.314659 -0.314622 -0.314623 -0.314038 -0.322895 
2.5 -9.98328 0.0849655 2 4 4 4 4 4 4 4 4 4 4 4 4 4 4 4 4 4 4 4 4 4 4 4 4 4 4 4 4 4 2 -0.322897 -0.314037 -0.314624 -0.314625 -0.314665 -0.31474 -0.314881 -0.315147 -0.315645 -0.316576 -0.318294 -0.321404 -0.326837 -0.335572 -0.350375 -0.362644 -0.350375 -0.335572 -0.326837 -0.321404 -0.318294 -0.316576 -0.315645 -0.315147 -0.314881 -0.31474 -0.314665 -0.314625 -0.314624 -0.314038 -0.322895 
2.6 -10.0012 0.0900034 2 4 4 4 4 4 4 4 4 4 4 4 4 4 4 4 4 4 4 4 4 4 4 4 4 4 4 4 4 4 2 -0.322896 -0.314038 -0.314625 -0.314628 -0.314673 -0.314755 -0.314909 -0.3152 -0.315747 -0.316766 -0.318645 -0.322039 -0.327963 -0.337491 -0.353214 -0.366022 -0.353214 -0.337492 -0.327963 -0.322039 -0.318645 -0.316766 -0.315747 -0.3152 -0.314909 -0.314755 -0.314673 -0.314628 -0.314625 -0.314038 -0.322895 
2.7 -10.0201 0.0955391 2 4 4 4 4 4 4 4 4 4 4 4 4 4 4 4 4 4 4 4 4 4 4 4 4 4 4 4 4 4 2 -0.322895 -0.31404 -0.314628 -0.314633 -0.314682 -0.314772 -0.314942 -0.315261 -0.31586 -0.316975 -0.319025 -0.322714 -0.32913 -0.339467 -0.356233 -0.369608 -0.356233 -0.339467 -0.32913 -0.322714 -0.319025 -0.316975 -0.31586 -0.315261 -0.314942 -0.314772 -0.314682 -0.314633 -0.314628 -0.31404 -0.322895 
2.8 -10.0401 0.10156 2 4 4 4 4 4 4 4 4 4 4 4 4 4 4 4 4 4 4 4 4 4 4 4 4 4 4 4 4 4 2 -0.322895 -0.314043 -0.314632 -0.31464 -0.314694 -0.314793 -0.31498 -0.315332 -0.31599 -0.317213 -0.319452 -0.323454 -0.33036 -0.341483 -0.35939 -0.373378 -0.35939 -0.341483 -0.330361 -0.323454 -0.319452 -0.317213 -0.31599 -0.315332 -0.31498 -0.314793 -0.314694 -0.31464 -0.314632 -0.314043 -0.322895 
2.9 -10.0611 0.108038 2 4 4 4 4 4 4 4 4 4 4 4 4 4 4 4 4 4 4 4 4 4 4 4 4 4 4 4 4 4 2 -0.322896 -0.314046 -0.314637 -0.314648 -0.314707 -0.314817 -0.315024 -0.315413 -0.31614 -0.317486 -0.319937 -0.32428 -0.331685 -0.343546 -0.362641 -0.377301 -0.362641 -0.343546 -0.331685 -0.32428 -0.319937 -0.317486 -0.31614 -0.315413 -0.315024 -0.314817 -0.314707 -0.314648 -0.314637 -0.314046 -0.322896 
3 -10.0832 0.114936 2 4 4 4 4 4 4 4 4 4 4 4 4 4 4 4 4 4 4 4 4 4 4 4 4 4 4 4 4 4 2 -0.322898 -0.31405 -0.314642 -0.314656 -0.314722 -0.314844 -0.315074 -0.315505 -0.316309 -0.317794 -0.320485 -0.325208 -0.333136 -0.345673 -0.365947 -0.381337 -0.365947 -0.345673 -0.333136 -0.325208 -0.320485 -0.317795 -0.316309 -0.315505 -0.315074 -0.314844 -0.314722 -0.314656 -0.314642 -0.31405 -0.322898 
3.1 -10.1064 0.122213 2 4 4 4 4 4 4 4 4 4 4 4 4 4 4 4 4 4 4 4 4 4 4 4 4 4 4 4 4 4 2 -0.322902 -0.314052 -0.314646 -0.314664 -0.314737 -0.314873 -0.315127 -0.315605 -0.316496 -0.318137 -0.321096 -0.326243 -0.334736 -0.347891 -0.369278 -0.385442 -0.369278 -0.347891 -0.334736 -0.326243 -0.321096 -0.318137 -0.316496 -0.315605 -0.315127 -0.314873 -0.314737 -0.314664 -0.314646 -0.314052 -0.3229 
3.2 -10.1306 0.129825 2 4 4 4 4 4 4 4 4 4 4 4 4 4 4 4 4 4 4 4 4 4 4 4 4 4 4 4 4 4 2 -0.322905 -0.314053 -0.31465 -0.314672 -0.314753 -0.314903 -0.315185 -0.315714 -0.316699 -0.31851 -0.321764 -0.32738 -0.336495 -0.350229 -0.372611 -0.389576 -0.372611 -0.350229 -0.336495 -0.327381 -0.321764 -0.31851 -0.316699 -0.315714 -0.315185 -0.314903 -0.314753 -0.314672 -0.31465 -0.314053 -0.322903 
3.3 -10.1558 0.137735 2 4 4 4 4 4 4 4 4 4 4 4 4 4 4 4 4 4 4 4 4 4 4 4 4 4 4 4 4 4 2 -0.322908 -0.314054 -0.314654 -0.31468 -0.314769 -0.314934 -0.315246 -0.31583 -0.316916 -0.31891 -0.322481 -0.32861 -0.338413 -0.352711 -0.375934 -0.393696 -0.375934 -0.352711 -0.338413 -0.32861 -0.322482 -0.31891 -0.316916 -0.31583 -0.315246 -0.314934 -0.314769 -0.31468 -0.314654 -0.314054 -0.322906 
3.4 -10.1819 0.145904 2 4 4 4 4 4 4 4 4 4 4 4 4 4 4 4 4 4 4 4 4 4 4 4 4 4 4 4 4 4 2 -0.32291 -0.314055 -0.314658 -0.314689 -0.314787 -0.314969 -0.315312 -0.315955 -0.317149 -0.319338 -0.323247 -0.329921 -0.340476 -0.355353 -0.379238 -0.397764 -0.379238 -0.355353 -0.340477 -0.329921 -0.323247 -0.319338 -0.317149 -0.315955 -0.315312 -0.314969 -0.314787 -0.314689 -0.314658 -0.314055 -0.322907 
3.5 -10.2088 0.154301 2 4 4 4 4 4 4 4 4 4 4 4 4 4 4 5 4 4 4 4 4 4 4 4 4 4 4 4 4 4 2 -0.32291 -0.314057 -0.314663 -0.314699 -0.314807 -0.315008 -0.315385 -0.316092 -0.317403 -0.3198 -0.324065 -0.331307 -0.342668 -0.358158 -0.38252 -0.401747 -0.38252 -0.358158 -0.342668 -0.331307 -0.324065 -0.3198 -0.317403 -0.316092 -0.315385 -0.315008 -0.314807 -0.314699 -0.314663 -0.314057 -0.322909 
3.6 -10.2367 0.162894 2 4 4 4 4 4 4 4 4 4 4 4 4 4 5 5 5 4 4 4 4 4 4 4 4 4 4 4 4 4 2 -0.322911 -0.314061 -0.31467 -0.314712 -0.314831 -0.315052 -0.315468 -0.316245 -0.317684 -0.320305 -0.324944 -0.332771 -0.344969 -0.361123 -0.385779 -0.405611 -0.385779 -0.361123 -0.344969 -0.332771 -0.324944 -0.320305 -0.317684 -0.316245 -0.315468 -0.315052 -0.314831 -0.314712 -0.31467 -0.314061 -0.32291 
3.7 -10.2654 0.171656 2 4 4 4 4 4 4 4 4 4 4 4 4 4 5 5 5 4 4 4 4 4 4 4 4 4 4 4 4 4 2 -0.322912 -0.314067 -0.314679 -0.314727 -0.314858 -0.315102 -0.315561 -0.316417 -0.317997 -0.320863 -0.325898 -0.33432 -0.347364 -0.364231 -0.389014 -0.409332 -0.389014 -0.364231 -0.347364 -0.33432 -0.325899 -0.320863 -0.317997 -0.316417 -0.315561 -0.315102 -0.314858 -0.314727 -0.314679 -0.314067 -0.322912 
3.8 -10.2949 0.18056 2 4 4 4 4 4 4 4 4 4 4 4 4 5 5 5 5 5 4 4 4 4 4 4 4 4 4 4 4 4 2 -0.322914 -0.314073 -0.314689 -0.314744 -0.314889 -0.315159 -0.315665 -0.316609 -0.318347 -0.321481 -0.326943 -0.335969 -0.349843 -0.367463 -0.392223 -0.412885 -0.392223 -0.367463 -0.349843 -0.335969 -0.326943 -0.321481 -0.318347 -0.316609 -0.315665 -0.315159 -0.314889 -0.314744 -0.314689 -0.314073 -0.322914 
3.9 -10.3253 0.18958 2 4 4 4 4 4 4 4 4 4 4 4 4 5 5 5 5 5 4 4 4 4 4 4 4 4 4 4 4 4 2 -0.322918 -0.314079 -0.314699 -0.314763 -0.314922 -0.315221 -0.315781 -0.316823 -0.318735 -0.322166 -0.328087 -0.337734 -0.352401 -0.370793 -0.395402 -0.416251 -0.395402 -0.370793 -0.352401 -0.337735 -0.328088 -0.322166 -0.318735 -0.316823 -0.315781 -0.315221 -0.314922 -0.314763 -0.314699 -0.314079 -0.322917 
4 -10.3565 0.198689 2 4 4 4 4 4 4 4 4 4 4 4 4 5 5 5 5 5 4 4 4 4 4 4 4 4 4 4 4 4 2 -0.322923 -0.314084 -0.314708 -0.314782 -0.314958 -0.315289 -0.315908 -0.317057 -0.319162 -0.322918 -0.329339 -0.339629 -0.355038 -0.374193 -0.398544 -0.419415 -0.398544 -0.374193 -0.355038 -0.339629 -0.329339 -0.322918 -0.319162 -0.317057 -0.315908 -0.315289 -0.314958 -0.314782 -0.314709 -0.314084 -0.322922 
4.1 -10.3884 0.207861 2 4 4 4 4 4 4 4 4 4 4 4 4 5 5 5 5 5 4 4 4 4 4 4 4 4 4 4 4 4 2 -0.322928 -0.314088 -0.314719 -0.314801 -0.314997 -0.315362 -0.316045 -0.317313 -0.319627 -0.323737 -0.330699 -0.341663 -0.357757 -0.377637 -0.401641 -0.422363 -0.401641 -0.377637 -0.357757 -0.341663 -0.3307 -0.323737 -0.319627 -0.317313 -0.316045 -0.315362 -0.314997 -0.314801 -0.314719 -0.314089 -0.322927 
4.2 -10.421 0.217068 2 4 4 4 4 4 4 4 4 4 4 4 4 5 5 5 5 5 4 4 4 4 4 4 4 4 4 4 4 4 2 -0.322934 -0.314093 -0.314729 -0.314823 -0.315038 -0.315441 -0.316195 -0.31759 -0.320132 -0.324623 -0.332166 -0.343839 -0.360562 -0.381099 -0.404683 -0.425088 -0.404682 -0.381099 -0.360562 -0.343839 -0.332166 -0.324623 -0.320132 -0.317591 -0.316195 -0.315441 -0.315038 -0.314823 -0.314729 -0.314093 -0.322932 
4.3 -10.4542 0.226285 2 4 4 4 4 4 4 4 4 4 4 4 4 5 5 6 5 5 4 4 4 4 4 4 4 4 4 4 4 4 2 -0.322939 -0.314098 -0.314741 -0.314847 -0.315084 -0.315529 -0.316359 -0.317893 -0.320678 -0.325576 -0.333735 -0.346156 -0.363454 -0.384555 -0.407657 -0.427583 -0.407657 -0.384555 -0.363454 -0.346156 -0.333735 -0.325576 -0.320679 -0.317893 -0.316359 -0.315529 -0.315084 -0.314847 -0.314741 -0.314098 -0.322937 
4.4 -10.488 0.235484 2 4 4 4 4 4 4 4 4 4 4 4 5 5 5 6 5 5 5 4 4 4 4 4 4 4 4 4 4 4 2 -0.322944 -0.314105 -0.314756 -0.314874 -0.315136 -0.315626 -0.316539 -0.318224 -0.321273 -0.326602 -0.335406 -0.348607 -0.366432 -0.387984 -0.410552 -0.429847 -0.410552 -0.387984 -0.366432 -0.348608 -0.335406 -0.326602 -0.321273 -0.318225 -0.316539 -0.315626 -0.315136 -0.314874 -0.314756 -0.314106 -0.322942 
4.5 -10.5223 0.244639 2 4 4 4 4 4 4 4 4 4 4 4 5 5 6 6 6 5 5 4 4 4 4 4 4 4 4 4 4 4 2 -0.322948 -0.314115 -0.314773 -0.314905 -0.315194 -0.315734 -0.31674 -0.31859 -0.321922 -0.327707 -0.337177 -0.351183 -0.369494 -0.391368 -0.413355 -0.431879 -0.413355 -0.391368 -0.369494 -0.351183 -0.337177 -0.327707 -0.321922 -0.31859 -0.31674 -0.315734 -0.315194 -0.314905 -0.314773 -0.314115 -0.322947 
4.6 -10.5571 0.253727 2 4 4 4 4 4 4 4 4 4 4 4 5 5 6 6 6 5 5 4 4 4 4 4 4 4 4 4 4 4 2 -0.322953 -0.314126 -0.314792 -0.314941 -0.31526 -0.315855 -0.316962 -0.318993 -0.322633 -0.328901 -0.339052 -0.353871 -0.372629 -0.394692 -0.416054 -0.433683 -0.416054 -0.394692 -0.372629 -0.353871 -0.339052 -0.328901 -0.322633 -0.318994 -0.316962 -0.315855 -0.31526 -0.314941 -0.314792 -0.314126 -0.322952 
4.7 -10.5924 0.262725 2 4 4 4 4 4 4 4 4 4 4 4 5 5 6 7 6 5 5 4 4 4 4 4 4 4 4 4 4 4 2 -0.322958 -0.314138 -0.314814 -0.31498 -0.315332 -0.315989 -0.317209 -0.319439 -0.323412 -0.330192 -0.341035 -0.356659 -0.375827 -0.397941 -0.418639 -0.435266 -0.418639 -0.397941 -0.375827 -0.356659 -0.341035 -0.330193 -0.323413 -0.319439 -0.317209 -0.315989 -0.315332 -0.31498 -0.314814 -0.314138 -0.322958 
4.8 -10.6281 0.271613 2 4 4 4 4 4 4 4 4 4 4 4 5 5 6 7 6 5 5 4 4 4 4 4 4 4 4 4 4 4 2 -0.322966 -0.314151 -0.314837 -0.315023 -0.315412 -0.316137 -0.317481 -0.31993 -0.324266 -0.33159 -0.343133 -0.359537 -0.379073 -0.401104 -0.421101 -0.436635 -0.421101 -0.401104 -0.379073 -0.359537 -0.343133 -0.33159 -0.324266 -0.31993 -0.317481 -0.316137 -0.315412 -0.315023 -0.314837 -0.314151 -0.322966 
4.9 -10.6642 0.280374 2 4 4 4 4 4 4 4 4 4 4 4 5 6 7 7 7 6 5 4 4 4 4 4 4 4 4 4 4 4 2 -0.322975 -0.314163 -0.314861 -0.315069 -0.315499 -0.316299 -0.317779 -0.320466 -0.325196 -0.3331 -0.345351 -0.362493 -0.382348 -0.404172 -0.423431 -0.437801 -0.423431 -0.404172 -0.382348 -0.362493 -0.345351 -0.3331 -0.325196 -0.320467 -0.317779 -0.316299 -0.315499 -0.315069 -0.314861 -0.314163 -0.322975 
5 -10.7006 0.288994 2 4 4 4 4 4 4 4 4 4 4 5 5 6 7 8 7 6 5 5 4 4 4 4 4 4 4 4 4 4 2 -0.322987 -0.314176 -0.314887 -0.315119 -0.315593 -0.316476 -0.318104 -0.321052 -0.326205 -0.334725 -0.347693 -0.365516 -0.385634 -0.407137 -0.425625 -0.438776 -0.425625 -0.407137 -0.385634 -0.365517 -0.347693 -0.334725 -0.326206 -0.321052 -0.318105 -0.316476 -0.315593 -0.315119 -0.314887 -0.314176 -0.322986 
5.1 -10.7374 0.297463 2 4 4 4 4 4 4 4 4 4 4 5 5 6 7 8 7 6 5 5 4 4 4 4 4 4 4 4 4 4 2 -0.322999 -0.314189 -0.314915 -0.315173 -0.315696 -0.316669 -0.31846 -0.321688 -0.327297 -0.336467 -0.35016 -0.368598 -0.388913 -0.409991 -0.427677 -0.439574 -0.427677 -0.409991 -0.388913 -0.368598 -0.35016 -0.336467 -0.327297 -0.321688 -0.31846 -0.316669 -0.315696 -0.315173 -0.314915 -0.31419 -0.322997 
5.2 -10.7744 0.305772 2 4 4 4 4 4 4 4 4 4 4 5 5 7 8 8 8 7 5 5 4 4 4 4 4 4 4 4 4 4 2 -0.323012 -0.314205 -0.314947 -0.315233 -0.31581 -0.316881 -0.318849 -0.32238 -0.328473 -0.338325 -0.352751 -0.371727 -0.392164 -0.412729 -0.429587 -0.44021 -0.429587 -0.412729 -0.392164 -0.371727 -0.352751 -0.338325 -0.328473 -0.32238 -0.318849 -0.316881 -0.31581 -0.315234 -0.314947 -0.314205 -0.32301 
5.3 -10.8116 0.313918 2 4 4 4 4 4 4 4 4 4 4 5 5 7 8 8 8 7 5 5 4 4 4 4 4 4 4 4 4 4 2 -0.323025 -0.314223 -0.314983 -0.315301 -0.315937 -0.317116 -0.319275 -0.323133 -0.329738 -0.340298 -0.355461 -0.374892 -0.39537 -0.415345 -0.431354 -0.440699 -0.431354 -0.415344 -0.39537 -0.374892 -0.355461 -0.340298 -0.329738 -0.323133 -0.319275 -0.317116 -0.315937 -0.315301 -0.314983 -0.314224 -0.323022 
5.4 -10.8491 0.3219 2 4 4 4 4 4 4 4 4 4 4 5 6 7 8 8 8 7 6 5 4 4 4 4 4 4 4 4 4 4 2 -0.323038 -0.314246 -0.315024 -0.315377 -0.316078 -0.317375 -0.319744 -0.323952 -0.331097 -0.342386 -0.358282 -0.378083 -0.398514 -0.417835 -0.43298 -0.441058 -0.43298 -0.417834 -0.398514 -0.378083 -0.358282 -0.342386 -0.331098 -0.323952 -0.319744 -0.317375 -0.316078 -0.315377 -0.315024 -0.314246 -0.323036 
5.5 -10.8868 0.329719 2 4 4 4 4 4 4 4 4 4 4 5 6 8 8 8 8 8 6 5 4 4 4 4 4 4 4 4 4 4 2 -0.323051 -0.314271 -0.31507 -0.315462 -0.316234 -0.317662 -0.320259 -0.324845 -0.332558 -0.344588 -0.361204 -0.381286 -0.40158 -0.420195 -0.434466 -0.441304 -0.434466 -0.420195 -0.40158 -0.381286 -0.361204 -0.344588 -0.332558 -0.324845 -0.320259 -0.317662 -0.316235 -0.315462 -0.31507 -0.314271 -0.323051 
5.6 -10.9246 0.33738 2 4 4 4 4 4 4 4 4 4 5 5 6 8 8 8 8 8 6 5 5 4 4 4 4 4 4 4 4 4 2 -0.323067 -0.314298 -0.315121 -0.315555 -0.316407 -0.317978 -0.320824 -0.325817 -0.334127 -0.346903 -0.364213 -0.384489 -0.404555 -0.422424 -0.435817 -0.441452 -0.435817 -0.422424 -0.404555 -0.384489 -0.364213 -0.346903 -0.334127 -0.325817 -0.320824 -0.317978 -0.316407 -0.315555 -0.315121 -0.314298 -0.323067 
5.7 -10.9627 0.344889 2 4 4 4 4 4 4 4 4 4 5 5 6 8 8 8 8 8 6 5 5 4 4 4 4 4 4 4 4 4 2 -0.323085 -0.314327 -0.315175 -0.315658 -0.316597 -0.318324 -0.321443 -0.326874 -0.335809 -0.349332 -0.367298 -0.387677 -0.407429 -0.42452 -0.437038 -0.44152 -0.437038 -0.42452 -0.407429 -0.387677 -0.367298 -0.349332 -0.335809 -0.326874 -0.321443 -0.318325 -0.316597 -0.315658 -0.315175 -0.314327 -0.323085 
5.8 -11.0009 0.352255 2 4 4 4 4 4 4 4 4 4 5 5 7 8 8 8 8 8 7 5 5 4 4 4 4 4 4 4 4 4 2 -0.323107 -0.314358 -0.315234 -0.315769 -0.316804 -0.318704 -0.322118 -0.328019 -0.337608 -0.351872 -0.370443 -0.390837 -0.410192 -0.426481 -0.438133 -0.441523 -0.438134 -0.42648 -0.410192 -0.390837 -0.370443 -0.351872 -0.337609 -0.328019 -0.322118 -0.318704 -0.316804 -0.315769 -0.315235 -0.314358 -0.323107 
5.9 -11.0392 0.359488 2 4 4 4 4 4 4 4 4 4 5 5 7 8 8 9 8 8 7 5 5 4 4 4 4 4 4 4 4 4 2 -0.323132 -0.314391 -0.315299 -0.315891 -0.317031 -0.319119 -0.322853 -0.329256 -0.339529 -0.354522 -0.373632 -0.393953 -0.412838 -0.428306 -0.43911 -0.441476 -0.43911 -0.428306 -0.412839 -0.393953 -0.373632 -0.354522 -0.339529 -0.329257 -0.322853 -0.319119 -0.317031 -0.315891 -0.315299 -0.314391 -0.323131 
6 -11.0776 0.3666 2 4 4 4 4 4 4 4 4 4 5 6 7 8 9 9 9 8 7 6 5 4 4 4 4 4 4 4 4 4 2 -0.323159 -0.314427 -0.31537 -0.316025 -0.317281 -0.319573 -0.323651 -0.330589 -0.341572 -0.357278 -0.37685 -0.397013 -0.415363 -0.429997 -0.439974 -0.441395 -0.439975 -0.429997 -0.415363 -0.397013 -0.37685 -0.357278 -0.341572 -0.33059 -0.323652 -0.319573 -0.317281 -0.316025 -0.31537 -0.314427 -0.323158 
6.1 -11.1162 0.373602 2 4 4 4 4 4 4 4 4 4 5 6 8 8 9 10 9 8 8 6 5 4 4 4 4 4 4 4 4 4 2 -0.32319 -0.314467 -0.31545 -0.316174 -0.317555 -0.320069 -0.324519 -0.332022 -0.343736 -0.360133 -0.380082 -0.400001 -0.417764 -0.431554 -0.440733 -0.441291 -0.440733 -0.431554 -0.417764 -0.400001 -0.380082 -0.360133 -0.343736 -0.332022 -0.324519 -0.320069 -0.317555 -0.316174 -0.31545 -0.314467 -0.323188 
6.2 -11.1548 0.380508 2 4 4 4 4 4 4 4 4 5 5 6 8 8 9 10 9 8 8 6 5 5 4 4 4 4 4 4 4 4 2 -0.323222 -0.314513 -0.315539 -0.316338 -0.317857 -0.320613 -0.32546 -0.333557 -0.346021 -0.36308 -0.38331 -0.402906 -0.42004 -0.432979 -0.441392 -0.441179 -0.441392 -0.432979 -0.42004 -0.402906 -0.38331 -0.36308 -0.346021 -0.333557 -0.32546 -0.320613 -0.317857 -0.316338 -0.315539 -0.314514 -0.32322 
6.3 -11.1936 0.38733 2 4 4 4 4 4 4 4 4 5 5 7 8 8 10 10 10 9 8 7 5 5 4 4 4 4 4 4 4 4 2 -0.323256 -0.314566 -0.315637 -0.316521 -0.318191 -0.321208 -0.326481 -0.3352 -0.348424 -0.366108 -0.386521 -0.405717 -0.422191 -0.434275 -0.44196 -0.441067 -0.44196 -0.434275 -0.422191 -0.405717 -0.386521 -0.366108 -0.348424 -0.3352 -0.326481 -0.321208 -0.318191 -0.316521 -0.315637 -0.314566 -0.323254 
6.4 -11.2324 0.394079 2 4 4 4 4 4 4 4 4 5 5 7 8 9 10 10 10 9 8 7 5 5 4 4 4 4 4 4 4 4 2 -0.323293 -0.314624 -0.315747 -0.316722 -0.318558 -0.32186 -0.327588 -0.336955 -0.350941 -0.369206 -0.389698 -0.408424 -0.42422 -0.435443 -0.442442 -0.440967 -0.442442 -0.435443 -0.42422 -0.408424 -0.389698 -0.369206 -0.350941 -0.336955 -0.327589 -0.32186 -0.318558 -0.316722 -0.315747 -0.314624 -0.323291 
6.5 -11.2713 0.400766 2 4 4 4 4 4 4 4 4 5 5 7 8 9 10 10 10 9 8 7 5 5 4 4 4 4 4 4 4 4 2 -0.323333 -0.314688 -0.315867 -0.316944 -0.318961 -0.322572 -0.328787 -0.338825 -0.353568 -0.372359 -0.392826 -0.41102 -0.426128 -0.436488 -0.442845 -0.440886 -0.442845 -0.436488 -0.426128 -0.41102 -0.392826 -0.372359 -0.353568 -0.338825 -0.328787 -0.322572 -0.318961 -0.316944 -0.315867 -0.314688 -0.323333 
6.6 -11.3103 0.407403 2 4 4 4 4 4 4 4 4 5 6 7 8 10 10 10 10 10 8 7 6 5 4 4 4 4 4 4 4 4 2 -0.323379 -0.314758 -0.315998 -0.317187 -0.319402 -0.323348 -0.330082 -0.340814 -0.356299 -0.375552 -0.395892 -0.413498 -0.427919 -0.437414 -0.443177 -0.440831 -0.443177 -0.437414 -0.427919 -0.413498 -0.395892 -0.375552 -0.356299 -0.340814 -0.330082 -0.323348 -0.319402 -0.317187 -0.315999 -0.314758 -0.323379 
6.7 -11.3493 0.413996 2 4 4 4 4 4 4 4 4 5 6 8 8 10 10 10 10 10 8 8 6 5 4 4 4 4 4 4 4 4 2 -0.323431 -0.314833 -0.316142 -0.317453 -0.319885 -0.324193 -0.331478 -0.342925 -0.359128 -0.37877 -0.398884 -0.415855 -0.429597 -0.438226 -0.443444 -0.440808 -0.443444 -0.438226 -0.429597 -0.415855 -0.398884 -0.37877 -0.359128 -0.342925 -0.331478 -0.324193 -0.319885 -0.317454 -0.316142 -0.314833 -0.323431 
6.8 -11.3884 0.420553 2 4 4 4 4 4 4 4 4 5 6 8 8 10 10 10 10 10 8 8 6 5 4 4 4 4 4 4 4 4 2 -0.323489 -0.314916 -0.3163 -0.317745 -0.320412 -0.32511 -0.332978 -0.345157 -0.362046 -0.381995 -0.401788 -0.418089 -0.431164 -0.438929 -0.443652 -0.44082 -0.443652 -0.438929 -0.431164 -0.418089 -0.401788 -0.381995 -0.362046 -0.345157 -0.332978 -0.32511 -0.320412 -0.317745 -0.3163 -0.314916 -0.323489 
6.9 -11.4275 0.42708 2 4 4 4 4 4 4 4 5 5 6 8 9 10 10 10 10 10 9 8 6 5 5 4 4 4 4 4 4 4 2 -0.323554 -0.315006 -0.316474 -0.318066 -0.320988 -0.326104 -0.334586 -0.34751 -0.365044 -0.38521 -0.404596 -0.420198 -0.432625 -0.439529 -0.443807 -0.440869 -0.443807 -0.439529 -0.432625 -0.420198 -0.404596 -0.38521 -0.365044 -0.347511 -0.334586 -0.326104 -0.320988 -0.318066 -0.316475 -0.315006 -0.323553 
7 -11.4666 0.433579 2 4 4 4 4 4 4 4 5 5 7 8 9 10 10 10 10 10 9 8 7 5 5 4 4 4 4 4 4 4 2 -0.323626 -0.315107 -0.316667 -0.318418 -0.321617 -0.327179 -0.336305 -0.349983 -0.368112 -0.388399 -0.407298 -0.422184 -0.433983 -0.440032 -0.443916 -0.440958 -0.443917 -0.440032 -0.433983 -0.422184 -0.407298 -0.388399 -0.368112 -0.349983 -0.336305 -0.32718 -0.321617 -0.318418 -0.316667 -0.315107 -0.323624 
7.1 -11.5058 0.440051 2 4 4 4 4 4 4 4 5 5 7 8 9 10 10 11 10 10 9 8 7 5 5 4 4 4 4 4 4 4 2 -0.323704 -0.315219 -0.31688 -0.318805 -0.322304 -0.328343 -0.338137 -0.35257 -0.371236 -0.391545 -0.409888 -0.42405 -0.435242 -0.440446 -0.443986 -0.441084 -0.443986 -0.440446 -0.435242 -0.42405 -0.409888 -0.391545 -0.371237 -0.352571 -0.338137 -0.328343 -0.322304 -0.318805 -0.31688 -0.315219 -0.323702 
7.2 -11.545 0.446498 2 4 4 4 4 4 4 4 5 5 7 8 10 10 10 11 10 10 10 8 7 5 5 4 4 4 4 4 4 4 2 -0.323789 -0.315344 -0.317115 -0.319231 -0.323054 -0.329599 -0.340086 -0.355268 -0.374404 -0.394632 -0.412361 -0.425797 -0.436404 -0.440778 -0.444021 -0.441246 -0.444021 -0.440777 -0.436405 -0.425797 -0.412361 -0.394632 -0.374404 -0.355268 -0.340086 -0.3296 -0.323054 -0.319231 -0.317115 -0.315344 -0.323787 
7.3 -11.5843 0.452915 2 4 4 4 4 4 4 4 5 6 8 8 10 10 11 11 11 10 10 8 8 6 5 4 4 4 4 4 4 4 2 -0.323882 -0.315483 -0.317374 -0.319699 -0.323872 -0.330954 -0.342153 -0.358067 -0.377601 -0.397646 -0.414714 -0.42743 -0.437473 -0.441035 -0.444027 -0.441442 -0.444028 -0.441034 -0.437474 -0.42743 -0.414714 -0.397646 -0.377601 -0.358067 -0.342153 -0.330955 -0.323872 -0.319699 -0.317374 -0.315483 -0.32388 
7.4 -11.6235 0.4593 2 4 4 4 4 4 4 4 5 6 8 9 10 10 11 12 11 10 10 9 8 6 5 4 4 4 4 4 4 4 2 -0.323984 -0.315635 -0.317659 -0.320211 -0.324762 -0.332413 -0.344339 -0.360961 -0.380811 -0.400573 -0.416945 -0.428953 -0.438451 -0.441224 -0.444011 -0.441666 -0.444012 -0.441223 -0.438452 -0.428953 -0.416945 -0.400573 -0.380811 -0.360961 -0.344339 -0.332413 -0.324762 -0.320211 -0.317659 -0.315635 -0.323983 
7.5 -11.6628 0.465648 2 4 4 4 4 4 4 5 5 6 8 9 10 10 11 12 11 10 10 9 8 6 5 5 4 4 4 4 4 4 2 -0.324097 -0.315802 -0.317971 -0.320771 -0.325729 -0.333979 -0.346644 -0.363939 -0.384017 -0.403402 -0.419055 -0.430372 -0.43934 -0.441356 -0.443978 -0.441915 -0.443979 -0.441354 -0.439341 -0.430371 -0.419055 -0.403402 -0.384017 -0.363939 -0.346645 -0.333979 -0.325729 -0.320771 -0.317971 -0.315802 -0.324097 
7.6 -11.7021 0.471952 2 4 4 4 4 4 4 5 5 7 8 9 10 11 12 12 12 11 10 9 8 7 5 5 4 4 4 4 4 4 2 -0.324223 -0.315984 -0.318312 -0.321382 -0.326776 -0.335657 -0.349069 -0.36699 -0.387203 -0.406122 -0.421045 -0.43169 -0.440142 -0.441436 -0.443932 -0.442183 -0.443933 -0.441435 -0.440143 -0.431689 -0.421045 -0.406122 -0.387203 -0.36699 -0.349069 -0.335657 -0.326777 -0.321382 -0.318312 -0.315984 -0.324223 
7.7 -11.7414 0.478205 2 4 4 4 4 4 4 5 5 7 8 10 10 11 12 14 12 11 10 10 8 7 5 5 4 4 4 4 4 4 2 -0.324363 -0.316184 -0.318686 -0.322048 -0.32791 -0.337449 -0.351609 -0.370101 -0.390354 -0.408726 -0.422919 -0.432912 -0.440859 -0.441475 -0.443879 -0.442462 -0.443879 -0.441474 -0.44086 -0.432912 -0.422919 -0.408726 -0.390354 -0.370101 -0.35161 -0.337449 -0.32791 -0.322048 -0.318686 -0.316184 -0.324363 
7.8 -11.7807 0.484399 2 4 4 4 4 4 4 5 5 7 8 10 10 11 13 14 13 11 10 10 8 7 5 5 4 4 4 4 4 4 2 -0.324518 -0.316404 -0.319097 -0.322774 -0.329133 -0.339357 -0.354262 -0.373259 -0.393453 -0.411207 -0.424681 -0.434043 -0.441494 -0.44148 -0.443822 -0.442747 -0.443822 -0.441479 -0.441494 -0.434043 -0.42468 -0.411207 -0.393452 -0.373259 -0.354262 -0.339358 -0.329133 -0.322774 -0.319097 -0.316404 -0.324517 
7.9 -11.82 0.490525 2 4 4 4 4 4 4 5 6 8 8 10 10 11 14 14 14 11 10 10 8 8 6 5 4 4 4 4 4 4 2 -0.324689 -0.316646 -0.319547 -0.323564 -0.330452 -0.341384 -0.357021 -0.376448 -0.396484 -0.413562 -0.426335 -0.435087 -0.442047 -0.441459 -0.443765 -0.443031 -0.443765 -0.441459 -0.442047 -0.435088 -0.426335 -0.413562 -0.396484 -0.376448 -0.357021 -0.341384 -0.330452 -0.323565 -0.319547 -0.316646 -0.324688 
8 -11.8593 0.496574 2 4 4 4 4 4 4 5 6 8 9 10 10 12 14 15 14 12 10 10 9 8 6 5 4 4 4 4 4 4 2 -0.324878 -0.316913 -0.320041 -0.324425 -0.331871 -0.34353 -0.359879 -0.379654 -0.399434 -0.415789 -0.427888 -0.436048 -0.442522 -0.441422 -0.443712 -0.443307 -0.443712 -0.441422 -0.442521 -0.43605 -0.427887 -0.415789 -0.399434 -0.379654 -0.359879 -0.34353 -0.331871 -0.324425 -0.320041 -0.316914 -0.324877 
8.1 -11.8986 0.502537 2 4 4 4 4 4 5 5 6 8 9 10 11 12 14 15 14 12 11 10 9 8 6 5 5 4 4 4 4 4 2 -0.325086 -0.317209 -0.320583 -0.325361 -0.333396 -0.345795 -0.362826 -0.38286 -0.402291 -0.417886 -0.429344 -0.43693 -0.442921 -0.441374 -0.443666 -0.443568 -0.443665 -0.441375 -0.442919 -0.436931 -0.429343 -0.417886 -0.402291 -0.38286 -0.362826 -0.345795 -0.333396 -0.325362 -0.320583 -0.317209 -0.325084 
8.2 -11.9379 0.508405 2 4 4 4 4 4 5 5 7 8 9 10 11 13 15 16 15 13 11 10 9 8 7 5 5 4 4 4 4 4 2 -0.325314 -0.317534 -0.321177 -0.326378 -0.33503 -0.348178 -0.365851 -0.38605 -0.405043 -0.419856 -0.430711 -0.437734 -0.443247 -0.441324 -0.443628 -0.443808 -0.443627 -0.441326 -0.443244 -0.437737 -0.43071 -0.419856 -0.405043 -0.38605 -0.365851 -0.348178 -0.33503 -0.326378 -0.321177 -0.317534 -0.325312 
8.3 -11.9772 0.514171 2 4 4 4 4 4 5 5 7 8 10 10 11 14 15 16 15 14 11 10 10 8 7 5 5 4 4 4 4 4 2 -0.325563 -0.31789 -0.321824 -0.32748 -0.336777 -0.350677 -0.368943 -0.389208 -0.407682 -0.421702 -0.431993 -0.438465 -0.443503 -0.441279 -0.443601 -0.444022 -0.443599 -0.441282 -0.443499 -0.438468 -0.431991 -0.421702 -0.407682 -0.389208 -0.368943 -0.350677 -0.336777 -0.32748 -0.321825 -0.317891 -0.325562 
8.4 -12.0165 0.519825 2 4 4 4 4 4 5 5 7 8 10 10 11 14 15 17 15 14 11 10 10 8 7 5 5 4 4 4 4 4 2 -0.325838 -0.318281 -0.322531 -0.328671 -0.338641 -0.353288 -0.372088 -0.392318 -0.4102 -0.423428 -0.433195 -0.439123 -0.443693 -0.441244 -0.443585 -0.444206 -0.443582 -0.441248 -0.443689 -0.439127 -0.433194 -0.423428 -0.4102 -0.392318 -0.372088 -0.353288 -0.338641 -0.328671 -0.322531 -0.318281 -0.325838 
8.5 -12.0557 0.525363 2 4 4 4 4 4 5 6 8 8 10 10 12 14 16 17 16 14 12 10 10 8 8 6 5 4 4 4 4 4 2 -0.326142 -0.318708 -0.3233 -0.329956 -0.340624 -0.356007 -0.37527 -0.395363 -0.412593 -0.425039 -0.434324 -0.439712 -0.443822 -0.441224 -0.443581 -0.444354 -0.443577 -0.441229 -0.443817 -0.439716 -0.434322 -0.425039 -0.412593 -0.395363 -0.37527 -0.356007 -0.340624 -0.329957 -0.3233 -0.318708 -0.326141 
8.6 -12.0949 0.53078 2 4 4 4 4 4 5 6 8 9 10 10 12 14 17 17 17 14 12 10 10 9 8 6 5 4 4 4 4 4 2 -0.326476 -0.319174 -0.324136 -0.33134 -0.342727 -0.358827 -0.378475 -0.398331 -0.414858 -0.426541 -0.435382 -0.440234 -0.443896 -0.441225 -0.443588 -0.444465 -0.443584 -0.441231 -0.443889 -0.440238 -0.43538 -0.426541 -0.414858 -0.398331 -0.378475 -0.358827 -0.342727 -0.33134 -0.324136 -0.319174 -0.326477 
8.7 -12.134 0.53607 2 4 4 4 4 4 5 6 8 9 10 11 14 15 17 18 17 15 14 11 10 9 8 6 5 4 4 4 4 4 2 -0.326846 -0.319684 -0.325044 -0.332827 -0.34495 -0.361739 -0.381686 -0.401206 -0.416994 -0.427941 -0.436373 -0.440689 -0.443918 -0.441248 -0.443606 -0.444536 -0.443602 -0.441255 -0.443912 -0.440694 -0.436372 -0.427941 -0.416994 -0.401207 -0.381686 -0.361739 -0.34495 -0.332827 -0.325045 -0.319684 -0.326846 
8.8 -12.1732 0.541233 2 4 4 4 4 5 5 7 8 9 10 11 14 16 17 18 17 16 14 11 10 9 8 7 5 5 4 4 4 4 2 -0.327254 -0.320242 -0.326031 -0.334421 -0.347292 -0.364734 -0.384886 -0.403979 -0.419002 -0.429246 -0.4373 -0.441082 -0.443896 -0.441298 -0.443635 -0.444566 -0.44363 -0.441305 -0.443889 -0.441086 -0.437299 -0.429246 -0.419001 -0.403979 -0.384886 -0.364734 -0.347292 -0.334421 -0.326031 -0.320242 -0.327254 
8.9 -12.2122 0.546267 2 4 4 4 4 5 5 7 8 10 10 11 14 16 18 18 18 16 14 11 10 10 8 7 5 5 4 4 4 4 2 -0.327703 -0.320852 -0.3271 -0.336126 -0.349751 -0.3678 -0.38806 -0.406639 -0.420884 -0.430464 -0.438165 -0.441414 -0.443837 -0.441375 -0.443672 -0.444556 -0.443667 -0.441382 -0.44383 -0.441418 -0.438164 -0.430464 -0.420883 -0.406639 -0.38806 -0.3678 -0.349751 -0.336126 -0.327101 -0.320852 -0.327702 
9 -12.2513 0.551174 2 4 4 4 4 5 5 7 8 10 10 12 14 17 18 18 18 17 14 12 10 10 8 7 5 5 4 4 4 4 2 -0.328196 -0.321519 -0.328259 -0.337945 -0.352324 -0.370924 -0.39119 -0.409178 -0.422645 -0.4316 -0.438969 -0.441688 -0.443745 -0.441479 -0.443716 -0.444508 -0.443712 -0.441487 -0.443739 -0.441691 -0.438969 -0.431601 -0.422644 -0.409178 -0.39119 -0.370924 -0.352325 -0.337945 -0.328259 -0.321519 -0.328194 
9.1 -12.2902 0.555956 2 4 4 4 4 5 5 7 8 10 10 12 15 17 19 19 19 17 15 12 10 10 8 7 5 5 4 4 4 4 2 -0.328737 -0.322247 -0.32951 -0.339882 -0.355006 -0.374092 -0.394261 -0.41159 -0.42429 -0.432662 -0.439713 -0.441907 -0.44363 -0.441611 -0.443766 -0.444423 -0.443761 -0.441617 -0.443624 -0.44191 -0.439713 -0.432663 -0.424289 -0.41159 -0.394261 -0.374092 -0.355007 -0.339882 -0.32951 -0.322247 -0.328735 
9.2 -12.3291 0.560617 2 4 4 4 4 5 6 8 8 10 11 14 16 17 19 20 19 17 16 14 10 10 9 8 6 5 4 4 4 4 2 -0.32933 -0.323039 -0.33086 -0.341938 -0.357791 -0.377289 -0.397258 -0.413871 -0.425825 -0.433656 -0.440396 -0.442075 -0.443496 -0.441767 -0.443819 -0.444304 -0.443815 -0.441773 -0.443491 -0.442077 -0.440396 -0.433657 -0.425824 -0.413871 -0.397259 -0.377289 -0.357792 -0.341939 -0.33086 -0.323039 -0.329328 
9.3 -12.3679 0.565163 2 4 4 4 4 5 6 8 9 10 11 14 16 17 20 20 20 17 16 14 11 10 9 8 6 5 4 4 4 4 2 -0.32998 -0.323899 -0.332312 -0.344115 -0.360672 -0.380498 -0.400168 -0.416019 -0.427258 -0.434587 -0.441019 -0.442197 -0.443351 -0.441947 -0.443873 -0.444156 -0.44387 -0.441951 -0.443348 -0.442198 -0.44102 -0.434588 -0.427257 -0.416019 -0.400169 -0.380498 -0.360672 -0.344115 -0.332313 -0.3239 -0.329979 
9.4 -12.4067 0.5696 2 4 4 4 5 5 6 8 9 10 11 14 16 19 20 21 20 19 16 14 11 10 9 8 6 5 5 4 4 4 2 -0.330693 -0.324833 -0.333871 -0.346412 -0.363637 -0.383703 -0.402979 -0.418035 -0.428596 -0.43546 -0.441581 -0.442276 -0.443201 -0.442146 -0.443926 -0.443983 -0.443925 -0.442148 -0.4432 -0.442276 -0.441582 -0.43546 -0.428595 -0.418035 -0.402979 -0.383702 -0.363637 -0.346412 -0.333871 -0.324833 -0.330692 
9.5 -12.4453 0.573938 2 4 4 4 5 5 7 8 10 10 11 14 17 19 20 21 20 19 17 14 11 10 10 8 7 5 5 4 4 4 2 -0.331474 -0.325843 -0.33554 -0.348828 -0.366678 -0.386886 -0.405679 -0.419919 -0.429846 -0.436277 -0.442082 -0.442318 -0.443053 -0.44236 -0.443977 -0.44379 -0.443977 -0.44236 -0.443053 -0.442317 -0.442083 -0.436278 -0.429846 -0.419919 -0.405679 -0.386886 -0.366678 -0.348828 -0.33554 -0.325843 -0.331474 
9.6 -12.4838 0.578184 2 4 4 4 5 5 7 8 10 10 12 15 18 19 21 21 21 19 18 15 12 10 10 8 7 5 5 4 4 4 2 -0.33233 -0.326935 -0.337323 -0.35136 -0.369781 -0.390032 -0.40826 -0.421676 -0.431017 -0.437043 -0.442521 -0.442328 -0.442912 -0.442585 -0.444023 -0.443584 -0.444025 -0.442583 -0.442914 -0.442326 -0.442523 -0.437043 -0.431017 -0.421676 -0.40826 -0.390032 -0.369781 -0.35136 -0.337323 -0.326935 -0.332331 
9.7 -12.5223 0.582348 2 4 4 4 5 5 7 8 10 10 13 16 18 19 21 21 21 19 18 16 12 10 10 8 7 5 5 4 4 4 2 -0.333268 -0.328113 -0.339222 -0.354003 -0.372934 -0.393124 -0.410716 -0.423311 -0.432116 -0.437759 -0.442899 -0.442313 -0.442783 -0.442816 -0.444064 -0.443369 -0.444067 -0.442812 -0.442787 -0.442309 -0.442901 -0.43776 -0.432116 -0.42331 -0.410715 -0.393124 -0.372934 -0.354003 -0.339222 -0.328113 -0.333269 
9.8 -12.5605 0.586441 2 4 4 4 5 6 8 8 10 11 14 16 19 19 21 22 21 19 19 16 14 11 10 8 8 6 5 4 4 4 2 -0.334295 -0.329383 -0.341239 -0.356752 -0.37612 -0.396147 -0.413041 -0.424829 -0.43315 -0.438428 -0.443216 -0.442277 -0.442669 -0.443048 -0.444098 -0.443151 -0.444102 -0.443041 -0.442676 -0.442271 -0.443218 -0.438428 -0.43315 -0.424828 -0.413041 -0.396147 -0.37612 -0.356752 -0.341239 -0.329383 -0.334295 
9.9 -12.5987 0.590474 2 4 4 4 5 6 8 9 10 11 14 16 19 19 21 22 21 19 19 16 14 11 10 9 8 6 5 4 4 4 2 -0.335417 -0.330748 -0.343377 -0.359599 -0.379325 -0.399085 -0.415234 -0.426237 -0.434124 -0.439048 -0.443472 -0.442226 -0.442576 -0.443275 -0.444123 -0.442938 -0.444129 -0.443266 -0.442585 -0.442219 -0.443475 -0.439048 -0.434124 -0.426236 -0.415234 -0.399085 -0.379325 -0.3596 -0.343377 -0.330748 -0.335416 
10 -12.6367 0.594456 2 4 4 5 5 6 8 9 10 11 14 17 19 21 22 22 22 21 19 17 14 11 10 9 8 6 5 5 4 4 2 -0.336641 -0.332213 -0.345635 -0.362536 -0.382532 -0.401927 -0.417294 -0.427543 -0.435045 -0.439622 -0.44367 -0.442167 -0.442505 -0.443492 -0.444139 -0.442733 -0.444146 -0.443481 -0.442516 -0.442159 -0.443674 -0.439622 -0.435045 -0.427543 -0.417293 -0.401927 -0.382532 -0.362536 -0.345636 -0.332214 -0.33664 
10.1 -12.6745 0.598399 2 4 4 5 5 7 8 10 10 11 15 18 19 21 22 22 22 21 19 18 15 11 10 10 8 7 5 5 4 4 2 -0.337975 -0.333782 -0.348014 -0.36555 -0.385724 -0.40466 -0.419222 -0.428755 -0.435916 -0.440149 -0.443812 -0.442105 -0.442459 -0.443695 -0.444145 -0.442543 -0.444154 -0.443682 -0.442472 -0.442096 -0.443816 -0.440148 -0.435916 -0.428756 -0.419221 -0.40466 -0.385724 -0.36555 -0.348014 -0.333782 -0.337974 
10.2 -12.7121 0.602311 2 4 4 5 5 7 8 10 10 12 15 18 20 21 22 23 22 21 20 18 15 12 10 10 8 7 5 5 4 4 2 -0.339427 -0.335456 -0.350511 -0.368631 -0.388885 -0.407276 -0.421021 -0.429883 -0.436741 -0.440628 -0.4439 -0.442045 -0.442438 -0.443879 -0.444142 -0.442373 -0.444151 -0.443864 -0.442452 -0.442036 -0.443904 -0.440628 -0.436742 -0.429883 -0.42102 -0.407276 -0.388885 -0.368631 -0.350511 -0.335457 -0.339426 
10.3 -12.7495 0.606203 2 4 4 5 5 7 8 10 10 13 16 19 20 21 22 23 22 21 20 19 16 13 10 10 8 7 5 5 4 4 2 -0.341005 -0.337238 -0.353123 -0.371766 -0.391999 -0.409765 -0.422695 -0.430933 -0.437523 -0.441061 -0.443938 -0.441993 -0.442443 -0.444039 -0.444128 -0.442226 -0.444138 -0.444024 -0.442458 -0.441983 -0.443943 -0.44106 -0.437524 -0.430933 -0.422694 -0.409765 -0.391999 -0.371766 -0.353123 -0.337239 -0.341003 
10.4 -12.7867 0.610083 2 4 4 5 6 8 8 10 11 14 16 19 21 22 23 24 23 22 21 19 16 14 11 10 8 8 6 5 4 4 2 -0.342718 -0.339129 -0.355845 -0.374939 -0.395049 -0.412124 -0.424251 -0.431914 -0.438263 -0.441445 -0.443931 -0.441952 -0.442474 -0.444172 -0.444105 -0.442107 -0.444115 -0.444157 -0.442489 -0.441941 -0.443936 -0.441444 -0.438264 -0.431915 -0.42425 -0.412124 -0.395049 -0.374939 -0.355845 -0.339129 -0.342717 
10.5 -12.8237 0.613956 2 4 5 5 6 8 9 10 11 14 16 19 21 22 23 25 23 22 21 19 16 14 11 10 9 8 6 5 5 4 2 -0.344575 -0.341127 -0.35867 -0.378135 -0.39802 -0.414348 -0.425694 -0.432833 -0.438962 -0.441782 -0.443883 -0.441926 -0.442528 -0.444276 -0.444072 -0.442017 -0.444082 -0.444261 -0.442543 -0.441916 -0.443887 -0.441781 -0.438963 -0.432834 -0.425693 -0.414347 -0.39802 -0.378135 -0.35867 -0.341128 -0.344574 
10.6 -12.8604 0.61783 2 4 5 5 6 8 9 10 11 14 18 20 21 22 24 25 24 22 21 20 18 14 11 10 9 8 6 5 5 4 2 -0.346585 -0.343233 -0.361591 -0.381339 -0.4009 -0.416435 -0.427034 -0.433697 -0.43962 -0.442072 -0.443799 -0.441918 -0.442605 -0.444349 -0.444031 -0.441961 -0.44404 -0.444335 -0.442619 -0.441908 -0.443804 -0.442071 -0.439621 -0.433699 -0.427033 -0.416435 -0.4009 -0.381339 -0.361591 -0.343233 -0.346585 
10.7 -12.8968 0.621708 2 4 5 5 6 8 9 10 11 15 18 20 22 22 24 26 24 22 22 20 18 15 11 10 9 8 7 5 5 4 2 -0.348758 -0.345444 -0.364597 -0.384532 -0.403675 -0.418386 -0.428277 -0.434513 -0.440236 -0.442316 -0.443685 -0.441931 -0.442701 -0.44439 -0.443981 -0.441937 -0.44399 -0.444376 -0.442715 -0.441921 -0.44369 -0.442314 -0.440237 -0.434514 -0.428277 -0.418386 -0.403675 -0.384532 -0.364597 -0.345444 -0.348758 
10.8 -12.9329 0.625594 2 4 5 5 7 8 10 10 12 16 18 20 22 23 24 26 24 23 22 20 18 16 12 10 10 8 7 5 5 4 2 -0.351103 -0.347757 -0.367678 -0.3877 -0.406336 -0.420204 -0.429433 -0.435285 -0.440809 -0.442515 -0.443548 -0.441965 -0.442814 -0.444397 -0.443925 -0.441948 -0.443932 -0.444386 -0.442826 -0.441956 -0.443553 -0.442512 -0.440811 -0.435286 -0.429433 -0.420203 -0.406336 -0.3877 -0.367678 -0.347757 -0.351104 
10.9 -12.9687 0.629488 2 4 5 5 7 8 10 10 13 16 19 21 22 23 25 27 25 23 22 21 19 16 13 10 10 8 7 5 5 4 2 -0.35363 -0.350166 -0.370821 -0.390824 -0.408874 -0.421891 -0.43051 -0.436018 -0.441338 -0.44267 -0.443393 -0.442021 -0.442941 -0.444373 -0.443862 -0.441992 -0.443867 -0.444363 -0.442951 -0.442014 -0.443398 -0.442667 -0.44134 -0.436018 -0.430511 -0.42189 -0.408875 -0.390824 -0.370821 -0.350166 -0.353631 
11 -13.0041 0.633391 2 4 5 5 7 8 10 10 14 16 19 21 22 23 25 27 25 23 22 21 19 16 14 10 10 8 7 5 5 4 2 -0.356346 -0.352664 -0.374011 -0.393889 -0.411283 -0.423453 -0.431517 -0.436715 -0.441822 -0.442784 -0.443227 -0.4421 -0.443078 -0.444318 -0.443794 -0.442068 -0.443798 -0.444311 -0.443086 -0.442093 -0.443231 -0.44278 -0.441824 -0.436714 -0.431519 -0.423452 -0.411284 -0.393889 -0.374011 -0.352664 -0.356347 
11.1 -13.0391 0.6373 2 4 5 6 8 9 10 11 14 18 19 21 23 24 25 27 26 24 23 21 20 18 14 11 10 9 8 6 5 4 2 -0.359261 -0.355243 -0.377236 -0.396879 -0.413559 -0.424897 -0.432461 -0.437378 -0.442258 -0.44286 -0.443056 -0.442199 -0.443221 -0.444234 -0.443723 -0.442175 -0.443725 -0.444229 -0.443226 -0.442194 -0.44306 -0.442856 -0.442261 -0.437376 -0.432464 -0.424895 -0.413559 -0.396879 -0.377236 -0.355243 -0.359261 
11.2 -13.0737 0.641213 2 4 5 6 8 9 10 11 14 18 20 22 23 25 26 27 26 25 23 22 20 18 14 11 10 9 8 6 5 4 2 -0.36238 -0.357893 -0.380478 -0.39978 -0.415698 -0.42623 -0.43335 -0.438008 -0.442645 -0.442901 -0.442885 -0.442317 -0.443366 -0.444124 -0.443649 -0.442308 -0.44365 -0.444122 -0.443369 -0.442313 -0.442889 -0.442897 -0.442649 -0.438006 -0.433354 -0.426227 -0.415699 -0.39978 -0.380478 -0.357893 -0.36238 
11.3 -13.1079 0.645125 2 4 5 6 8 9 10 11 15 18 20 22 23 26 26 27 26 26 23 22 20 18 15 11 10 9 8 6 5 4 2 -0.365712 -0.360599 -0.383723 -0.402579 -0.417702 -0.42746 -0.434191 -0.438607 -0.442983 -0.442912 -0.442721 -0.442452 -0.44351 -0.443992 -0.443575 -0.442464 -0.443574 -0.443993 -0.443511 -0.442449 -0.442725 -0.442906 -0.442987 -0.438603 -0.434196 -0.427457 -0.417702 -0.402578 -0.383723 -0.360599 -0.365712 
11.4 -13.1416 0.64903 2 4 5 7 8 10 10 12 16 18 20 22 24 26 26 28 26 26 24 22 20 18 16 12 10 10 8 7 5 4 2 -0.369261 -0.363348 -0.386955 -0.405263 -0.419571 -0.428595 -0.43499 -0.439174 -0.44327 -0.442895 -0.442569 -0.4426 -0.443649 -0.443842 -0.443501 -0.44264 -0.443498 -0.443845 -0.443648 -0.442599 -0.442572 -0.442889 -0.443275 -0.43917 -0.434996 -0.428592 -0.419571 -0.405263 -0.386955 -0.363348 -0.36926 
11.5 -13.1748 0.652922 2 4 5 7 8 10 10 13 16 19 21 23 25 27 26 28 26 27 25 23 21 19 16 13 10 10 8 7 6 4 2 -0.373031 -0.366124 -0.390157 -0.407824 -0.421308 -0.429645 -0.435751 -0.43971 -0.443506 -0.442856 -0.442433 -0.442759 -0.44378 -0.443677 -0.443429 -0.442831 -0.443425 -0.443682 -0.443777 -0.442759 -0.442436 -0.44285 -0.443512 -0.439704 -0.435758 -0.429642 -0.421309 -0.407824 -0.390157 -0.366124 -0.37303 
11.6 -13.2075 0.656795 2 4 6 7 8 10 10 14 16 19 21 23 25 27 26 28 26 27 26 23 21 19 16 14 10 10 8 7 6 4 2 -0.377026 -0.368908 -0.393315 -0.410253 -0.422919 -0.430618 -0.436478 -0.440212 -0.443692 -0.442799 -0.442316 -0.442925 -0.4439 -0.443502 -0.44336 -0.443031 -0.443355 -0.443509 -0.443895 -0.442926 -0.442319 -0.442793 -0.443699 -0.440205 -0.436486 -0.430615 -0.42292 -0.410253 -0.393315 -0.368908 -0.377025 
11.7 -13.2396 0.660641 2 4 6 8 8 10 11 14 18 20 21 23 26 27 27 29 27 27 26 23 21 20 18 14 11 10 8 8 6 4 2 -0.381246 -0.37168 -0.396413 -0.412546 -0.42441 -0.431523 -0.437174 -0.44068 -0.443829 -0.44273 -0.442224 -0.443093 -0.444006 -0.443323 -0.443296 -0.443236 -0.443289 -0.443331 -0.443999 -0.443096 -0.442226 -0.442724 -0.443836 -0.440672 -0.437182 -0.43152 -0.424411 -0.412545 -0.396413 -0.37168 -0.381245 
11.8 -13.2711 0.664451 2 4 7 8 9 10 11 14 18 20 22 23 27 27 27 30 27 27 27 23 22 20 18 14 11 10 9 8 7 4 2 -0.38569 -0.37442 -0.399439 -0.414697 -0.425787 -0.432369 -0.437842 -0.441112 -0.443918 -0.442653 -0.442156 -0.44326 -0.444095 -0.443143 -0.443237 -0.44344 -0.44323 -0.443153 -0.444087 -0.443264 -0.442158 -0.442647 -0.443925 -0.441104 -0.43785 -0.432366 -0.425788 -0.414697 -0.399439 -0.37442 -0.385689 
11.9 -13.3019 0.668219 2 4 7 8 9 10 11 15 18 20 22 24 27 27 27 30 27 27 27 24 22 20 18 15 11 10 9 8 7 4 2 -0.390357 -0.377105 -0.402379 -0.416706 -0.427059 -0.433162 -0.438481 -0.441508 -0.443961 -0.442573 -0.442117 -0.443422 -0.444165 -0.442969 -0.443184 -0.443638 -0.443177 -0.442979 -0.444157 -0.443426 -0.442118 -0.442567 -0.443969 -0.441499 -0.43849 -0.43316 -0.42706 -0.416705 -0.402379 -0.377106 -0.390356 
12 -13.3321 0.671937 2 4 7 8 10 10 12 16 18 21 23 25 28 28 29 30 29 28 28 25 23 21 18 16 12 10 10 8 7 4 2 -0.395241 -0.379714 -0.405224 -0.418572 -0.428235 -0.43391 -0.439093 -0.441865 -0.443962 -0.442494 -0.442105 -0.443575 -0.444216 -0.442803 -0.443139 -0.443825 -0.443132 -0.442813 -0.444207 -0.443579 -0.442106 -0.442488 -0.443969 -0.441856 -0.439101 -0.433909 -0.428235 -0.418571 -0.405224 -0.379714 -0.39524 
12.1 -13.3616 0.675597 2 4 8 8 10 10 13 16 19 21 23 25 28 28 29 30 29 28 28 25 23 21 19 16 13 10 10 8 8 4 2 -0.400334 -0.382224 -0.407965 -0.420296 -0.429322 -0.43462 -0.439677 -0.442183 -0.443924 -0.44242 -0.442122 -0.443715 -0.444246 -0.442651 -0.443101 -0.443997 -0.443095 -0.442661 -0.444237 -0.44372 -0.442123 -0.442415 -0.443931 -0.442174 -0.439685 -0.434619 -0.429322 -0.420296 -0.407965 -0.382224 -0.400333 
12.2 -13.3903 0.679193 2 4 8 9 10 10 14 16 20 21 23 26 29 29 29 30 29 29 29 26 23 21 20 16 14 10 10 9 8 4 2 -0.405627 -0.384611 -0.410595 -0.421882 -0.430331 -0.435295 -0.440232 -0.442461 -0.443851 -0.442356 -0.442166 -0.443839 -0.444255 -0.442516 -0.443072 -0.444149 -0.443066 -0.442526 -0.444246 -0.443844 -0.442166 -0.442352 -0.443858 -0.442452 -0.440238 -0.435295 -0.430331 -0.421882 -0.410595 -0.384611 -0.405626 
12.3 -13.4183 0.68272 2 4 8 9 10 11 14 18 20 22 23 27 29 29 30 32 30 29 29 27 23 21 20 18 14 11 10 9 8 4 2 -0.411108 -0.386854 -0.413109 -0.423335 -0.43127 -0.435941 -0.440756 -0.442699 -0.443748 -0.442305 -0.442237 -0.443944 -0.444242 -0.442402 -0.443051 -0.444278 -0.443046 -0.442411 -0.444234 -0.44395 -0.442236 -0.442301 -0.443755 -0.442691 -0.440761 -0.435942 -0.431269 -0.423335 -0.413109 -0.386854 -0.411107 
12.4 -13.4454 0.686173 2 4 8 10 10 11 14 18 20 22 25 27 30 29 30 32 30 29 30 27 25 22 20 18 14 11 10 10 8 4 2 -0.416762 -0.388932 -0.415505 -0.42466 -0.432148 -0.436561 -0.441248 -0.442896 -0.443621 -0.442268 -0.442331 -0.444029 -0.444209 -0.442312 -0.443039 -0.44438 -0.443035 -0.44232 -0.444201 -0.444034 -0.442331 -0.442265 -0.443626 -0.442889 -0.441251 -0.436563 -0.432147 -0.424659 -0.415504 -0.388933 -0.416761 
12.5 -13.4717 0.689548 2 4 8 10 10 11 15 18 20 23 25 28 30 30 30 33 30 31 30 28 25 23 20 18 15 11 10 10 8 4 2 -0.422571 -0.390826 -0.417782 -0.425862 -0.432972 -0.437156 -0.441704 -0.443054 -0.443473 -0.442249 -0.442447 -0.444091 -0.444157 -0.442248 -0.443035 -0.444455 -0.443031 -0.442254 -0.444149 -0.444096 -0.442446 -0.442247 -0.443477 -0.443048 -0.441706 -0.43716 -0.432972 -0.425862 -0.417781 -0.390827 -0.422571 
12.6 -13.4971 0.692841 2 4 8 10 10 12 15 18 21 23 25 29 30 31 31 33 31 31 30 29 25 23 21 18 16 13 10 10 8 4 2 -0.428518 -0.392519 -0.419941 -0.426951 -0.433752 -0.43773 -0.442124 -0.443174 -0.443311 -0.442249 -0.442581 -0.444129 -0.444086 -0.442211 -0.443038 -0.444499 -0.443036 -0.442216 -0.44408 -0.444133 -0.44258 -0.442248 -0.443314 -0.44317 -0.442124 -0.437734 -0.433751 -0.426951 -0.41994 -0.392519 -0.428518 
12.7 -13.5216 0.696052 2 4 8 10 10 13 16 19 21 23 26 29 30 31 32 34 32 31 30 29 26 23 21 19 16 13 10 10 8 4 2 -0.434581 -0.393995 -0.421985 -0.427932 -0.434492 -0.438282 -0.442506 -0.443256 -0.443141 -0.442268 -0.44273 -0.444142 -0.443999 -0.442202 -0.443049 -0.444513 -0.443047 -0.442206 -0.443993 -0.444147 -0.442728 -0.442268 -0.443143 -0.443254 -0.442503 -0.438287 -0.434491 -0.427932 -0.421984 -0.393995 -0.434581 
12.8 -13.5452 0.699181 2 4 8 10 10 14 16 20 21 24 27 30 31 31 32 35 32 31 31 30 27 24 21 20 16 14 10 10 8 4 2 -0.440736 -0.395243 -0.423919 -0.428813 -0.435199 -0.438812 -0.442846 -0.443305 -0.442967 -0.442307 -0.442889 -0.444132 -0.443898 -0.442221 -0.443065 -0.444496 -0.443065 -0.442224 -0.443893 -0.444136 -0.442887 -0.442308 -0.442967 -0.443305 -0.442842 -0.438818 -0.435199 -0.428813 -0.423918 -0.395243 -0.440737 
12.9 -13.5678 0.702228 2 4 8 10 11 14 18 20 21 24 27 30 32 32 32 35 32 32 32 30 27 24 21 20 18 14 11 10 8 4 2 -0.446961 -0.396252 -0.425748 -0.429602 -0.435879 -0.43932 -0.443144 -0.443322 -0.442795 -0.442366 -0.443055 -0.444098 -0.443785 -0.442268 -0.443087 -0.44445 -0.443087 -0.442271 -0.443781 -0.444101 -0.443053 -0.442368 -0.442794 -0.443324 -0.443138 -0.439326 -0.435878 -0.429603 -0.425748 -0.396252 -0.446961 
13 -13.5895 0.705196 2 4 8 10 11 14 18 20 23 25 28 30 32 33 33 35 33 33 32 30 28 25 23 20 18 14 11 10 8 4 2 -0.453229 -0.397017 -0.42748 -0.430306 -0.436534 -0.439804 -0.443398 -0.44331 -0.442631 -0.442442 -0.443224 -0.444042 -0.443664 -0.442342 -0.443113 -0.444376 -0.443114 -0.442343 -0.44366 -0.444045 -0.443221 -0.442445 -0.442628 -0.443314 -0.44339 -0.439811 -0.436534 -0.430306 -0.42748 -0.397016 -0.45323 
13.1 -13.6101 0.708088 2 4 8 10 12 15 18 20 23 25 29 31 32 33 34 36 34 33 32 31 29 25 23 20 18 15 12 10 8 4 2 -0.459516 -0.397533 -0.429123 -0.430931 -0.437169 -0.440262 -0.443609 -0.443274 -0.442478 -0.442535 -0.443391 -0.443966 -0.443536 -0.44244 -0.443142 -0.444276 -0.443143 -0.442441 -0.443533 -0.443969 -0.443388 -0.442539 -0.442474 -0.44328 -0.443599 -0.440269 -0.437169 -0.430931 -0.429123 -0.397533 -0.459517 
13.2 -13.6297 0.710909 2 4 8 10 12 15 18 21 23 26 30 32 33 33 35 36 35 33 33 32 30 26 23 21 18 15 12 10 8 4 2 -0.465796 -0.397802 -0.430686 -0.431484 -0.437786 -0.440693 -0.443775 -0.443216 -0.442341 -0.442643 -0.443552 -0.443873 -0.443406 -0.442559 -0.443174 -0.444153 -0.443175 -0.44256 -0.443403 -0.443875 -0.443549 -0.442647 -0.442336 -0.443224 -0.443764 -0.4407 -0.437787 -0.431484 -0.430686 -0.397802 -0.465797 
13.3 -13.6483 0.713665 2 4 8 11 13 16 19 21 24 27 30 32 33 34 35 36 35 34 33 32 30 27 24 21 19 16 13 11 8 4 2 -0.472043 -0.397827 -0.432177 -0.431968 -0.438386 -0.441093 -0.443897 -0.443142 -0.442224 -0.442762 -0.443703 -0.443764 -0.443275 -0.442697 -0.443206 -0.444012 -0.443207 -0.442697 -0.443273 -0.443766 -0.443701 -0.442766 -0.442218 -0.443151 -0.443885 -0.4411 -0.438387 -0.431968 -0.432178 -0.397826 -0.472044 
13.4 -13.6659 0.716361 2 4 8 11 14 16 20 21 24 27 31 33 33 34 35 37 35 34 33 33 31 28 24 21 20 17 14 11 8 4 2 -0.478233 -0.397613 -0.433607 -0.432389 -0.438971 -0.441461 -0.443976 -0.443054 -0.44213 -0.442889 -0.443842 -0.443643 -0.443147 -0.44285 -0.443238 -0.443855 -0.443239 -0.44285 -0.443146 -0.443645 -0.443839 -0.442895 -0.442122 -0.443065 -0.443964 -0.441467 -0.438972 -0.432389 -0.433608 -0.397611 -0.478235 
13.5 -13.6825 0.719004 2 4 8 11 14 18 20 23 24 28 32 34 34 35 36 37 37 35 34 34 32 28 24 23 20 18 14 11 8 4 2 -0.484344 -0.397169 -0.434984 -0.43275 -0.439539 -0.441793 -0.444015 -0.442958 -0.442061 -0.443023 -0.443964 -0.443514 -0.443025 -0.443013 -0.443269 -0.443686 -0.44327 -0.443013 -0.443024 -0.443516 -0.443962 -0.443028 -0.442052 -0.44297 -0.444002 -0.441799 -0.43954 -0.43275 -0.434986 -0.397167 -0.484345 
13.6 -13.6981 0.721603 2 4 8 11 15 18 20 23 26 29 32 34 34 36 36 39 37 36 34 34 32 29 26 23 20 18 15 11 8 4 2 -0.490352 -0.396506 -0.43632 -0.433053 -0.440091 -0.442088 -0.444015 -0.442857 -0.442019 -0.443159 -0.444068 -0.44338 -0.442911 -0.443183 -0.443298 -0.443511 -0.443298 -0.443184 -0.44291 -0.443382 -0.444065 -0.443165 -0.442009 -0.44287 -0.444002 -0.442093 -0.440093 -0.433053 -0.436322 -0.396504 -0.490354 
13.7 -13.7127 0.724165 2 4 8 13 15 18 20 23 26 30 33 34 35 36 37 39 37 36 35 34 33 30 26 23 20 18 15 13 8 4 2 -0.496239 -0.395639 -0.437622 -0.4333 -0.440626 -0.442342 -0.44398 -0.442755 -0.442004 -0.443293 -0.444151 -0.443245 -0.442808 -0.443356 -0.443324 -0.443333 -0.443324 -0.443356 -0.442807 -0.443246 -0.444148 -0.4433 -0.441993 -0.44277 -0.443967 -0.442347 -0.440628 -0.4333 -0.437625 -0.395637 -0.496241 
13.8 -13.7263 0.726698 2 4 8 13 17 19 21 23 26 31 33 35 36 37 38 40 38 37 36 35 33 31 27 23 21 18 17 13 8 4 2 -0.501986 -0.394583 -0.438901 -0.433491 -0.441143 -0.442554 -0.443912 -0.442657 -0.442017 -0.443424 -0.444211 -0.443112 -0.442718 -0.443525 -0.443346 -0.443157 -0.443346 -0.443526 -0.442717 -0.443113 -0.444207 -0.443431 -0.442006 -0.442672 -0.4439 -0.442558 -0.441144 -0.433491 -0.438903 -0.39458 -0.501988 
13.9 -13.739 0.72921 2 4 8 13 17 20 21 24 28 31 34 35 36 37 38 40 38 37 36 35 34 32 28 24 21 20 17 13 8 4 2 -0.507578 -0.393354 -0.440164 -0.433626 -0.441639 -0.442722 -0.443817 -0.442565 -0.442057 -0.443547 -0.444247 -0.442985 -0.442643 -0.443688 -0.443365 -0.442987 -0.443365 -0.443689 -0.442642 -0.442986 -0.444243 -0.443554 -0.442046 -0.44258 -0.443805 -0.442725 -0.44164 -0.433627 -0.440166 -0.393351 -0.50758 
14 -13.7507 0.731709 2 4 8 13 18 20 21 24 29 32 34 35 36 37 38 40 38 37 36 35 34 32 28 24 22 20 18 13 8 4 2 -0.513002 -0.391971 -0.441419 -0.433704 -0.442112 -0.442845 -0.443697 -0.442483 -0.442123 -0.44366 -0.444259 -0.442866 -0.442583 -0.443841 -0.443379 -0.442827 -0.443378 -0.443841 -0.442583 -0.442867 -0.444255 -0.443667 -0.442112 -0.442497 -0.443686 -0.442847 -0.442113 -0.433705 -0.441422 -0.391968 -0.513004 
14.1 -13.7616 0.734203 2 4 8 14 18 20 22 25 29 32 35 36 36 38 39 40 39 38 36 36 34 32 29 25 23 20 18 14 8 4 2 -0.518247 -0.390452 -0.442674 -0.433723 -0.442562 -0.442921 -0.443558 -0.442413 -0.442213 -0.44376 -0.444247 -0.442759 -0.442541 -0.443978 -0.443388 -0.442682 -0.443387 -0.443979 -0.442541 -0.442761 -0.444243 -0.443768 -0.442202 -0.442426 -0.443548 -0.442922 -0.442562 -0.433724 -0.442677 -0.39045 -0.518249 
14.2 -13.7715 0.736699 2 4 8 14 19 21 23 26 30 33 35 36 37 39 40 41 40 39 37 36 35 33 30 26 23 21 19 14 8 4 2 -0.523305 -0.388817 -0.443935 -0.43368 -0.442986 -0.44295 -0.443404 -0.442357 -0.442326 -0.443844 -0.444212 -0.442667 -0.442516 -0.444098 -0.443392 -0.442553 -0.443391 -0.444098 -0.442516 -0.442669 -0.444207 -0.443852 -0.442314 -0.442369 -0.443396 -0.442951 -0.442985 -0.433683 -0.443938 -0.388815 -0.523307 
14.3 -13.7807 0.739201 2 4 8 14 19 21 23 26 31 34 35 36 38 40 40 41 40 40 38 36 35 34 31 26 23 21 19 14 8 4 2 -0.528171 -0.387085 -0.445209 -0.433574 -0.443382 -0.442931 -0.443241 -0.442316 -0.442456 -0.443912 -0.444154 -0.442592 -0.442509 -0.444197 -0.443391 -0.442446 -0.443391 -0.444197 -0.442509 -0.442594 -0.444148 -0.44392 -0.442445 -0.442328 -0.443235 -0.442931 -0.443381 -0.433577 -0.445211 -0.387083 -0.528172 
14.4 -13.7891 0.741717 2 4 8 15 19 22 24 26 31 34 35 37 38 41 40 43 40 41 38 37 35 34 31 26 24 22 19 15 8 4 2 -0.532841 -0.385273 -0.4465 -0.433401 -0.443749 -0.442866 -0.443074 -0.442292 -0.442602 -0.443961 -0.444075 -0.442536 -0.442519 -0.444272 -0.443386 -0.442361 -0.443385 -0.444272 -0.44252 -0.442538 -0.444069 -0.443969 -0.442592 -0.442302 -0.443069 -0.442865 -0.443747 -0.433404 -0.446502 -0.385272 -0.532842 
14.5 -13.7967 0.74425 2 4 8 15 19 22 24 28 31 35 36 37 40 41 41 44 41 41 40 37 36 35 31 28 24 22 20 15 8 4 2 -0.537315 -0.3834 -0.447813 -0.433158 -0.444086 -0.442754 -0.442907 -0.442284 -0.44276 -0.44399 -0.443977 -0.4425 -0.442546 -0.444323 -0.443375 -0.442301 -0.443374 -0.444322 -0.442547 -0.442502 -0.443971 -0.443998 -0.442751 -0.442292 -0.442904 -0.442753 -0.444084 -0.433161 -0.447815 -0.383399 -0.537316 
14.6 -13.8036 0.746804 2 4 8 15 20 22 24 29 32 35 36 37 40 42 41 44 41 42 40 37 36 35 32 29 24 22 20 15 8 4 2 -0.541595 -0.381482 -0.449153 -0.43284 -0.444393 -0.442597 -0.442745 -0.442292 -0.442926 -0.444 -0.443863 -0.442485 -0.442588 -0.444347 -0.443359 -0.442267 -0.443359 -0.444347 -0.442589 -0.442488 -0.443856 -0.444008 -0.442918 -0.442299 -0.442744 -0.442595 -0.44439 -0.432845 -0.449154 -0.381482 -0.541596 
14.7 -13.8099 0.74938 2 4 8 16 20 23 26 29 34 36 37 37 41 43 42 44 42 43 41 37 38 36 34 29 26 23 20 16 8 4 2 -0.545684 -0.379534 -0.450522 -0.432446 -0.44467 -0.442395 -0.442593 -0.442315 -0.443096 -0.443989 -0.443735 -0.442491 -0.442644 -0.444346 -0.44334 -0.442259 -0.443339 -0.444345 -0.442645 -0.442494 -0.443729 -0.443997 -0.443088 -0.44232 -0.442593 -0.442394 -0.444666 -0.43245 -0.450523 -0.379535 -0.545684 
14.8 -13.8155 0.751979 2 4 8 16 21 23 27 31 34 37 38 38 42 43 43 45 43 43 42 39 38 37 34 31 27 23 21 16 8 4 2 -0.549587 -0.377571 -0.451924 -0.431971 -0.444917 -0.442151 -0.442454 -0.442351 -0.443266 -0.44396 -0.443597 -0.442519 -0.442712 -0.444318 -0.443316 -0.442279 -0.443315 -0.444317 -0.442713 -0.442522 -0.44359 -0.443967 -0.443259 -0.442354 -0.442456 -0.442149 -0.444913 -0.431976 -0.451925 -0.377572 -0.549587 
14.9 -13.8206 0.754602 2 4 8 16 21 23 27 31 35 37 38 39 42 44 44 45 44 44 42 39 38 37 35 31 27 23 21 16 8 4 2 -0.553312 -0.375603 -0.453361 -0.431413 -0.445136 -0.441866 -0.442333 -0.442399 -0.443431 -0.443911 -0.443452 -0.442567 -0.442789 -0.444266 -0.443289 -0.442324 -0.443288 -0.444264 -0.44279 -0.44257 -0.443445 -0.443919 -0.443426 -0.4424 -0.442336 -0.441865 -0.445132 -0.431417 -0.453361 -0.375605 -0.553311 
15 -13.8251 0.757245 2 4 8 16 21 25 28 32 35 38 39 39 43 44 44 45 44 44 43 39 39 38 36 32 28 25 21 16 8 4 2 -0.556867 -0.373641 -0.454835 -0.430768 -0.44533 -0.441542 -0.442232 -0.442455 -0.443589 -0.443846 -0.443303 -0.442634 -0.442874 -0.44419 -0.443258 -0.442394 -0.443258 -0.444189 -0.442875 -0.442638 -0.443296 -0.443853 -0.443584 -0.442454 -0.442237 -0.441541 -0.445325 -0.430772 -0.454835 -0.373643 -0.556866 
15.1 -13.8292 0.759908 2 4 8 16 22 25 29 32 37 38 39 41 43 44 44 46 44 44 43 41 39 38 37 32 29 25 22 16 8 4 2 -0.560263 -0.371693 -0.456348 -0.430035 -0.445501 -0.441182 -0.442155 -0.442516 -0.443735 -0.443765 -0.443153 -0.442719 -0.442963 -0.444093 -0.443226 -0.442487 -0.443226 -0.444092 -0.442964 -0.442723 -0.443146 -0.443771 -0.443731 -0.442514 -0.44216 -0.44118 -0.445496 -0.430038 -0.456347 -0.371696 -0.560262 
15.2 -13.8328 0.762586 2 4 8 16 22 26 31 34 37 40 39 41 43 44 45 47 45 44 43 42 39 40 37 34 31 26 22 16 8 4 2 -0.563509 -0.369765 -0.4579 -0.429211 -0.445654 -0.440785 -0.442102 -0.44258 -0.443866 -0.44367 -0.443007 -0.442819 -0.443055 -0.443978 -0.443191 -0.4426 -0.443191 -0.443977 -0.443055 -0.442823 -0.443 -0.443676 -0.443864 -0.442577 -0.442109 -0.440784 -0.445649 -0.429214 -0.457899 -0.369769 -0.563508 
15.3 -13.836 0.765275 2 4 8 16 22 26 31 34 37 40 40 41 44 45 45 47 46 46 44 42 40 40 37 34 31 26 22 16 8 4 2 -0.566619 -0.367861 -0.459493 -0.428295 -0.445792 -0.440356 -0.442077 -0.442642 -0.44398 -0.443564 -0.442867 -0.442932 -0.443146 -0.443848 -0.443156 -0.44273 -0.443156 -0.443847 -0.443146 -0.442936 -0.44286 -0.443569 -0.443979 -0.442637 -0.442084 -0.440355 -0.445787 -0.428297 -0.459492 -0.367865 -0.566618 
15.4 -13.8388 0.767969 2 4 8 16 23 28 32 35 37 40 41 42 44 46 46 48 46 46 44 43 41 40 37 35 32 27 23 16 8 4 2 -0.569604 -0.365983 -0.461127 -0.427286 -0.445922 -0.439895 -0.44208 -0.442698 -0.444074 -0.44345 -0.442736 -0.443054 -0.443235 -0.443706 -0.44312 -0.442875 -0.44312 -0.443705 -0.443235 -0.443058 -0.44273 -0.443454 -0.444073 -0.442693 -0.442086 -0.439894 -0.445918 -0.427287 -0.461126 -0.365988 -0.569603 
15.5 -13.8413 0.770663 2 4 8 16 23 28 32 36 38 40 42 44 45 47 47 48 47 47 45 44 42 40 38 36 32 27 23 16 8 4 2 -0.572477 -0.364131 -0.462804 -0.426183 -0.446049 -0.439403 -0.442111 -0.442744 -0.444146 -0.443329 -0.442618 -0.443182 -0.443319 -0.443556 -0.443085 -0.443029 -0.443085 -0.443555 -0.443318 -0.443187 -0.442613 -0.443332 -0.444146 -0.442739 -0.442117 -0.439403 -0.446045 -0.426184 -0.462803 -0.364136 -0.572476 
15.6 -13.8435 0.773351 2 4 8 16 23 28 33 36 39 40 42 44 46 47 48 49 48 47 46 45 42 40 39 36 34 28 23 16 8 4 2 -0.575251 -0.362304 -0.464523 -0.424989 -0.44618 -0.438883 -0.442169 -0.442777 -0.444194 -0.443204 -0.442515 -0.443314 -0.443396 -0.443401 -0.443051 -0.44319 -0.443051 -0.443401 -0.443394 -0.443318 -0.44251 -0.443207 -0.444195 -0.442771 -0.442175 -0.438883 -0.446177 -0.424988 -0.464522 -0.362309 -0.575249 
15.7 -13.8454 0.776024 2 4 8 16 24 30 34 38 40 41 44 45 47 49 49 50 49 49 47 45 43 41 40 38 35 30 24 16 8 4 2 -0.577938 -0.360498 -0.466286 -0.423702 -0.446322 -0.438334 -0.442256 -0.442792 -0.444218 -0.443078 -0.442429 -0.443444 -0.443464 -0.443247 -0.443019 -0.443353 -0.443019 -0.443247 -0.443461 -0.443449 -0.442424 -0.443081 -0.444219 -0.442786 -0.442261 -0.438335 -0.44632 -0.423701 -0.466285 -0.360503 -0.577937 
15.8 -13.8471 0.778678 2 4 8 16 25 30 35 38 40 41 44 45 48 50 50 51 50 49 48 45 44 42 40 38 36 30 25 16 8 4 2 -0.580553 -0.358708 -0.468092 -0.422326 -0.446482 -0.437758 -0.442368 -0.442785 -0.444218 -0.442954 -0.442362 -0.443571 -0.443521 -0.443095 -0.44299 -0.443514 -0.44299 -0.443096 -0.443518 -0.443576 -0.442358 -0.442956 -0.444218 -0.44278 -0.442372 -0.437759 -0.446481 -0.422324 -0.468091 -0.358713 -0.580552 
15.9 -13.8485 0.781305 2 4 8 16 25 30 36 39 41 43 45 46 49 50 51 51 50 50 49 46 45 43 41 39 36 30 25 16 8 4 2 -0.583106 -0.356929 -0.469942 -0.420863 -0.446669 -0.437155 -0.442505 -0.442752 -0.444193 -0.442833 -0.442315 -0.44369 -0.443567 -0.442951 -0.442964 -0.443668 -0.442964 -0.442952 -0.443564 -0.443695 -0.442311 -0.442835 -0.444193 -0.442748 -0.442508 -0.437157 -0.446669 -0.420859 -0.469942 -0.356933 -0.583105 
16 -13.8498 0.783898 2 4 8 16 25 32 37 39 42 43 45 47 50 51 51 52 51 51 50 47 45 43 42 39 37 31 25 16 8 4 2 -0.58561 -0.355154 -0.471836 -0.419315 -0.446889 -0.436525 -0.442664 -0.44269 -0.444144 -0.442719 -0.442288 -0.443798 -0.443601 -0.442817 -0.442942 -0.443812 -0.442943 -0.442819 -0.443597 -0.443803 -0.442285 -0.442721 -0.444144 -0.442687 -0.442666 -0.436527 -0.44689 -0.419311 -0.471836 -0.355158 -0.58561 
16.1 -13.8509 0.786453 2 4 8 16 25 32 37 40 42 43 47 48 50 52 52 53 52 51 50 48 47 43 42 40 37 32 25 16 8 4 2 -0.588075 -0.353375 -0.473775 -0.417688 -0.44715 -0.435868 -0.442844 -0.442596 -0.444073 -0.442613 -0.442283 -0.443892 -0.443621 -0.442697 -0.442925 -0.443942 -0.442926 -0.442699 -0.443617 -0.443897 -0.44228 -0.442614 -0.444073 -0.442593 -0.442845 -0.43587 -0.447153 -0.417682 -0.473775 -0.353378 -0.588076 
16.2 -13.8518 0.788962 2 4 8 16 26 32 38 41 42 43 47 48 51 52 52 53 53 52 51 48 47 43 42 41 38 32 26 16 8 4 2 -0.590513 -0.351585 -0.475758 -0.415984 -0.447461 -0.435184 -0.443042 -0.442466 -0.443981 -0.442516 -0.442297 -0.44397 -0.443629 -0.442593 -0.442913 -0.444054 -0.442913 -0.442596 -0.443624 -0.443974 -0.442295 -0.442517 -0.443981 -0.442465 -0.443041 -0.435186 -0.447464 -0.415978 -0.475759 -0.351586 -0.590514 
16.3 -13.8527 0.791422 2 4 8 16 26 32 38 41 42 44 47 49 51 53 53 53 53 53 51 49 47 44 43 41 38 32 26 16 8 4 2 -0.592932 -0.349775 -0.477786 -0.41421 -0.447827 -0.434472 -0.443255 -0.442298 -0.443871 -0.442429 -0.442332 -0.444029 -0.443623 -0.442508 -0.442906 -0.444147 -0.442906 -0.442511 -0.443618 -0.444033 -0.442329 -0.44243 -0.44387 -0.442298 -0.443254 -0.434474 -0.447831 -0.414203 -0.477787 -0.349775 -0.592934 
16.4 -13.8534 0.793829 2 4 8 16 26 33 39 42 44 46 48 49 52 53 53 54 53 53 52 49 48 46 44 42 39 33 26 16 8 4 2 -0.595341 -0.347937 -0.479858 -0.412371 -0.448255 -0.43373 -0.443482 -0.44209 -0.443746 -0.442353 -0.442384 -0.444067 -0.443605 -0.442443 -0.442904 -0.444217 -0.442904 -0.442446 -0.4436 -0.444071 -0.442382 -0.442354 -0.443745 -0.44209 -0.44348 -0.433732 -0.44826 -0.412364 -0.479859 -0.347937 -0.595343 
16.5 -13.854 0.796179 2 4 8 16 26 34 40 42 45 46 49 50 52 54 54 55 54 53 52 50 49 47 45 42 40 34 26 16 8 4 2 -0.597745 -0.346066 -0.481973 -0.410474 -0.448751 -0.432959 -0.44372 -0.441839 -0.443609 -0.442288 -0.442453 -0.444084 -0.443575 -0.4424 -0.442908 -0.444263 -0.442908 -0.442403 -0.44357 -0.444087 -0.442451 -0.442289 -0.443607 -0.441841 -0.443717 -0.43296 -0.448757 -0.410466 -0.481975 -0.346064 -0.597749 
16.6 -13.8545 0.798472 2 4 8 16 26 34 40 42 46 46 50 51 53 54 55 55 55 53 53 51 50 47 46 43 40 34 26 16 8 4 2 -0.600152 -0.344153 -0.48413 -0.408525 -0.449321 -0.432156 -0.443967 -0.441545 -0.443462 -0.442234 -0.442536 -0.444078 -0.443534 -0.44238 -0.442916 -0.444284 -0.442916 -0.442383 -0.443529 -0.444081 -0.442535 -0.442235 -0.44346 -0.441548 -0.443963 -0.432157 -0.449328 -0.408517 -0.484133 -0.34415 -0.600156 
16.7 -13.8549 0.800705 2 4 8 16 26 35 41 44 47 48 50 52 53 55 56 57 56 55 53 52 50 48 47 44 41 34 26 16 8 4 2 -0.602565 -0.342195 -0.486329 -0.406531 -0.449969 -0.43132 -0.444221 -0.441206 -0.443311 -0.442189 -0.442631 -0.444049 -0.443483 -0.442382 -0.442929 -0.44428 -0.442929 -0.442385 -0.443479 -0.444052 -0.44263 -0.44219 -0.443308 -0.44121 -0.444217 -0.431321 -0.449976 -0.406524 -0.486332 -0.34219 -0.602569 
16.8 -13.8553 0.80288 2 4 8 16 27 35 41 44 48 49 50 53 53 56 57 57 57 56 53 53 50 49 48 44 41 35 27 16 8 4 2 -0.604986 -0.340187 -0.488566 -0.404501 -0.450698 -0.43045 -0.444481 -0.440823 -0.443158 -0.442151 -0.442735 -0.443998 -0.443424 -0.442406 -0.442946 -0.444252 -0.442946 -0.442409 -0.44342 -0.444 -0.442734 -0.442152 -0.443155 -0.440826 -0.444477 -0.43045 -0.450705 -0.404494 -0.48857 -0.340181 -0.604991 
16.9 -13.8556 0.804998 2 4 8 16 27 35 42 45 48 50 50 53 54 56 57 57 57 56 54 53 50 50 48 45 42 35 27 16 8 4 2 -0.607417 -0.338127 -0.49084 -0.402442 -0.451512 -0.429544 -0.444746 -0.440394 -0.443007 -0.442119 -0.442845 -0.443926 -0.443358 -0.442452 -0.442967 -0.444199 -0.442967 -0.442455 -0.443355 -0.443927 -0.442845 -0.44212 -0.443004 -0.440398 -0.444742 -0.429544 -0.451519 -0.402435 -0.490844 -0.338119 -0.607423 
17 -13.8559 0.80706 2 4 8 16 27 35 43 47 50 50 51 53 56 57 57 59 57 57 56 54 51 51 50 47 43 35 27 16 8 4 2 -0.609857 -0.336015 -0.493147 -0.400362 -0.452411 -0.4286 -0.445015 -0.43992 -0.442863 -0.442091 -0.442959 -0.443833 -0.443287 -0.442518 -0.44299 -0.444124 -0.44299 -0.442521 -0.443284 -0.443834 -0.442959 -0.442091 -0.442861 -0.439924 -0.445011 -0.428599 -0.452418 -0.400356 -0.493151 -0.336006 -0.609864 
17.1 -13.8561 0.809071 2 4 8 16 27 35 43 48 50 51 52 54 56 58 57 59 57 58 56 54 52 51 50 48 43 35 27 16 8 4 2 -0.612305 -0.333852 -0.495483 -0.398269 -0.453398 -0.427616 -0.44529 -0.439401 -0.44273 -0.442062 -0.443073 -0.443722 -0.443212 -0.442602 -0.443015 -0.444029 -0.443014 -0.442605 -0.44321 -0.443722 -0.443073 -0.442062 -0.442728 -0.439405 -0.445286 -0.427615 -0.453405 -0.398263 -0.495488 -0.333842 -0.612312 
17.2 -13.8563 0.811035 2 4 8 16 27 36 43 48 51 52 53 56 58 60 59 60 59 60 57 55 53 53 51 48 43 36 27 16 8 4 2 -0.614756 -0.331642 -0.497845 -0.39617 -0.454472 -0.426591 -0.445571 -0.438839 -0.442611 -0.44203 -0.443184 -0.443593 -0.443136 -0.442702 -0.443041 -0.443917 -0.44304 -0.442705 -0.443134 -0.443593 -0.443185 -0.442029 -0.442609 -0.438843 -0.445567 -0.426589 -0.454479 -0.396166 -0.49785 -0.331631 -0.614764 
17.3 -13.8564 0.812956 2 4 8 16 27 36 45 48 52 53 54 56 58 61 60 61 59 61 58 56 54 53 53 48 44 36 27 16 8 4 2 -0.617207 -0.32939 -0.500227 -0.394074 -0.455634 -0.425521 -0.445859 -0.438234 -0.442509 -0.44199 -0.44329 -0.443451 -0.44306 -0.442816 -0.443068 -0.44379 -0.443066 -0.442818 -0.443058 -0.44345 -0.443292 -0.441989 -0.442508 -0.438238 -0.445856 -0.425519 -0.45564 -0.39407 -0.500233 -0.329378 -0.617215 
17.4 -13.8566 0.81484 2 4 8 16 27 36 45 49 53 54 55 57 59 61 60 62 59 61 58 57 55 55 53 49 44 36 27 16 8 4 2 -0.619651 -0.327103 -0.502624 -0.391988 -0.456881 -0.424405 -0.446158 -0.437589 -0.442428 -0.441939 -0.443389 -0.443297 -0.442985 -0.442939 -0.443093 -0.443652 -0.443091 -0.442941 -0.442984 -0.443295 -0.44339 -0.441937 -0.442428 -0.437592 -0.446156 -0.424403 -0.456887 -0.391985 -0.50263 -0.327091 -0.619659 
17.5 -13.8567 0.816693 2 4 8 16 27 36 45 49 54 55 56 57 59 62 61 63 60 62 59 58 56 55 54 49 45 36 27 16 8 4 2 -0.62208 -0.324792 -0.50503 -0.389917 -0.458213 -0.423242 -0.44647 -0.436904 -0.442372 -0.441872 -0.443477 -0.443133 -0.442914 -0.443068 -0.443117 -0.443506 -0.443115 -0.443071 -0.442913 -0.443131 -0.443479 -0.441869 -0.442372 -0.436906 -0.446468 -0.423239 -0.458218 -0.389915 -0.505036 -0.324779 -0.622088 
17.6 -13.8568 0.818522 2 4 8 16 27 36 46 50 54 56 56 59 61 63 62 64 61 63 60 59 56 56 54 50 46 36 27 16 8 4 2 -0.624487 -0.322466 -0.507439 -0.387869 -0.459628 -0.422028 -0.446798 -0.43618 -0.442342 -0.441785 -0.443553 -0.442963 -0.442847 -0.443201 -0.443139 -0.443357 -0.443137 -0.443204 -0.442847 -0.442961 -0.443555 -0.441782 -0.442343 -0.436182 -0.446797 -0.422025 -0.459631 -0.387867 -0.507445 -0.322453 -0.624495 
17.7 -13.8569 0.820334 2 4 8 16 27 36 46 51 55 56 57 59 62 64 63 65 62 63 62 59 57 56 55 51 46 36 27 16 8 4 2 -0.626861 -0.320139 -0.509844 -0.385847 -0.461122 -0.420762 -0.447148 -0.435421 -0.442341 -0.441675 -0.443615 -0.442788 -0.442787 -0.443333 -0.443159 -0.443208 -0.443156 -0.443336 -0.442787 -0.442786 -0.443618 -0.441671 -0.442343 -0.435422 -0.447148 -0.420759 -0.461124 -0.385847 -0.509851 -0.320126 -0.626868 
17.8 -13.857 0.822135 2 4 8 16 27 36 46 51 55 57 59 60 63 64 64 66 65 63 63 60 59 57 56 51 46 36 27 16 8 4 2 -0.629193 -0.317823 -0.51224 -0.383857 -0.462692 -0.419443 -0.447524 -0.434627 -0.44237 -0.441536 -0.443662 -0.442612 -0.442734 -0.443461 -0.443175 -0.443061 -0.443172 -0.443464 -0.442734 -0.44261 -0.443665 -0.441531 -0.442374 -0.434627 -0.447524 -0.41944 -0.462694 -0.383857 -0.512246 -0.317811 -0.6292 
17.9 -13.857 0.823932 2 4 8 16 27 36 46 51 56 58 59 60 63 64 65 66 65 64 63 60 59 58 56 51 46 36 27 16 8 4 2 -0.631472 -0.315535 -0.514619 -0.381902 -0.464337 -0.418069 -0.44793 -0.4338 -0.442432 -0.441365 -0.443694 -0.442437 -0.44269 -0.443581 -0.443187 -0.442922 -0.443184 -0.443584 -0.44269 -0.442435 -0.443697 -0.44136 -0.442436 -0.4338 -0.447931 -0.418066 -0.464338 -0.381902 -0.514626 -0.315523 -0.631479 
18 -13.8571 0.825731 2 4 8 16 27 36 47 52 56 58 60 62 63 65 66 67 65 64 63 62 60 58 56 52 46 36 27 16 8 4 2 -0.633688 -0.313289 -0.516976 -0.379983 -0.466052 -0.416639 -0.448373 -0.432943 -0.442527 -0.441158 -0.443709 -0.442264 -0.442656 -0.443689 -0.443196 -0.442792 -0.443193 -0.443692 -0.442655 -0.442262 -0.443712 -0.441153 -0.442532 -0.432942 -0.448374 -0.416636 -0.466052 -0.379984 -0.516983 -0.313278 -0.633694 
18.1 -13.8571 0.827538 2 4 8 16 27 36 47 52 57 59 62 62 64 65 66 68 66 64 64 62 63 59 58 53 47 36 27 16 8 4 2 -0.635829 -0.3111 -0.519305 -0.378101 -0.467835 -0.415152 -0.448857 -0.432056 -0.442656 -0.440913 -0.443708 -0.442095 -0.442631 -0.443782 -0.443201 -0.442675 -0.443198 -0.443785 -0.442631 -0.442094 -0.443711 -0.440907 -0.442661 -0.432054 -0.448858 -0.41515 -0.467834 -0.378103 -0.519311 -0.311091 -0.635834 
18.2 -13.8572 0.829358 2 4 8 16 27 36 47 53 59 60 63 63 65 66 67 68 67 66 65 64 63 61 59 53 47 36 27 16 8 4 2 -0.637885 -0.308985 -0.521601 -0.376258 -0.469681 -0.413608 -0.449388 -0.431142 -0.442819 -0.440625 -0.443692 -0.441932 -0.442616 -0.443857 -0.443203 -0.442574 -0.443199 -0.44386 -0.442616 -0.441931 -0.443695 -0.440619 -0.442825 -0.431139 -0.44939 -0.413607 -0.469679 -0.376259 -0.521607 -0.308978 -0.637888 
18.3 -13.8572 0.831197 2 4 8 16 27 36 47 53 59 61 64 64 65 67 68 69 68 67 65 64 64 61 59 53 47 36 27 16 8 4 2 -0.639845 -0.306959 -0.523859 -0.374451 -0.471587 -0.412009 -0.449971 -0.430201 -0.443016 -0.440292 -0.443661 -0.441775 -0.442612 -0.443912 -0.4432 -0.442489 -0.443196 -0.443915 -0.442612 -0.441774 -0.443664 -0.440286 -0.443022 -0.430198 -0.449973 -0.412008 -0.471585 -0.374453 -0.523863 -0.306953 -0.639847 
18.4 -13.8572 0.833057 2 4 8 16 27 36 47 53 59 61 65 65 66 68 68 69 68 69 66 65 65 63 59 53 47 36 27 16 8 4 2 -0.641699 -0.305036 -0.526074 -0.37268 -0.473549 -0.410355 -0.450611 -0.429235 -0.443248 -0.439913 -0.443616 -0.441625 -0.442618 -0.443944 -0.443194 -0.442422 -0.443191 -0.443946 -0.442618 -0.441624 -0.443619 -0.439907 -0.443254 -0.429232 -0.450613 -0.410355 -0.473546 -0.372682 -0.526078 -0.305032 -0.6417 
18.5 -13.8572 0.834943 2 4 8 16 27 36 47 54 60 63 67 66 66 69 69 69 69 69 67 66 66 64 60 54 47 36 27 16 8 4 2 -0.643439 -0.303229 -0.528243 -0.370942 -0.475563 -0.408649 -0.451312 -0.428245 -0.443513 -0.439485 -0.443561 -0.441481 -0.442634 -0.443951 -0.443184 -0.442376 -0.443181 -0.443953 -0.442634 -0.44148 -0.443563 -0.43948 -0.443519 -0.428242 -0.451314 -0.408649 -0.47556 -0.370944 -0.528246 -0.303228 -0.643439 
18.6 -13.8573 0.836857 2 4 8 16 27 36 47 54 61 64 68 67 68 69 70 72 70 70 68 67 68 65 61 54 47 36 27 16 8 4 2 -0.645056 -0.301551 -0.530364 -0.369234 -0.477625 -0.406893 -0.452079 -0.427232 -0.443812 -0.439009 -0.443496 -0.441342 -0.442659 -0.443933 -0.443172 -0.442349 -0.443169 -0.443934 -0.442659 -0.441341 -0.443499 -0.439004 -0.443817 -0.427229 -0.452081 -0.406893 -0.477622 -0.369235 -0.530366 -0.301552 -0.645055 
18.7 -13.8573 0.8388 2 4 8 16 27 36 47 54 61 65 69 68 69 71 71 74 71 72 70 68 69 66 61 54 47 36 27 16 8 4 2 -0.646544 -0.300011 -0.532434 -0.367552 -0.47973 -0.405091 -0.452914 -0.426197 -0.444143 -0.438482 -0.443425 -0.441208 -0.442692 -0.443888 -0.443156 -0.442342 -0.443155 -0.443888 -0.442692 -0.441207 -0.443427 -0.438478 -0.444148 -0.426194 -0.452916 -0.405091 -0.479727 -0.367553 -0.532435 -0.300014 -0.646541 
18.8 -13.8573 0.840772 2 4 8 16 27 36 47 55 62 66 70 69 70 73 72 74 73 73 70 69 70 67 62 54 47 36 27 16 8 4 2 -0.647897 -0.298619 -0.534451 -0.365894 -0.481873 -0.403248 -0.45382 -0.42514 -0.444506 -0.437905 -0.443351 -0.441075 -0.442732 -0.443817 -0.443139 -0.442355 -0.443138 -0.443816 -0.442733 -0.441074 -0.443353 -0.437901 -0.444511 -0.425136 -0.453822 -0.403249 -0.48187 -0.365895 -0.534452 -0.298625 -0.647893 
18.9 -13.8573 0.842774 2 4 8 16 27 36 47 55 64 67 70 69 71 73 73 75 73 73 72 69 70 68 64 55 48 36 27 16 8 4 2 -0.649111 -0.297381 -0.536415 -0.364256 -0.48405 -0.40137 -0.454799 -0.42406 -0.444901 -0.437279 -0.443276 -0.440943 -0.442778 -0.443719 -0.443119 -0.442385 -0.443119 -0.443718 -0.442779 -0.440942 -0.443278 -0.437276 -0.444905 -0.424057 -0.454801 -0.401371 -0.484047 -0.364256 -0.536415 -0.297389 -0.649105 
19 -13.8573 0.844804 2 4 8 16 27 36 48 55 64 68 70 70 72 74 74 76 74 74 72 70 71 68 64 55 48 36 27 16 8 4 2 -0.650183 -0.296301 -0.538326 -0.362635 -0.486254 -0.399464 -0.455852 -0.422959 -0.445327 -0.436605 -0.443205 -0.440808 -0.442829 -0.443596 -0.443097 -0.442432 -0.443098 -0.443594 -0.442831 -0.440807 -0.443207 -0.436602 -0.445331 -0.422955 -0.455854 -0.399464 -0.486251 -0.362635 -0.538325 -0.296311 -0.650176 
19.1 -13.8573 0.846861 2 4 8 16 27 36 48 55 65 69 70 71 73 74 75 77 75 75 72 71 71 69 65 55 48 36 27 16 8 4 2 -0.651112 -0.295381 -0.540182 -0.361028 -0.488479 -0.397535 -0.456979 -0.421835 -0.445785 -0.435883 -0.443141 -0.440667 -0.442883 -0.443449 -0.443075 -0.442494 -0.443076 -0.443446 -0.442885 -0.440665 -0.443143 -0.435881 -0.445788 -0.421831 -0.456981 -0.397536 -0.488477 -0.361028 -0.54018 -0.295393 -0.651105 
19.2 -13.8573 0.848941 2 4 8 16 27 36 48 55 65 69 72 71 73 76 76 78 76 76 73 72 72 69 65 55 48 36 27 16 8 4 2 -0.651899 -0.294622 -0.541985 -0.359435 -0.490719 -0.395593 -0.458179 -0.420687 -0.446274 -0.435115 -0.443087 -0.440516 -0.442939 -0.44328 -0.443051 -0.442567 -0.443054 -0.443276 -0.442942 -0.440514 -0.443089 -0.435113 -0.446277 -0.420683 -0.458182 -0.395593 -0.490717 -0.359434 -0.541982 -0.294635 -0.651892 
19.3 -13.8573 0.851043 2 4 8 16 27 36 48 56 65 69 72 73 74 76 77 78 76 76 74 74 73 69 65 56 48 36 27 16 8 4 2 -0.652547 -0.29402 -0.543734 -0.357853 -0.492966 -0.393645 -0.459452 -0.419515 -0.446795 -0.434304 -0.443048 -0.440352 -0.442996 -0.44309 -0.443027 -0.442649 -0.44303 -0.443085 -0.442999 -0.44035 -0.44305 -0.434302 -0.446797 -0.419511 -0.459455 -0.393646 -0.492964 -0.357853 -0.54373 -0.294034 -0.652539 
19.4 -13.8573 0.853162 2 4 8 16 27 36 48 56 66 69 74 74 75 77 77 78 77 77 75 74 74 69 66 56 48 36 27 16 8 4 2 -0.653059 -0.293571 -0.545429 -0.356285 -0.495212 -0.391701 -0.460796 -0.418317 -0.447348 -0.433451 -0.443027 -0.440171 -0.443051 -0.442881 -0.443002 -0.442737 -0.443006 -0.442876 -0.443055 -0.440168 -0.443029 -0.43345 -0.44735 -0.418314 -0.460799 -0.391702 -0.49521 -0.356285 -0.545424 -0.293586 -0.65305 
19.5 -13.8573 0.855296 2 4 8 16 27 36 48 56 67 69 74 75 76 78 78 78 78 77 76 75 74 69 67 56 48 36 27 16 8 4 2 -0.65344 -0.293269 -0.54707 -0.354731 -0.49745 -0.38977 -0.462208 -0.417092 -0.447935 -0.43256 -0.443028 -0.439968 -0.443105 -0.442657 -0.442978 -0.442826 -0.442982 -0.442652 -0.443109 -0.439964 -0.44303 -0.432559 -0.447937 -0.417089 -0.46221 -0.389771 -0.497448 -0.354731 -0.547065 -0.293284 -0.653431 
19.6 -13.8574 0.857439 2 4 8 16 27 36 48 56 67 71 75 76 76 78 79 80 79 79 76 76 75 71 67 56 48 36 27 16 8 4 2 -0.653698 -0.293105 -0.548656 -0.353195 -0.49967 -0.387861 -0.463684 -0.415839 -0.448557 -0.431632 -0.443054 -0.439739 -0.443156 -0.442419 -0.442954 -0.442914 -0.442959 -0.442414 -0.44316 -0.439735 -0.443057 -0.431631 -0.448558 -0.415835 -0.463686 -0.387862 -0.499669 -0.353195 -0.548651 -0.293121 -0.653689 
19.7 -13.8574 0.85959 2 4 8 16 27 36 48 56 67 72 76 77 78 80 80 80 80 81 79 77 76 72 67 56 48 36 27 16 8 4 2 -0.653839 -0.29307 -0.550187 -0.35168 -0.501866 -0.385982 -0.465222 -0.414555 -0.449215 -0.43067 -0.443109 -0.439481 -0.443202 -0.44217 -0.442931 -0.442996 -0.442936 -0.442164 -0.443207 -0.439477 -0.443112 -0.430669 -0.449216 -0.414552 -0.465224 -0.385984 -0.501864 -0.35168 -0.550181 -0.293085 -0.653831 
19.8 -13.8574 0.861743 2 4 8 16 27 36 48 56 67 73 76 78 80 81 81 82 81 81 79 78 76 72 67 56 48 36 27 16 8 4 2 -0.653875 -0.293151 -0.551661 -0.350192 -0.504026 -0.384144 -0.466817 -0.413239 -0.449911 -0.429678 -0.443196 -0.439189 -0.443245 -0.441912 -0.442909 -0.443068 -0.442914 -0.441906 -0.443249 -0.439185 -0.4432 -0.429677 -0.449912 -0.413237 -0.466819 -0.384146 -0.504025 -0.350192 -0.551655 -0.293165 -0.653866 
19.9 -13.8574 0.863897 2 4 8 16 27 36 48 56 67 73 77 79 80 82 81 84 81 81 80 79 77 73 67 56 48 36 27 16 8 4 2 -0.653814 -0.293336 -0.553076 -0.348737 -0.506144 -0.382353 -0.468465 -0.41189 -0.450648 -0.428657 -0.443318 -0.43886 -0.443282 -0.441647 -0.442889 -0.443126 -0.442893 -0.441642 -0.443287 -0.438855 -0.443322 -0.428656 -0.450648 -0.411888 -0.468466 -0.382355 -0.506142 -0.348738 -0.553071 -0.293349 -0.653806 
20 -13.8574 0.866049 2 4 8 16 27 36 48 56 67 73 79 80 82 83 82 85 82 83 81 80 79 73 67 56 48 36 27 16 8 4 2 -0.653667 -0.293612 -0.554431 -0.347324 -0.508211 -0.380617 -0.470163 -0.410507 -0.451426 -0.427611 -0.443478 -0.43849 -0.443315 -0.441377 -0.442871 -0.443166 -0.442875 -0.441372 -0.443319 -0.438485 -0.443481 -0.427611 -0.451427 -0.410505 -0.470163 -0.38062 -0.508208 -0.347325 -0.554426 -0.293624 -0.653661 
20.1 -13.8574 0.868196 2 4 8 16 27 36 48 56 67 73 79 81 83 84 83 85 83 83 83 82 79 73 67 56 48 36 27 16 8 4 2 -0.653448 -0.293964 -0.555721 -0.34596 -0.510218 -0.378944 -0.471904 -0.409088 -0.452249 -0.426543 -0.443677 -0.438076 -0.443342 -0.441103 -0.442854 -0.443184 -0.442858 -0.441098 -0.443347 -0.438072 -0.443681 -0.426542 -0.452249 -0.409086 -0.471903 -0.378947 -0.510215 -0.345962 -0.555716 -0.293974 -0.653442 
