time energy SvN bondDim localEnergy 
0 -10.4374 0.0526344 2 4 5 5 5 5 5 5 5 5 5 5 5 5 5 5 5 5 5 5 5 5 5 5 5 5 5 5 5 4 2 -0.352039 -0.334061 -0.335845 -0.335729 -0.33574 -0.335739 -0.335739 -0.335739 -0.335739 -0.335739 -0.335739 -0.335739 -0.335739 -0.33574 -0.335749 -0.335756 -0.335749 -0.33574 -0.335739 -0.335739 -0.335739 -0.335739 -0.335739 -0.335739 -0.335739 -0.335739 -0.33574 -0.335729 -0.335845 -0.334061 -0.352039 
0.1 -10.4374 0.0526356 2 4 5 5 5 5 5 5 5 5 5 5 5 5 5 5 5 5 5 5 5 5 5 5 5 5 5 5 5 4 2 -0.352039 -0.334061 -0.335845 -0.335729 -0.33574 -0.335739 -0.335739 -0.335739 -0.335739 -0.335739 -0.335739 -0.335739 -0.335739 -0.335741 -0.335749 -0.335757 -0.335749 -0.335741 -0.335739 -0.335739 -0.335739 -0.335739 -0.335739 -0.335739 -0.335739 -0.335739 -0.33574 -0.335729 -0.335845 -0.334061 -0.352039 
0.2 -10.4374 0.0526409 2 4 5 5 5 5 5 5 5 5 5 5 5 5 5 5 5 5 5 5 5 5 5 5 5 5 5 5 5 4 2 -0.352039 -0.334061 -0.335845 -0.335729 -0.33574 -0.335739 -0.335739 -0.335739 -0.335739 -0.335739 -0.335739 -0.335739 -0.335739 -0.335741 -0.335752 -0.335762 -0.335752 -0.335741 -0.335739 -0.335739 -0.335739 -0.335739 -0.335739 -0.335739 -0.335739 -0.335739 -0.33574 -0.335729 -0.335845 -0.334061 -0.352039 
0.3 -10.4374 0.0526531 2 4 5 5 5 5 5 5 5 5 5 5 5 5 5 5 5 5 5 5 5 5 5 5 5 5 5 5 5 4 2 -0.35204 -0.334062 -0.335845 -0.33573 -0.33574 -0.33574 -0.33574 -0.33574 -0.33574 -0.33574 -0.33574 -0.33574 -0.33574 -0.335743 -0.335759 -0.335773 -0.335759 -0.335743 -0.33574 -0.33574 -0.33574 -0.33574 -0.33574 -0.33574 -0.33574 -0.33574 -0.33574 -0.33573 -0.335845 -0.334062 -0.352039 
0.4 -10.4375 0.0526754 2 4 5 5 5 5 5 5 5 5 5 5 5 5 5 5 5 5 5 5 5 5 5 5 5 5 5 5 5 4 2 -0.35204 -0.334062 -0.335846 -0.33573 -0.335741 -0.33574 -0.33574 -0.33574 -0.33574 -0.33574 -0.33574 -0.33574 -0.33574 -0.335745 -0.335772 -0.335794 -0.335772 -0.335745 -0.33574 -0.33574 -0.33574 -0.33574 -0.33574 -0.33574 -0.33574 -0.33574 -0.335741 -0.33573 -0.335846 -0.334062 -0.35204 
0.5 -10.4376 0.0527116 2 4 5 5 5 5 5 5 5 5 5 5 5 5 5 5 5 5 5 5 5 5 5 5 5 5 5 5 5 4 2 -0.352041 -0.334062 -0.335846 -0.33573 -0.335741 -0.33574 -0.33574 -0.33574 -0.33574 -0.33574 -0.33574 -0.33574 -0.335741 -0.335748 -0.335792 -0.335828 -0.335792 -0.335748 -0.335741 -0.33574 -0.33574 -0.33574 -0.33574 -0.33574 -0.33574 -0.33574 -0.335741 -0.33573 -0.335846 -0.334062 -0.35204 
0.6 -10.4377 0.0527666 2 4 5 5 5 5 5 5 5 5 5 5 5 5 5 5 5 5 5 5 5 5 5 5 5 5 5 5 5 4 2 -0.352041 -0.334062 -0.335846 -0.33573 -0.335741 -0.33574 -0.33574 -0.33574 -0.33574 -0.33574 -0.33574 -0.33574 -0.335741 -0.335753 -0.335822 -0.33588 -0.335822 -0.335753 -0.335741 -0.33574 -0.33574 -0.33574 -0.33574 -0.33574 -0.33574 -0.33574 -0.335741 -0.33573 -0.335846 -0.334062 -0.35204 
0.7 -10.4379 0.052847 2 4 5 5 5 5 5 5 5 5 5 5 5 5 5 5 5 5 5 5 5 5 5 5 5 5 5 5 5 4 2 -0.352041 -0.334062 -0.335846 -0.33573 -0.335741 -0.33574 -0.33574 -0.33574 -0.33574 -0.33574 -0.33574 -0.33574 -0.335741 -0.33576 -0.335866 -0.335955 -0.335866 -0.33576 -0.335741 -0.33574 -0.33574 -0.33574 -0.33574 -0.33574 -0.33574 -0.33574 -0.335741 -0.33573 -0.335846 -0.334062 -0.35204 
0.8 -10.4381 0.0529636 2 4 5 5 5 5 5 5 5 5 5 5 5 5 5 5 5 5 5 5 5 5 5 5 5 5 5 5 5 4 2 -0.352041 -0.334062 -0.335846 -0.33573 -0.335741 -0.33574 -0.33574 -0.33574 -0.33574 -0.33574 -0.33574 -0.33574 -0.335742 -0.335769 -0.33593 -0.336064 -0.33593 -0.335769 -0.335742 -0.33574 -0.33574 -0.33574 -0.33574 -0.33574 -0.33574 -0.33574 -0.335741 -0.33573 -0.335846 -0.334062 -0.35204 
0.9 -10.4385 0.053133 2 4 5 5 5 5 5 5 5 5 5 5 5 5 5 5 5 5 5 5 5 5 5 5 5 5 5 5 5 4 2 -0.35204 -0.334061 -0.335845 -0.33573 -0.33574 -0.33574 -0.33574 -0.33574 -0.33574 -0.33574 -0.33574 -0.33574 -0.335742 -0.335784 -0.336023 -0.336223 -0.336023 -0.335784 -0.335742 -0.33574 -0.33574 -0.33574 -0.33574 -0.33574 -0.33574 -0.33574 -0.33574 -0.33573 -0.335845 -0.334062 -0.35204 
1 -10.439 0.0533809 2 4 5 5 5 5 5 5 5 5 5 5 5 5 5 5 5 5 5 5 5 5 5 5 5 5 5 5 5 4 2 -0.35204 -0.334061 -0.335845 -0.335729 -0.33574 -0.335739 -0.335739 -0.335739 -0.335739 -0.335739 -0.335739 -0.335739 -0.335743 -0.335804 -0.336158 -0.336454 -0.336158 -0.335804 -0.335743 -0.335739 -0.335739 -0.335739 -0.335739 -0.335739 -0.335739 -0.335739 -0.33574 -0.335729 -0.335845 -0.334061 -0.35204 
1.1 -10.4398 0.0537464 2 4 5 5 5 5 5 5 5 5 5 5 5 5 5 5 5 5 5 5 5 5 5 5 5 5 5 5 5 4 2 -0.35204 -0.334061 -0.335845 -0.335729 -0.33574 -0.335739 -0.335739 -0.335739 -0.335739 -0.335739 -0.335739 -0.335739 -0.335744 -0.335836 -0.336357 -0.336792 -0.336357 -0.335836 -0.335744 -0.335739 -0.335739 -0.335739 -0.335739 -0.335739 -0.335739 -0.335739 -0.33574 -0.335729 -0.335845 -0.334061 -0.352039 
1.2 -10.441 0.0542876 2 4 5 5 5 5 5 5 5 5 5 5 5 5 5 5 5 5 5 5 5 5 5 5 5 5 5 5 5 4 2 -0.352039 -0.334061 -0.335845 -0.335729 -0.33574 -0.335739 -0.335739 -0.335739 -0.335739 -0.335739 -0.335739 -0.335739 -0.335747 -0.335882 -0.33665 -0.33729 -0.33665 -0.335882 -0.335747 -0.335739 -0.335739 -0.335739 -0.335739 -0.335739 -0.335739 -0.335739 -0.33574 -0.335729 -0.335845 -0.334061 -0.352039 
1.3 -10.4428 0.0550895 2 4 5 5 5 5 5 5 5 5 5 5 5 5 5 5 5 5 5 5 5 5 5 5 5 5 5 5 5 4 2 -0.352039 -0.334061 -0.335845 -0.335729 -0.33574 -0.335739 -0.335739 -0.335739 -0.335739 -0.335739 -0.335739 -0.335739 -0.335751 -0.335952 -0.33708 -0.33802 -0.33708 -0.335952 -0.335751 -0.335739 -0.335739 -0.335739 -0.335739 -0.335739 -0.335739 -0.335739 -0.33574 -0.335729 -0.335845 -0.334061 -0.352039 
1.4 -10.4453 0.0562742 2 4 5 5 5 5 5 5 5 5 5 5 5 5 5 5 5 5 5 5 5 5 5 5 5 5 5 5 5 4 2 -0.352039 -0.334061 -0.335845 -0.335729 -0.33574 -0.335739 -0.335739 -0.335739 -0.335739 -0.335739 -0.335739 -0.33574 -0.335757 -0.336056 -0.337708 -0.339081 -0.337708 -0.336056 -0.335757 -0.33574 -0.335739 -0.335739 -0.335739 -0.335739 -0.335739 -0.335739 -0.33574 -0.335729 -0.335845 -0.334061 -0.352039 
1.5 -10.449 0.0580141 2 4 5 5 5 5 5 5 5 5 5 5 5 5 5 5 5 5 5 5 5 5 5 5 5 5 5 5 5 4 2 -0.352039 -0.334062 -0.335845 -0.33573 -0.33574 -0.33574 -0.33574 -0.33574 -0.33574 -0.33574 -0.335739 -0.33574 -0.335766 -0.336211 -0.338615 -0.340604 -0.338615 -0.336211 -0.335766 -0.33574 -0.335739 -0.33574 -0.33574 -0.33574 -0.33574 -0.33574 -0.33574 -0.33573 -0.335845 -0.334062 -0.352039 
1.6 -10.4542 0.0605466 2 4 5 5 5 5 5 5 5 5 5 5 5 5 5 5 5 5 5 5 5 5 5 5 5 5 5 5 5 4 2 -0.35204 -0.334062 -0.335846 -0.33573 -0.335741 -0.33574 -0.33574 -0.33574 -0.33574 -0.33574 -0.33574 -0.335741 -0.33578 -0.336441 -0.339902 -0.342751 -0.339902 -0.336441 -0.33578 -0.335741 -0.33574 -0.33574 -0.33574 -0.33574 -0.33574 -0.33574 -0.335741 -0.33573 -0.335846 -0.334062 -0.352039 
1.7 -10.4614 0.0641882 2 4 5 5 5 5 5 5 5 5 5 5 5 5 5 5 5 5 5 5 5 5 5 5 5 5 5 5 5 4 2 -0.35204 -0.334062 -0.335846 -0.33573 -0.335741 -0.33574 -0.33574 -0.33574 -0.33574 -0.33574 -0.33574 -0.335741 -0.335801 -0.336779 -0.341692 -0.345702 -0.341692 -0.336779 -0.335801 -0.335741 -0.33574 -0.33574 -0.33574 -0.33574 -0.33574 -0.33574 -0.335741 -0.33573 -0.335846 -0.334062 -0.352039 
1.8 -10.4713 0.0693407 2 4 5 5 5 5 5 5 5 5 5 5 5 5 5 5 5 5 5 5 5 5 5 5 5 5 5 5 5 4 2 -0.35204 -0.334062 -0.335846 -0.33573 -0.335741 -0.33574 -0.33574 -0.33574 -0.33574 -0.33574 -0.33574 -0.335742 -0.335833 -0.337274 -0.34411 -0.349627 -0.34411 -0.337274 -0.335833 -0.335742 -0.33574 -0.33574 -0.33574 -0.33574 -0.33574 -0.33574 -0.335741 -0.33573 -0.335846 -0.334062 -0.35204 
1.9 -10.4841 0.0764799 2 4 5 5 5 5 5 5 5 5 5 5 5 5 5 5 5 5 5 5 5 5 5 5 5 5 5 5 5 4 2 -0.352041 -0.334062 -0.335846 -0.33573 -0.335741 -0.33574 -0.33574 -0.33574 -0.33574 -0.33574 -0.33574 -0.335743 -0.335881 -0.33799 -0.347268 -0.354641 -0.347269 -0.33799 -0.335881 -0.335743 -0.33574 -0.33574 -0.33574 -0.33574 -0.33574 -0.33574 -0.335741 -0.33573 -0.335846 -0.334062 -0.35204 
2 -10.5003 0.086117 2 4 5 5 5 5 5 5 5 5 5 5 5 5 5 5 5 5 5 5 5 5 5 5 5 5 5 5 5 4 2 -0.352041 -0.334062 -0.335846 -0.33573 -0.335741 -0.33574 -0.33574 -0.33574 -0.33574 -0.33574 -0.335739 -0.335744 -0.335956 -0.339008 -0.35123 -0.360748 -0.35123 -0.339008 -0.335956 -0.335744 -0.335739 -0.33574 -0.33574 -0.33574 -0.33574 -0.33574 -0.335741 -0.33573 -0.335846 -0.334062 -0.35204 
2.1 -10.52 0.0987268 2 4 5 5 5 5 5 5 5 5 5 5 5 5 5 5 5 5 5 5 5 5 5 5 5 5 5 5 5 4 2 -0.352041 -0.334061 -0.335845 -0.33573 -0.33574 -0.33574 -0.33574 -0.33574 -0.33574 -0.335739 -0.335738 -0.335747 -0.336075 -0.340422 -0.355977 -0.367804 -0.355977 -0.340422 -0.336075 -0.335747 -0.335738 -0.335739 -0.33574 -0.33574 -0.33574 -0.33574 -0.33574 -0.33573 -0.335845 -0.334062 -0.35204 
2.2 -10.5427 0.114656 2 4 5 5 5 5 5 5 5 5 5 5 5 5 5 5 5 5 5 5 5 5 5 5 5 5 5 5 5 4 2 -0.352041 -0.334061 -0.335845 -0.335729 -0.33574 -0.335739 -0.335739 -0.335739 -0.335739 -0.335739 -0.335737 -0.335751 -0.336264 -0.342324 -0.361396 -0.375531 -0.361396 -0.342325 -0.336265 -0.335751 -0.335737 -0.335739 -0.335739 -0.335739 -0.335739 -0.335739 -0.33574 -0.335729 -0.335845 -0.334061 -0.35204 
2.3 -10.568 0.134039 2 4 5 5 5 5 5 5 5 5 5 5 5 5 5 5 5 5 5 5 5 5 5 5 5 5 5 5 5 4 2 -0.35204 -0.334061 -0.335845 -0.335729 -0.33574 -0.335739 -0.335739 -0.335739 -0.335739 -0.335738 -0.335736 -0.335758 -0.336565 -0.344784 -0.36728 -0.383574 -0.36728 -0.344784 -0.336565 -0.335758 -0.335736 -0.335738 -0.335739 -0.335739 -0.335739 -0.335739 -0.33574 -0.335729 -0.335845 -0.334061 -0.35204 
2.4 -10.5953 0.156748 2 4 5 5 5 5 5 5 5 5 5 5 5 5 5 5 5 5 5 5 5 5 5 5 5 5 5 5 5 4 2 -0.35204 -0.334061 -0.335845 -0.335729 -0.33574 -0.335739 -0.335739 -0.335739 -0.335739 -0.335738 -0.335735 -0.33577 -0.337039 -0.347824 -0.373364 -0.391583 -0.373364 -0.347824 -0.337039 -0.33577 -0.335735 -0.335738 -0.335739 -0.335739 -0.335739 -0.335739 -0.33574 -0.335729 -0.335845 -0.334061 -0.352039 
2.5 -10.6236 0.182404 2 4 5 5 5 5 5 5 5 5 5 5 5 5 5 5 5 5 5 5 5 5 5 5 5 5 5 5 5 4 2 -0.352039 -0.334061 -0.335845 -0.335729 -0.33574 -0.335739 -0.335739 -0.335739 -0.335739 -0.335738 -0.335734 -0.335793 -0.337769 -0.351406 -0.379379 -0.399272 -0.379379 -0.351407 -0.337769 -0.335793 -0.335734 -0.335738 -0.335739 -0.335739 -0.335739 -0.335739 -0.33574 -0.335729 -0.335845 -0.334061 -0.352039 
2.6 -10.6526 0.210431 2 4 5 5 5 5 5 5 5 5 5 5 5 5 5 5 5 5 5 5 5 5 5 5 5 5 5 5 5 4 2 -0.352039 -0.334061 -0.335845 -0.335729 -0.33574 -0.335739 -0.335739 -0.335739 -0.335739 -0.335738 -0.335732 -0.335834 -0.338855 -0.355431 -0.3851 -0.406451 -0.3851 -0.355431 -0.338855 -0.335834 -0.335732 -0.335738 -0.335739 -0.335739 -0.335739 -0.335739 -0.33574 -0.335729 -0.335845 -0.334061 -0.352039 
2.7 -10.6816 0.24014 2 4 5 5 5 5 5 5 5 5 5 5 5 5 5 5 5 5 5 5 5 5 5 5 5 5 5 5 5 4 2 -0.352039 -0.334062 -0.335845 -0.33573 -0.33574 -0.33574 -0.33574 -0.33574 -0.335739 -0.335737 -0.33573 -0.335909 -0.340398 -0.359749 -0.390389 -0.413014 -0.390389 -0.359749 -0.340398 -0.335909 -0.33573 -0.335737 -0.335739 -0.33574 -0.33574 -0.33574 -0.33574 -0.33573 -0.335845 -0.334062 -0.352039 
2.8 -10.7104 0.270825 2 4 5 5 5 5 5 5 5 5 5 5 5 5 5 5 5 5 5 5 5 5 5 5 5 5 5 5 5 4 2 -0.352039 -0.334062 -0.335846 -0.33573 -0.335741 -0.33574 -0.33574 -0.33574 -0.335739 -0.335736 -0.335728 -0.336047 -0.342474 -0.364183 -0.395197 -0.418924 -0.395197 -0.364183 -0.342475 -0.336047 -0.335728 -0.335736 -0.335739 -0.33574 -0.33574 -0.33574 -0.335741 -0.33573 -0.335846 -0.334062 -0.352039 
2.9 -10.7389 0.301833 2 4 5 5 5 5 5 5 5 5 5 5 5 5 5 5 5 5 5 5 5 5 5 5 5 5 5 5 5 4 2 -0.352039 -0.334062 -0.335846 -0.33573 -0.335741 -0.33574 -0.33574 -0.33574 -0.335739 -0.335735 -0.335726 -0.336294 -0.345113 -0.368556 -0.39954 -0.424184 -0.399541 -0.368556 -0.345113 -0.336294 -0.335726 -0.335735 -0.335739 -0.33574 -0.33574 -0.33574 -0.335741 -0.33573 -0.335846 -0.334062 -0.352039 
3 -10.7669 0.332622 2 4 5 5 5 5 5 5 5 5 5 5 5 5 5 6 5 5 5 5 5 5 5 5 5 5 5 5 5 4 2 -0.35204 -0.334062 -0.335846 -0.33573 -0.335741 -0.33574 -0.33574 -0.33574 -0.335739 -0.335733 -0.335727 -0.336721 -0.348276 -0.37272 -0.403474 -0.428821 -0.403474 -0.37272 -0.348276 -0.336721 -0.335727 -0.335733 -0.335739 -0.33574 -0.33574 -0.33574 -0.335741 -0.33573 -0.335846 -0.334062 -0.352039 
3.1 -10.7944 0.362792 2 4 5 5 5 5 5 5 5 5 5 5 5 5 6 6 6 5 5 5 5 5 5 5 5 5 5 5 5 4 2 -0.35204 -0.334062 -0.335846 -0.33573 -0.335741 -0.33574 -0.33574 -0.33574 -0.335739 -0.33573 -0.335732 -0.33742 -0.351863 -0.376583 -0.407064 -0.43287 -0.407064 -0.376583 -0.351864 -0.33742 -0.335732 -0.33573 -0.335739 -0.33574 -0.33574 -0.33574 -0.335741 -0.33573 -0.335846 -0.334062 -0.35204 
3.2 -10.8215 0.392083 2 4 5 5 5 5 5 5 5 5 5 5 5 5 6 7 6 5 5 5 5 5 5 5 5 5 5 5 5 4 2 -0.352041 -0.334062 -0.335846 -0.33573 -0.335741 -0.33574 -0.33574 -0.33574 -0.335738 -0.335725 -0.33575 -0.338499 -0.355727 -0.380123 -0.410371 -0.436364 -0.410371 -0.380123 -0.355728 -0.338499 -0.33575 -0.335725 -0.335738 -0.33574 -0.33574 -0.33574 -0.335741 -0.33573 -0.335846 -0.334062 -0.35204 
3.3 -10.8483 0.420362 2 4 5 5 5 5 5 5 5 5 5 5 5 6 7 7 7 6 5 5 5 5 5 5 5 5 5 5 5 4 2 -0.352041 -0.334061 -0.335845 -0.33573 -0.33574 -0.33574 -0.33574 -0.335739 -0.335736 -0.33572 -0.335796 -0.340055 -0.359693 -0.383378 -0.413448 -0.439332 -0.413448 -0.383378 -0.359693 -0.340055 -0.335796 -0.33572 -0.335736 -0.335739 -0.33574 -0.33574 -0.33574 -0.33573 -0.335845 -0.334062 -0.35204 
3.4 -10.8747 0.447591 2 4 5 5 5 5 5 5 5 5 5 5 5 6 7 8 7 6 5 5 5 5 5 5 5 5 5 5 5 4 2 -0.352041 -0.334061 -0.335845 -0.335729 -0.33574 -0.335739 -0.335739 -0.335739 -0.335735 -0.335714 -0.335897 -0.342151 -0.363583 -0.386424 -0.416331 -0.441801 -0.416331 -0.386424 -0.363583 -0.342151 -0.335897 -0.335714 -0.335735 -0.335739 -0.335739 -0.335739 -0.33574 -0.335729 -0.335845 -0.334061 -0.35204 
3.5 -10.901 0.473789 2 4 5 5 5 5 5 5 5 5 5 5 5 6 8 8 8 6 5 5 5 5 5 5 5 5 5 5 5 4 2 -0.352041 -0.334061 -0.335845 -0.335729 -0.33574 -0.335739 -0.335739 -0.335738 -0.335732 -0.335707 -0.336104 -0.344791 -0.367239 -0.389346 -0.419047 -0.443792 -0.419047 -0.389346 -0.367239 -0.344792 -0.336104 -0.335707 -0.335732 -0.335738 -0.335739 -0.335739 -0.33574 -0.335729 -0.335845 -0.334061 -0.35204 
3.6 -10.927 0.498999 2 4 5 5 5 5 5 5 5 5 5 5 5 7 8 8 8 7 5 5 5 5 5 5 5 5 5 5 5 4 2 -0.352041 -0.334061 -0.335845 -0.335729 -0.33574 -0.335739 -0.335739 -0.335738 -0.33573 -0.3357 -0.336489 -0.347912 -0.370552 -0.392222 -0.421611 -0.445329 -0.421611 -0.392222 -0.370552 -0.347913 -0.336489 -0.3357 -0.33573 -0.335738 -0.335739 -0.335739 -0.33574 -0.335729 -0.335845 -0.334061 -0.35204 
3.7 -10.9528 0.523257 2 4 5 5 5 5 5 5 5 5 5 5 5 7 8 8 8 7 5 5 5 5 5 5 5 5 5 5 5 4 2 -0.35204 -0.334061 -0.335845 -0.335729 -0.33574 -0.335739 -0.335739 -0.335737 -0.335726 -0.335695 -0.337148 -0.351392 -0.373474 -0.395107 -0.424029 -0.446434 -0.424029 -0.395107 -0.373474 -0.351392 -0.337148 -0.335695 -0.335726 -0.335737 -0.335739 -0.335739 -0.33574 -0.335729 -0.335845 -0.334061 -0.35204 
3.8 -10.9785 0.546579 2 4 5 5 5 5 5 5 5 5 5 5 6 8 8 8 8 8 6 5 5 5 5 5 5 5 5 5 5 4 2 -0.35204 -0.334061 -0.335845 -0.335729 -0.33574 -0.335739 -0.335739 -0.335737 -0.335721 -0.335699 -0.338191 -0.35507 -0.376027 -0.398039 -0.426298 -0.447132 -0.426298 -0.398039 -0.376028 -0.35507 -0.338191 -0.335699 -0.335721 -0.335737 -0.335739 -0.335739 -0.33574 -0.335729 -0.335845 -0.334061 -0.352039 
3.9 -11.004 0.568952 2 4 5 5 5 5 5 5 5 5 5 5 6 8 8 8 8 8 6 5 5 5 5 5 5 5 5 5 5 4 2 -0.352039 -0.334062 -0.335846 -0.33573 -0.33574 -0.335739 -0.335739 -0.335736 -0.335715 -0.335724 -0.339715 -0.358769 -0.378285 -0.401035 -0.428412 -0.447453 -0.428412 -0.401035 -0.378285 -0.358769 -0.339716 -0.335724 -0.335715 -0.335736 -0.335739 -0.335739 -0.33574 -0.33573 -0.335846 -0.334062 -0.352039 
4 -11.0295 0.590349 2 4 5 5 5 5 5 5 5 5 5 5 7 8 8 8 8 8 7 5 5 5 5 5 5 5 5 5 5 4 2 -0.352039 -0.334062 -0.335846 -0.33573 -0.335741 -0.33574 -0.335739 -0.335735 -0.335708 -0.335798 -0.341779 -0.36232 -0.380346 -0.404099 -0.430363 -0.44743 -0.430362 -0.404099 -0.380347 -0.36232 -0.341779 -0.335798 -0.335708 -0.335735 -0.335739 -0.33574 -0.335741 -0.33573 -0.335846 -0.334062 -0.352039 
4.1 -11.055 0.610736 2 4 5 5 5 5 5 5 5 5 5 5 7 8 8 9 8 8 7 5 5 5 5 5 5 5 5 5 5 4 2 -0.352039 -0.334062 -0.335846 -0.33573 -0.335741 -0.33574 -0.335739 -0.335733 -0.335699 -0.335967 -0.344379 -0.36558 -0.38231 -0.407223 -0.432139 -0.447098 -0.432139 -0.407223 -0.38231 -0.36558 -0.34438 -0.335967 -0.335699 -0.335733 -0.335739 -0.33574 -0.335741 -0.33573 -0.335846 -0.334062 -0.352039 
4.2 -11.0803 0.630093 2 4 5 5 5 5 5 5 5 5 5 5 7 8 9 9 9 8 7 5 5 5 5 5 5 5 5 5 5 4 2 -0.352039 -0.334063 -0.335846 -0.33573 -0.335741 -0.33574 -0.335739 -0.33573 -0.335688 -0.336303 -0.347444 -0.368457 -0.38426 -0.410386 -0.433734 -0.446497 -0.433734 -0.410386 -0.38426 -0.368457 -0.347444 -0.336303 -0.335688 -0.33573 -0.335739 -0.33574 -0.335741 -0.33573 -0.335846 -0.334062 -0.352039 
4.3 -11.1055 0.648432 2 4 5 5 5 5 5 5 5 5 5 6 8 8 9 10 9 8 8 6 5 5 5 5 5 5 5 5 5 4 2 -0.352039 -0.334062 -0.335846 -0.33573 -0.335741 -0.33574 -0.335739 -0.335726 -0.335677 -0.336903 -0.350843 -0.370921 -0.386261 -0.413562 -0.435139 -0.445668 -0.435139 -0.413562 -0.386261 -0.370921 -0.350843 -0.336904 -0.335677 -0.335726 -0.335739 -0.33574 -0.335741 -0.33573 -0.335846 -0.334062 -0.352039 
4.4 -11.1307 0.6658 2 4 5 5 5 5 5 5 5 5 5 6 8 8 10 10 10 8 8 6 5 5 5 5 5 5 5 5 5 4 2 -0.35204 -0.334062 -0.335846 -0.33573 -0.335741 -0.33574 -0.335738 -0.335721 -0.335671 -0.337877 -0.354411 -0.373008 -0.388355 -0.416716 -0.436353 -0.444654 -0.436353 -0.416716 -0.388355 -0.373008 -0.354411 -0.337877 -0.335671 -0.335721 -0.335738 -0.33574 -0.335741 -0.33573 -0.335846 -0.334062 -0.352039 
4.5 -11.1558 0.682287 2 4 5 5 5 5 5 5 5 5 5 6 8 9 10 11 10 9 8 6 5 5 5 5 5 5 5 5 5 4 2 -0.35204 -0.334062 -0.335845 -0.33573 -0.33574 -0.335739 -0.335736 -0.335714 -0.335681 -0.339325 -0.357968 -0.374803 -0.390572 -0.419809 -0.437375 -0.443499 -0.437375 -0.419809 -0.390572 -0.374803 -0.357968 -0.339325 -0.335681 -0.335714 -0.335736 -0.335739 -0.33574 -0.33573 -0.335845 -0.334062 -0.35204 
4.6 -11.1809 0.698012 2 4 5 5 5 5 5 5 5 5 5 7 8 9 10 11 10 9 8 7 5 5 5 5 5 5 5 5 5 4 2 -0.352041 -0.334061 -0.335845 -0.335729 -0.33574 -0.335739 -0.335734 -0.335705 -0.335731 -0.341308 -0.361344 -0.37641 -0.392925 -0.422802 -0.438208 -0.442246 -0.438208 -0.422802 -0.392925 -0.37641 -0.361344 -0.341309 -0.335731 -0.335705 -0.335734 -0.335739 -0.33574 -0.335729 -0.335845 -0.334061 -0.35204 
4.7 -11.206 0.713114 2 4 5 5 5 5 5 5 5 5 5 7 8 10 11 12 11 10 8 7 5 5 5 5 5 5 5 5 5 4 2 -0.352041 -0.334061 -0.335845 -0.335729 -0.33574 -0.335738 -0.335732 -0.335694 -0.335865 -0.343829 -0.364395 -0.377935 -0.395417 -0.425654 -0.438859 -0.440938 -0.438859 -0.425654 -0.395418 -0.377935 -0.364396 -0.343829 -0.335865 -0.335694 -0.335732 -0.335738 -0.33574 -0.335729 -0.335845 -0.334061 -0.35204 
4.8 -11.2311 0.727733 2 4 5 5 5 5 5 5 5 5 5 7 8 10 12 13 12 10 8 7 5 5 5 5 5 5 5 5 5 4 2 -0.352041 -0.33406 -0.335845 -0.335729 -0.33574 -0.335738 -0.335729 -0.335681 -0.33615 -0.346819 -0.367028 -0.379463 -0.398041 -0.428329 -0.439339 -0.439615 -0.439339 -0.428329 -0.398041 -0.379463 -0.367028 -0.346819 -0.33615 -0.335681 -0.335729 -0.335738 -0.33574 -0.335729 -0.335845 -0.334061 -0.35204 
4.9 -11.2561 0.741992 2 4 5 5 5 5 5 5 5 5 6 8 8 10 12 13 12 10 8 8 6 5 5 5 5 5 5 5 5 4 2 -0.352041 -0.334061 -0.335845 -0.335729 -0.33574 -0.335737 -0.335725 -0.335667 -0.336681 -0.35015 -0.36921 -0.381061 -0.400778 -0.430794 -0.439658 -0.438314 -0.439658 -0.430794 -0.400778 -0.381062 -0.369211 -0.35015 -0.336681 -0.335667 -0.335725 -0.335737 -0.33574 -0.335729 -0.335845 -0.334061 -0.35204 
5 -11.281 0.755987 2 4 5 5 5 5 5 5 5 5 6 8 8 10 13 14 13 10 8 8 6 5 5 5 5 5 5 5 5 4 2 -0.35204 -0.334061 -0.335845 -0.335729 -0.33574 -0.335737 -0.33572 -0.335655 -0.337566 -0.353657 -0.370976 -0.382778 -0.403603 -0.433021 -0.439832 -0.43707 -0.439832 -0.433021 -0.403603 -0.382778 -0.370976 -0.353657 -0.337566 -0.335655 -0.33572 -0.335737 -0.33574 -0.335729 -0.335845 -0.334061 -0.35204 
5.1 -11.3059 0.76978 2 4 5 5 5 5 5 5 5 5 7 8 9 11 13 14 13 11 9 8 7 5 5 5 5 5 5 5 5 4 2 -0.35204 -0.334061 -0.335846 -0.33573 -0.33574 -0.335736 -0.335713 -0.335655 -0.338911 -0.357162 -0.372408 -0.384643 -0.406487 -0.434988 -0.439874 -0.435915 -0.439874 -0.434988 -0.406487 -0.384643 -0.372408 -0.357163 -0.338911 -0.335655 -0.335713 -0.335736 -0.33574 -0.33573 -0.335846 -0.334061 -0.352039 
5.2 -11.3308 0.783406 2 4 5 5 5 5 5 5 5 5 7 8 9 11 14 15 14 11 9 8 7 5 5 5 5 5 5 5 5 4 2 -0.352039 -0.334062 -0.335846 -0.33573 -0.33574 -0.335735 -0.335705 -0.335687 -0.340783 -0.360493 -0.373612 -0.386676 -0.409392 -0.43668 -0.439803 -0.434873 -0.439803 -0.43668 -0.409392 -0.386676 -0.373613 -0.360493 -0.340784 -0.335687 -0.335705 -0.335735 -0.33574 -0.33573 -0.335846 -0.334062 -0.352039 
5.3 -11.3558 0.796875 2 4 5 5 5 5 5 5 5 5 7 8 10 12 15 15 15 12 10 8 7 5 5 5 5 5 5 5 5 4 2 -0.352039 -0.334062 -0.335846 -0.33573 -0.33574 -0.335733 -0.335694 -0.335789 -0.343195 -0.363502 -0.374696 -0.388886 -0.412283 -0.438089 -0.439632 -0.433968 -0.439632 -0.438089 -0.412283 -0.388886 -0.374696 -0.363502 -0.343196 -0.335789 -0.335694 -0.335733 -0.33574 -0.33573 -0.335846 -0.334062 -0.352039 
5.4 -11.3807 0.810195 2 4 5 5 5 5 5 5 5 5 8 8 10 13 15 17 15 13 10 8 8 5 5 5 5 5 5 5 5 4 2 -0.352039 -0.334063 -0.335846 -0.33573 -0.33574 -0.335731 -0.335681 -0.336024 -0.346087 -0.36609 -0.375749 -0.391269 -0.415122 -0.439212 -0.43938 -0.433217 -0.439379 -0.439212 -0.415122 -0.391269 -0.375749 -0.36609 -0.346087 -0.336024 -0.335681 -0.335731 -0.33574 -0.33573 -0.335846 -0.334063 -0.352039 
5.5 -11.4056 0.823375 2 4 5 5 5 5 5 5 5 6 8 8 10 13 17 17 17 13 10 8 8 6 5 5 5 5 5 5 5 4 2 -0.352039 -0.334063 -0.335846 -0.33573 -0.335739 -0.335727 -0.335665 -0.336482 -0.349337 -0.368215 -0.376843 -0.393815 -0.417873 -0.440054 -0.43906 -0.432632 -0.43906 -0.440054 -0.417873 -0.393815 -0.376843 -0.368215 -0.349337 -0.336482 -0.335665 -0.335727 -0.335739 -0.33573 -0.335846 -0.334062 -0.352039 
5.6 -11.4304 0.836442 2 4 5 5 5 5 5 5 5 6 8 9 11 14 17 18 17 14 11 9 8 6 5 5 5 5 5 5 5 4 2 -0.352039 -0.334062 -0.335846 -0.33573 -0.335739 -0.335721 -0.335649 -0.337271 -0.352784 -0.369903 -0.378032 -0.396502 -0.420504 -0.440623 -0.43869 -0.432221 -0.43869 -0.440623 -0.420504 -0.396502 -0.378032 -0.369904 -0.352784 -0.337271 -0.335649 -0.335721 -0.335739 -0.33573 -0.335846 -0.334062 -0.352039 
5.7 -11.4552 0.849444 2 4 5 5 5 5 5 5 5 7 8 9 11 15 18 18 18 15 11 9 8 7 5 5 5 5 5 5 5 4 2 -0.35204 -0.334062 -0.335845 -0.335729 -0.335737 -0.335714 -0.33564 -0.338498 -0.356247 -0.37123 -0.379354 -0.399304 -0.422986 -0.440933 -0.438283 -0.431986 -0.438283 -0.440933 -0.422986 -0.399304 -0.379354 -0.371231 -0.356247 -0.338498 -0.33564 -0.335714 -0.335737 -0.335729 -0.335845 -0.334062 -0.352039 
5.8 -11.48 0.862443 2 4 5 5 5 5 5 5 5 7 8 9 12 15 18 19 18 15 12 9 8 7 5 5 5 5 5 5 5 4 2 -0.35204 -0.334061 -0.335845 -0.335729 -0.335736 -0.335705 -0.335655 -0.340243 -0.359552 -0.3723 -0.380836 -0.402187 -0.425295 -0.441003 -0.437853 -0.431926 -0.437853 -0.441003 -0.425295 -0.402187 -0.380837 -0.3723 -0.359552 -0.340243 -0.335655 -0.335705 -0.335736 -0.335729 -0.335845 -0.334061 -0.35204 
5.9 -11.5049 0.875507 2 4 5 5 5 5 5 5 5 7 8 10 13 17 19 20 19 17 13 10 8 7 5 5 5 5 5 5 5 4 2 -0.352041 -0.334061 -0.335845 -0.335728 -0.335734 -0.335694 -0.335728 -0.34253 -0.362544 -0.373218 -0.382498 -0.405115 -0.427411 -0.440855 -0.437412 -0.432033 -0.437412 -0.440855 -0.427411 -0.405115 -0.382498 -0.373218 -0.362544 -0.342531 -0.335728 -0.335694 -0.335734 -0.335728 -0.335845 -0.334061 -0.35204 
6 -11.5297 0.8887 2 4 5 5 5 5 5 5 5 8 8 10 13 17 20 21 20 17 13 10 8 8 5 5 5 5 5 5 5 4 2 -0.352041 -0.33406 -0.335845 -0.335728 -0.335731 -0.33568 -0.335916 -0.345316 -0.365113 -0.374078 -0.384346 -0.40805 -0.429319 -0.440512 -0.436973 -0.432297 -0.436972 -0.440512 -0.429319 -0.408049 -0.384346 -0.374078 -0.365113 -0.345316 -0.335916 -0.33568 -0.335731 -0.335728 -0.335845 -0.334061 -0.35204 
6.1 -11.5545 0.902063 2 4 5 5 5 5 5 5 6 8 8 10 14 18 21 22 21 18 14 10 8 8 6 5 5 5 5 5 5 4 2 -0.352041 -0.33406 -0.335845 -0.335728 -0.335727 -0.335664 -0.3363 -0.348489 -0.367206 -0.374954 -0.386381 -0.410953 -0.431008 -0.440002 -0.436544 -0.432703 -0.436544 -0.440002 -0.431009 -0.410953 -0.386382 -0.374954 -0.367206 -0.348489 -0.3363 -0.335664 -0.335727 -0.335728 -0.335845 -0.334061 -0.35204 
6.2 -11.5792 0.915608 2 4 5 5 5 5 5 5 6 8 9 11 14 18 21 23 21 18 14 11 9 8 6 5 5 5 5 5 5 4 2 -0.352041 -0.334061 -0.335845 -0.335727 -0.335722 -0.335646 -0.336988 -0.351894 -0.368832 -0.3759 -0.388594 -0.413789 -0.432475 -0.439354 -0.436137 -0.433233 -0.436137 -0.439353 -0.432475 -0.413789 -0.388594 -0.3759 -0.368832 -0.351894 -0.336988 -0.335646 -0.335722 -0.335727 -0.335845 -0.334061 -0.35204 
6.3 -11.604 0.929315 2 4 5 5 5 5 5 5 6 8 9 11 15 19 22 23 22 19 15 11 9 8 6 5 5 5 5 5 5 4 2 -0.352041 -0.334061 -0.335845 -0.335727 -0.335716 -0.335633 -0.338088 -0.355353 -0.37006 -0.376958 -0.390967 -0.416523 -0.433716 -0.438595 -0.435759 -0.433865 -0.435759 -0.438595 -0.433717 -0.416522 -0.390968 -0.376958 -0.37006 -0.355354 -0.338088 -0.335633 -0.335716 -0.335727 -0.335845 -0.334061 -0.35204 
6.4 -11.6287 0.943133 2 4 5 5 5 5 5 5 7 8 9 12 15 20 23 25 23 20 15 12 9 8 7 5 5 5 5 5 5 4 2 -0.35204 -0.334062 -0.335845 -0.335726 -0.335708 -0.335636 -0.33969 -0.358688 -0.370988 -0.37816 -0.393478 -0.419124 -0.434735 -0.437757 -0.435417 -0.434579 -0.435417 -0.437756 -0.434736 -0.419123 -0.393479 -0.378159 -0.370988 -0.358689 -0.339691 -0.335636 -0.335708 -0.335726 -0.335845 -0.334062 -0.35204 
6.5 -11.6535 0.956991 2 4 5 5 5 5 5 5 7 8 10 13 17 20 25 26 25 20 17 13 10 8 7 5 5 5 5 5 5 4 2 -0.35204 -0.334062 -0.335845 -0.335724 -0.335698 -0.335686 -0.341834 -0.36174 -0.371723 -0.379525 -0.3961 -0.421565 -0.435538 -0.436867 -0.435116 -0.435348 -0.435117 -0.436866 -0.435539 -0.421563 -0.396101 -0.379525 -0.371723 -0.36174 -0.341834 -0.335686 -0.335698 -0.335724 -0.335845 -0.334062 -0.352039 
6.6 -11.6783 0.97081 2 4 5 5 5 5 5 5 7 8 10 13 17 21 25 27 25 21 17 13 10 8 7 5 5 5 5 5 5 4 2 -0.352039 -0.334062 -0.335845 -0.335722 -0.335684 -0.33583 -0.344491 -0.364385 -0.37236 -0.381069 -0.398802 -0.423822 -0.436133 -0.435956 -0.434861 -0.436149 -0.434862 -0.435955 -0.436135 -0.42382 -0.398803 -0.381068 -0.37236 -0.364385 -0.344492 -0.33583 -0.335684 -0.335722 -0.335845 -0.334062 -0.352039 
6.7 -11.703 0.984517 2 4 5 5 5 5 5 6 8 8 10 14 18 22 27 27 26 22 18 14 10 8 8 6 5 5 5 5 5 4 2 -0.352039 -0.334062 -0.335845 -0.335719 -0.335668 -0.336147 -0.347566 -0.366555 -0.372976 -0.382795 -0.401551 -0.425877 -0.436534 -0.435049 -0.434655 -0.436956 -0.434656 -0.435047 -0.436536 -0.425875 -0.401552 -0.382795 -0.372976 -0.366555 -0.347566 -0.336147 -0.335668 -0.335719 -0.335845 -0.334062 -0.352039 
6.8 -11.7277 0.998058 2 4 5 5 5 5 5 6 8 9 11 14 18 23 27 29 27 23 18 14 11 9 8 6 5 5 5 5 5 4 2 -0.352039 -0.334062 -0.335844 -0.335714 -0.335649 -0.336735 -0.35091 -0.368246 -0.373632 -0.384703 -0.404315 -0.427715 -0.436753 -0.434172 -0.434499 -0.437745 -0.4345 -0.434171 -0.436755 -0.427713 -0.404317 -0.384702 -0.373632 -0.368246 -0.35091 -0.336735 -0.335649 -0.335714 -0.335844 -0.334062 -0.352039 
6.9 -11.7524 1.0114 2 4 5 5 5 5 5 6 8 9 11 15 19 23 29 30 29 23 19 15 11 9 8 6 5 5 5 5 5 4 2 -0.352039 -0.334062 -0.335843 -0.335707 -0.335631 -0.337707 -0.354348 -0.369511 -0.374371 -0.38678 -0.407062 -0.429327 -0.436808 -0.433349 -0.434393 -0.438493 -0.434394 -0.433347 -0.43681 -0.429325 -0.407063 -0.38678 -0.374371 -0.369511 -0.354349 -0.337707 -0.335631 -0.335707 -0.335843 -0.334062 -0.352039 
7 -11.777 1.02453 2 4 5 5 5 5 5 7 8 9 12 16 20 25 29 32 29 25 20 16 12 9 8 7 5 5 5 5 5 4 2 -0.35204 -0.334061 -0.335842 -0.335699 -0.335624 -0.339161 -0.3577 -0.370443 -0.375228 -0.389012 -0.40976 -0.430708 -0.436716 -0.432599 -0.434337 -0.439181 -0.434337 -0.432597 -0.436718 -0.430705 -0.409762 -0.389012 -0.375228 -0.370443 -0.357701 -0.339161 -0.335624 -0.335699 -0.335842 -0.334061 -0.352039 
7.1 -11.8018 1.03747 2 4 5 5 5 5 5 7 8 10 13 17 21 27 32 33 32 26 21 17 13 10 8 7 5 5 5 5 5 4 2 -0.35204 -0.33406 -0.33584 -0.335688 -0.335653 -0.341153 -0.360799 -0.371147 -0.376229 -0.391377 -0.412382 -0.431854 -0.436496 -0.431939 -0.434327 -0.439789 -0.434328 -0.431938 -0.436498 -0.431851 -0.412384 -0.391377 -0.376229 -0.371147 -0.3608 -0.341153 -0.335653 -0.335688 -0.33584 -0.33406 -0.352039 
7.2 -11.8265 1.05022 2 4 5 5 5 5 5 7 8 10 13 17 21 27 33 35 33 27 21 17 13 10 8 7 5 5 5 5 5 4 2 -0.35204 -0.33406 -0.335837 -0.335675 -0.33576 -0.343672 -0.363511 -0.371721 -0.377393 -0.39385 -0.414901 -0.432771 -0.436167 -0.431385 -0.434362 -0.440302 -0.434362 -0.431384 -0.43617 -0.432768 -0.414903 -0.39385 -0.377393 -0.371721 -0.363512 -0.343673 -0.33576 -0.335675 -0.335837 -0.33406 -0.35204 
7.3 -11.8512 1.0628 2 4 5 5 5 5 5 8 8 10 14 18 22 28 34 36 34 28 22 18 14 10 8 8 5 5 5 5 5 4 2 -0.352041 -0.33406 -0.335834 -0.335659 -0.336013 -0.346642 -0.365752 -0.372244 -0.378733 -0.396403 -0.417294 -0.433463 -0.43575 -0.430946 -0.434436 -0.440707 -0.434436 -0.430945 -0.435752 -0.433461 -0.417295 -0.396403 -0.378733 -0.372244 -0.365752 -0.346642 -0.336013 -0.335659 -0.335834 -0.33406 -0.35204 
7.4 -11.8759 1.07522 2 4 5 5 5 5 6 8 9 11 14 18 23 29 35 38 35 29 23 18 15 11 9 8 6 5 5 5 5 4 2 -0.352041 -0.334059 -0.33583 -0.33564 -0.336507 -0.349925 -0.367499 -0.372778 -0.380252 -0.399007 -0.419539 -0.433942 -0.435265 -0.43063 -0.434545 -0.440997 -0.434545 -0.430629 -0.435267 -0.43394 -0.41954 -0.399008 -0.380252 -0.372778 -0.367499 -0.349925 -0.336507 -0.33564 -0.33583 -0.334059 -0.35204 
7.5 -11.9005 1.08748 2 4 5 5 5 5 6 8 9 11 15 19 24 30 37 39 37 30 24 19 15 11 9 8 6 5 5 5 5 4 2 -0.352041 -0.334059 -0.335825 -0.335621 -0.337353 -0.353351 -0.368791 -0.373369 -0.381947 -0.401635 -0.421619 -0.43422 -0.43473 -0.43044 -0.434683 -0.441165 -0.434684 -0.43044 -0.434732 -0.434218 -0.42162 -0.401635 -0.381947 -0.373369 -0.368792 -0.353351 -0.337353 -0.335621 -0.335825 -0.334059 -0.35204 
7.6 -11.9252 1.09954 2 4 5 5 5 5 7 8 9 12 16 20 25 32 39 41 39 32 25 20 16 12 9 8 7 5 5 5 5 4 2 -0.35204 -0.334058 -0.335818 -0.335609 -0.338655 -0.356739 -0.369713 -0.374054 -0.383811 -0.404256 -0.423521 -0.434313 -0.434166 -0.430377 -0.434846 -0.441209 -0.434846 -0.430377 -0.434167 -0.434312 -0.423522 -0.404256 -0.383811 -0.374054 -0.369713 -0.356739 -0.338655 -0.335609 -0.335818 -0.334059 -0.35204 
7.7 -11.9498 1.11139 2 4 5 5 5 5 7 8 10 13 17 21 26 33 40 43 40 33 27 21 17 13 10 8 7 5 5 5 5 4 2 -0.35204 -0.334057 -0.335808 -0.335622 -0.340483 -0.359917 -0.370366 -0.37486 -0.385828 -0.406843 -0.425233 -0.43424 -0.433589 -0.430438 -0.435026 -0.441132 -0.435026 -0.430438 -0.43359 -0.434239 -0.425233 -0.406843 -0.385829 -0.37486 -0.370366 -0.359917 -0.340483 -0.335622 -0.335808 -0.334058 -0.352039 
7.8 -11.9746 1.12298 2 4 5 5 5 5 7 8 10 13 17 21 27 34 43 44 43 34 27 21 17 13 10 8 7 5 5 5 5 4 2 -0.352039 -0.334056 -0.335796 -0.335697 -0.342849 -0.36274 -0.370851 -0.375808 -0.387982 -0.409369 -0.426748 -0.434022 -0.433017 -0.430616 -0.435218 -0.440937 -0.435218 -0.430616 -0.433017 -0.434021 -0.426748 -0.40937 -0.387982 -0.375808 -0.370851 -0.36274 -0.342849 -0.335697 -0.335796 -0.334056 -0.352039 
7.9 -11.9993 1.13431 2 4 5 5 5 5 8 8 10 14 18 22 29 36 44 47 44 36 29 23 18 14 10 8 8 5 5 5 5 4 2 -0.352039 -0.334053 -0.335781 -0.335894 -0.345692 -0.365107 -0.371253 -0.376913 -0.390251 -0.411811 -0.428062 -0.433679 -0.432464 -0.430903 -0.435415 -0.440633 -0.435415 -0.430903 -0.432463 -0.433679 -0.428061 -0.411811 -0.390251 -0.376912 -0.371253 -0.365108 -0.345693 -0.335894 -0.335781 -0.334053 -0.352039 
8 -12.0239 1.14535 2 4 5 5 5 6 8 9 11 14 18 23 29 37 46 48 46 37 29 23 18 14 11 9 8 6 5 5 5 4 2 -0.352038 -0.334049 -0.335762 -0.336301 -0.348891 -0.366979 -0.371636 -0.378182 -0.392612 -0.414143 -0.429174 -0.433235 -0.431944 -0.431287 -0.435612 -0.44023 -0.435612 -0.431288 -0.431942 -0.433236 -0.429173 -0.414144 -0.392613 -0.378182 -0.371636 -0.366979 -0.348892 -0.336301 -0.335762 -0.334049 -0.352038 
8.1 -12.0485 1.15612 2 4 5 5 5 6 8 9 11 15 19 25 30 39 47 50 48 39 30 25 19 15 11 9 8 6 5 5 5 4 2 -0.352038 -0.334043 -0.335741 -0.337025 -0.352282 -0.368377 -0.372049 -0.379618 -0.395042 -0.416347 -0.430087 -0.432713 -0.431468 -0.431755 -0.435804 -0.439741 -0.435804 -0.431756 -0.431466 -0.432714 -0.430086 -0.416347 -0.395043 -0.379618 -0.372049 -0.368377 -0.352283 -0.337025 -0.335741 -0.334043 -0.352038 
8.2 -12.0731 1.16665 2 4 5 5 5 7 8 9 12 16 20 26 32 42 50 53 50 42 32 26 20 15 12 9 8 7 5 5 5 4 2 -0.352037 -0.334035 -0.335723 -0.338176 -0.355685 -0.369373 -0.372532 -0.381215 -0.397517 -0.418403 -0.430806 -0.432135 -0.431046 -0.432293 -0.435984 -0.43918 -0.435984 -0.432294 -0.431044 -0.432137 -0.430805 -0.418403 -0.397518 -0.381215 -0.372532 -0.369373 -0.355685 -0.338177 -0.335723 -0.334035 -0.352037 
8.3 -12.0977 1.17697 2 4 5 5 5 7 8 10 13 17 21 27 33 43 51 54 51 43 33 27 21 17 13 10 8 7 5 5 5 4 2 -0.352037 -0.334026 -0.335724 -0.339838 -0.358921 -0.370067 -0.373113 -0.382966 -0.400012 -0.420296 -0.431341 -0.431525 -0.430687 -0.432884 -0.436149 -0.438565 -0.436149 -0.432885 -0.430685 -0.431526 -0.431339 -0.420296 -0.400013 -0.382965 -0.373112 -0.370067 -0.358922 -0.339839 -0.335724 -0.334026 -0.352037 
8.4 -12.1224 1.18715 2 4 5 5 5 7 8 10 13 17 21 27 35 45 53 56 53 45 35 27 21 17 13 10 8 7 5 5 5 4 2 -0.352036 -0.334014 -0.335773 -0.342042 -0.361838 -0.370559 -0.373816 -0.384855 -0.402503 -0.422013 -0.431701 -0.430902 -0.430396 -0.43351 -0.436294 -0.43791 -0.436295 -0.433511 -0.430394 -0.430904 -0.4317 -0.422013 -0.402504 -0.384855 -0.373816 -0.370559 -0.361838 -0.342042 -0.335773 -0.334014 -0.352036 
8.5 -12.1471 1.19722 2 4 5 5 5 8 8 10 14 18 22 29 36 46 55 59 55 47 36 29 22 18 14 10 8 8 5 5 5 4 2 -0.352036 -0.333999 -0.335923 -0.344749 -0.364318 -0.370937 -0.374659 -0.386868 -0.404966 -0.423546 -0.431901 -0.430287 -0.430178 -0.434154 -0.436418 -0.437235 -0.436418 -0.434155 -0.430176 -0.430289 -0.4319 -0.423546 -0.404968 -0.386868 -0.374659 -0.370938 -0.364319 -0.344749 -0.335923 -0.333999 -0.352035 
8.6 -12.1718 1.20724 2 4 5 5 6 8 8 10 14 18 23 30 38 49 57 61 57 49 38 31 23 18 14 10 8 8 6 5 5 4 2 -0.352034 -0.33398 -0.336253 -0.347854 -0.366304 -0.371271 -0.375654 -0.388987 -0.407379 -0.424888 -0.431955 -0.429699 -0.430036 -0.434798 -0.436516 -0.436557 -0.436516 -0.434799 -0.430034 -0.429701 -0.431954 -0.424887 -0.40738 -0.388987 -0.375654 -0.371272 -0.366304 -0.347854 -0.336253 -0.33398 -0.352033 
8.7 -12.1964 1.21724 2 4 5 5 6 8 9 11 15 19 25 32 40 51 59 64 59 51 40 32 25 19 15 11 9 8 6 5 5 4 2 -0.352032 -0.333959 -0.336865 -0.351203 -0.367797 -0.371613 -0.376807 -0.391191 -0.40972 -0.426035 -0.43188 -0.429154 -0.42997 -0.435426 -0.436588 -0.435892 -0.436589 -0.435427 -0.429968 -0.429156 -0.431879 -0.426035 -0.409721 -0.391191 -0.376807 -0.371613 -0.367797 -0.351204 -0.336865 -0.333959 -0.352031 
8.8 -12.2209 1.22726 2 4 5 5 7 8 9 11 15 20 26 32 42 51 62 66 62 52 42 32 26 20 15 12 9 8 7 5 5 4 2 -0.35203 -0.333938 -0.337872 -0.354619 -0.368857 -0.372 -0.378117 -0.393462 -0.411967 -0.42699 -0.431693 -0.428665 -0.429979 -0.436021 -0.436634 -0.435257 -0.436634 -0.436022 -0.429978 -0.428667 -0.431691 -0.42699 -0.411968 -0.393462 -0.378117 -0.372001 -0.368857 -0.35462 -0.337872 -0.333938 -0.352029 
8.9 -12.2456 1.23732 2 4 5 5 7 8 10 13 17 21 27 35 43 54 65 69 64 54 43 35 27 21 17 13 10 8 7 5 5 4 2 -0.352028 -0.333928 -0.339369 -0.357922 -0.369577 -0.372465 -0.379581 -0.395777 -0.414102 -0.427756 -0.431411 -0.428246 -0.430061 -0.436568 -0.436652 -0.434665 -0.436652 -0.436569 -0.43006 -0.428248 -0.43141 -0.427756 -0.414103 -0.395778 -0.37958 -0.372466 -0.369577 -0.357922 -0.339369 -0.333928 -0.352027 
9 -12.2702 1.24742 2 4 5 5 7 8 10 13 17 21 27 35 45 55 67 71 67 55 45 35 27 21 17 13 10 8 7 5 5 4 2 -0.352026 -0.333953 -0.341405 -0.360948 -0.370059 -0.373032 -0.381189 -0.398117 -0.416109 -0.42834 -0.431053 -0.427905 -0.430212 -0.437054 -0.436644 -0.434131 -0.436644 -0.437054 -0.430211 -0.427907 -0.431051 -0.428341 -0.41611 -0.398118 -0.381188 -0.373032 -0.370059 -0.360948 -0.341405 -0.333953 -0.352025 
9.1 -12.2949 1.25758 2 4 5 5 8 8 10 14 18 22 29 37 47 57 69 74 69 57 47 37 29 23 18 14 10 8 8 5 5 4 2 -0.352026 -0.334056 -0.343964 -0.363567 -0.370394 -0.37372 -0.38293 -0.40046 -0.417972 -0.428752 -0.430635 -0.427652 -0.430427 -0.437468 -0.436611 -0.433665 -0.436611 -0.437468 -0.430426 -0.427653 -0.430633 -0.428753 -0.417972 -0.400461 -0.38293 -0.37372 -0.370394 -0.363568 -0.343964 -0.334056 -0.352025 
9.2 -12.3196 1.2678 2 4 5 5 8 8 10 14 18 23 31 39 49 59 73 79 73 60 49 40 31 23 18 14 10 8 8 5 5 4 2 -0.352028 -0.334308 -0.34696 -0.365703 -0.370658 -0.374542 -0.384792 -0.402784 -0.419679 -0.429004 -0.430175 -0.42749 -0.430697 -0.4378 -0.436555 -0.433276 -0.436556 -0.4378 -0.430696 -0.427491 -0.430173 -0.429005 -0.419679 -0.402786 -0.384791 -0.374542 -0.370658 -0.365703 -0.34696 -0.334308 -0.352027 
9.3 -12.3443 1.27811 2 4 5 6 8 9 11 15 19 25 32 40 50 62 74 81 75 62 50 40 32 25 19 15 11 9 8 6 5 4 2 -0.352036 -0.334803 -0.350252 -0.367337 -0.370904 -0.375505 -0.386759 -0.40507 -0.421221 -0.429111 -0.42969 -0.427422 -0.431016 -0.438045 -0.436479 -0.432971 -0.43648 -0.438044 -0.431016 -0.427424 -0.429687 -0.429112 -0.42122 -0.405072 -0.386758 -0.375505 -0.370904 -0.367337 -0.350252 -0.334803 -0.352036 
9.4 -12.3689 1.28851 2 4 5 6 8 9 11 15 20 26 32 42 53 64 79 84 79 64 53 42 32 26 20 15 11 9 8 6 5 4 2 -0.352057 -0.335651 -0.353667 -0.368513 -0.371176 -0.376614 -0.388815 -0.407297 -0.422591 -0.429088 -0.429194 -0.42745 -0.431375 -0.438197 -0.436385 -0.432754 -0.436386 -0.438197 -0.431374 -0.427452 -0.429191 -0.42909 -0.42259 -0.407298 -0.388815 -0.376614 -0.371176 -0.368513 -0.353667 -0.335652 -0.352057 
9.5 -12.3936 1.29902 2 4 5 7 8 9 12 17 21 26 35 44 54 67 81 87 81 67 54 44 35 26 21 17 12 10 8 7 5 4 2 -0.352104 -0.336955 -0.357022 -0.369316 -0.371505 -0.377865 -0.390945 -0.409445 -0.423785 -0.428953 -0.428702 -0.427572 -0.431764 -0.438256 -0.436277 -0.432628 -0.436277 -0.438256 -0.431763 -0.427575 -0.428698 -0.428955 -0.423784 -0.409447 -0.390944 -0.377865 -0.371505 -0.369316 -0.357023 -0.336955 -0.352104 
9.6 -12.4183 1.30966 2 4 5 7 8 10 13 17 21 28 35 46 56 70 85 90 85 70 56 46 36 28 21 17 13 10 8 7 5 4 2 -0.352205 -0.338779 -0.360147 -0.369846 -0.371918 -0.379254 -0.39313 -0.411495 -0.424804 -0.428723 -0.428228 -0.427783 -0.432173 -0.438222 -0.436156 -0.432593 -0.436156 -0.438222 -0.432172 -0.427787 -0.428224 -0.428725 -0.424802 -0.411498 -0.39313 -0.379254 -0.371918 -0.369847 -0.360148 -0.338779 -0.352205 
9.7 -12.4432 1.32044 2 4 5 7 8 10 13 18 22 29 37 48 58 73 87 95 88 73 58 48 37 29 22 18 13 10 8 7 5 4 2 -0.352408 -0.341127 -0.362899 -0.3702 -0.372434 -0.380771 -0.395354 -0.413432 -0.42565 -0.428415 -0.427783 -0.428079 -0.432593 -0.4381 -0.436026 -0.432645 -0.436027 -0.4381 -0.432591 -0.428083 -0.427779 -0.428419 -0.425647 -0.413435 -0.395353 -0.380771 -0.372434 -0.3702 -0.3629 -0.341127 -0.352408 
9.8 -12.4681 1.33134 2 4 6 8 8 10 14 18 23 31 40 50 60 76 90 98 90 76 60 50 40 31 23 18 14 10 8 8 6 4 2 -0.352789 -0.343931 -0.365181 -0.370455 -0.37307 -0.382408 -0.397597 -0.41524 -0.426327 -0.428049 -0.42738 -0.428451 -0.433012 -0.437894 -0.435891 -0.432781 -0.435891 -0.437895 -0.43301 -0.428455 -0.427375 -0.428053 -0.426325 -0.415243 -0.397596 -0.382408 -0.37307 -0.370455 -0.365182 -0.343932 -0.352789 
9.9 -12.4931 1.34238 2 4 6 8 9 11 15 19 25 32 40 51 63 77 94 103 95 77 63 52 40 32 25 19 15 11 9 8 6 4 2 -0.353455 -0.347063 -0.366956 -0.370672 -0.373836 -0.384152 -0.399841 -0.416907 -0.426845 -0.427641 -0.427027 -0.428889 -0.433422 -0.437612 -0.435753 -0.432995 -0.435754 -0.437614 -0.433419 -0.428894 -0.427021 -0.427645 -0.426842 -0.416909 -0.39984 -0.384152 -0.373835 -0.370672 -0.366956 -0.347063 -0.353455 
10 -12.5182 1.35354 2 4 7 8 9 11 15 20 26 33 42 53 65 81 99 107 100 81 64 53 42 33 26 20 15 11 9 8 7 4 2 -0.354536 -0.350352 -0.368246 -0.370894 -0.374736 -0.385991 -0.402067 -0.418422 -0.427212 -0.427207 -0.426732 -0.429383 -0.433814 -0.437265 -0.435616 -0.433277 -0.435616 -0.437266 -0.433811 -0.429389 -0.426726 -0.427211 -0.427209 -0.418424 -0.402067 -0.385991 -0.374736 -0.370894 -0.368246 -0.350352 -0.354535 
10.1 -12.5435 1.36478 2 4 7 8 9 12 17 21 26 34 44 55 69 83 102 110 102 84 69 55 44 34 26 21 17 12 9 8 7 4 2 -0.356161 -0.353612 -0.369126 -0.371156 -0.375771 -0.387912 -0.404256 -0.419777 -0.427439 -0.426764 -0.426503 -0.42992 -0.43418 -0.436863 -0.435481 -0.43362 -0.435482 -0.436864 -0.434175 -0.429926 -0.426497 -0.426768 -0.427437 -0.41978 -0.404256 -0.387912 -0.375771 -0.371156 -0.369126 -0.353613 -0.356161 
10.2 -12.5689 1.3761 2 4 8 8 10 13 17 21 28 36 46 58 70 87 107 116 107 87 71 58 46 36 28 21 17 13 10 8 8 4 2 -0.358433 -0.356664 -0.369692 -0.371484 -0.37694 -0.389901 -0.406389 -0.42097 -0.427541 -0.426327 -0.426345 -0.430488 -0.434511 -0.436417 -0.435353 -0.434011 -0.435353 -0.436419 -0.434506 -0.430494 -0.426339 -0.426331 -0.427538 -0.420972 -0.406389 -0.389901 -0.37694 -0.371484 -0.369692 -0.356665 -0.358432 
10.3 -12.5945 1.38746 2 4 8 8 10 13 18 22 29 37 48 59 73 89 110 120 111 89 73 59 48 37 29 22 18 13 10 8 8 4 2 -0.361391 -0.359351 -0.37004 -0.3719 -0.378236 -0.391944 -0.408448 -0.421998 -0.427529 -0.425908 -0.426262 -0.431072 -0.434803 -0.43594 -0.435232 -0.434438 -0.435232 -0.435943 -0.434798 -0.431079 -0.426256 -0.425912 -0.427526 -0.422 -0.408448 -0.391945 -0.378236 -0.3719 -0.37004 -0.359351 -0.361391 
10.4 -12.6202 1.39885 2 4 8 9 10 14 18 23 31 40 50 62 77 94 114 125 115 94 77 63 50 40 31 23 18 14 10 9 8 4 2 -0.364998 -0.361556 -0.370254 -0.372419 -0.379651 -0.394027 -0.410416 -0.422863 -0.427419 -0.425521 -0.426255 -0.431658 -0.435051 -0.435446 -0.435121 -0.43489 -0.435122 -0.435449 -0.435045 -0.431665 -0.426249 -0.425525 -0.427416 -0.422864 -0.410416 -0.394027 -0.379651 -0.372419 -0.370254 -0.361557 -0.364998 
10.5 -12.6456 1.41023 2 4 8 9 11 15 19 25 32 40 52 64 80 97 119 128 119 98 79 64 52 40 32 25 19 15 11 9 8 4 2 -0.369135 -0.363222 -0.370394 -0.373054 -0.381178 -0.396131 -0.412277 -0.423568 -0.427224 -0.425178 -0.426325 -0.432233 -0.435251 -0.434948 -0.435022 -0.435354 -0.435023 -0.43495 -0.435244 -0.43224 -0.42632 -0.425181 -0.427222 -0.42357 -0.412277 -0.396131 -0.381179 -0.373054 -0.370394 -0.363222 -0.369135 
10.6 -12.6706 1.4216 2 4 8 9 11 15 19 26 32 42 53 67 82 101 124 134 124 101 82 67 53 42 33 26 20 16 11 9 8 4 2 -0.373617 -0.364353 -0.370505 -0.37381 -0.382808 -0.398242 -0.414017 -0.424122 -0.42696 -0.424886 -0.426471 -0.432784 -0.435401 -0.434457 -0.434937 -0.435816 -0.434938 -0.43446 -0.435394 -0.432791 -0.426466 -0.424889 -0.426959 -0.424123 -0.414017 -0.398242 -0.382808 -0.37381 -0.370506 -0.364353 -0.373617 
10.7 -12.6946 1.43293 2 4 8 10 12 16 20 26 34 44 55 70 85 104 126 137 128 104 85 70 55 44 34 26 20 16 12 10 8 4 2 -0.378206 -0.365009 -0.370619 -0.374689 -0.38453 -0.400341 -0.415625 -0.424532 -0.426641 -0.424656 -0.426688 -0.433299 -0.4355 -0.433987 -0.434866 -0.436263 -0.434867 -0.433989 -0.435494 -0.433305 -0.426684 -0.424658 -0.42664 -0.424533 -0.415625 -0.400341 -0.38453 -0.374689 -0.370619 -0.365009 -0.378206 
10.8 -12.7175 1.44421 2 4 8 10 13 17 21 28 36 46 58 72 90 111 132 142 132 111 90 72 58 46 36 28 21 17 13 10 8 4 2 -0.382621 -0.365285 -0.370758 -0.375689 -0.386334 -0.402412 -0.417091 -0.424808 -0.42628 -0.424494 -0.426972 -0.433765 -0.435549 -0.433549 -0.43481 -0.436685 -0.434812 -0.43355 -0.435543 -0.433771 -0.426969 -0.424495 -0.426279 -0.424809 -0.417092 -0.402411 -0.386334 -0.375689 -0.370758 -0.365285 -0.382621 
10.9 -12.7388 1.45544 2 4 8 10 13 17 22 29 37 48 59 76 93 113 136 147 137 114 94 76 60 48 37 28 22 17 13 10 8 4 2 -0.386563 -0.365282 -0.370937 -0.376805 -0.388208 -0.404436 -0.41841 -0.424964 -0.425892 -0.424404 -0.427317 -0.434175 -0.43555 -0.433152 -0.434771 -0.43707 -0.434773 -0.433153 -0.435545 -0.434179 -0.427315 -0.424405 -0.425892 -0.424965 -0.418411 -0.404435 -0.388209 -0.376804 -0.370937 -0.365282 -0.386563 
11 -12.7581 1.46658 2 4 8 10 14 18 23 31 39 50 62 78 96 118 141 153 141 118 97 79 62 50 40 31 23 18 14 10 8 4 2 -0.389739 -0.365093 -0.371169 -0.378028 -0.390141 -0.406395 -0.419577 -0.425011 -0.42549 -0.424391 -0.427715 -0.43452 -0.435505 -0.432805 -0.434748 -0.437408 -0.43475 -0.432806 -0.4355 -0.434523 -0.427713 -0.424392 -0.425489 -0.425011 -0.419578 -0.406394 -0.390142 -0.378028 -0.371168 -0.365093 -0.389739 
11.1 -12.7749 1.47764 2 4 8 11 15 18 24 32 40 52 64 81 100 122 144 157 145 123 100 81 64 52 40 32 25 19 15 11 8 4 2 -0.39191 -0.364791 -0.371457 -0.37935 -0.39212 -0.408274 -0.420591 -0.424963 -0.425086 -0.424457 -0.428157 -0.434794 -0.435417 -0.432516 -0.434741 -0.437691 -0.434743 -0.432517 -0.435413 -0.434796 -0.428156 -0.424457 -0.425086 -0.424963 -0.420592 -0.408273 -0.392121 -0.37935 -0.371457 -0.364791 -0.39191 
11.2 -12.7892 1.4886 2 4 8 11 15 19 25 32 42 54 67 84 104 126 151 163 151 126 105 84 67 54 42 33 25 19 15 11 8 4 2 -0.392932 -0.364431 -0.371804 -0.38076 -0.39413 -0.410057 -0.421453 -0.424834 -0.424692 -0.4246 -0.428632 -0.434993 -0.435291 -0.432291 -0.434748 -0.437911 -0.434751 -0.432292 -0.435288 -0.434995 -0.428632 -0.4246 -0.424692 -0.424834 -0.421454 -0.410056 -0.394131 -0.38076 -0.371803 -0.364431 -0.392933 
11.3 -12.8009 1.49945 2 4 8 12 17 20 26 34 44 56 69 89 108 131 155 168 155 132 108 89 69 56 44 34 26 20 17 12 8 4 2 -0.392778 -0.364054 -0.372206 -0.382247 -0.396156 -0.41173 -0.422168 -0.424637 -0.42432 -0.424819 -0.429131 -0.435116 -0.435132 -0.432134 -0.43477 -0.438065 -0.434772 -0.432134 -0.43513 -0.435117 -0.429132 -0.424819 -0.42432 -0.424638 -0.422169 -0.411729 -0.396157 -0.382247 -0.372206 -0.364054 -0.392779 
11.4 -12.8101 1.51017 2 4 8 13 17 21 28 36 46 58 73 93 114 136 160 174 160 136 114 93 73 58 46 36 28 21 17 13 8 4 2 -0.391526 -0.36369 -0.372659 -0.383796 -0.398181 -0.413281 -0.422741 -0.424387 -0.423981 -0.42511 -0.429643 -0.435163 -0.434946 -0.432047 -0.434804 -0.438148 -0.434806 -0.432046 -0.434944 -0.435163 -0.429645 -0.42511 -0.42398 -0.424387 -0.422742 -0.41328 -0.398182 -0.383796 -0.372658 -0.36369 -0.391527 
11.5 -12.8171 1.52077 2 4 8 13 18 22 28 37 48 60 76 96 117 139 165 181 165 139 118 96 76 60 48 37 28 22 18 13 8 4 2 -0.389328 -0.363364 -0.373156 -0.385394 -0.400188 -0.414702 -0.423179 -0.424096 -0.423683 -0.425468 -0.430157 -0.435136 -0.434737 -0.43203 -0.434849 -0.43816 -0.434851 -0.432029 -0.434737 -0.435135 -0.430159 -0.425468 -0.423682 -0.424097 -0.42318 -0.4147 -0.400189 -0.385394 -0.373156 -0.363364 -0.389329 
11.6 -12.8223 1.53124 2 4 8 14 18 23 30 39 50 62 78 98 122 144 170 185 171 145 122 99 78 62 50 39 31 23 18 14 8 4 2 -0.386376 -0.363092 -0.373693 -0.387025 -0.402159 -0.415984 -0.423492 -0.423779 -0.423435 -0.425886 -0.430663 -0.435039 -0.434513 -0.432083 -0.434903 -0.438101 -0.434904 -0.432082 -0.434514 -0.435037 -0.430665 -0.425885 -0.423434 -0.42378 -0.423493 -0.415983 -0.40216 -0.387025 -0.373692 -0.363092 -0.386377 
11.7 -12.8262 1.54159 2 4 8 15 19 24 31 40 52 65 81 104 126 149 177 195 178 150 126 104 81 65 52 40 31 24 19 15 8 4 2 -0.382865 -0.362886 -0.374265 -0.38867 -0.404076 -0.417123 -0.423688 -0.423447 -0.423245 -0.426354 -0.43115 -0.434876 -0.43428 -0.432202 -0.434964 -0.437974 -0.434964 -0.432201 -0.434281 -0.434874 -0.431152 -0.426354 -0.423244 -0.423448 -0.423688 -0.417122 -0.404076 -0.388671 -0.374265 -0.362885 -0.382866 
11.8 -12.8289 1.55181 2 4 8 15 20 25 32 42 54 68 86 107 131 154 182 199 182 155 131 108 86 69 54 42 32 25 20 15 8 4 2 -0.37898 -0.36275 -0.374873 -0.390311 -0.40592 -0.418117 -0.423778 -0.423113 -0.423119 -0.426863 -0.431609 -0.434656 -0.434043 -0.432383 -0.435028 -0.437783 -0.435029 -0.432382 -0.434044 -0.434654 -0.431611 -0.426864 -0.423118 -0.423115 -0.423779 -0.418116 -0.40592 -0.390312 -0.374873 -0.362749 -0.378981 
11.9 -12.8308 1.56192 2 4 8 16 21 27 34 44 56 70 90 113 137 159 188 205 190 160 137 113 90 72 56 44 34 27 21 16 8 4 2 -0.374882 -0.362683 -0.375519 -0.391927 -0.407675 -0.418966 -0.423775 -0.422788 -0.423061 -0.427403 -0.432033 -0.434387 -0.433809 -0.432621 -0.435095 -0.437533 -0.435095 -0.43262 -0.433811 -0.434384 -0.432034 -0.427404 -0.42306 -0.42279 -0.423774 -0.418966 -0.407674 -0.391928 -0.375518 -0.362682 -0.374883 
12 -12.8321 1.57192 2 4 8 16 21 27 36 46 58 73 92 116 140 165 194 213 195 166 141 116 93 73 58 46 36 27 21 16 8 4 2 -0.370704 -0.362676 -0.376208 -0.393496 -0.409322 -0.419671 -0.423687 -0.422484 -0.423075 -0.427962 -0.432413 -0.434077 -0.433583 -0.432907 -0.435162 -0.437232 -0.435161 -0.432907 -0.433585 -0.434074 -0.432414 -0.427963 -0.423073 -0.422486 -0.423687 -0.419672 -0.409321 -0.393498 -0.376208 -0.362676 -0.370704 
12.1 -12.833 1.58183 2 4 8 16 22 29 37 48 61 77 97 121 145 170 201 220 202 170 146 121 97 77 61 48 37 29 23 16 8 4 2 -0.366557 -0.362717 -0.376949 -0.394998 -0.410848 -0.420237 -0.423528 -0.422209 -0.423161 -0.428528 -0.432744 -0.433736 -0.433371 -0.433234 -0.435226 -0.436888 -0.435224 -0.433234 -0.433373 -0.433733 -0.432745 -0.42853 -0.423159 -0.422211 -0.423527 -0.420239 -0.410846 -0.395 -0.376948 -0.362716 -0.366558 
12.2 -12.8336 1.59164 2 4 8 16 23 30 39 49 62 80 99 126 151 175 209 227 208 176 151 126 99 80 63 50 39 30 23 16 8 4 2 -0.362533 -0.362784 -0.377751 -0.396409 -0.412239 -0.420669 -0.423309 -0.421973 -0.42332 -0.42909 -0.433023 -0.433374 -0.433178 -0.433592 -0.435286 -0.43651 -0.435283 -0.433593 -0.43318 -0.433372 -0.433022 -0.429092 -0.423318 -0.421976 -0.423308 -0.420672 -0.412236 -0.396411 -0.377751 -0.362783 -0.362534 
12.3 -12.834 1.60139 2 4 8 16 24 32 40 52 65 82 105 131 154 181 213 235 214 181 155 131 105 82 65 52 40 32 25 16 8 4 2 -0.358706 -0.362856 -0.378626 -0.397709 -0.413482 -0.420973 -0.423041 -0.421785 -0.42355 -0.429635 -0.433244 -0.433003 -0.433008 -0.433972 -0.435339 -0.436108 -0.435336 -0.433972 -0.43301 -0.433001 -0.433243 -0.429638 -0.423547 -0.421787 -0.423039 -0.420976 -0.413479 -0.397711 -0.378626 -0.362855 -0.358707 
12.4 -12.8342 1.61107 2 4 8 16 26 33 42 53 68 86 108 135 161 191 220 241 221 191 161 135 108 87 69 54 42 33 26 16 8 4 2 -0.355138 -0.362904 -0.379584 -0.398877 -0.414569 -0.421156 -0.422736 -0.421649 -0.423846 -0.430154 -0.433408 -0.432631 -0.432864 -0.434363 -0.435384 -0.435693 -0.43538 -0.434363 -0.432866 -0.43263 -0.433406 -0.430157 -0.423843 -0.421652 -0.422733 -0.42116 -0.414564 -0.39888 -0.379584 -0.362903 -0.355139 
12.5 -12.8344 1.6207 2 4 8 16 26 35 44 56 71 90 114 140 165 194 230 247 231 195 166 140 114 90 71 56 44 35 26 16 8 4 2 -0.351883 -0.362898 -0.380636 -0.399898 -0.415491 -0.421226 -0.422403 -0.421573 -0.424203 -0.430637 -0.433514 -0.43227 -0.43275 -0.434754 -0.43542 -0.435275 -0.435416 -0.434755 -0.432752 -0.432269 -0.433511 -0.43064 -0.424201 -0.421576 -0.4224 -0.421231 -0.415486 -0.399901 -0.380636 -0.362897 -0.351884 
12.6 -12.8345 1.63032 2 4 8 16 27 36 46 58 73 94 117 144 171 201 236 256 236 203 171 145 118 94 73 58 46 37 27 16 8 4 2 -0.348986 -0.362807 -0.381789 -0.400755 -0.416244 -0.421189 -0.422055 -0.42156 -0.424616 -0.431074 -0.433562 -0.431928 -0.432668 -0.435136 -0.435445 -0.434864 -0.435441 -0.435137 -0.43267 -0.431928 -0.433559 -0.431077 -0.424614 -0.421562 -0.422051 -0.421195 -0.416238 -0.400758 -0.38179 -0.362805 -0.348987 
12.7 -12.8346 1.63993 2 4 8 16 27 38 48 60 77 97 123 150 179 208 242 264 243 209 181 150 123 97 77 61 49 38 27 16 8 4 2 -0.346489 -0.362596 -0.38305 -0.401436 -0.416825 -0.421055 -0.4217 -0.421612 -0.425075 -0.431458 -0.433555 -0.431615 -0.432619 -0.435498 -0.43546 -0.434471 -0.435456 -0.435499 -0.43262 -0.431616 -0.433552 -0.43146 -0.425074 -0.421614 -0.421696 -0.421062 -0.416819 -0.401439 -0.383051 -0.362594 -0.34649 
12.8 -12.8346 1.64956 2 4 8 16 29 40 50 62 79 102 127 153 185 216 251 272 252 217 186 155 127 103 80 63 50 40 29 16 8 4 2 -0.344427 -0.362234 -0.384421 -0.401935 -0.417234 -0.420831 -0.421348 -0.42173 -0.425572 -0.431783 -0.433497 -0.431339 -0.432603 -0.435832 -0.435463 -0.434103 -0.43546 -0.435833 -0.432604 -0.431339 -0.433494 -0.431785 -0.425571 -0.421732 -0.421344 -0.420838 -0.417227 -0.401937 -0.384422 -0.362232 -0.344428 
12.9 -12.8346 1.65923 2 4 8 16 29 42 53 65 83 107 132 159 191 222 260 280 260 223 192 160 132 107 83 66 53 42 29 16 8 4 2 -0.342833 -0.361688 -0.3859 -0.402244 -0.417472 -0.420524 -0.421009 -0.421914 -0.426097 -0.432044 -0.433392 -0.431105 -0.432621 -0.436129 -0.435455 -0.433771 -0.435452 -0.436129 -0.432622 -0.431106 -0.433389 -0.432046 -0.426097 -0.421915 -0.421004 -0.420532 -0.417465 -0.402247 -0.385902 -0.361686 -0.342834 
13 -12.8346 1.66897 2 4 8 16 29 44 55 68 86 109 136 165 198 230 268 288 269 231 199 165 137 110 87 68 55 44 30 16 8 4 2 -0.341736 -0.360928 -0.387485 -0.402364 -0.417543 -0.420142 -0.420689 -0.42216 -0.42664 -0.432239 -0.433245 -0.43092 -0.43267 -0.436381 -0.435436 -0.433481 -0.435434 -0.436381 -0.432671 -0.430921 -0.433242 -0.432241 -0.426641 -0.42216 -0.420684 -0.420151 -0.417536 -0.402367 -0.387487 -0.360926 -0.341737 
13.1 -12.8346 1.67879 2 4 8 16 30 44 58 70 90 114 140 170 207 240 275 297 275 240 209 170 140 116 90 70 58 45 30 16 8 4 2 -0.341163 -0.359926 -0.389167 -0.402296 -0.417454 -0.419693 -0.420396 -0.422464 -0.42719 -0.432367 -0.433062 -0.430789 -0.432748 -0.436583 -0.435407 -0.433239 -0.435405 -0.436583 -0.432749 -0.43079 -0.43306 -0.432368 -0.427191 -0.422464 -0.420391 -0.419702 -0.417447 -0.402297 -0.389169 -0.359923 -0.341164 
13.2 -12.8347 1.68869 2 4 8 16 31 47 59 74 94 119 146 176 213 247 284 307 284 248 213 178 146 119 94 74 59 47 31 16 8 4 2 -0.341137 -0.358655 -0.390936 -0.402042 -0.417213 -0.419183 -0.420136 -0.42282 -0.427736 -0.432428 -0.43285 -0.430713 -0.432854 -0.436731 -0.435368 -0.43305 -0.435366 -0.43673 -0.432855 -0.430714 -0.432848 -0.432428 -0.427738 -0.42282 -0.420131 -0.419192 -0.417206 -0.402043 -0.390939 -0.358652 -0.341137 
13.3 -12.8347 1.69869 2 4 8 16 31 47 62 78 97 125 151 182 219 256 294 316 294 257 221 183 151 126 97 78 63 47 31 16 8 4 2 -0.341675 -0.357091 -0.39278 -0.40161 -0.41683 -0.418619 -0.419914 -0.423221 -0.428268 -0.432425 -0.432615 -0.430694 -0.432984 -0.436821 -0.43532 -0.432918 -0.435319 -0.43682 -0.432985 -0.430695 -0.432614 -0.432424 -0.428271 -0.423221 -0.419909 -0.418628 -0.416824 -0.401611 -0.392783 -0.35709 -0.341676 
