time energy SvN bondDim localEnergy 
0 -12.7147 0.18821 2 4 8 10 10 10 10 10 10 10 10 10 10 10 10 10 10 10 10 10 10 10 10 10 10 10 10 10 8 4 2 -0.491956 -0.377379 -0.414347 -0.403258 -0.406913 -0.405785 -0.406153 -0.406038 -0.406076 -0.406064 -0.406068 -0.406066 -0.406068 -0.406071 -0.406077 -0.40608 -0.406077 -0.406071 -0.406068 -0.406066 -0.406068 -0.406064 -0.406076 -0.406038 -0.406153 -0.405785 -0.406913 -0.403258 -0.414347 -0.377379 -0.491956 
0.1 -12.7147 0.18821 2 4 8 10 10 10 10 10 10 10 10 10 10 10 10 10 10 10 10 10 10 10 10 10 10 10 10 10 8 4 2 -0.491956 -0.377379 -0.414347 -0.403258 -0.406913 -0.405785 -0.406153 -0.406038 -0.406076 -0.406064 -0.406068 -0.406066 -0.406068 -0.406071 -0.406077 -0.40608 -0.406077 -0.406071 -0.406068 -0.406066 -0.406068 -0.406064 -0.406076 -0.406038 -0.406153 -0.405785 -0.406913 -0.403258 -0.414347 -0.377379 -0.491956 
0.2 -12.7147 0.188212 2 4 8 10 10 10 10 10 10 10 10 10 10 10 10 10 10 10 10 10 10 10 10 10 10 10 10 10 8 4 2 -0.491956 -0.377379 -0.414347 -0.403258 -0.406913 -0.405785 -0.406153 -0.406038 -0.406076 -0.406064 -0.406068 -0.406066 -0.406068 -0.406071 -0.406077 -0.406081 -0.406077 -0.406071 -0.406068 -0.406066 -0.406068 -0.406064 -0.406076 -0.406038 -0.406153 -0.405785 -0.406913 -0.403258 -0.414347 -0.377379 -0.491956 
0.3 -12.7147 0.188217 2 4 8 10 10 10 10 10 10 10 10 10 10 10 10 10 10 10 10 10 10 10 10 10 10 10 10 10 8 4 2 -0.491956 -0.377379 -0.414347 -0.403258 -0.406913 -0.405785 -0.406153 -0.406038 -0.406076 -0.406064 -0.406068 -0.406066 -0.406068 -0.406072 -0.406079 -0.406083 -0.406079 -0.406072 -0.406068 -0.406066 -0.406068 -0.406064 -0.406076 -0.406038 -0.406153 -0.405785 -0.406913 -0.403258 -0.414347 -0.377379 -0.491956 
0.4 -12.7147 0.188228 2 4 8 10 10 10 10 10 10 10 10 10 10 10 10 10 10 10 10 10 10 10 10 10 10 10 10 10 8 4 2 -0.491956 -0.377379 -0.414347 -0.403258 -0.406913 -0.405785 -0.406153 -0.406038 -0.406076 -0.406064 -0.406068 -0.406066 -0.406068 -0.406073 -0.406082 -0.406087 -0.406082 -0.406073 -0.406068 -0.406066 -0.406068 -0.406064 -0.406076 -0.406038 -0.406153 -0.405785 -0.406913 -0.403258 -0.414347 -0.377379 -0.491956 
0.5 -12.7148 0.188247 2 4 8 10 10 10 10 10 10 10 10 10 10 10 10 10 10 10 10 10 10 10 10 10 10 10 10 10 8 4 2 -0.491956 -0.377379 -0.414347 -0.403258 -0.406913 -0.405785 -0.406153 -0.406038 -0.406076 -0.406064 -0.406067 -0.406066 -0.406068 -0.406075 -0.406088 -0.406095 -0.406088 -0.406075 -0.406068 -0.406066 -0.406067 -0.406064 -0.406076 -0.406038 -0.406153 -0.405785 -0.406913 -0.403258 -0.414347 -0.377379 -0.491956 
0.6 -12.7148 0.18828 2 4 8 10 10 10 10 10 10 10 10 10 10 10 10 10 10 10 10 10 10 10 10 10 10 10 10 10 8 4 2 -0.491956 -0.377379 -0.414347 -0.403258 -0.406913 -0.405785 -0.406153 -0.406038 -0.406076 -0.406064 -0.406067 -0.406066 -0.406069 -0.406079 -0.406097 -0.406108 -0.406097 -0.406079 -0.406069 -0.406066 -0.406067 -0.406064 -0.406076 -0.406038 -0.406153 -0.405785 -0.406913 -0.403258 -0.414347 -0.377379 -0.491956 
0.7 -12.7149 0.188332 2 4 8 10 10 10 10 10 10 10 10 10 10 10 10 10 10 10 10 10 10 10 10 10 10 10 10 10 8 4 2 -0.491956 -0.377379 -0.414347 -0.403258 -0.406913 -0.405785 -0.406153 -0.406038 -0.406076 -0.406064 -0.406067 -0.406066 -0.40607 -0.406084 -0.406112 -0.406129 -0.406112 -0.406084 -0.40607 -0.406066 -0.406067 -0.406064 -0.406076 -0.406038 -0.406153 -0.405785 -0.406913 -0.403258 -0.414347 -0.377379 -0.491956 
0.8 -12.715 0.188413 2 4 8 10 10 10 10 10 10 10 10 10 10 10 10 10 10 10 10 10 10 10 10 10 10 10 10 10 8 4 2 -0.491956 -0.377379 -0.414347 -0.403258 -0.406913 -0.405785 -0.406153 -0.406038 -0.406076 -0.406064 -0.406067 -0.406066 -0.406071 -0.406093 -0.406136 -0.406161 -0.406136 -0.406093 -0.406071 -0.406066 -0.406067 -0.406064 -0.406076 -0.406038 -0.406153 -0.405785 -0.406913 -0.403258 -0.414347 -0.377379 -0.491956 
0.9 -12.7151 0.188538 2 4 8 10 10 10 10 10 10 10 10 10 10 10 10 10 10 10 10 10 10 10 10 10 10 10 10 10 8 4 2 -0.491956 -0.377379 -0.414347 -0.403258 -0.406913 -0.405785 -0.406153 -0.406038 -0.406076 -0.406064 -0.406067 -0.406066 -0.406073 -0.406107 -0.406173 -0.40621 -0.406173 -0.406107 -0.406073 -0.406066 -0.406067 -0.406064 -0.406076 -0.406038 -0.406153 -0.405785 -0.406913 -0.403258 -0.414347 -0.377379 -0.491956 
1 -12.7154 0.188726 2 4 8 10 10 10 10 10 10 10 10 10 10 10 10 10 10 10 10 10 10 10 10 10 10 10 10 10 8 4 2 -0.491956 -0.377379 -0.414347 -0.403258 -0.406913 -0.405785 -0.406153 -0.406038 -0.406075 -0.406064 -0.406067 -0.406065 -0.406077 -0.406128 -0.406227 -0.406285 -0.406227 -0.406128 -0.406077 -0.406065 -0.406067 -0.406064 -0.406075 -0.406038 -0.406153 -0.405785 -0.406913 -0.403258 -0.414347 -0.377379 -0.491956 
1.1 -12.7157 0.189009 2 4 8 10 10 10 10 10 10 10 10 10 10 10 10 10 10 10 10 10 10 10 10 10 10 10 10 10 8 4 2 -0.491956 -0.377379 -0.414347 -0.403258 -0.406913 -0.405785 -0.406153 -0.406038 -0.406075 -0.406063 -0.406066 -0.406065 -0.406082 -0.40616 -0.406309 -0.406395 -0.406309 -0.40616 -0.406082 -0.406065 -0.406066 -0.406063 -0.406075 -0.406038 -0.406153 -0.405785 -0.406913 -0.403258 -0.414347 -0.377379 -0.491956 
1.2 -12.7162 0.189429 2 4 8 10 10 10 10 10 10 10 10 10 10 10 10 10 10 10 10 10 10 10 10 10 10 10 10 10 8 4 2 -0.491956 -0.377379 -0.414347 -0.403258 -0.406913 -0.405785 -0.406153 -0.406038 -0.406075 -0.406063 -0.406065 -0.406064 -0.406089 -0.406207 -0.406429 -0.406557 -0.406429 -0.406207 -0.406089 -0.406064 -0.406065 -0.406063 -0.406075 -0.406038 -0.406153 -0.405785 -0.406913 -0.403258 -0.414347 -0.377379 -0.491956 
1.3 -12.7169 0.190049 2 4 8 10 10 10 10 10 10 10 10 10 10 10 10 10 10 10 10 10 10 10 10 10 10 10 10 10 8 4 2 -0.491956 -0.377379 -0.414347 -0.403258 -0.406913 -0.405785 -0.406153 -0.406038 -0.406075 -0.406063 -0.406064 -0.406063 -0.406101 -0.406276 -0.406604 -0.406793 -0.406604 -0.406276 -0.406101 -0.406063 -0.406064 -0.406063 -0.406075 -0.406038 -0.406153 -0.405785 -0.406913 -0.403258 -0.414347 -0.377379 -0.491956 
1.4 -12.718 0.190959 2 4 8 10 10 10 10 10 10 10 10 10 10 10 10 10 10 10 10 10 10 10 10 10 10 10 10 10 8 4 2 -0.491956 -0.377379 -0.414347 -0.403258 -0.406913 -0.405785 -0.406153 -0.406038 -0.406075 -0.406062 -0.406062 -0.406061 -0.406118 -0.406378 -0.406858 -0.407131 -0.406858 -0.406378 -0.406118 -0.406061 -0.406062 -0.406062 -0.406075 -0.406038 -0.406153 -0.405785 -0.406913 -0.403258 -0.414347 -0.377379 -0.491956 
1.5 -12.7196 0.192285 2 4 8 10 10 10 10 10 10 10 10 10 10 10 10 10 10 10 10 10 10 10 10 10 10 10 10 10 8 4 2 -0.491956 -0.377379 -0.414347 -0.403258 -0.406913 -0.405785 -0.406153 -0.406038 -0.406075 -0.406062 -0.40606 -0.406058 -0.406143 -0.406527 -0.40722 -0.40761 -0.40722 -0.406527 -0.406143 -0.406058 -0.40606 -0.406062 -0.406075 -0.406038 -0.406153 -0.405785 -0.406913 -0.403258 -0.414347 -0.377379 -0.491956 
1.6 -12.7217 0.194194 2 4 8 10 10 10 10 10 10 10 10 10 10 10 10 10 10 10 10 10 10 10 10 10 10 10 10 10 8 4 2 -0.491956 -0.377379 -0.414347 -0.403258 -0.406913 -0.405785 -0.406153 -0.406038 -0.406075 -0.40606 -0.406056 -0.406054 -0.406182 -0.406741 -0.407725 -0.40827 -0.407725 -0.406741 -0.406182 -0.406054 -0.406056 -0.40606 -0.406075 -0.406038 -0.406153 -0.405785 -0.406913 -0.403258 -0.414347 -0.377379 -0.491956 
1.7 -12.7247 0.196905 2 4 8 10 10 10 10 10 10 10 10 10 10 10 10 10 10 10 10 10 10 10 10 10 10 10 10 10 8 4 2 -0.491956 -0.377379 -0.414347 -0.403258 -0.406913 -0.405785 -0.406153 -0.406038 -0.406074 -0.406059 -0.406051 -0.406049 -0.40624 -0.407046 -0.408413 -0.409153 -0.408413 -0.407046 -0.40624 -0.406049 -0.406051 -0.406059 -0.406074 -0.406038 -0.406153 -0.405785 -0.406913 -0.403258 -0.414347 -0.377379 -0.491956 
1.8 -12.7286 0.200684 2 4 8 10 10 10 10 10 10 10 10 10 10 10 10 10 10 10 10 10 10 10 10 10 10 10 10 10 8 4 2 -0.491956 -0.377379 -0.414347 -0.403258 -0.406913 -0.405785 -0.406153 -0.406038 -0.406074 -0.406056 -0.406043 -0.406042 -0.406327 -0.407471 -0.409318 -0.410289 -0.409318 -0.407471 -0.406327 -0.406042 -0.406043 -0.406056 -0.406074 -0.406038 -0.406153 -0.405785 -0.406913 -0.403258 -0.414347 -0.377379 -0.491956 
1.9 -12.7336 0.205829 2 4 8 10 10 10 10 10 10 10 10 10 10 10 10 10 10 10 10 10 10 10 10 10 10 10 10 10 8 4 2 -0.491956 -0.377379 -0.414347 -0.403258 -0.406913 -0.405785 -0.406153 -0.406038 -0.406073 -0.406052 -0.406031 -0.406034 -0.406457 -0.408046 -0.410459 -0.411682 -0.410459 -0.408046 -0.406457 -0.406034 -0.406031 -0.406052 -0.406073 -0.406038 -0.406153 -0.405785 -0.406913 -0.403258 -0.414347 -0.377379 -0.491956 
2 -12.7398 0.212639 2 4 8 10 10 10 10 10 10 10 10 10 10 10 10 10 10 10 10 10 10 10 10 10 10 10 10 10 8 4 2 -0.491956 -0.377379 -0.414347 -0.403258 -0.406913 -0.405785 -0.406153 -0.406038 -0.406072 -0.406047 -0.406013 -0.406025 -0.40665 -0.4088 -0.411828 -0.413299 -0.411828 -0.4088 -0.40665 -0.406025 -0.406013 -0.406047 -0.406072 -0.406038 -0.406153 -0.405785 -0.406913 -0.403258 -0.414347 -0.377379 -0.491956 
2.1 -12.7471 0.221369 2 4 8 10 10 10 10 10 10 10 10 10 10 10 10 10 10 10 10 10 10 10 10 10 10 10 10 10 8 4 2 -0.491956 -0.377379 -0.414347 -0.403258 -0.406913 -0.405785 -0.406153 -0.406037 -0.40607 -0.406039 -0.405988 -0.406018 -0.40693 -0.409746 -0.413383 -0.415071 -0.413383 -0.409746 -0.40693 -0.406018 -0.405988 -0.406039 -0.40607 -0.406037 -0.406153 -0.405785 -0.406913 -0.403258 -0.414347 -0.377379 -0.491956 
2.2 -12.7552 0.232186 2 4 8 10 10 10 10 10 10 10 10 10 10 10 10 10 10 10 10 10 10 10 10 10 10 10 10 10 8 4 2 -0.491956 -0.377379 -0.414347 -0.403258 -0.406913 -0.405785 -0.406153 -0.406037 -0.406067 -0.406027 -0.405953 -0.40602 -0.407325 -0.410876 -0.415054 -0.416906 -0.415054 -0.410876 -0.407325 -0.40602 -0.405953 -0.406027 -0.406067 -0.406037 -0.406153 -0.405785 -0.406913 -0.403258 -0.414347 -0.377379 -0.491956 
2.3 -12.764 0.245132 2 4 8 10 10 10 10 10 10 10 10 10 10 10 10 10 10 10 10 10 10 10 10 10 10 10 10 10 8 4 2 -0.491956 -0.377379 -0.414347 -0.403258 -0.406913 -0.405785 -0.406153 -0.406036 -0.406063 -0.406009 -0.405905 -0.406042 -0.407863 -0.412161 -0.416762 -0.418714 -0.416762 -0.412161 -0.407863 -0.406042 -0.405905 -0.406009 -0.406063 -0.406036 -0.406153 -0.405785 -0.406913 -0.403258 -0.414347 -0.377379 -0.491956 
2.4 -12.7731 0.260126 2 4 8 10 10 10 10 10 10 10 10 10 10 10 10 10 10 10 10 10 10 10 10 10 10 10 10 10 8 4 2 -0.491956 -0.377379 -0.414347 -0.403258 -0.406913 -0.405785 -0.406153 -0.406035 -0.406058 -0.405983 -0.40584 -0.406104 -0.408559 -0.413547 -0.418429 -0.420424 -0.418429 -0.413547 -0.408559 -0.406104 -0.40584 -0.405983 -0.406058 -0.406035 -0.406153 -0.405785 -0.406913 -0.403258 -0.414347 -0.377379 -0.491956 
2.5 -12.7824 0.276971 2 4 8 10 10 10 10 10 10 10 10 10 10 10 10 10 10 10 10 10 10 10 10 10 10 10 10 10 8 4 2 -0.491956 -0.377379 -0.414347 -0.403258 -0.406913 -0.405785 -0.406153 -0.406033 -0.406049 -0.405946 -0.405757 -0.406232 -0.409414 -0.414974 -0.420003 -0.421996 -0.420003 -0.414974 -0.409414 -0.406232 -0.405757 -0.405946 -0.406049 -0.406033 -0.406153 -0.405785 -0.406913 -0.403258 -0.414347 -0.377379 -0.491956 
2.6 -12.7916 0.295402 2 4 8 10 10 10 10 10 10 10 10 10 10 10 10 10 10 10 10 10 10 10 10 10 10 10 10 10 8 4 2 -0.491956 -0.377379 -0.414347 -0.403258 -0.406913 -0.405785 -0.406152 -0.406031 -0.406036 -0.405894 -0.405658 -0.406459 -0.410405 -0.416386 -0.421454 -0.423413 -0.421454 -0.416386 -0.410405 -0.406459 -0.405658 -0.405894 -0.406036 -0.406031 -0.406152 -0.405785 -0.406913 -0.403258 -0.414347 -0.377379 -0.491956 
2.7 -12.8007 0.315116 2 4 8 10 10 10 10 10 10 10 10 10 10 10 10 10 10 10 10 10 10 10 10 10 10 10 10 10 8 4 2 -0.491956 -0.377379 -0.414347 -0.403258 -0.406913 -0.405785 -0.406152 -0.406028 -0.406018 -0.405821 -0.405553 -0.406812 -0.411495 -0.417742 -0.422773 -0.424682 -0.422773 -0.417742 -0.411495 -0.406812 -0.405553 -0.405821 -0.406018 -0.406028 -0.406152 -0.405785 -0.406913 -0.403258 -0.414347 -0.377379 -0.491956 
2.8 -12.8096 0.335813 2 4 8 10 10 10 10 10 10 10 10 10 10 10 9 9 9 10 10 10 10 10 10 10 10 10 10 10 8 4 2 -0.491956 -0.377379 -0.414347 -0.403258 -0.406913 -0.405785 -0.406151 -0.406022 -0.405991 -0.405722 -0.405457 -0.40731 -0.412635 -0.41902 -0.423968 -0.425818 -0.423968 -0.41902 -0.412635 -0.40731 -0.405457 -0.405722 -0.405991 -0.406022 -0.406151 -0.405785 -0.406913 -0.403258 -0.414347 -0.377379 -0.491956 
2.9 -12.8183 0.35722 2 4 8 10 10 10 10 10 10 10 10 10 10 10 9 9 9 10 10 10 10 10 10 10 10 10 10 10 8 4 2 -0.491956 -0.377379 -0.414347 -0.403258 -0.406913 -0.405785 -0.40615 -0.406015 -0.405952 -0.405591 -0.405401 -0.407953 -0.413782 -0.420213 -0.425052 -0.426839 -0.425052 -0.420213 -0.413782 -0.407953 -0.405401 -0.405591 -0.405952 -0.406015 -0.40615 -0.405785 -0.406913 -0.403258 -0.414347 -0.377379 -0.491956 
3 -12.8268 0.379106 2 4 8 10 10 10 10 10 10 10 10 10 10 10 9 9 9 10 10 10 10 10 10 10 10 10 10 10 8 4 2 -0.491956 -0.377379 -0.414347 -0.403258 -0.406913 -0.405784 -0.406148 -0.406004 -0.405898 -0.405426 -0.405417 -0.408721 -0.414904 -0.421324 -0.426043 -0.427766 -0.426043 -0.421324 -0.414904 -0.408721 -0.405417 -0.405426 -0.405898 -0.406004 -0.406148 -0.405784 -0.406913 -0.403258 -0.414347 -0.377379 -0.491956 
3.1 -12.8351 0.401282 2 4 8 10 10 10 10 10 10 10 10 10 10 10 9 9 9 10 10 10 10 10 10 10 10 10 10 10 8 4 2 -0.491956 -0.377379 -0.414347 -0.403258 -0.406913 -0.405784 -0.406145 -0.405988 -0.405822 -0.405228 -0.405542 -0.409577 -0.415982 -0.422362 -0.426955 -0.428613 -0.426955 -0.422362 -0.415982 -0.409578 -0.405542 -0.405228 -0.405822 -0.405988 -0.406145 -0.405784 -0.406913 -0.403258 -0.414347 -0.377379 -0.491956 
3.2 -12.8432 0.423602 2 4 8 10 10 10 10 10 10 10 10 10 10 10 9 9 9 10 10 10 10 10 10 10 10 10 10 10 8 4 2 -0.491956 -0.377379 -0.414347 -0.403258 -0.406913 -0.405783 -0.406141 -0.405965 -0.405718 -0.405011 -0.4058 -0.410481 -0.417014 -0.423338 -0.427802 -0.429393 -0.427802 -0.423338 -0.417014 -0.410481 -0.4058 -0.405011 -0.405718 -0.405965 -0.406141 -0.405783 -0.406913 -0.403258 -0.414347 -0.377379 -0.491956 
3.3 -12.8512 0.445957 2 4 8 10 10 10 10 10 10 10 10 10 10 10 9 10 9 10 10 10 10 10 10 10 10 10 10 10 8 4 2 -0.491956 -0.377379 -0.414347 -0.403258 -0.406913 -0.405783 -0.406135 -0.405932 -0.405577 -0.404797 -0.406201 -0.411395 -0.418003 -0.424264 -0.428595 -0.430117 -0.428595 -0.424264 -0.418003 -0.411395 -0.406201 -0.404797 -0.405577 -0.405932 -0.406135 -0.405783 -0.406913 -0.403258 -0.414347 -0.377379 -0.491956 
3.4 -12.859 0.468259 2 4 8 10 10 10 10 10 10 10 10 10 10 10 10 10 10 10 10 10 10 10 10 10 10 10 10 10 8 4 2 -0.491956 -0.377379 -0.414347 -0.403258 -0.406913 -0.405781 -0.406127 -0.405886 -0.405394 -0.40462 -0.406734 -0.412293 -0.418955 -0.425147 -0.429339 -0.43079 -0.429339 -0.425147 -0.418955 -0.412293 -0.406734 -0.40462 -0.405394 -0.405886 -0.406127 -0.405781 -0.406912 -0.403258 -0.414347 -0.377379 -0.491956 
3.5 -12.8668 0.490443 2 4 8 10 10 10 10 10 10 10 10 10 10 10 10 10 10 10 10 10 10 10 10 10 10 10 10 10 8 4 2 -0.491956 -0.377379 -0.414347 -0.403258 -0.406912 -0.405779 -0.406115 -0.405821 -0.405164 -0.404518 -0.40737 -0.413167 -0.419879 -0.425996 -0.430041 -0.431419 -0.430041 -0.425996 -0.419879 -0.413167 -0.40737 -0.404518 -0.405164 -0.405821 -0.406115 -0.405779 -0.406912 -0.403258 -0.414347 -0.377379 -0.491956 
3.6 -12.8745 0.512454 2 4 8 10 10 10 10 10 10 10 10 10 10 10 10 10 10 10 10 10 10 10 10 10 10 10 10 10 8 4 2 -0.491956 -0.377379 -0.414347 -0.403258 -0.406912 -0.405777 -0.406097 -0.405731 -0.404889 -0.404528 -0.408069 -0.414018 -0.420781 -0.426814 -0.430704 -0.432005 -0.430704 -0.426814 -0.420781 -0.414018 -0.408069 -0.404528 -0.404889 -0.405731 -0.406097 -0.405777 -0.406912 -0.403258 -0.414347 -0.377379 -0.491956 
3.7 -12.8822 0.534246 2 4 8 10 10 10 10 10 10 10 10 10 10 10 10 10 10 10 10 10 10 10 10 10 10 10 10 10 8 4 2 -0.491956 -0.377379 -0.414347 -0.403258 -0.406911 -0.405773 -0.406073 -0.405609 -0.404582 -0.404673 -0.408793 -0.414854 -0.421667 -0.427604 -0.431329 -0.432551 -0.431329 -0.427604 -0.421667 -0.414854 -0.408793 -0.404673 -0.404582 -0.405609 -0.406073 -0.405773 -0.406911 -0.403258 -0.414347 -0.377379 -0.491956 
3.8 -12.8898 0.555782 2 4 8 10 10 10 10 10 10 10 10 10 10 10 10 10 10 10 10 10 10 10 10 10 10 10 10 10 8 4 2 -0.491956 -0.377379 -0.414347 -0.403257 -0.40691 -0.405767 -0.406038 -0.405446 -0.404267 -0.40496 -0.409513 -0.415682 -0.422542 -0.428368 -0.431919 -0.43306 -0.431919 -0.428368 -0.422542 -0.415682 -0.409513 -0.40496 -0.404267 -0.405446 -0.406038 -0.405767 -0.40691 -0.403257 -0.414347 -0.377379 -0.491956 
3.9 -12.8973 0.57703 2 4 8 10 10 10 10 10 10 10 10 10 10 10 10 11 10 10 10 10 10 10 10 10 10 10 10 10 8 4 2 -0.491956 -0.377379 -0.414347 -0.403257 -0.406909 -0.405758 -0.405989 -0.405234 -0.403981 -0.405373 -0.410217 -0.416509 -0.423408 -0.429104 -0.432474 -0.433532 -0.432474 -0.429104 -0.423408 -0.416509 -0.410217 -0.405373 -0.403981 -0.405234 -0.405989 -0.405758 -0.406909 -0.403257 -0.414347 -0.377379 -0.491956 
4 -12.9049 0.597966 2 4 8 10 10 10 10 10 10 10 10 10 10 10 11 11 11 10 10 10 10 10 10 10 10 10 10 10 8 4 2 -0.491956 -0.377379 -0.414347 -0.403257 -0.406907 -0.405746 -0.405921 -0.404967 -0.403764 -0.40588 -0.410907 -0.417343 -0.424264 -0.429813 -0.432995 -0.43397 -0.432995 -0.429813 -0.424264 -0.417343 -0.410907 -0.40588 -0.403764 -0.404967 -0.405921 -0.405746 -0.406907 -0.403257 -0.414347 -0.377379 -0.491956 
4.1 -12.9124 0.618572 2 4 8 10 10 10 10 10 10 10 10 10 10 10 11 11 11 10 10 10 10 10 10 10 10 10 10 10 8 4 2 -0.491956 -0.377379 -0.414347 -0.403257 -0.406905 -0.405729 -0.405828 -0.404645 -0.403655 -0.406441 -0.411591 -0.418185 -0.42511 -0.430493 -0.433483 -0.434375 -0.433483 -0.430493 -0.42511 -0.418185 -0.411591 -0.406441 -0.403655 -0.404645 -0.405828 -0.405729 -0.406905 -0.403257 -0.414347 -0.377379 -0.491956 
4.2 -12.9199 0.638837 2 4 8 10 10 10 10 10 10 10 10 10 10 11 12 13 12 11 10 10 10 10 10 10 10 10 10 10 8 4 2 -0.491956 -0.377379 -0.414347 -0.403256 -0.406901 -0.405705 -0.405703 -0.404278 -0.403679 -0.407017 -0.412281 -0.419038 -0.425944 -0.431143 -0.433939 -0.434749 -0.433939 -0.431143 -0.425944 -0.419038 -0.412281 -0.407017 -0.403679 -0.404278 -0.405703 -0.405705 -0.406901 -0.403256 -0.414347 -0.377379 -0.491956 
4.3 -12.9274 0.658757 2 4 8 10 10 10 10 10 10 10 10 10 10 11 13 13 13 11 10 10 10 10 10 10 10 10 10 10 8 4 2 -0.491956 -0.377379 -0.414347 -0.403255 -0.406895 -0.405671 -0.405536 -0.403888 -0.403845 -0.407584 -0.412987 -0.419902 -0.426763 -0.431763 -0.434364 -0.435094 -0.434364 -0.431763 -0.426763 -0.419902 -0.412987 -0.407584 -0.403845 -0.403888 -0.405536 -0.405671 -0.406895 -0.403255 -0.414347 -0.377379 -0.491956 
4.4 -12.9348 0.678331 2 4 8 10 10 10 10 10 10 10 10 10 11 12 13 13 13 12 11 10 10 10 10 10 10 10 10 10 8 4 2 -0.491956 -0.377379 -0.414347 -0.403254 -0.406888 -0.405625 -0.405318 -0.40351 -0.404138 -0.408134 -0.413716 -0.420777 -0.427564 -0.432351 -0.434759 -0.435413 -0.434759 -0.432351 -0.427564 -0.420777 -0.413716 -0.408134 -0.404138 -0.40351 -0.405318 -0.405625 -0.406888 -0.403254 -0.414347 -0.377379 -0.491956 
4.5 -12.9423 0.697561 2 4 8 10 10 10 10 10 10 10 10 10 11 13 15 15 15 13 11 10 10 10 10 10 10 10 10 10 8 4 2 -0.491956 -0.377379 -0.414347 -0.403253 -0.406876 -0.40556 -0.405041 -0.403186 -0.404528 -0.408673 -0.414472 -0.421659 -0.428342 -0.432906 -0.435127 -0.435707 -0.435127 -0.432906 -0.428342 -0.421659 -0.414472 -0.408673 -0.404528 -0.403186 -0.405041 -0.40556 -0.406877 -0.403253 -0.414347 -0.377379 -0.491956 
4.6 -12.9498 0.71645 2 4 8 10 10 10 10 10 10 10 10 10 11 13 15 15 15 13 11 10 10 10 10 10 10 10 10 10 8 4 2 -0.491956 -0.377379 -0.414346 -0.40325 -0.406861 -0.405473 -0.404702 -0.402958 -0.404974 -0.409214 -0.415256 -0.422544 -0.429097 -0.43343 -0.435467 -0.435979 -0.435467 -0.43343 -0.429097 -0.422544 -0.415256 -0.409214 -0.404974 -0.402958 -0.404702 -0.405473 -0.406861 -0.40325 -0.414346 -0.377379 -0.491956 
4.7 -12.9573 0.735003 2 4 8 10 10 10 10 10 10 10 10 10 12 15 16 17 16 15 12 10 10 10 10 10 10 10 10 10 8 4 2 -0.491956 -0.377378 -0.414346 -0.403247 -0.406839 -0.405355 -0.404306 -0.402857 -0.405435 -0.409772 -0.41607 -0.423429 -0.429823 -0.43392 -0.435783 -0.436231 -0.435783 -0.43392 -0.429823 -0.423429 -0.41607 -0.409772 -0.405435 -0.402857 -0.404306 -0.405355 -0.406839 -0.403247 -0.414346 -0.377378 -0.491956 
4.8 -12.9647 0.753225 2 4 8 10 10 10 10 10 10 10 10 11 13 15 17 18 17 15 13 11 10 10 10 10 10 10 10 10 8 4 2 -0.491956 -0.377378 -0.414345 -0.403242 -0.406808 -0.405198 -0.403869 -0.402896 -0.405885 -0.410359 -0.416912 -0.424308 -0.43052 -0.43438 -0.436076 -0.436466 -0.436076 -0.43438 -0.43052 -0.424308 -0.416912 -0.410359 -0.405885 -0.402896 -0.403869 -0.405198 -0.406808 -0.403242 -0.414345 -0.377378 -0.491956 
4.9 -12.9722 0.771121 2 4 8 10 10 10 10 10 10 10 10 11 13 16 18 18 18 16 13 11 10 10 10 10 10 10 10 10 8 4 2 -0.491956 -0.377378 -0.414344 -0.403236 -0.406766 -0.404993 -0.403421 -0.40307 -0.406313 -0.410982 -0.417779 -0.425175 -0.431184 -0.434808 -0.436347 -0.436685 -0.436347 -0.434808 -0.431184 -0.425175 -0.417779 -0.410982 -0.406313 -0.40307 -0.403421 -0.404993 -0.406766 -0.403236 -0.414344 -0.377378 -0.491956 
5 -12.9797 0.7887 2 4 8 10 10 10 10 10 10 10 10 12 14 17 18 19 18 17 14 12 10 10 10 10 10 10 10 10 8 4 2 -0.491956 -0.377378 -0.414343 -0.403226 -0.406709 -0.404729 -0.403005 -0.40335 -0.406725 -0.411645 -0.418667 -0.426028 -0.431816 -0.435206 -0.436599 -0.436891 -0.436599 -0.435206 -0.431816 -0.426028 -0.418667 -0.411645 -0.406725 -0.40335 -0.403005 -0.404729 -0.406709 -0.403226 -0.414343 -0.377378 -0.491956 
5.1 -12.9871 0.805969 2 4 8 10 10 10 10 10 10 10 10 13 15 18 19 20 19 18 15 13 10 10 10 10 10 10 10 10 8 4 2 -0.491956 -0.377378 -0.414341 -0.403213 -0.406631 -0.404401 -0.402663 -0.403699 -0.407138 -0.412351 -0.419571 -0.42686 -0.432414 -0.435575 -0.436832 -0.437085 -0.436832 -0.435575 -0.432414 -0.42686 -0.419571 -0.412351 -0.407138 -0.403699 -0.402663 -0.404401 -0.406631 -0.403213 -0.414341 -0.377378 -0.491956 
5.2 -12.9946 0.82294 2 4 8 10 10 10 10 10 10 10 11 13 15 18 20 20 20 18 15 13 11 10 10 10 10 10 10 10 8 4 2 -0.491956 -0.377378 -0.414338 -0.403195 -0.406526 -0.404006 -0.402434 -0.404073 -0.407569 -0.4131 -0.420485 -0.427669 -0.432977 -0.435917 -0.437049 -0.437268 -0.437049 -0.435917 -0.432977 -0.427669 -0.420485 -0.4131 -0.407569 -0.404073 -0.402434 -0.404006 -0.406526 -0.403195 -0.414338 -0.377378 -0.491956 
5.3 -13.0021 0.839626 2 4 8 10 10 10 10 10 10 10 11 13 17 19 20 21 20 19 17 14 11 10 10 10 10 10 10 10 8 4 2 -0.491956 -0.377377 -0.414334 -0.403169 -0.406387 -0.403554 -0.40234 -0.404438 -0.408032 -0.413889 -0.421403 -0.428452 -0.433506 -0.436233 -0.437251 -0.437443 -0.437251 -0.436233 -0.433506 -0.428452 -0.421403 -0.413889 -0.408032 -0.404438 -0.40234 -0.403554 -0.406387 -0.403169 -0.414333 -0.377377 -0.491956 
5.4 -13.0096 0.856037 2 4 8 10 10 10 10 10 10 10 11 15 18 19 21 21 21 19 18 15 11 10 10 10 10 10 10 10 8 4 2 -0.491956 -0.377376 -0.414328 -0.403134 -0.406203 -0.403069 -0.402385 -0.404776 -0.408538 -0.414717 -0.42232 -0.429205 -0.434001 -0.436525 -0.437439 -0.437611 -0.437439 -0.436525 -0.434001 -0.429205 -0.422319 -0.414717 -0.408538 -0.404776 -0.402385 -0.403069 -0.406203 -0.403134 -0.414328 -0.377376 -0.491955 
5.5 -13.017 0.872187 2 4 8 10 10 10 10 10 10 10 13 15 18 20 21 22 21 20 18 15 13 10 10 10 10 10 10 10 8 4 2 -0.491955 -0.377375 -0.41432 -0.403086 -0.405966 -0.402585 -0.402553 -0.40509 -0.409093 -0.415578 -0.423228 -0.429927 -0.434463 -0.436794 -0.437615 -0.437771 -0.437615 -0.436794 -0.434463 -0.429927 -0.423228 -0.415578 -0.409093 -0.40509 -0.402553 -0.402585 -0.405966 -0.403086 -0.414319 -0.377375 -0.491955 
5.6 -13.0245 0.888087 2 4 8 10 10 10 10 10 10 11 13 16 19 21 22 23 22 21 19 16 13 11 10 10 10 10 10 10 8 4 2 -0.491955 -0.377374 -0.414308 -0.403021 -0.405664 -0.402148 -0.402808 -0.405394 -0.409698 -0.416467 -0.424123 -0.430617 -0.434893 -0.437042 -0.43778 -0.437926 -0.43778 -0.437042 -0.434893 -0.430617 -0.424123 -0.416467 -0.409698 -0.405394 -0.402808 -0.402148 -0.405664 -0.403021 -0.414308 -0.377374 -0.491955 
5.7 -13.032 0.903745 2 4 8 10 10 10 10 10 10 11 14 17 19 21 24 25 24 21 19 17 14 11 10 10 10 10 10 10 8 4 2 -0.491955 -0.377372 -0.414292 -0.402935 -0.405293 -0.401799 -0.403107 -0.405708 -0.410356 -0.417378 -0.425002 -0.431274 -0.435292 -0.437269 -0.437935 -0.438075 -0.437935 -0.43727 -0.435292 -0.431274 -0.425001 -0.417378 -0.410356 -0.405708 -0.403107 -0.401799 -0.405293 -0.402935 -0.414292 -0.377372 -0.491955 
5.8 -13.0395 0.919169 2 4 8 10 10 10 10 10 10 11 14 18 20 22 25 26 25 22 20 18 14 11 10 10 10 10 10 10 8 4 2 -0.491954 -0.377369 -0.41427 -0.402819 -0.404852 -0.401573 -0.403408 -0.406051 -0.411065 -0.418304 -0.425858 -0.431897 -0.435662 -0.437479 -0.438081 -0.438219 -0.43808 -0.437479 -0.435662 -0.431897 -0.425858 -0.418303 -0.411065 -0.406051 -0.403408 -0.401573 -0.404852 -0.402819 -0.41427 -0.377369 -0.491954 
5.9 -13.047 0.934362 2 4 8 10 10 10 10 10 10 12 15 18 20 24 26 28 26 24 20 18 15 12 10 10 10 10 10 10 8 4 2 -0.491953 -0.377365 -0.41424 -0.402667 -0.404356 -0.401486 -0.403685 -0.406437 -0.411821 -0.419237 -0.426691 -0.432486 -0.436003 -0.437672 -0.438218 -0.438358 -0.438218 -0.437672 -0.436003 -0.432486 -0.426691 -0.419237 -0.411821 -0.406437 -0.403685 -0.401486 -0.404356 -0.402667 -0.41424 -0.377365 -0.491953 
6 -13.0545 0.949331 2 4 8 10 10 10 10 10 10 13 15 19 21 24 28 28 28 24 21 19 15 13 10 10 10 10 10 10 8 4 2 -0.491952 -0.37736 -0.414199 -0.402468 -0.403831 -0.401535 -0.403927 -0.406873 -0.412623 -0.420173 -0.427497 -0.433042 -0.436318 -0.43785 -0.438349 -0.438492 -0.438348 -0.43785 -0.436318 -0.433042 -0.427497 -0.420173 -0.412623 -0.406873 -0.403927 -0.401535 -0.403831 -0.402468 -0.414199 -0.37736 -0.491952 
6.1 -13.062 0.964079 2 4 8 10 10 10 10 10 11 13 17 19 22 26 28 29 28 26 22 19 17 13 11 10 10 10 10 10 8 4 2 -0.49195 -0.377353 -0.414144 -0.402212 -0.403316 -0.401695 -0.404144 -0.407365 -0.413463 -0.421105 -0.428273 -0.433564 -0.436608 -0.438014 -0.438472 -0.438622 -0.438472 -0.438014 -0.436608 -0.433564 -0.428273 -0.421105 -0.413463 -0.407365 -0.404144 -0.401695 -0.403316 -0.402212 -0.414144 -0.377353 -0.49195 
6.2 -13.0695 0.978612 2 4 8 10 10 10 10 10 11 14 17 20 22 27 30 31 30 27 22 20 17 14 11 10 10 10 10 10 8 4 2 -0.491948 -0.377342 -0.41407 -0.40189 -0.402855 -0.401928 -0.404356 -0.407914 -0.414336 -0.422028 -0.429019 -0.434054 -0.436875 -0.438165 -0.43859 -0.438746 -0.43859 -0.438165 -0.436875 -0.434053 -0.42902 -0.422028 -0.414337 -0.407914 -0.404356 -0.401928 -0.402855 -0.40189 -0.41407 -0.377342 -0.491948 
6.3 -13.077 0.992934 2 4 8 10 10 10 10 10 11 15 18 20 24 28 31 31 31 28 24 20 18 15 11 10 10 10 10 10 8 4 2 -0.491945 -0.377328 -0.413971 -0.401498 -0.402491 -0.402188 -0.404584 -0.40852 -0.415236 -0.422937 -0.429734 -0.434512 -0.43712 -0.438304 -0.438703 -0.438866 -0.438703 -0.438304 -0.43712 -0.434511 -0.429735 -0.422937 -0.415236 -0.40852 -0.404584 -0.402188 -0.402491 -0.401498 -0.413971 -0.377328 -0.491945 
6.4 -13.0845 1.00705 2 4 8 10 10 10 10 10 12 15 18 21 25 28 31 34 31 28 25 21 18 15 12 10 10 10 10 10 8 4 2 -0.49194 -0.377309 -0.41384 -0.401037 -0.402253 -0.402437 -0.404847 -0.409183 -0.416155 -0.423829 -0.430417 -0.434939 -0.437346 -0.438433 -0.43881 -0.438981 -0.43881 -0.438433 -0.437346 -0.434938 -0.430417 -0.423828 -0.416155 -0.409183 -0.404847 -0.402437 -0.402253 -0.401037 -0.41384 -0.377309 -0.49194 
6.5 -13.092 1.02098 2 4 8 10 10 10 10 10 13 15 19 21 26 30 34 34 34 30 26 21 19 15 13 10 10 10 10 10 8 4 2 -0.491934 -0.377282 -0.413668 -0.400525 -0.402152 -0.40265 -0.405157 -0.409899 -0.417086 -0.4247 -0.431066 -0.435336 -0.437553 -0.438553 -0.438914 -0.439092 -0.438914 -0.438553 -0.437553 -0.435335 -0.431068 -0.424699 -0.417086 -0.409899 -0.405157 -0.40265 -0.402152 -0.400525 -0.413668 -0.377282 -0.491934 
6.6 -13.0996 1.03471 2 4 8 10 10 10 10 11 13 17 19 22 28 31 34 36 34 31 28 22 19 17 13 11 10 10 10 10 8 4 2 -0.491926 -0.377247 -0.413444 -0.399991 -0.40218 -0.402826 -0.405523 -0.410663 -0.418023 -0.425548 -0.431684 -0.435705 -0.437743 -0.438664 -0.439013 -0.439197 -0.439013 -0.438664 -0.437743 -0.435704 -0.431685 -0.425547 -0.418024 -0.410663 -0.405523 -0.402826 -0.40218 -0.399991 -0.413444 -0.377247 -0.491925 
6.7 -13.1071 1.04827 2 4 8 10 10 10 10 11 14 17 20 23 28 32 36 39 36 32 28 23 20 18 14 11 10 10 10 10 8 4 2 -0.491914 -0.377199 -0.413158 -0.399475 -0.402307 -0.402978 -0.405948 -0.411471 -0.418961 -0.426371 -0.432268 -0.436047 -0.437917 -0.438767 -0.439108 -0.439298 -0.439109 -0.438767 -0.437918 -0.436045 -0.43227 -0.426369 -0.418961 -0.411471 -0.405948 -0.402978 -0.402308 -0.399475 -0.413158 -0.377199 -0.491914 
6.8 -13.1146 1.06165 2 4 8 10 10 10 10 11 15 18 20 24 29 34 38 40 38 34 30 24 20 18 15 11 10 10 10 10 8 4 2 -0.491897 -0.377135 -0.412799 -0.399024 -0.402492 -0.403128 -0.406434 -0.412315 -0.419894 -0.427166 -0.43282 -0.436362 -0.438078 -0.438863 -0.439201 -0.439393 -0.439201 -0.438863 -0.438079 -0.43636 -0.432822 -0.427165 -0.419894 -0.412315 -0.406434 -0.403128 -0.402492 -0.399024 -0.412799 -0.377135 -0.491897 
6.9 -13.1222 1.07486 2 4 8 10 10 10 10 12 15 18 21 26 30 35 40 42 40 35 30 26 21 18 15 12 10 10 10 10 8 4 2 -0.491875 -0.37705 -0.412362 -0.398679 -0.402688 -0.403298 -0.40698 -0.413189 -0.420818 -0.427934 -0.43334 -0.436653 -0.438225 -0.438954 -0.439289 -0.439484 -0.439289 -0.438953 -0.438227 -0.436651 -0.433343 -0.427932 -0.420819 -0.413189 -0.40698 -0.403298 -0.402688 -0.398679 -0.412362 -0.37705 -0.491875 
7 -13.1297 1.08789 2 4 8 10 10 10 10 13 15 19 22 27 31 37 42 44 42 37 31 27 22 19 15 13 10 10 10 10 8 4 2 -0.491845 -0.376939 -0.41185 -0.398469 -0.402857 -0.403508 -0.407585 -0.414087 -0.42173 -0.428672 -0.433829 -0.436921 -0.438361 -0.439039 -0.439375 -0.439571 -0.439375 -0.439038 -0.438362 -0.436918 -0.433832 -0.428671 -0.42173 -0.414087 -0.407585 -0.403508 -0.402857 -0.398469 -0.41185 -0.376939 -0.491845 
7.1 -13.1372 1.10076 2 4 8 10 10 10 11 13 17 19 22 28 33 39 44 46 44 39 34 28 22 19 17 13 11 10 10 10 8 4 2 -0.491804 -0.376794 -0.41128 -0.398401 -0.402979 -0.403767 -0.408247 -0.415001 -0.422625 -0.429381 -0.434287 -0.437167 -0.438486 -0.439119 -0.439458 -0.439653 -0.439458 -0.439118 -0.438488 -0.437164 -0.43429 -0.429379 -0.422625 -0.415001 -0.408247 -0.403767 -0.402979 -0.398401 -0.41128 -0.376794 -0.491804 
7.2 -13.1448 1.11347 2 4 8 10 10 10 11 14 17 20 23 28 34 40 46 47 46 41 34 28 23 20 17 14 11 10 10 10 8 4 2 -0.491749 -0.376607 -0.41068 -0.398466 -0.403056 -0.404084 -0.408959 -0.415925 -0.423502 -0.430058 -0.434716 -0.437392 -0.438601 -0.439195 -0.439537 -0.439732 -0.439537 -0.439195 -0.438603 -0.437389 -0.434719 -0.430057 -0.423502 -0.415925 -0.408959 -0.404084 -0.403056 -0.398466 -0.410681 -0.376607 -0.491749 
7.3 -13.1523 1.12601 2 4 8 10 10 10 11 14 18 20 25 30 35 43 47 49 47 43 35 30 25 20 18 14 11 10 10 10 8 4 2 -0.491676 -0.37637 -0.410092 -0.398632 -0.403103 -0.404462 -0.409718 -0.416853 -0.424358 -0.430705 -0.435115 -0.437597 -0.438708 -0.439268 -0.439614 -0.439806 -0.439614 -0.439267 -0.43871 -0.437595 -0.435118 -0.430704 -0.424358 -0.416854 -0.409718 -0.404462 -0.403104 -0.398632 -0.410092 -0.37637 -0.491676 
7.4 -13.1599 1.1384 2 4 8 10 10 10 12 15 18 21 26 31 37 44 49 51 49 44 37 31 26 21 18 15 12 10 10 10 8 4 2 -0.491578 -0.376075 -0.409559 -0.398856 -0.403147 -0.404902 -0.410517 -0.417782 -0.425191 -0.431321 -0.435487 -0.437785 -0.438807 -0.439337 -0.439687 -0.439877 -0.439687 -0.439337 -0.438808 -0.437782 -0.43549 -0.43132 -0.425191 -0.417782 -0.410517 -0.404902 -0.403147 -0.398856 -0.409559 -0.376075 -0.491578 
7.5 -13.1676 1.15064 2 4 8 10 10 10 12 15 19 22 27 32 39 46 51 53 51 46 39 32 27 22 19 15 12 10 10 10 8 4 2 -0.49145 -0.375722 -0.409117 -0.399093 -0.403209 -0.405404 -0.411349 -0.418706 -0.426001 -0.431906 -0.435832 -0.437956 -0.438898 -0.439404 -0.439758 -0.439944 -0.439758 -0.439404 -0.438899 -0.437953 -0.435834 -0.431905 -0.426 -0.418706 -0.411349 -0.405404 -0.403209 -0.399093 -0.409117 -0.375722 -0.49145 
7.6 -13.1752 1.16273 2 4 8 10 10 11 13 17 19 22 28 34 41 48 53 55 53 48 41 34 28 22 19 17 13 11 10 10 8 4 2 -0.491281 -0.375316 -0.408792 -0.399305 -0.403309 -0.405966 -0.412207 -0.419622 -0.426785 -0.43246 -0.436151 -0.438111 -0.438984 -0.43947 -0.439826 -0.440008 -0.439826 -0.43947 -0.438984 -0.438109 -0.436153 -0.43246 -0.426784 -0.419622 -0.412207 -0.405966 -0.403309 -0.399305 -0.408792 -0.375316 -0.491281 
7.7 -13.1828 1.17469 2 4 8 10 10 11 14 17 20 23 29 34 42 50 55 57 55 50 43 34 29 23 20 17 14 11 10 10 8 4 2 -0.491062 -0.374878 -0.408586 -0.399475 -0.403458 -0.406586 -0.413086 -0.420526 -0.427542 -0.432984 -0.436446 -0.438252 -0.439063 -0.439533 -0.439891 -0.440068 -0.439891 -0.439533 -0.439064 -0.438251 -0.436447 -0.432984 -0.427541 -0.420527 -0.413086 -0.406586 -0.403458 -0.399475 -0.408586 -0.374878 -0.491062 
7.8 -13.1904 1.18652 2 4 8 10 10 11 14 18 20 25 30 37 44 51 57 59 57 51 44 37 30 25 20 18 14 11 10 10 8 4 2 -0.490779 -0.374441 -0.408481 -0.399607 -0.403663 -0.407258 -0.41398 -0.421417 -0.428272 -0.433477 -0.436717 -0.43838 -0.439138 -0.439595 -0.439953 -0.440126 -0.439953 -0.439596 -0.439138 -0.438379 -0.436718 -0.433478 -0.428271 -0.421418 -0.41398 -0.407258 -0.403663 -0.399607 -0.408481 -0.374441 -0.490779 
7.9 -13.1981 1.19822 2 4 8 10 10 11 15 18 21 26 31 38 46 54 59 63 59 54 46 38 31 26 21 18 15 11 10 10 8 4 2 -0.490419 -0.374049 -0.408441 -0.399716 -0.403928 -0.407978 -0.414883 -0.422292 -0.428974 -0.433941 -0.436966 -0.438496 -0.439209 -0.439656 -0.440012 -0.44018 -0.440012 -0.439657 -0.439209 -0.438496 -0.436966 -0.433942 -0.428972 -0.422292 -0.414884 -0.407978 -0.403928 -0.399716 -0.408441 -0.374049 -0.490419 
8 -13.2058 1.20979 2 4 8 10 10 12 15 19 21 27 33 40 48 55 62 65 63 55 48 40 33 27 21 19 15 12 10 10 8 4 2 -0.489968 -0.37375 -0.408416 -0.399826 -0.404254 -0.408739 -0.415792 -0.423148 -0.429647 -0.434375 -0.437194 -0.438601 -0.439276 -0.439716 -0.440068 -0.440232 -0.440068 -0.439717 -0.439275 -0.438602 -0.437193 -0.434378 -0.429645 -0.423149 -0.415792 -0.408739 -0.404254 -0.399826 -0.408416 -0.37375 -0.489968 
8.1 -13.2135 1.22124 2 4 8 10 10 13 17 19 22 28 34 42 50 57 65 67 65 58 50 42 34 28 22 19 17 13 10 10 8 4 2 -0.489419 -0.373587 -0.408357 -0.399961 -0.404642 -0.409534 -0.416701 -0.423984 -0.430291 -0.434781 -0.437403 -0.438696 -0.43934 -0.439776 -0.440122 -0.44028 -0.440122 -0.439777 -0.439339 -0.438698 -0.437401 -0.434785 -0.430288 -0.423985 -0.416701 -0.409534 -0.404642 -0.399961 -0.408357 -0.373587 -0.489419 
8.2 -13.2212 1.23257 2 4 8 10 10 13 17 19 23 29 35 44 51 59 67 70 67 59 51 44 35 29 23 19 17 13 10 10 8 4 2 -0.488773 -0.373588 -0.408224 -0.400136 -0.40509 -0.410358 -0.417608 -0.424799 -0.430905 -0.43516 -0.437593 -0.438783 -0.439402 -0.439834 -0.440173 -0.440326 -0.440172 -0.439835 -0.439399 -0.438786 -0.437589 -0.435164 -0.430902 -0.424799 -0.417608 -0.410358 -0.40509 -0.400136 -0.408224 -0.373588 -0.488773 
8.3 -13.2289 1.24377 2 4 8 10 12 13 18 20 24 30 37 46 54 62 69 73 70 62 54 46 37 30 24 20 18 13 12 10 8 4 2 -0.488041 -0.373763 -0.407997 -0.400362 -0.405596 -0.411203 -0.418509 -0.425591 -0.431489 -0.435512 -0.437765 -0.438862 -0.439461 -0.439891 -0.440221 -0.440369 -0.440221 -0.439893 -0.439458 -0.438866 -0.437761 -0.435517 -0.431486 -0.425591 -0.418509 -0.411203 -0.405596 -0.400362 -0.407997 -0.373763 -0.488041 
8.4 -13.2367 1.25485 2 4 8 10 12 15 18 21 25 31 38 46 55 65 72 75 72 65 55 46 38 31 25 20 18 15 12 10 8 4 2 -0.48725 -0.374099 -0.407682 -0.400644 -0.406155 -0.412064 -0.419403 -0.426358 -0.432044 -0.435838 -0.437922 -0.438935 -0.439519 -0.439948 -0.440267 -0.440408 -0.440267 -0.43995 -0.439515 -0.43894 -0.437916 -0.435843 -0.432041 -0.426359 -0.419403 -0.412065 -0.406155 -0.400644 -0.407682 -0.3741 -0.48725 
8.5 -13.2445 1.26582 2 4 8 11 12 15 19 21 27 33 40 48 57 68 75 79 75 68 57 49 40 33 27 21 19 15 12 11 8 4 2 -0.486429 -0.374565 -0.407301 -0.400985 -0.406763 -0.412937 -0.420286 -0.427101 -0.432569 -0.436139 -0.438063 -0.439003 -0.439575 -0.440004 -0.440311 -0.440445 -0.44031 -0.440006 -0.439571 -0.439009 -0.438057 -0.436145 -0.432566 -0.427101 -0.420286 -0.412937 -0.406763 -0.400985 -0.407301 -0.374566 -0.486429 
8.6 -13.2524 1.27666 2 4 8 11 13 16 19 22 28 34 42 50 60 70 78 81 78 70 60 50 42 34 28 22 19 16 13 11 8 4 2 -0.485611 -0.375117 -0.406881 -0.401386 -0.407413 -0.413815 -0.421156 -0.427817 -0.433065 -0.436416 -0.438191 -0.439065 -0.43963 -0.440058 -0.440352 -0.440478 -0.440351 -0.44006 -0.439625 -0.439072 -0.438184 -0.436422 -0.433061 -0.427818 -0.421156 -0.413815 -0.407413 -0.401386 -0.406881 -0.375117 -0.485611 
8.7 -13.2604 1.2874 2 4 8 11 13 16 19 22 29 35 44 52 61 72 81 84 81 72 62 52 44 35 29 23 19 16 13 11 8 4 2 -0.484814 -0.375706 -0.406452 -0.401845 -0.408101 -0.414695 -0.422012 -0.428507 -0.433531 -0.43667 -0.438307 -0.439124 -0.439684 -0.440112 -0.440391 -0.440509 -0.440391 -0.440114 -0.439679 -0.439132 -0.438298 -0.436677 -0.433528 -0.428507 -0.422012 -0.414695 -0.408101 -0.401845 -0.406452 -0.375706 -0.484814 
8.8 -13.2684 1.29804 2 4 8 11 15 16 20 24 30 37 46 54 64 74 84 88 84 75 65 54 46 37 30 24 20 16 15 11 8 4 2 -0.484039 -0.376293 -0.406037 -0.40236 -0.408821 -0.415573 -0.422852 -0.42917 -0.433969 -0.436902 -0.438411 -0.43918 -0.439737 -0.440164 -0.440428 -0.440537 -0.440428 -0.440166 -0.439731 -0.439189 -0.438402 -0.436909 -0.433966 -0.42917 -0.422852 -0.415574 -0.408821 -0.40236 -0.406037 -0.376293 -0.484039 
8.9 -13.2763 1.30858 2 4 8 11 15 18 20 25 31 38 47 56 66 78 87 91 87 78 66 56 47 38 31 25 20 18 15 11 8 4 2 -0.483262 -0.376856 -0.405651 -0.402928 -0.409568 -0.416447 -0.423673 -0.429804 -0.434378 -0.437113 -0.438506 -0.439234 -0.439789 -0.440215 -0.440464 -0.440563 -0.440463 -0.440217 -0.439783 -0.439243 -0.438496 -0.437121 -0.434375 -0.429804 -0.423673 -0.416447 -0.409568 -0.402928 -0.405651 -0.376856 -0.483262 
9 -13.2841 1.31902 2 4 8 13 15 18 21 26 33 41 49 58 69 81 91 95 91 81 69 58 50 41 33 26 21 18 15 13 8 4 2 -0.482436 -0.377391 -0.405304 -0.403543 -0.410337 -0.417312 -0.424474 -0.430411 -0.43476 -0.437305 -0.438592 -0.439286 -0.439841 -0.440264 -0.440497 -0.440586 -0.440496 -0.440266 -0.439835 -0.439295 -0.438582 -0.437313 -0.434757 -0.430411 -0.424473 -0.417313 -0.410337 -0.403543 -0.405304 -0.377391 -0.482436 
9.1 -13.2915 1.32937 2 4 8 13 16 18 21 28 34 42 50 60 71 83 93 99 94 83 71 60 50 42 34 28 21 18 16 13 8 4 2 -0.481494 -0.377907 -0.405002 -0.404199 -0.411125 -0.418167 -0.425253 -0.430989 -0.435115 -0.437479 -0.43867 -0.439337 -0.439891 -0.440311 -0.440529 -0.440607 -0.440528 -0.440313 -0.439885 -0.439346 -0.43866 -0.437486 -0.435112 -0.430989 -0.425253 -0.418168 -0.411125 -0.404199 -0.405002 -0.377907 -0.481494 
9.2 -13.2985 1.33962 2 4 8 13 17 19 22 28 35 44 53 63 74 86 97 102 98 86 75 63 53 44 35 28 22 19 17 13 8 4 2 -0.480353 -0.378417 -0.404747 -0.404889 -0.411927 -0.419009 -0.426009 -0.431539 -0.435444 -0.437636 -0.438741 -0.439386 -0.439941 -0.440356 -0.440559 -0.440626 -0.440558 -0.440358 -0.439935 -0.439396 -0.438732 -0.437643 -0.435441 -0.431539 -0.426008 -0.41901 -0.411927 -0.404889 -0.404747 -0.378417 -0.480353 
9.3 -13.3049 1.34979 2 4 8 13 18 19 23 30 36 46 55 65 76 89 102 108 102 90 77 66 55 46 36 30 24 19 18 13 8 4 2 -0.478925 -0.378936 -0.404538 -0.405605 -0.412741 -0.419836 -0.42674 -0.43206 -0.435747 -0.437777 -0.438807 -0.439436 -0.43999 -0.440399 -0.440588 -0.440644 -0.440587 -0.440401 -0.439984 -0.439445 -0.438798 -0.437783 -0.435745 -0.43206 -0.426739 -0.419837 -0.412741 -0.405605 -0.404538 -0.378936 -0.478925 
9.4 -13.3105 1.35986 2 4 8 14 18 20 24 30 38 47 56 68 80 94 106 109 106 94 81 68 56 47 38 30 24 20 18 14 8 4 2 -0.477141 -0.37947 -0.404375 -0.406338 -0.413564 -0.420646 -0.427445 -0.432552 -0.436025 -0.437903 -0.438868 -0.439485 -0.440037 -0.44044 -0.440615 -0.44066 -0.440614 -0.440442 -0.440033 -0.439493 -0.43886 -0.437909 -0.436024 -0.432553 -0.427444 -0.420647 -0.413564 -0.406338 -0.404375 -0.37947 -0.477141 
9.5 -13.3152 1.36985 2 4 8 14 18 20 25 33 39 49 59 69 83 96 109 114 109 97 83 70 59 49 39 33 25 20 18 14 8 4 2 -0.474965 -0.380025 -0.404254 -0.407079 -0.414394 -0.421438 -0.428123 -0.433017 -0.436281 -0.438017 -0.438925 -0.439535 -0.440084 -0.440478 -0.44064 -0.440676 -0.440639 -0.440481 -0.44008 -0.439542 -0.438918 -0.438022 -0.436279 -0.433017 -0.428122 -0.421438 -0.414394 -0.407079 -0.404254 -0.380025 -0.474965 
9.6 -13.319 1.37975 2 4 8 15 20 21 27 34 41 51 60 74 85 100 113 120 113 100 86 74 60 51 41 34 27 21 20 15 8 4 2 -0.472403 -0.380599 -0.40417 -0.40782 -0.415228 -0.422209 -0.428773 -0.433452 -0.436513 -0.438118 -0.43898 -0.439584 -0.44013 -0.440515 -0.440665 -0.440691 -0.440663 -0.440517 -0.440126 -0.439591 -0.438973 -0.438123 -0.436512 -0.433453 -0.428771 -0.42221 -0.415228 -0.40782 -0.40417 -0.380599 -0.472403 
9.7 -13.322 1.38956 2 4 8 15 20 22 27 34 43 52 63 75 89 105 118 123 118 105 89 75 64 52 44 34 27 22 20 15 8 4 2 -0.4695 -0.381191 -0.404118 -0.408553 -0.416063 -0.422959 -0.429393 -0.43386 -0.436725 -0.43821 -0.439031 -0.439634 -0.440174 -0.440548 -0.440687 -0.440706 -0.440686 -0.44055 -0.44017 -0.439639 -0.439025 -0.438214 -0.436724 -0.433861 -0.429392 -0.422959 -0.416063 -0.408553 -0.404118 -0.381191 -0.4695 
9.8 -13.3243 1.3993 2 4 8 15 20 23 29 35 45 54 65 79 92 109 122 126 122 109 92 80 65 55 45 36 29 23 20 15 8 4 2 -0.466326 -0.381799 -0.404093 -0.409268 -0.416897 -0.423685 -0.429984 -0.43424 -0.436917 -0.438292 -0.439081 -0.439684 -0.440216 -0.44058 -0.440709 -0.440721 -0.440707 -0.440581 -0.440213 -0.439688 -0.439076 -0.438295 -0.436915 -0.434241 -0.429982 -0.423686 -0.416897 -0.409268 -0.404093 -0.381799 -0.466326 
9.9 -13.3259 1.40896 2 4 8 16 20 24 29 38 46 56 68 81 96 112 125 132 125 112 96 81 68 56 46 38 29 24 20 16 8 4 2 -0.462963 -0.38242 -0.404092 -0.409958 -0.417727 -0.424388 -0.430544 -0.434592 -0.437089 -0.438365 -0.43913 -0.439734 -0.440257 -0.440608 -0.440729 -0.440736 -0.440727 -0.44061 -0.440255 -0.439737 -0.439126 -0.438368 -0.437088 -0.434594 -0.430542 -0.424389 -0.417728 -0.409958 -0.404092 -0.38242 -0.462963 
10 -13.3271 1.41854 2 4 8 16 21 26 31 38 49 59 70 85 100 116 130 137 130 116 101 85 71 59 49 39 32 26 21 16 8 4 2 -0.459491 -0.383049 -0.404112 -0.410615 -0.41855 -0.425066 -0.431073 -0.434918 -0.437245 -0.438432 -0.439177 -0.439783 -0.440297 -0.440634 -0.440748 -0.440751 -0.440746 -0.440636 -0.440295 -0.439786 -0.439175 -0.438435 -0.437244 -0.43492 -0.43107 -0.425067 -0.41855 -0.410615 -0.404112 -0.383049 -0.459491 
10.1 -13.328 1.42806 2 4 8 16 22 26 32 41 50 60 74 87 105 121 135 140 135 121 105 87 74 60 50 41 32 26 22 16 8 4 2 -0.455985 -0.383679 -0.404153 -0.41123 -0.419361 -0.425718 -0.43157 -0.435216 -0.437384 -0.438493 -0.439224 -0.439833 -0.440334 -0.440658 -0.440765 -0.440767 -0.440764 -0.44066 -0.440333 -0.439834 -0.439223 -0.438495 -0.437383 -0.435219 -0.431567 -0.425719 -0.419361 -0.411231 -0.404153 -0.383679 -0.455985 
10.2 -13.3286 1.43752 2 4 8 16 22 28 33 42 52 63 77 91 106 124 139 145 139 124 106 91 76 63 52 42 33 28 22 16 8 4 2 -0.452507 -0.3843 -0.404217 -0.411798 -0.420156 -0.426344 -0.432035 -0.435489 -0.437509 -0.43855 -0.439271 -0.439882 -0.44037 -0.440679 -0.440782 -0.440784 -0.44078 -0.440681 -0.440369 -0.439882 -0.43927 -0.438551 -0.437507 -0.435492 -0.432033 -0.426345 -0.420156 -0.411798 -0.404217 -0.3843 -0.452507 
10.3 -13.329 1.44691 2 4 8 16 23 29 35 44 54 65 80 93 111 128 142 149 143 128 113 94 80 66 54 45 35 29 23 16 8 4 2 -0.449113 -0.384902 -0.404308 -0.41231 -0.420931 -0.426942 -0.432469 -0.435736 -0.43762 -0.438602 -0.439318 -0.43993 -0.440405 -0.440698 -0.440797 -0.440802 -0.440796 -0.4407 -0.440404 -0.43993 -0.439318 -0.438603 -0.437618 -0.435739 -0.432466 -0.426943 -0.420931 -0.41231 -0.404308 -0.384902 -0.449113 
10.4 -13.3292 1.45624 2 4 8 16 24 30 36 45 56 68 83 99 117 133 149 156 149 133 117 99 83 68 56 45 36 30 24 16 8 4 2 -0.445847 -0.385469 -0.40443 -0.412762 -0.421682 -0.427512 -0.432871 -0.435958 -0.437719 -0.438651 -0.439364 -0.439977 -0.440437 -0.440715 -0.440812 -0.44082 -0.440811 -0.440716 -0.440437 -0.439977 -0.439365 -0.438652 -0.437717 -0.435962 -0.432868 -0.427512 -0.421682 -0.412763 -0.40443 -0.385469 -0.445847 
10.5 -13.3294 1.4655 2 4 8 16 24 31 38 47 58 70 85 102 119 136 152 161 152 137 119 103 85 70 58 47 38 31 24 16 8 4 2 -0.442746 -0.385985 -0.404593 -0.413149 -0.422402 -0.428052 -0.433241 -0.436157 -0.437807 -0.438697 -0.439411 -0.440023 -0.440467 -0.44073 -0.440826 -0.440838 -0.440825 -0.440731 -0.440467 -0.440022 -0.439412 -0.438698 -0.437804 -0.436161 -0.433238 -0.428052 -0.422402 -0.41315 -0.404593 -0.385985 -0.442746 
10.6 -13.3295 1.4747 2 4 8 16 26 32 39 49 60 74 87 105 126 141 160 165 160 142 125 105 87 74 60 49 39 32 26 16 8 4 2 -0.439842 -0.386432 -0.404802 -0.413467 -0.423088 -0.428561 -0.43358 -0.436333 -0.437885 -0.438742 -0.439457 -0.440068 -0.440496 -0.440743 -0.440839 -0.440857 -0.440838 -0.440744 -0.440496 -0.440066 -0.439459 -0.438743 -0.437882 -0.436337 -0.433577 -0.428561 -0.423087 -0.413468 -0.404802 -0.386432 -0.439842 
10.7 -13.3296 1.48383 2 4 8 16 26 34 42 51 62 75 93 110 127 147 163 173 164 147 128 110 93 75 62 51 42 34 26 16 8 4 2 -0.437164 -0.386791 -0.405067 -0.413715 -0.423733 -0.429038 -0.433888 -0.436486 -0.437954 -0.438785 -0.439504 -0.44011 -0.440523 -0.440754 -0.440852 -0.440876 -0.440851 -0.440755 -0.440523 -0.440109 -0.439505 -0.438786 -0.43795 -0.436491 -0.433885 -0.429038 -0.423733 -0.413715 -0.405067 -0.386791 -0.437164 
10.8 -13.3297 1.4929 2 4 8 16 27 35 43 52 65 79 94 115 133 150 170 177 170 151 133 116 94 80 65 52 43 35 27 16 8 4 2 -0.434733 -0.387042 -0.405395 -0.41389 -0.424334 -0.429482 -0.434165 -0.43662 -0.438015 -0.438827 -0.43955 -0.440151 -0.440548 -0.440764 -0.440864 -0.440896 -0.440864 -0.440764 -0.440548 -0.440149 -0.439551 -0.438828 -0.438011 -0.436624 -0.434163 -0.429481 -0.424334 -0.41389 -0.405395 -0.387042 -0.434733 
10.9 -13.3297 1.50191 2 4 8 16 27 37 45 54 67 83 100 116 138 156 175 184 175 157 138 117 100 83 67 55 45 37 27 16 8 4 2 -0.432572 -0.387165 -0.405793 -0.413993 -0.424885 -0.429889 -0.434413 -0.436733 -0.438068 -0.438868 -0.439596 -0.440189 -0.440571 -0.440772 -0.440875 -0.440915 -0.440876 -0.440773 -0.440571 -0.440188 -0.439597 -0.43887 -0.438065 -0.436737 -0.434411 -0.429889 -0.424885 -0.413994 -0.405793 -0.387165 -0.432572 
11 -13.3297 1.51086 2 4 8 16 27 38 46 57 69 84 102 123 141 161 181 189 181 161 142 124 102 85 71 57 46 38 27 16 8 4 2 -0.430698 -0.387142 -0.406267 -0.414028 -0.425383 -0.430258 -0.434631 -0.436827 -0.438116 -0.438909 -0.439641 -0.440226 -0.440592 -0.44078 -0.440887 -0.440933 -0.440888 -0.44078 -0.440593 -0.440224 -0.439642 -0.438911 -0.438112 -0.436831 -0.434629 -0.430258 -0.425382 -0.414028 -0.406267 -0.387142 -0.430698 
11.1 -13.3297 1.51975 2 4 8 16 29 40 49 58 73 89 108 126 147 166 187 196 187 167 147 127 109 89 73 58 49 40 29 16 8 4 2 -0.429126 -0.386957 -0.40682 -0.413996 -0.425823 -0.430587 -0.434821 -0.436904 -0.438158 -0.438949 -0.439685 -0.440259 -0.440612 -0.440787 -0.440898 -0.440951 -0.440899 -0.440786 -0.440612 -0.440258 -0.439686 -0.438951 -0.438154 -0.436908 -0.434819 -0.430587 -0.425822 -0.413996 -0.40682 -0.386957 -0.429126 
11.2 -13.3297 1.52859 2 4 8 16 29 41 50 60 75 92 111 132 150 173 192 201 192 174 151 133 111 92 75 61 50 41 29 16 8 4 2 -0.42787 -0.386595 -0.407454 -0.413902 -0.426202 -0.430873 -0.434982 -0.436964 -0.438194 -0.438989 -0.439728 -0.440291 -0.44063 -0.440793 -0.440908 -0.440969 -0.44091 -0.440792 -0.44063 -0.44029 -0.439729 -0.438991 -0.438191 -0.436968 -0.434981 -0.430873 -0.426201 -0.413902 -0.407454 -0.386595 -0.42787 
11.3 -13.3297 1.53737 2 4 8 16 29 44 52 63 78 94 116 136 156 179 198 208 198 179 157 136 116 95 79 63 53 44 29 16 8 4 2 -0.42694 -0.386045 -0.408168 -0.413751 -0.426519 -0.431114 -0.435116 -0.437009 -0.438226 -0.439028 -0.43977 -0.440319 -0.440646 -0.4408 -0.440919 -0.440985 -0.440921 -0.440798 -0.440647 -0.440319 -0.43977 -0.43903 -0.438223 -0.437012 -0.435116 -0.431114 -0.426517 -0.413752 -0.408168 -0.386045 -0.42694 
11.4 -13.3297 1.54611 2 4 8 16 30 44 55 66 82 100 120 140 162 182 204 215 204 183 163 140 120 100 82 66 54 44 30 16 8 4 2 -0.426344 -0.385298 -0.40896 -0.41355 -0.426771 -0.431308 -0.435223 -0.437039 -0.438253 -0.439066 -0.43981 -0.440345 -0.440661 -0.440806 -0.440929 -0.441 -0.440932 -0.440804 -0.440661 -0.440345 -0.43981 -0.439068 -0.438251 -0.437042 -0.435223 -0.431308 -0.426769 -0.413551 -0.40896 -0.385298 -0.426344 
11.5 -13.3297 1.55479 2 4 8 16 30 45 56 69 83 103 124 145 168 190 210 223 211 191 168 146 125 103 83 69 57 45 30 16 8 4 2 -0.426089 -0.384349 -0.409825 -0.413305 -0.426958 -0.431452 -0.435303 -0.437056 -0.438277 -0.439103 -0.439848 -0.440369 -0.440674 -0.440812 -0.440939 -0.441014 -0.440942 -0.440809 -0.440674 -0.440368 -0.439848 -0.439104 -0.438275 -0.437057 -0.435303 -0.431452 -0.426956 -0.413306 -0.409825 -0.384349 -0.426089 
11.6 -13.3297 1.56342 2 4 8 16 31 47 59 71 88 108 128 150 172 194 218 227 218 196 173 151 128 108 89 72 59 47 31 16 8 4 2 -0.426178 -0.383196 -0.410756 -0.413022 -0.427081 -0.431544 -0.435357 -0.437059 -0.438296 -0.439138 -0.439884 -0.440389 -0.440685 -0.440818 -0.440949 -0.441026 -0.440953 -0.440816 -0.440686 -0.440389 -0.439883 -0.439139 -0.438295 -0.43706 -0.435357 -0.431544 -0.427079 -0.413023 -0.410756 -0.383196 -0.426178 
11.7 -13.3297 1.57199 2 4 8 16 31 48 61 73 92 111 132 155 178 202 223 235 224 203 179 155 134 113 92 74 61 48 31 16 8 4 2 -0.426612 -0.381841 -0.411745 -0.412707 -0.427141 -0.431583 -0.435383 -0.43705 -0.438311 -0.43917 -0.439917 -0.440408 -0.440695 -0.440825 -0.440958 -0.441037 -0.440962 -0.440822 -0.440696 -0.440407 -0.439917 -0.439171 -0.438311 -0.43705 -0.435384 -0.431583 -0.427139 -0.412708 -0.411745 -0.381841 -0.426612 
