time energy SvN bondDim localEnergy 
0 -12.7738 0.203112 2 4 8 10 10 10 10 10 10 10 10 10 10 10 10 10 10 10 10 10 10 10 10 10 10 10 10 10 8 4 2 -0.49225 -0.377408 -0.414666 -0.403574 -0.407457 -0.406519 -0.407191 -0.407429 -0.407899 -0.408371 -0.40889 -0.409399 -0.40986 -0.410229 -0.410467 -0.410549 -0.410467 -0.410229 -0.40986 -0.409399 -0.40889 -0.408371 -0.407899 -0.407429 -0.407191 -0.406519 -0.407457 -0.403574 -0.414666 -0.377408 -0.49225 
0.1 -12.7739 0.203144 2 4 8 10 10 10 10 10 10 10 10 10 10 10 10 10 10 10 10 10 10 10 10 10 10 10 10 10 8 4 2 -0.49225 -0.377408 -0.414666 -0.403575 -0.407459 -0.406521 -0.407194 -0.407433 -0.407904 -0.408376 -0.408897 -0.409407 -0.409869 -0.410238 -0.410477 -0.410559 -0.410477 -0.410238 -0.409869 -0.409407 -0.408897 -0.408376 -0.407904 -0.407433 -0.407194 -0.406521 -0.407459 -0.403575 -0.414666 -0.377408 -0.49225 
0.2 -12.7745 0.203274 2 4 8 10 10 10 10 10 10 10 10 10 10 10 10 10 10 10 10 10 10 10 10 10 10 10 10 10 8 4 2 -0.492252 -0.37741 -0.414669 -0.403579 -0.407464 -0.406529 -0.407205 -0.407447 -0.407922 -0.408399 -0.408925 -0.409438 -0.409904 -0.410275 -0.410515 -0.410599 -0.410515 -0.410275 -0.409904 -0.409438 -0.408925 -0.408399 -0.407922 -0.407447 -0.407205 -0.406529 -0.407464 -0.403579 -0.414669 -0.37741 -0.492252 
0.3 -12.7757 0.203569 2 4 8 10 10 10 10 10 10 10 10 10 10 10 10 10 10 10 10 10 10 10 10 10 10 10 10 10 8 4 2 -0.492255 -0.377413 -0.414675 -0.403588 -0.407477 -0.406547 -0.40723 -0.40748 -0.407964 -0.408451 -0.408986 -0.409508 -0.409981 -0.410358 -0.410602 -0.410686 -0.410602 -0.410358 -0.409981 -0.409508 -0.408986 -0.408451 -0.407964 -0.40748 -0.40723 -0.406547 -0.407477 -0.403588 -0.414675 -0.377413 -0.492255 
0.4 -12.7779 0.20409 2 4 8 10 10 10 10 10 10 10 10 10 10 10 10 10 10 10 10 10 10 10 10 10 10 10 10 10 8 4 2 -0.492261 -0.377419 -0.414686 -0.403603 -0.4075 -0.406579 -0.407274 -0.407538 -0.408038 -0.408542 -0.409093 -0.40963 -0.410116 -0.410502 -0.410751 -0.410838 -0.410751 -0.410502 -0.410116 -0.40963 -0.409093 -0.408542 -0.408038 -0.407538 -0.407274 -0.406579 -0.4075 -0.403603 -0.414686 -0.377419 -0.492261 
0.5 -12.7812 0.204898 2 4 8 10 10 10 10 10 10 10 10 10 10 10 10 10 10 10 10 10 10 10 10 10 10 10 10 10 8 4 2 -0.49227 -0.377428 -0.414703 -0.403627 -0.407536 -0.406629 -0.407342 -0.407628 -0.408152 -0.408681 -0.409257 -0.409816 -0.410321 -0.410721 -0.410979 -0.411068 -0.410979 -0.410721 -0.410321 -0.409816 -0.409257 -0.408681 -0.408152 -0.407628 -0.407342 -0.406629 -0.407536 -0.403627 -0.414703 -0.377428 -0.49227 
0.6 -12.7859 0.206044 2 4 8 10 10 10 10 10 10 10 10 10 10 10 10 10 10 10 10 10 10 10 10 10 10 10 10 10 8 4 2 -0.492284 -0.377441 -0.414728 -0.403662 -0.407586 -0.4067 -0.407438 -0.407754 -0.408311 -0.408875 -0.409486 -0.410076 -0.410606 -0.411025 -0.411294 -0.411387 -0.411294 -0.411025 -0.410606 -0.410076 -0.409486 -0.408875 -0.408311 -0.407754 -0.407438 -0.4067 -0.407586 -0.403662 -0.414728 -0.377441 -0.492284 
0.7 -12.792 0.207568 2 4 8 10 10 10 10 10 10 10 10 10 10 10 10 10 10 10 10 10 10 10 10 10 10 10 10 10 8 4 2 -0.492304 -0.377458 -0.414761 -0.403707 -0.407654 -0.406793 -0.407565 -0.40792 -0.408522 -0.409131 -0.409786 -0.410415 -0.410978 -0.41142 -0.411704 -0.411801 -0.411704 -0.41142 -0.410978 -0.410416 -0.409786 -0.409131 -0.408522 -0.40792 -0.407565 -0.406793 -0.407654 -0.403707 -0.414761 -0.377458 -0.492304 
0.8 -12.7997 0.209502 2 4 8 10 10 10 10 10 10 10 10 10 10 10 10 10 10 10 10 10 10 10 10 10 10 10 10 10 8 4 2 -0.492329 -0.377479 -0.414803 -0.403765 -0.407739 -0.406911 -0.407726 -0.40813 -0.408786 -0.409452 -0.41016 -0.410838 -0.411439 -0.41191 -0.412211 -0.412314 -0.412211 -0.41191 -0.411439 -0.410838 -0.41016 -0.409452 -0.408786 -0.40813 -0.407726 -0.406911 -0.407739 -0.403765 -0.414803 -0.377479 -0.492329 
0.9 -12.8088 0.211867 2 4 8 10 10 10 10 10 10 10 10 10 10 10 10 10 10 10 10 10 10 10 10 10 10 10 10 10 8 4 2 -0.492362 -0.377503 -0.414854 -0.403835 -0.407843 -0.407056 -0.407921 -0.408384 -0.409106 -0.409838 -0.41061 -0.411344 -0.41199 -0.412494 -0.412814 -0.412923 -0.412814 -0.412494 -0.41199 -0.411344 -0.41061 -0.409838 -0.409106 -0.408384 -0.407921 -0.407056 -0.407843 -0.403835 -0.414854 -0.377503 -0.492362 
1 -12.8195 0.214671 2 4 8 10 10 10 10 10 10 10 10 10 10 10 10 10 10 10 10 10 10 10 10 10 10 10 10 10 8 4 2 -0.492403 -0.377531 -0.414916 -0.403918 -0.407967 -0.407226 -0.408152 -0.408684 -0.409481 -0.410289 -0.411134 -0.411931 -0.412628 -0.413167 -0.413509 -0.413625 -0.413509 -0.413167 -0.412628 -0.411931 -0.411134 -0.410289 -0.409481 -0.408684 -0.408152 -0.407226 -0.407967 -0.403918 -0.414916 -0.377531 -0.492403 
1.1 -12.8316 0.217914 2 4 8 10 10 10 10 10 10 10 10 10 10 10 10 10 10 10 10 10 10 10 10 10 10 10 10 10 8 4 2 -0.492453 -0.377562 -0.414989 -0.404014 -0.40811 -0.407423 -0.408417 -0.409027 -0.409909 -0.410803 -0.411728 -0.412594 -0.413345 -0.413924 -0.414288 -0.414413 -0.414288 -0.413924 -0.413345 -0.412594 -0.411728 -0.410803 -0.409909 -0.409027 -0.408417 -0.407423 -0.40811 -0.404014 -0.414989 -0.377562 -0.492453 
1.2 -12.845 0.221587 2 4 8 10 10 10 10 10 10 10 10 10 10 10 10 10 10 10 10 10 10 10 10 10 10 10 10 10 8 4 2 -0.492514 -0.377595 -0.415073 -0.404123 -0.408272 -0.407645 -0.408716 -0.409412 -0.410387 -0.411375 -0.412386 -0.413326 -0.414136 -0.414755 -0.415143 -0.415275 -0.415143 -0.414755 -0.414136 -0.413326 -0.412386 -0.411375 -0.410387 -0.409412 -0.408716 -0.407645 -0.408272 -0.404123 -0.415073 -0.377595 -0.492514 
1.3 -12.8596 0.225672 2 4 8 10 10 10 10 10 10 10 10 10 10 10 10 10 10 10 10 10 10 10 10 10 10 10 10 10 8 4 2 -0.492585 -0.37763 -0.415168 -0.404243 -0.408453 -0.407891 -0.409047 -0.409837 -0.410913 -0.412 -0.413103 -0.41412 -0.414989 -0.41565 -0.416063 -0.416203 -0.416063 -0.41565 -0.414989 -0.41412 -0.413103 -0.412 -0.410913 -0.409837 -0.409047 -0.407891 -0.408453 -0.404243 -0.415168 -0.37763 -0.492585 
1.4 -12.8752 0.230146 2 4 8 10 10 10 10 10 10 10 10 10 10 10 10 10 10 10 10 10 10 10 10 10 10 10 10 10 8 4 2 -0.492668 -0.377665 -0.415274 -0.404375 -0.408653 -0.408161 -0.409408 -0.410299 -0.411482 -0.412673 -0.41387 -0.414966 -0.415896 -0.416598 -0.417035 -0.417183 -0.417035 -0.416598 -0.415896 -0.414966 -0.41387 -0.412673 -0.411482 -0.410299 -0.409408 -0.408161 -0.408653 -0.404375 -0.415274 -0.377665 -0.492668 
1.5 -12.8918 0.234982 2 4 8 10 10 10 10 10 10 10 10 10 10 10 10 10 10 10 10 10 10 10 10 10 10 10 10 10 8 4 2 -0.492763 -0.3777 -0.415392 -0.404518 -0.40887 -0.408453 -0.409798 -0.410794 -0.412089 -0.413388 -0.414681 -0.415856 -0.416845 -0.417588 -0.418048 -0.418203 -0.418048 -0.417588 -0.416845 -0.415856 -0.414681 -0.413388 -0.412089 -0.410794 -0.409798 -0.408453 -0.40887 -0.404518 -0.415392 -0.3777 -0.492763 
1.6 -12.9091 0.240153 2 4 8 10 10 10 10 10 10 10 10 10 10 10 10 10 10 10 10 10 10 10 10 10 10 10 10 10 8 4 2 -0.492873 -0.377735 -0.415523 -0.404671 -0.409105 -0.408767 -0.410215 -0.411321 -0.41273 -0.414138 -0.415527 -0.41678 -0.417827 -0.418608 -0.41909 -0.419252 -0.41909 -0.418608 -0.417827 -0.41678 -0.415527 -0.414138 -0.41273 -0.411321 -0.410215 -0.408767 -0.409105 -0.404671 -0.415523 -0.377735 -0.492872 
1.7 -12.927 0.245628 2 4 8 10 10 10 10 10 10 10 10 10 10 10 10 10 10 10 10 10 10 10 10 10 10 10 10 10 8 4 2 -0.492996 -0.377768 -0.415666 -0.404835 -0.409357 -0.409101 -0.410656 -0.411875 -0.413402 -0.414918 -0.416401 -0.417729 -0.418831 -0.419649 -0.42015 -0.420318 -0.42015 -0.419649 -0.418831 -0.417729 -0.416401 -0.414918 -0.413402 -0.411875 -0.410656 -0.409101 -0.409357 -0.404835 -0.415666 -0.377769 -0.492996 
1.8 -12.9454 0.251379 2 4 8 10 10 10 10 10 10 10 10 10 10 10 10 10 10 10 10 10 10 10 10 10 10 10 10 10 8 4 2 -0.493136 -0.3778 -0.415822 -0.405008 -0.409626 -0.409454 -0.411122 -0.412456 -0.4141 -0.415723 -0.417298 -0.418696 -0.419849 -0.420699 -0.421218 -0.421392 -0.421218 -0.420699 -0.419849 -0.418696 -0.417298 -0.415723 -0.4141 -0.412456 -0.411122 -0.409454 -0.409626 -0.405008 -0.415822 -0.3778 -0.493135 
1.9 -12.9642 0.257379 2 4 8 10 10 10 10 10 9 9 10 10 10 10 10 10 10 10 10 10 10 9 9 10 10 10 10 10 8 4 2 -0.493291 -0.37783 -0.415992 -0.405191 -0.409913 -0.409827 -0.411611 -0.413061 -0.414821 -0.416549 -0.41821 -0.419674 -0.420872 -0.421751 -0.422285 -0.422464 -0.422285 -0.421751 -0.420872 -0.419674 -0.41821 -0.416549 -0.414821 -0.413061 -0.411611 -0.409827 -0.409913 -0.405191 -0.415992 -0.37783 -0.493291 
2 -12.9833 0.263602 2 4 8 10 10 10 10 10 9 9 10 10 10 10 10 10 10 10 10 10 10 9 9 10 10 10 10 10 8 4 2 -0.493464 -0.377857 -0.416177 -0.405385 -0.410217 -0.41022 -0.412123 -0.413689 -0.415564 -0.417391 -0.419133 -0.420656 -0.421894 -0.422797 -0.423344 -0.423526 -0.423344 -0.422797 -0.421894 -0.420656 -0.419133 -0.417391 -0.415564 -0.413689 -0.412123 -0.41022 -0.410217 -0.405385 -0.416177 -0.377857 -0.493463 
2.1 -13.0027 0.270028 2 4 8 10 10 10 10 10 9 9 10 10 10 10 10 10 10 10 10 10 10 9 9 10 10 10 10 10 8 4 2 -0.493654 -0.377883 -0.416378 -0.405589 -0.410541 -0.410633 -0.412658 -0.414338 -0.416325 -0.418246 -0.420062 -0.421637 -0.422909 -0.423831 -0.424387 -0.424573 -0.424387 -0.423831 -0.422909 -0.421637 -0.420062 -0.418246 -0.416325 -0.414338 -0.412658 -0.410633 -0.410541 -0.405589 -0.416378 -0.377883 -0.493654 
2.2 -13.0223 0.276637 2 4 8 10 10 10 10 10 9 9 10 10 10 10 10 10 10 10 10 10 10 9 9 10 10 10 10 10 8 4 2 -0.493864 -0.377907 -0.416597 -0.405805 -0.410885 -0.411067 -0.413216 -0.415009 -0.417103 -0.419111 -0.420993 -0.422613 -0.423911 -0.424847 -0.42541 -0.425598 -0.42541 -0.424847 -0.423911 -0.422613 -0.420993 -0.419111 -0.417103 -0.415009 -0.413216 -0.411067 -0.410885 -0.405805 -0.416597 -0.377907 -0.493864 
2.3 -13.042 0.283411 2 4 8 10 10 10 10 10 9 9 10 10 10 10 10 10 10 10 10 10 10 9 9 10 10 10 10 10 8 4 2 -0.494093 -0.377929 -0.416834 -0.406034 -0.411251 -0.411524 -0.413798 -0.415702 -0.417897 -0.419984 -0.421923 -0.423578 -0.424896 -0.425842 -0.426408 -0.426596 -0.426408 -0.425842 -0.424896 -0.423578 -0.421923 -0.419984 -0.417897 -0.415702 -0.413798 -0.411524 -0.411251 -0.406034 -0.416834 -0.37793 -0.494093 
2.4 -13.0618 0.290339 2 4 8 10 10 10 10 10 9 9 10 10 10 10 10 10 10 10 10 10 10 9 9 10 10 10 10 10 8 4 2 -0.494344 -0.377952 -0.417093 -0.406277 -0.411641 -0.412004 -0.414405 -0.416415 -0.418706 -0.420863 -0.422849 -0.424531 -0.425861 -0.426811 -0.427378 -0.427566 -0.427378 -0.426811 -0.425861 -0.424531 -0.422849 -0.420863 -0.418706 -0.416415 -0.414405 -0.412004 -0.411641 -0.406277 -0.417093 -0.377952 -0.494344 
2.5 -13.0818 0.297407 2 4 8 10 10 10 10 10 9 9 10 10 10 10 10 10 10 10 10 10 10 9 9 10 10 10 10 10 8 4 2 -0.494617 -0.377975 -0.417373 -0.406535 -0.412056 -0.412509 -0.415038 -0.417148 -0.419528 -0.421744 -0.423767 -0.425467 -0.426803 -0.427751 -0.428316 -0.428502 -0.428316 -0.427751 -0.426803 -0.425467 -0.423767 -0.421744 -0.419528 -0.417148 -0.415038 -0.412509 -0.412056 -0.406535 -0.417373 -0.377975 -0.494617 
2.6 -13.1018 0.304605 2 4 8 10 10 10 10 10 9 9 10 10 10 10 10 10 10 10 10 10 10 9 9 10 10 10 10 10 8 4 2 -0.494914 -0.378 -0.417678 -0.406811 -0.412499 -0.41304 -0.415696 -0.417902 -0.420361 -0.422627 -0.424676 -0.426384 -0.427717 -0.42866 -0.429219 -0.429404 -0.429219 -0.42866 -0.427717 -0.426384 -0.424676 -0.422627 -0.420361 -0.417902 -0.415696 -0.41304 -0.412499 -0.406811 -0.417678 -0.378 -0.494914 
2.7 -13.1219 0.311926 2 4 8 10 10 10 10 10 9 10 10 10 10 10 10 10 10 10 10 10 10 10 9 10 10 10 10 10 8 4 2 -0.495235 -0.378027 -0.418008 -0.407106 -0.412972 -0.413599 -0.416382 -0.418676 -0.421204 -0.423508 -0.425572 -0.427279 -0.428604 -0.429536 -0.430087 -0.430269 -0.430087 -0.429536 -0.428604 -0.427279 -0.425572 -0.423508 -0.421204 -0.418676 -0.416382 -0.413599 -0.412972 -0.407106 -0.418008 -0.378027 -0.495235 
2.8 -13.142 0.319362 2 4 8 10 10 10 10 10 10 10 10 10 10 10 10 10 10 10 10 10 10 10 10 10 10 10 10 10 8 4 2 -0.495584 -0.378059 -0.418367 -0.407422 -0.413476 -0.414187 -0.417095 -0.419468 -0.422055 -0.424385 -0.426454 -0.428149 -0.429459 -0.430376 -0.430918 -0.431096 -0.430918 -0.430376 -0.429459 -0.428149 -0.426454 -0.424385 -0.422055 -0.419468 -0.417095 -0.414187 -0.413476 -0.407422 -0.418367 -0.378059 -0.495584 
2.9 -13.1622 0.326907 2 4 8 10 10 10 10 10 10 10 10 10 10 10 10 10 10 10 10 10 10 10 10 10 10 10 10 10 8 4 2 -0.49596 -0.378095 -0.418755 -0.407761 -0.414013 -0.414804 -0.417834 -0.420276 -0.422912 -0.425255 -0.427317 -0.428994 -0.430281 -0.43118 -0.431709 -0.431883 -0.431709 -0.43118 -0.430281 -0.428994 -0.427317 -0.425255 -0.422912 -0.420276 -0.417834 -0.414804 -0.414013 -0.407761 -0.418755 -0.378095 -0.49596 
3 -13.1824 0.334554 2 4 8 10 10 10 10 10 10 10 10 10 10 10 10 10 10 10 10 10 10 10 10 10 10 10 10 10 8 4 2 -0.496368 -0.378138 -0.419174 -0.408125 -0.414584 -0.415452 -0.418599 -0.4211 -0.423772 -0.426115 -0.428159 -0.429809 -0.431069 -0.431946 -0.432461 -0.432631 -0.432461 -0.431946 -0.431069 -0.429809 -0.428159 -0.426115 -0.423772 -0.4211 -0.418599 -0.415452 -0.414584 -0.408125 -0.419174 -0.378138 -0.496368 
3.1 -13.2026 0.342298 2 4 8 10 10 10 10 10 10 10 10 10 10 10 10 10 10 10 10 10 10 10 10 10 10 10 10 10 8 4 2 -0.496809 -0.378189 -0.419628 -0.408514 -0.415192 -0.416129 -0.419389 -0.421937 -0.424632 -0.426963 -0.428979 -0.430594 -0.431821 -0.432673 -0.433173 -0.433337 -0.433173 -0.432673 -0.431821 -0.430594 -0.428979 -0.426963 -0.424632 -0.421937 -0.419389 -0.416129 -0.415192 -0.408514 -0.419628 -0.378189 -0.496808 
3.2 -13.2228 0.350135 2 4 8 10 10 10 10 10 10 10 10 10 10 10 10 10 10 10 10 10 10 10 10 10 10 10 10 10 8 4 2 -0.497285 -0.378247 -0.420116 -0.408932 -0.415836 -0.416835 -0.420201 -0.422782 -0.425488 -0.427795 -0.429773 -0.431346 -0.432537 -0.433361 -0.433845 -0.434003 -0.433845 -0.433361 -0.432537 -0.431346 -0.429773 -0.427795 -0.425488 -0.422782 -0.420201 -0.416835 -0.415836 -0.408932 -0.420116 -0.378247 -0.497285 
3.3 -13.2429 0.358057 2 4 8 10 10 10 10 10 10 10 10 10 10 10 10 10 10 10 10 10 10 10 10 10 10 10 10 10 8 4 2 -0.4978 -0.378315 -0.420642 -0.409379 -0.416516 -0.41757 -0.421034 -0.423634 -0.426337 -0.428607 -0.430539 -0.432064 -0.433215 -0.43401 -0.434476 -0.434629 -0.434476 -0.43401 -0.433215 -0.432064 -0.430539 -0.428607 -0.426337 -0.423634 -0.421034 -0.41757 -0.416516 -0.409379 -0.420642 -0.378315 -0.4978 
3.4 -13.263 0.366061 2 4 8 10 10 10 10 10 10 10 10 10 10 10 10 10 10 10 10 10 10 10 10 10 10 10 10 10 8 4 2 -0.498357 -0.378392 -0.421206 -0.409856 -0.417233 -0.41833 -0.421883 -0.424488 -0.427176 -0.429398 -0.431275 -0.432748 -0.433855 -0.434619 -0.435067 -0.435215 -0.435067 -0.434619 -0.433855 -0.432748 -0.431275 -0.429398 -0.427176 -0.424488 -0.421883 -0.41833 -0.417233 -0.409856 -0.421206 -0.378392 -0.498357 
3.5 -13.283 0.374141 2 4 8 10 10 10 10 10 10 10 10 10 10 10 11 11 11 10 10 10 10 10 10 10 10 10 10 10 8 4 2 -0.49896 -0.378479 -0.421811 -0.410363 -0.417986 -0.419114 -0.422746 -0.42534 -0.428 -0.430164 -0.431979 -0.433395 -0.434458 -0.43519 -0.43562 -0.435761 -0.43562 -0.43519 -0.434458 -0.433395 -0.431979 -0.430164 -0.428 -0.42534 -0.422746 -0.419114 -0.417986 -0.410363 -0.421811 -0.378479 -0.49896 
3.6 -13.3028 0.382292 2 4 8 10 10 10 10 10 10 10 10 10 10 11 11 11 11 11 10 10 10 10 10 10 10 10 10 10 8 4 2 -0.499613 -0.378574 -0.422458 -0.410901 -0.418773 -0.419919 -0.423618 -0.426186 -0.428806 -0.430903 -0.432651 -0.434007 -0.435023 -0.435722 -0.436134 -0.436269 -0.436134 -0.435722 -0.435023 -0.434007 -0.432651 -0.430903 -0.428806 -0.426186 -0.423618 -0.419919 -0.418773 -0.410901 -0.422458 -0.378574 -0.499613 
3.7 -13.3226 0.390508 2 4 8 10 10 10 10 10 10 10 10 10 11 11 11 11 11 11 11 10 10 10 10 10 10 10 10 10 8 4 2 -0.50032 -0.378679 -0.423149 -0.411467 -0.419593 -0.42074 -0.424495 -0.427022 -0.429592 -0.431612 -0.433289 -0.434582 -0.43555 -0.436218 -0.436611 -0.43674 -0.436611 -0.436218 -0.43555 -0.434582 -0.433289 -0.431612 -0.429592 -0.427022 -0.424495 -0.42074 -0.419593 -0.411467 -0.423149 -0.378679 -0.50032 
3.8 -13.3421 0.398784 2 4 8 10 10 10 10 10 10 10 10 10 11 11 12 12 12 11 11 10 10 10 10 10 10 10 10 10 8 4 2 -0.501085 -0.378791 -0.423885 -0.412063 -0.420443 -0.421575 -0.425373 -0.427845 -0.430353 -0.43229 -0.433893 -0.435121 -0.436042 -0.436677 -0.437052 -0.437175 -0.437052 -0.436677 -0.436042 -0.435121 -0.433893 -0.43229 -0.430353 -0.427845 -0.425373 -0.421575 -0.420443 -0.412063 -0.423885 -0.378791 -0.501085 
3.9 -13.3615 0.407115 2 4 8 10 10 10 10 10 10 10 10 11 11 12 12 12 12 12 11 11 10 10 10 10 10 10 10 10 8 4 2 -0.501915 -0.378909 -0.424667 -0.412685 -0.421319 -0.422419 -0.426247 -0.428649 -0.431087 -0.432935 -0.434462 -0.435624 -0.436499 -0.437102 -0.437459 -0.437577 -0.437459 -0.437102 -0.436499 -0.435624 -0.434462 -0.432935 -0.431087 -0.428649 -0.426247 -0.422419 -0.421319 -0.412685 -0.424667 -0.378909 -0.501915 
4 -13.3807 0.415494 2 4 8 10 10 10 10 10 10 10 10 11 11 12 12 12 12 12 11 11 10 10 10 10 10 10 10 10 8 4 2 -0.502812 -0.379032 -0.425496 -0.41333 -0.422219 -0.423267 -0.427112 -0.429431 -0.431793 -0.433547 -0.434997 -0.436094 -0.436922 -0.437494 -0.437834 -0.437946 -0.437834 -0.437494 -0.436922 -0.436094 -0.434997 -0.433547 -0.431793 -0.429431 -0.427112 -0.423267 -0.422219 -0.41333 -0.425496 -0.379032 -0.502812 
4.1 -13.3996 0.423917 2 4 8 10 10 10 10 10 10 10 10 11 12 12 12 12 12 12 12 11 10 10 10 10 10 10 10 10 8 4 2 -0.503784 -0.379156 -0.426373 -0.413997 -0.423138 -0.424113 -0.427964 -0.430188 -0.432467 -0.434125 -0.435498 -0.436529 -0.437313 -0.437855 -0.438178 -0.438285 -0.438178 -0.437855 -0.437313 -0.436529 -0.435498 -0.434125 -0.432467 -0.430188 -0.427964 -0.424113 -0.423138 -0.413997 -0.426373 -0.379156 -0.503784 
4.2 -13.4183 0.432377 2 4 8 10 10 10 10 10 10 10 10 11 12 12 12 12 12 12 12 11 10 10 10 10 10 10 10 10 8 4 2 -0.504835 -0.379278 -0.427298 -0.41468 -0.424073 -0.424954 -0.4288 -0.430917 -0.433109 -0.434668 -0.435966 -0.436933 -0.437674 -0.438186 -0.438494 -0.438596 -0.438494 -0.438186 -0.437674 -0.436933 -0.435966 -0.434668 -0.433109 -0.430917 -0.4288 -0.424954 -0.424073 -0.41468 -0.427298 -0.379278 -0.504835 
4.3 -13.4367 0.440871 2 4 8 10 10 10 10 10 10 10 10 11 12 12 13 14 13 12 12 11 10 10 10 10 10 10 10 10 8 4 2 -0.50597 -0.379397 -0.428271 -0.415376 -0.425018 -0.425784 -0.429614 -0.431616 -0.433718 -0.435178 -0.436402 -0.437307 -0.438006 -0.43849 -0.438782 -0.438879 -0.438782 -0.43849 -0.438006 -0.437307 -0.436402 -0.435178 -0.433718 -0.431616 -0.429614 -0.425784 -0.425018 -0.415376 -0.428271 -0.379397 -0.50597 
4.4 -13.4549 0.449392 2 4 8 10 10 10 10 10 10 10 10 11 12 12 14 14 14 12 12 11 10 10 10 10 10 10 10 10 8 4 2 -0.507194 -0.379506 -0.429292 -0.416079 -0.42597 -0.426598 -0.430404 -0.432283 -0.434293 -0.435655 -0.436807 -0.437652 -0.438311 -0.438768 -0.439045 -0.439138 -0.439045 -0.438768 -0.438311 -0.437652 -0.436807 -0.435655 -0.434293 -0.432283 -0.430404 -0.426598 -0.42597 -0.416079 -0.429292 -0.379506 -0.507194 
4.5 -13.4727 0.457935 2 4 8 10 10 10 10 10 10 10 10 12 12 13 14 14 14 13 12 12 10 10 10 10 10 10 10 10 8 4 2 -0.508512 -0.379603 -0.430359 -0.416784 -0.426923 -0.427392 -0.431167 -0.432916 -0.434834 -0.4361 -0.437183 -0.43797 -0.43859 -0.439022 -0.439286 -0.439374 -0.439286 -0.439022 -0.43859 -0.43797 -0.437183 -0.4361 -0.434834 -0.432916 -0.431167 -0.427392 -0.426923 -0.416784 -0.430359 -0.379603 -0.508512 
4.6 -13.4901 0.466496 2 4 8 10 10 10 10 10 10 10 10 12 13 13 15 15 15 13 13 12 10 10 10 10 10 10 10 10 8 4 2 -0.509929 -0.379683 -0.431473 -0.417486 -0.427872 -0.428162 -0.4319 -0.433513 -0.435342 -0.436513 -0.437531 -0.438263 -0.438847 -0.439254 -0.439504 -0.439588 -0.439504 -0.439254 -0.438847 -0.438263 -0.437531 -0.436513 -0.435342 -0.433513 -0.4319 -0.428162 -0.427872 -0.417486 -0.431473 -0.379683 -0.509929 
4.7 -13.5073 0.475069 2 4 8 10 10 10 10 10 10 10 11 12 13 13 15 15 15 13 13 12 11 10 10 10 10 10 10 10 8 4 2 -0.511448 -0.379739 -0.432631 -0.418178 -0.428814 -0.428902 -0.432601 -0.434076 -0.435817 -0.436897 -0.437853 -0.438532 -0.439082 -0.439466 -0.439703 -0.439783 -0.439703 -0.439466 -0.439082 -0.438532 -0.437853 -0.436897 -0.435817 -0.434076 -0.432601 -0.428902 -0.428814 -0.418178 -0.432631 -0.379739 -0.511448 
4.8 -13.524 0.483652 2 4 8 10 10 10 10 10 10 10 11 12 13 13 15 15 15 13 13 12 11 10 10 10 10 10 10 10 8 4 2 -0.513072 -0.379768 -0.433831 -0.418855 -0.429743 -0.429611 -0.433269 -0.434603 -0.43626 -0.437253 -0.43815 -0.43878 -0.439297 -0.439659 -0.439884 -0.439959 -0.439884 -0.439659 -0.439297 -0.43878 -0.43815 -0.437253 -0.43626 -0.434603 -0.433269 -0.429611 -0.429743 -0.418855 -0.433831 -0.379768 -0.513072 
4.9 -13.5404 0.492238 2 4 8 10 10 10 10 10 10 11 11 13 13 14 15 15 15 14 13 13 11 11 10 10 10 10 10 10 8 4 2 -0.514804 -0.379764 -0.43507 -0.419509 -0.430657 -0.430286 -0.433903 -0.435095 -0.436673 -0.437582 -0.438425 -0.439008 -0.439494 -0.439835 -0.440048 -0.440119 -0.440048 -0.439835 -0.439494 -0.439008 -0.438425 -0.437582 -0.436673 -0.435095 -0.433903 -0.430286 -0.430657 -0.419509 -0.43507 -0.379764 -0.514804 
5 -13.5564 0.500825 2 4 8 10 10 10 10 10 10 11 11 13 14 14 15 15 15 14 14 13 11 11 10 10 10 10 10 10 8 4 2 -0.516646 -0.37972 -0.436347 -0.420136 -0.431552 -0.430923 -0.434504 -0.435552 -0.437057 -0.437887 -0.438678 -0.439217 -0.439674 -0.439995 -0.440197 -0.440264 -0.440197 -0.439995 -0.439674 -0.439217 -0.438678 -0.437887 -0.437057 -0.435552 -0.434504 -0.430923 -0.431552 -0.420136 -0.436347 -0.37972 -0.516646 
5.1 -13.572 0.50941 2 4 8 10 10 10 10 10 10 11 12 13 14 15 15 15 15 15 14 13 12 11 10 10 10 10 10 10 8 4 2 -0.518597 -0.379631 -0.437656 -0.42073 -0.432424 -0.431521 -0.43507 -0.435976 -0.437414 -0.438169 -0.438911 -0.43941 -0.439839 -0.44014 -0.440331 -0.440395 -0.440331 -0.44014 -0.439839 -0.43941 -0.438911 -0.438169 -0.437414 -0.435976 -0.43507 -0.431521 -0.432424 -0.42073 -0.437656 -0.379631 -0.518597 
5.2 -13.5872 0.517987 2 4 8 10 10 10 10 10 11 12 13 13 14 15 15 16 15 15 14 13 13 12 11 10 10 10 10 10 8 4 2 -0.520658 -0.379491 -0.438995 -0.421284 -0.433272 -0.432079 -0.435602 -0.436368 -0.437744 -0.438429 -0.439126 -0.439588 -0.43999 -0.440272 -0.440454 -0.440513 -0.440454 -0.440272 -0.43999 -0.439588 -0.439126 -0.438429 -0.437744 -0.436368 -0.435602 -0.432079 -0.433272 -0.421284 -0.438995 -0.379491 -0.520658 
5.3 -13.602 0.526555 2 4 8 10 10 10 10 11 11 12 13 14 14 15 15 16 15 15 14 14 13 12 11 11 10 10 10 10 8 4 2 -0.522827 -0.379295 -0.440361 -0.421795 -0.434093 -0.432597 -0.436103 -0.436729 -0.438051 -0.438669 -0.439325 -0.439752 -0.440129 -0.440393 -0.440564 -0.44062 -0.440564 -0.440393 -0.440129 -0.439752 -0.439325 -0.438669 -0.438051 -0.436729 -0.436103 -0.432597 -0.434093 -0.421795 -0.440361 -0.379295 -0.522827 
5.4 -13.6163 0.535111 2 4 8 10 10 10 10 11 12 13 14 14 15 15 15 16 15 15 15 14 14 13 12 11 10 10 10 10 8 4 2 -0.525101 -0.379036 -0.441748 -0.422257 -0.434886 -0.433073 -0.436571 -0.43706 -0.438335 -0.438891 -0.439508 -0.439904 -0.440256 -0.440503 -0.440664 -0.440716 -0.440664 -0.440503 -0.440256 -0.439904 -0.439508 -0.438891 -0.438335 -0.43706 -0.436571 -0.433073 -0.434886 -0.422257 -0.441748 -0.379036 -0.525101 
5.5 -13.6302 0.543652 2 4 8 10 10 10 10 12 12 14 14 15 15 15 15 16 15 15 15 15 14 14 12 12 10 10 10 10 8 4 2 -0.527476 -0.37871 -0.443154 -0.422666 -0.435651 -0.433509 -0.43701 -0.437364 -0.438598 -0.439096 -0.439678 -0.440044 -0.440373 -0.440603 -0.440755 -0.440803 -0.440755 -0.440603 -0.440373 -0.440044 -0.439678 -0.439096 -0.438598 -0.437364 -0.43701 -0.433509 -0.435651 -0.422666 -0.443154 -0.37871 -0.527476 
5.6 -13.6436 0.552175 2 4 8 10 10 10 12 12 13 14 15 15 16 17 16 16 16 17 16 15 15 14 13 12 12 10 10 10 8 4 2 -0.529946 -0.378312 -0.444574 -0.42302 -0.436387 -0.433904 -0.43742 -0.437642 -0.438843 -0.439286 -0.439834 -0.440174 -0.440481 -0.440694 -0.440836 -0.440881 -0.440836 -0.440694 -0.440481 -0.440174 -0.439834 -0.439286 -0.438843 -0.437642 -0.43742 -0.433904 -0.436387 -0.42302 -0.444574 -0.378312 -0.529946 
5.7 -13.6565 0.56068 2 4 8 10 10 11 12 12 14 15 15 16 17 17 17 17 17 17 17 16 15 15 14 12 12 11 10 10 8 4 2 -0.532505 -0.377838 -0.446004 -0.423315 -0.437095 -0.434259 -0.437803 -0.437895 -0.43907 -0.439462 -0.43998 -0.440294 -0.44058 -0.440777 -0.44091 -0.440951 -0.44091 -0.440777 -0.44058 -0.440294 -0.43998 -0.439462 -0.43907 -0.437895 -0.437803 -0.434259 -0.437095 -0.423315 -0.446004 -0.377838 -0.532505 
5.8 -13.669 0.569163 2 4 8 10 10 11 12 14 14 15 16 16 17 17 17 17 17 17 17 16 16 15 14 14 12 11 10 10 8 4 2 -0.535145 -0.377284 -0.447441 -0.423549 -0.437774 -0.434576 -0.438162 -0.438126 -0.439281 -0.439626 -0.440115 -0.440406 -0.440672 -0.440853 -0.440977 -0.441014 -0.440977 -0.440853 -0.440672 -0.440406 -0.440115 -0.439626 -0.439281 -0.438126 -0.438162 -0.434576 -0.437774 -0.423549 -0.447441 -0.377284 -0.535145 
5.9 -13.681 0.577623 2 4 8 10 11 11 12 14 15 16 17 17 17 18 18 18 18 18 17 17 17 16 15 14 12 11 11 10 8 4 2 -0.537857 -0.376648 -0.448881 -0.423721 -0.438427 -0.434855 -0.438497 -0.438335 -0.439478 -0.439777 -0.44024 -0.44051 -0.440757 -0.440922 -0.441038 -0.441071 -0.441038 -0.440922 -0.440757 -0.44051 -0.44024 -0.439777 -0.439478 -0.438335 -0.438497 -0.434855 -0.438427 -0.423721 -0.44888 -0.376648 -0.537857 
6 -13.6924 0.586059 2 4 8 10 11 11 12 14 15 17 17 17 17 18 18 18 18 18 17 17 17 17 15 14 12 11 11 10 8 4 2 -0.540632 -0.375929 -0.45032 -0.423829 -0.439055 -0.435099 -0.43881 -0.438525 -0.439661 -0.439917 -0.440357 -0.440607 -0.440836 -0.440986 -0.441092 -0.441122 -0.441092 -0.440986 -0.440836 -0.440607 -0.440357 -0.439917 -0.439661 -0.438525 -0.43881 -0.435098 -0.439055 -0.423829 -0.45032 -0.375929 -0.540632 
6.1 -13.7034 0.594469 2 4 8 10 11 12 14 15 16 17 17 19 19 19 19 19 19 19 19 19 17 17 16 15 14 12 11 10 8 4 2 -0.543459 -0.375125 -0.451756 -0.423873 -0.439658 -0.435307 -0.439103 -0.438697 -0.439833 -0.440048 -0.440467 -0.440698 -0.440909 -0.441044 -0.441142 -0.441167 -0.441142 -0.441044 -0.440909 -0.440698 -0.440467 -0.440048 -0.439833 -0.438697 -0.439104 -0.435307 -0.439658 -0.423873 -0.451756 -0.375125 -0.543459 
6.2 -13.7139 0.602853 2 4 8 11 11 12 14 16 17 17 19 19 19 19 19 19 19 19 19 19 19 17 17 16 14 12 11 11 8 4 2 -0.546326 -0.374237 -0.453186 -0.423854 -0.440239 -0.435481 -0.439379 -0.438852 -0.439994 -0.440168 -0.44057 -0.440782 -0.440978 -0.441098 -0.441187 -0.441208 -0.441187 -0.441098 -0.440978 -0.440782 -0.44057 -0.440168 -0.439994 -0.438852 -0.439379 -0.435481 -0.440239 -0.423854 -0.453186 -0.374237 -0.546326 
6.3 -13.7238 0.611209 2 4 8 11 12 13 15 16 17 19 19 19 19 20 20 20 20 20 19 19 19 19 17 16 15 13 12 11 8 4 2 -0.549223 -0.373267 -0.454607 -0.423771 -0.4408 -0.435624 -0.439638 -0.438992 -0.440145 -0.440281 -0.440667 -0.440862 -0.441042 -0.441147 -0.441228 -0.441245 -0.441228 -0.441147 -0.441042 -0.440862 -0.440667 -0.440281 -0.440145 -0.438992 -0.439638 -0.435624 -0.4408 -0.423771 -0.454607 -0.373267 -0.549223 
6.4 -13.7333 0.619537 2 4 8 11 12 14 15 17 17 19 19 20 20 20 20 20 20 20 20 20 19 19 17 17 15 14 12 11 8 4 2 -0.552137 -0.372217 -0.456018 -0.423626 -0.441342 -0.435736 -0.439882 -0.439117 -0.440287 -0.440385 -0.440758 -0.440936 -0.441102 -0.441193 -0.441265 -0.441279 -0.441265 -0.441193 -0.441102 -0.440936 -0.440758 -0.440385 -0.440287 -0.439117 -0.439882 -0.435736 -0.441342 -0.423626 -0.456018 -0.372217 -0.552137 
6.5 -13.7422 0.627836 2 4 8 11 12 14 15 17 19 19 20 20 21 21 20 20 20 21 21 20 20 19 19 17 15 14 12 11 8 4 2 -0.555056 -0.37109 -0.457417 -0.423421 -0.441867 -0.435818 -0.440112 -0.439229 -0.440422 -0.440481 -0.440846 -0.441005 -0.441158 -0.441235 -0.441299 -0.441309 -0.441299 -0.441235 -0.441158 -0.441005 -0.440846 -0.440481 -0.440422 -0.439229 -0.440112 -0.435818 -0.441867 -0.423421 -0.457417 -0.37109 -0.555056 
6.6 -13.7507 0.636107 2 4 8 11 12 14 17 17 19 19 21 21 21 21 21 21 21 21 21 21 21 19 19 17 17 14 12 11 8 4 2 -0.557969 -0.369892 -0.458802 -0.423155 -0.442376 -0.435872 -0.440329 -0.439329 -0.440549 -0.44057 -0.440929 -0.44107 -0.441212 -0.441274 -0.44133 -0.441336 -0.44133 -0.441274 -0.441212 -0.44107 -0.440929 -0.44057 -0.440549 -0.439329 -0.440329 -0.435872 -0.442376 -0.423155 -0.458802 -0.369892 -0.557969 
6.7 -13.7586 0.644347 2 4 8 11 14 15 17 19 19 21 21 21 22 22 22 22 22 22 22 21 21 21 19 19 17 15 14 11 8 4 2 -0.560863 -0.368629 -0.460172 -0.422833 -0.442872 -0.435899 -0.440536 -0.439417 -0.44067 -0.440652 -0.441008 -0.441131 -0.441262 -0.441311 -0.441358 -0.441361 -0.441358 -0.441311 -0.441262 -0.441131 -0.441008 -0.440652 -0.44067 -0.439417 -0.440536 -0.435899 -0.442872 -0.422833 -0.460172 -0.368629 -0.560863 
6.8 -13.766 0.652559 2 4 8 13 14 16 17 19 19 21 21 22 22 22 22 22 22 22 22 22 21 21 19 19 17 16 14 13 8 4 2 -0.563727 -0.367306 -0.461526 -0.422455 -0.443356 -0.435899 -0.440733 -0.439495 -0.440784 -0.440728 -0.441085 -0.441188 -0.441309 -0.441345 -0.441385 -0.441383 -0.441385 -0.441345 -0.441309 -0.441188 -0.441085 -0.440728 -0.440784 -0.439495 -0.440733 -0.435899 -0.443356 -0.422455 -0.461526 -0.367306 -0.563727 
6.9 -13.773 0.66074 2 4 8 13 14 16 18 19 20 21 22 22 22 22 22 22 22 22 22 22 22 21 20 19 18 16 14 13 8 4 2 -0.566551 -0.365932 -0.462864 -0.422025 -0.443828 -0.435875 -0.440921 -0.439562 -0.440894 -0.440797 -0.441158 -0.441241 -0.441354 -0.441377 -0.441409 -0.441404 -0.441409 -0.441377 -0.441354 -0.441241 -0.441158 -0.440797 -0.440894 -0.439562 -0.440921 -0.435875 -0.443828 -0.422025 -0.462864 -0.365932 -0.566551 
7 -13.7795 0.668892 2 4 8 13 15 17 18 19 21 22 22 22 23 23 23 23 23 23 23 22 22 22 21 19 18 17 15 13 8 4 2 -0.569326 -0.364513 -0.464184 -0.421544 -0.444291 -0.435826 -0.441101 -0.439619 -0.440998 -0.44086 -0.441229 -0.441291 -0.441397 -0.441408 -0.441432 -0.441423 -0.441432 -0.441408 -0.441397 -0.441291 -0.441229 -0.44086 -0.440998 -0.439619 -0.441101 -0.435826 -0.444291 -0.421544 -0.464184 -0.364513 -0.569326 
7.1 -13.7855 0.677014 2 4 8 13 16 17 18 21 21 22 22 23 23 23 23 23 23 23 23 23 22 22 21 21 18 17 16 13 8 4 2 -0.572041 -0.36306 -0.465486 -0.421016 -0.444745 -0.435754 -0.441274 -0.439666 -0.441098 -0.440917 -0.441298 -0.441338 -0.441437 -0.441436 -0.441454 -0.441441 -0.441454 -0.441436 -0.441437 -0.441338 -0.441298 -0.440917 -0.441098 -0.439666 -0.441274 -0.435754 -0.444745 -0.421016 -0.465486 -0.36306 -0.572041 
7.2 -13.7911 0.685106 2 4 8 13 16 17 19 21 21 22 23 23 24 24 24 24 24 24 24 23 23 22 21 21 19 17 16 13 8 4 2 -0.574689 -0.36158 -0.466771 -0.420443 -0.445191 -0.435659 -0.441441 -0.439704 -0.441194 -0.440969 -0.441365 -0.441381 -0.441475 -0.441463 -0.441475 -0.441458 -0.441475 -0.441463 -0.441475 -0.441381 -0.441365 -0.440969 -0.441194 -0.439704 -0.441441 -0.435659 -0.445191 -0.420443 -0.466771 -0.36158 -0.574689 
7.3 -13.7962 0.693169 2 4 8 14 16 18 19 21 22 23 23 24 24 24 24 24 24 24 24 24 23 23 22 21 19 18 16 14 8 4 2 -0.577263 -0.360082 -0.468038 -0.419828 -0.44563 -0.435541 -0.441603 -0.439733 -0.441286 -0.441015 -0.44143 -0.441422 -0.441512 -0.441489 -0.441494 -0.441474 -0.441494 -0.441489 -0.441512 -0.441422 -0.44143 -0.441015 -0.441286 -0.439733 -0.441603 -0.435541 -0.44563 -0.419828 -0.468038 -0.360082 -0.577263 
7.4 -13.8009 0.701202 2 4 8 14 17 19 19 21 22 23 24 25 25 25 25 26 25 25 25 25 24 23 22 21 19 19 17 14 8 4 2 -0.579757 -0.358575 -0.469287 -0.419175 -0.446063 -0.435401 -0.44176 -0.439752 -0.441374 -0.441056 -0.441493 -0.44146 -0.441547 -0.441514 -0.441513 -0.44149 -0.441513 -0.441514 -0.441547 -0.44146 -0.441493 -0.441056 -0.441374 -0.439752 -0.44176 -0.435401 -0.446063 -0.419175 -0.469287 -0.358575 -0.579757 
7.5 -13.8053 0.709205 2 4 8 14 17 20 20 22 23 23 25 26 26 26 26 26 26 26 26 26 25 23 23 22 20 20 17 14 8 4 2 -0.582166 -0.357069 -0.470519 -0.418485 -0.446491 -0.435239 -0.441914 -0.439762 -0.441459 -0.441093 -0.441553 -0.441495 -0.44158 -0.441538 -0.441532 -0.441506 -0.441532 -0.441538 -0.44158 -0.441495 -0.441553 -0.441093 -0.441459 -0.439762 -0.441914 -0.435239 -0.446491 -0.418485 -0.470519 -0.357069 -0.582166 
7.6 -13.8093 0.717179 2 4 8 15 17 20 20 22 23 24 26 26 27 28 27 27 27 28 27 26 26 24 23 22 20 20 17 15 8 4 2 -0.584485 -0.35557 -0.471733 -0.417762 -0.446914 -0.435055 -0.442065 -0.439763 -0.441541 -0.441125 -0.441612 -0.441528 -0.441612 -0.441561 -0.44155 -0.441522 -0.44155 -0.441561 -0.441612 -0.441528 -0.441612 -0.441125 -0.441541 -0.439763 -0.442065 -0.435055 -0.446914 -0.417762 -0.471733 -0.35557 -0.584485 
7.7 -13.8129 0.725123 2 4 8 15 18 20 21 22 23 25 26 28 28 28 28 28 28 28 28 28 26 25 23 22 21 20 18 15 8 4 2 -0.586712 -0.354088 -0.47293 -0.417009 -0.447332 -0.434851 -0.442212 -0.439755 -0.441619 -0.441152 -0.441668 -0.441559 -0.441643 -0.441584 -0.441568 -0.441538 -0.441568 -0.441584 -0.441642 -0.441559 -0.441668 -0.441152 -0.441619 -0.439755 -0.442212 -0.434851 -0.447332 -0.417009 -0.47293 -0.354088 -0.586712 
7.8 -13.8162 0.733037 2 4 8 15 18 21 21 23 24 25 28 28 28 29 29 29 29 29 29 28 28 25 24 23 21 21 18 15 8 4 2 -0.588844 -0.35263 -0.474111 -0.416229 -0.447747 -0.434625 -0.442358 -0.439736 -0.441695 -0.441176 -0.441723 -0.441587 -0.441672 -0.441605 -0.441585 -0.441554 -0.441585 -0.441605 -0.441672 -0.441587 -0.441723 -0.441176 -0.441695 -0.439736 -0.442358 -0.434625 -0.447747 -0.416229 -0.474111 -0.35263 -0.588844 
7.9 -13.8192 0.740921 2 4 8 15 18 21 22 23 25 26 28 29 30 31 31 31 31 31 30 29 28 26 25 23 22 21 18 15 8 4 2 -0.590881 -0.351202 -0.475276 -0.415425 -0.448158 -0.434378 -0.442502 -0.439708 -0.441768 -0.441195 -0.441774 -0.441613 -0.4417 -0.441627 -0.441603 -0.441571 -0.441603 -0.441627 -0.4417 -0.441613 -0.441774 -0.441195 -0.441768 -0.439708 -0.442502 -0.434378 -0.448158 -0.415425 -0.475276 -0.351202 -0.590881 
8 -13.8219 0.748775 2 4 8 16 19 21 22 23 26 27 29 31 31 31 32 32 32 31 31 31 29 27 26 23 22 21 19 16 8 4 2 -0.592822 -0.349811 -0.476426 -0.4146 -0.448567 -0.434111 -0.442644 -0.439669 -0.441838 -0.44121 -0.441824 -0.441637 -0.441728 -0.441647 -0.441621 -0.441588 -0.441621 -0.441647 -0.441728 -0.441637 -0.441824 -0.44121 -0.441838 -0.439669 -0.442645 -0.434111 -0.448567 -0.4146 -0.476426 -0.349811 -0.592822 
8.1 -13.8243 0.756598 2 4 8 16 19 22 22 24 26 29 31 31 32 32 32 32 32 32 32 31 31 29 27 24 22 22 19 16 8 4 2 -0.594668 -0.348461 -0.47756 -0.413756 -0.448974 -0.433822 -0.442786 -0.43962 -0.441905 -0.441221 -0.44187 -0.441659 -0.441754 -0.441667 -0.441639 -0.441606 -0.441639 -0.441667 -0.441754 -0.441659 -0.44187 -0.441221 -0.441905 -0.43962 -0.442786 -0.433822 -0.448974 -0.413756 -0.47756 -0.348461 -0.594668 
8.2 -13.8265 0.76439 2 4 8 16 19 22 24 25 28 30 31 32 32 32 33 33 33 32 32 32 31 30 28 25 24 22 19 16 8 4 2 -0.596419 -0.347157 -0.478681 -0.412898 -0.44938 -0.433513 -0.442927 -0.439559 -0.44197 -0.441229 -0.441914 -0.441679 -0.44178 -0.441686 -0.441658 -0.441624 -0.441658 -0.441686 -0.44178 -0.441679 -0.441914 -0.441229 -0.44197 -0.439559 -0.442927 -0.433513 -0.44938 -0.412898 -0.478681 -0.347157 -0.596419 
8.3 -13.8285 0.772151 2 4 8 16 19 22 24 25 28 30 32 32 33 34 34 34 34 34 33 32 32 30 28 25 24 22 20 16 8 4 2 -0.598078 -0.345902 -0.479788 -0.412027 -0.449785 -0.433183 -0.443067 -0.439487 -0.442032 -0.441232 -0.441955 -0.441697 -0.441806 -0.441705 -0.441677 -0.441643 -0.441677 -0.441705 -0.441806 -0.441697 -0.441955 -0.441232 -0.442032 -0.439487 -0.443067 -0.433183 -0.449785 -0.412027 -0.479789 -0.345902 -0.598078 
8.4 -13.8302 0.779881 2 4 8 16 20 22 24 25 29 31 32 33 35 35 35 35 35 35 35 33 32 31 29 25 25 22 20 16 8 4 2 -0.599646 -0.3447 -0.480883 -0.411147 -0.450191 -0.432833 -0.443206 -0.439404 -0.442092 -0.441231 -0.441994 -0.441713 -0.441831 -0.441723 -0.441696 -0.441663 -0.441696 -0.441723 -0.441831 -0.441713 -0.441994 -0.441231 -0.442092 -0.439404 -0.443207 -0.432832 -0.450191 -0.411147 -0.480883 -0.3447 -0.599646 
8.5 -13.8318 0.787578 2 4 8 16 21 23 26 27 31 31 33 35 36 36 37 37 37 36 36 35 33 31 31 27 26 23 21 16 8 4 2 -0.601127 -0.343552 -0.481966 -0.410261 -0.450598 -0.432462 -0.443346 -0.439308 -0.44215 -0.441227 -0.442029 -0.441727 -0.441855 -0.441741 -0.441716 -0.441684 -0.441716 -0.441741 -0.441855 -0.441728 -0.442029 -0.441227 -0.44215 -0.439308 -0.443346 -0.432462 -0.450598 -0.41026 -0.481966 -0.343552 -0.601127 
8.6 -13.8332 0.795243 2 4 8 16 21 23 26 28 31 32 35 35 36 37 37 37 37 37 36 35 35 32 31 28 26 23 21 16 8 4 2 -0.602523 -0.342458 -0.483037 -0.40937 -0.451007 -0.432071 -0.443485 -0.439199 -0.442205 -0.441217 -0.442061 -0.441739 -0.441879 -0.441759 -0.441737 -0.441706 -0.441737 -0.441759 -0.441879 -0.441739 -0.442061 -0.441217 -0.442205 -0.439199 -0.443486 -0.432071 -0.451007 -0.40937 -0.483037 -0.342458 -0.602523 
8.7 -13.8344 0.802874 2 4 8 16 22 23 27 29 32 33 35 37 37 37 38 38 38 37 37 37 35 34 32 29 27 23 22 16 8 4 2 -0.603839 -0.34142 -0.484097 -0.408479 -0.451418 -0.43166 -0.443625 -0.439077 -0.442258 -0.441203 -0.442091 -0.441749 -0.441903 -0.441776 -0.441758 -0.441728 -0.441758 -0.441776 -0.441903 -0.441749 -0.442091 -0.441204 -0.442258 -0.439077 -0.443625 -0.43166 -0.451419 -0.408479 -0.484097 -0.34142 -0.603839 
8.8 -13.8355 0.810472 2 4 8 16 22 25 28 29 33 34 35 37 38 39 38 38 38 39 38 37 35 34 33 29 29 25 22 16 8 4 2 -0.605077 -0.340437 -0.485146 -0.40759 -0.451834 -0.431231 -0.443764 -0.438942 -0.442309 -0.441185 -0.442117 -0.441757 -0.441927 -0.441792 -0.44178 -0.441751 -0.44178 -0.441792 -0.441927 -0.441757 -0.442117 -0.441185 -0.442309 -0.438942 -0.443764 -0.431231 -0.451834 -0.40759 -0.485146 -0.340437 -0.605077 
8.9 -13.8365 0.818035 2 4 8 16 22 25 29 31 33 35 36 39 39 40 40 41 40 40 39 39 37 35 33 31 29 25 22 16 8 4 2 -0.606243 -0.339508 -0.486186 -0.406705 -0.452255 -0.430783 -0.443903 -0.438794 -0.442358 -0.44116 -0.442141 -0.441762 -0.441951 -0.441808 -0.441803 -0.441774 -0.441803 -0.441809 -0.44195 -0.441762 -0.442141 -0.441161 -0.442358 -0.438793 -0.443904 -0.430782 -0.452255 -0.406705 -0.486186 -0.339508 -0.606243 
9 -13.8373 0.825563 2 4 8 16 22 26 29 31 33 36 38 39 40 42 42 42 42 42 40 39 38 36 33 31 29 26 22 16 8 4 2 -0.60734 -0.338631 -0.487215 -0.405827 -0.452682 -0.430317 -0.444043 -0.438631 -0.442406 -0.44113 -0.442163 -0.441765 -0.441974 -0.441824 -0.441827 -0.441798 -0.441827 -0.441824 -0.441973 -0.441765 -0.442162 -0.441131 -0.442405 -0.438631 -0.444043 -0.430316 -0.452682 -0.405827 -0.487215 -0.338631 -0.60734 
9.1 -13.8381 0.833055 2 4 8 16 22 26 30 32 35 37 38 40 42 42 42 42 42 42 42 40 38 37 35 32 30 26 23 16 8 4 2 -0.608372 -0.337804 -0.488236 -0.404958 -0.453115 -0.429834 -0.444182 -0.438454 -0.442451 -0.441094 -0.442181 -0.441765 -0.441996 -0.441839 -0.441851 -0.441823 -0.441851 -0.44184 -0.441996 -0.441766 -0.442181 -0.441095 -0.44245 -0.438454 -0.444182 -0.429834 -0.453115 -0.404958 -0.488236 -0.337804 -0.608372 
9.2 -13.8387 0.84051 2 4 8 16 24 26 31 33 36 38 40 42 42 43 43 44 43 43 42 42 40 38 36 33 31 26 24 16 8 4 2 -0.609345 -0.337025 -0.489247 -0.4041 -0.453557 -0.429335 -0.444321 -0.438263 -0.442494 -0.441052 -0.442198 -0.441763 -0.442019 -0.441854 -0.441877 -0.441847 -0.441877 -0.441855 -0.442018 -0.441764 -0.442198 -0.441052 -0.442494 -0.438263 -0.444321 -0.429335 -0.453557 -0.4041 -0.489247 -0.337025 -0.609345 
9.3 -13.8393 0.847927 2 4 8 16 24 27 32 34 37 40 41 42 43 44 44 44 44 44 43 42 41 40 37 34 32 27 24 16 8 4 2 -0.610262 -0.336291 -0.490249 -0.403255 -0.454007 -0.428822 -0.444461 -0.438057 -0.442535 -0.441002 -0.442212 -0.441759 -0.442041 -0.441869 -0.441903 -0.441872 -0.441903 -0.44187 -0.44204 -0.44176 -0.442212 -0.441002 -0.442535 -0.438057 -0.44446 -0.428822 -0.454006 -0.403255 -0.490249 -0.336291 -0.610262 
9.4 -13.8398 0.855307 2 4 8 16 24 28 33 35 37 40 42 42 44 44 46 46 46 44 44 42 42 40 37 35 33 28 24 16 8 4 2 -0.611127 -0.335598 -0.491241 -0.402425 -0.454466 -0.428295 -0.4446 -0.437837 -0.442574 -0.440945 -0.442224 -0.441752 -0.442062 -0.441883 -0.44193 -0.441897 -0.441929 -0.441884 -0.442061 -0.441753 -0.442224 -0.440945 -0.442574 -0.437837 -0.4446 -0.428295 -0.454466 -0.402425 -0.491241 -0.335598 -0.611127 
9.5 -13.8403 0.862646 2 4 8 16 25 28 34 35 38 42 42 43 44 46 46 46 46 46 44 43 42 42 38 36 34 29 25 16 8 4 2 -0.611946 -0.334944 -0.492225 -0.401612 -0.454935 -0.427756 -0.44474 -0.437602 -0.442612 -0.44088 -0.442234 -0.441742 -0.442083 -0.441898 -0.441957 -0.441921 -0.441957 -0.441898 -0.442082 -0.441743 -0.442234 -0.44088 -0.442611 -0.437603 -0.444739 -0.427757 -0.454935 -0.401612 -0.492225 -0.334944 -0.611946 
9.6 -13.8406 0.869946 2 4 8 16 25 29 34 37 39 42 43 44 46 47 48 49 48 47 46 45 43 42 39 37 35 29 25 16 8 4 2 -0.612721 -0.334324 -0.493199 -0.400817 -0.455415 -0.427207 -0.44488 -0.437354 -0.442646 -0.440807 -0.442243 -0.44173 -0.442102 -0.441911 -0.441985 -0.441946 -0.441985 -0.441912 -0.442101 -0.44173 -0.442242 -0.440807 -0.442646 -0.437354 -0.444879 -0.427208 -0.455415 -0.400817 -0.493199 -0.334324 -0.612721 
9.7 -13.841 0.877204 2 4 8 16 25 29 35 38 41 42 44 46 47 48 49 49 49 48 47 46 44 42 41 38 35 29 25 16 8 4 2 -0.613459 -0.333736 -0.494164 -0.400041 -0.455907 -0.426649 -0.44502 -0.437091 -0.442679 -0.440725 -0.442249 -0.441715 -0.442121 -0.441925 -0.442014 -0.44197 -0.442013 -0.441926 -0.44212 -0.441715 -0.442249 -0.440725 -0.442678 -0.437092 -0.445019 -0.42665 -0.455906 -0.400041 -0.494164 -0.333736 -0.613459 
9.8 -13.8412 0.884421 2 4 8 16 25 30 36 38 41 42 46 46 48 49 51 51 51 49 48 46 46 42 41 38 36 30 25 16 8 4 2 -0.614161 -0.333175 -0.49512 -0.399284 -0.45641 -0.426084 -0.445161 -0.436814 -0.442709 -0.440634 -0.442254 -0.441696 -0.442139 -0.441938 -0.442042 -0.441994 -0.442042 -0.441939 -0.442138 -0.441697 -0.442254 -0.440635 -0.442708 -0.436815 -0.445161 -0.426084 -0.45641 -0.399285 -0.49512 -0.333175 -0.614161 
9.9 -13.8415 0.891594 2 4 8 16 26 31 37 39 43 45 46 47 49 51 51 52 51 51 49 47 46 45 43 39 37 31 26 16 8 4 2 -0.614833 -0.332639 -0.496066 -0.398549 -0.456926 -0.425512 -0.445304 -0.436524 -0.442737 -0.440534 -0.442257 -0.441675 -0.442156 -0.441951 -0.442072 -0.442017 -0.442072 -0.441951 -0.442156 -0.441676 -0.442257 -0.440535 -0.442736 -0.436525 -0.445303 -0.425513 -0.456925 -0.398549 -0.496066 -0.332639 -0.614833 
10 -13.8417 0.898723 2 4 8 16 26 31 38 41 43 45 47 48 51 52 54 54 54 52 51 48 47 45 43 41 38 31 26 16 8 4 2 -0.615478 -0.332123 -0.497003 -0.397834 -0.457454 -0.424937 -0.445449 -0.436221 -0.442762 -0.440425 -0.442259 -0.441651 -0.442172 -0.441963 -0.442101 -0.44204 -0.442101 -0.441963 -0.442172 -0.441651 -0.442259 -0.440425 -0.442761 -0.436222 -0.445448 -0.424938 -0.457453 -0.397834 -0.497003 -0.332123 -0.615478 
10.1 -13.8419 0.905807 2 4 8 16 26 32 38 42 45 46 48 50 52 55 55 55 55 55 52 51 48 46 45 42 38 32 26 16 8 4 2 -0.616099 -0.331624 -0.49793 -0.397139 -0.457995 -0.424359 -0.445597 -0.435905 -0.442784 -0.440305 -0.442259 -0.441623 -0.442186 -0.441975 -0.442131 -0.442062 -0.442131 -0.441975 -0.442187 -0.441623 -0.44226 -0.440305 -0.442783 -0.435906 -0.445596 -0.42436 -0.457995 -0.397139 -0.49793 -0.331624 -0.616099 
10.2 -13.842 0.912846 2 4 8 16 26 33 39 43 46 46 50 51 54 55 56 57 56 55 54 51 50 46 46 43 39 33 26 16 8 4 2 -0.6167 -0.331139 -0.498847 -0.396465 -0.458549 -0.423781 -0.445748 -0.435577 -0.442803 -0.440176 -0.442258 -0.441592 -0.4422 -0.441986 -0.44216 -0.442083 -0.442161 -0.441985 -0.4422 -0.441591 -0.442258 -0.440176 -0.442803 -0.435578 -0.445747 -0.423781 -0.458549 -0.396465 -0.498847 -0.331139 -0.6167 
10.3 -13.8422 0.919839 2 4 8 16 27 33 40 43 46 48 50 54 55 57 58 59 58 57 55 54 50 48 46 43 40 33 27 16 8 4 2 -0.617283 -0.330666 -0.499754 -0.395811 -0.459117 -0.423203 -0.445903 -0.435238 -0.44282 -0.440037 -0.442255 -0.441556 -0.442212 -0.441996 -0.442189 -0.442103 -0.44219 -0.441995 -0.442213 -0.441555 -0.442256 -0.440037 -0.442819 -0.435238 -0.445902 -0.423203 -0.459116 -0.395811 -0.499754 -0.330666 -0.617283 
10.4 -13.8423 0.926785 2 4 8 16 27 33 40 44 47 49 52 55 57 59 60 60 60 59 57 55 52 49 47 44 40 33 27 16 8 4 2 -0.617852 -0.330201 -0.500651 -0.395176 -0.459697 -0.422627 -0.446063 -0.434887 -0.442833 -0.439887 -0.44225 -0.441517 -0.442223 -0.442005 -0.442219 -0.442122 -0.442219 -0.442003 -0.442224 -0.441516 -0.442252 -0.439887 -0.442833 -0.434888 -0.446063 -0.422627 -0.459697 -0.395176 -0.500651 -0.330201 -0.617852 
10.5 -13.8424 0.933684 2 4 8 16 27 33 41 44 48 50 54 56 59 60 60 61 60 60 59 55 54 50 48 44 41 33 27 16 8 4 2 -0.618408 -0.329741 -0.501539 -0.394559 -0.460291 -0.422054 -0.44623 -0.434527 -0.442844 -0.439727 -0.442244 -0.441474 -0.442233 -0.442012 -0.442247 -0.44214 -0.442248 -0.44201 -0.442234 -0.441472 -0.442246 -0.439726 -0.442844 -0.434527 -0.44623 -0.422054 -0.46029 -0.394559 -0.501539 -0.329741 -0.618408 
10.6 -13.8425 0.940535 2 4 8 16 27 34 41 45 48 52 55 57 60 60 62 62 62 60 60 57 55 52 49 45 41 33 27 16 8 4 2 -0.618954 -0.329285 -0.502416 -0.393959 -0.460897 -0.421486 -0.446404 -0.434156 -0.442852 -0.439557 -0.442237 -0.441426 -0.442241 -0.442018 -0.442275 -0.442157 -0.442277 -0.442016 -0.442243 -0.441423 -0.442239 -0.439555 -0.442852 -0.434156 -0.446405 -0.421486 -0.460897 -0.393959 -0.502416 -0.329285 -0.618954 
10.7 -13.8426 0.947338 2 4 8 16 27 34 41 46 50 52 56 60 61 62 64 64 64 62 61 60 56 52 50 46 41 34 27 16 8 4 2 -0.619493 -0.328831 -0.503285 -0.393375 -0.461516 -0.420923 -0.446587 -0.433777 -0.442858 -0.439376 -0.442227 -0.441372 -0.442248 -0.442021 -0.442303 -0.442173 -0.442304 -0.442019 -0.442251 -0.44137 -0.44223 -0.439374 -0.442859 -0.433775 -0.446588 -0.420923 -0.461516 -0.393375 -0.503285 -0.328831 -0.619493 
10.8 -13.8426 0.954092 2 4 8 16 27 35 43 47 51 54 58 61 62 65 66 67 66 65 62 61 58 54 51 47 43 35 27 16 8 4 2 -0.620025 -0.328377 -0.504144 -0.392804 -0.462147 -0.420367 -0.446779 -0.433389 -0.442862 -0.439184 -0.442217 -0.441314 -0.442254 -0.442023 -0.44233 -0.442187 -0.442331 -0.442021 -0.442257 -0.441311 -0.442219 -0.439182 -0.442864 -0.433387 -0.446781 -0.420367 -0.462147 -0.392804 -0.504144 -0.328377 -0.620025 
10.9 -13.8427 0.960798 2 4 8 16 27 35 43 48 52 55 60 62 63 66 66 68 66 66 64 62 60 55 52 48 44 35 27 16 8 4 2 -0.620553 -0.327922 -0.504993 -0.392246 -0.462791 -0.419819 -0.446983 -0.432993 -0.442865 -0.438982 -0.442204 -0.44125 -0.442259 -0.442022 -0.442355 -0.4422 -0.442357 -0.442019 -0.442263 -0.441247 -0.442207 -0.438979 -0.442867 -0.432991 -0.446984 -0.419818 -0.46279 -0.392246 -0.504993 -0.327922 -0.620553 
11 -13.8427 0.967456 2 4 8 16 27 35 44 50 53 57 61 64 66 68 68 69 68 68 67 64 61 57 53 49 44 35 27 16 8 4 2 -0.621078 -0.327465 -0.505834 -0.391698 -0.463445 -0.419278 -0.447198 -0.432591 -0.442868 -0.438769 -0.44219 -0.44118 -0.442263 -0.442018 -0.44238 -0.442212 -0.442382 -0.442015 -0.442267 -0.441177 -0.442193 -0.438766 -0.44287 -0.432588 -0.447199 -0.419278 -0.463445 -0.391699 -0.505834 -0.327464 -0.621078 
11.1 -13.8428 0.974064 2 4 8 16 27 35 45 50 55 59 62 65 68 69 69 70 69 70 68 65 62 59 55 50 44 35 27 16 8 4 2 -0.6216 -0.327004 -0.506666 -0.39116 -0.46411 -0.418746 -0.447426 -0.432182 -0.442871 -0.438545 -0.442174 -0.441105 -0.442266 -0.442011 -0.442404 -0.442221 -0.442405 -0.442009 -0.44227 -0.441101 -0.442177 -0.438543 -0.442874 -0.43218 -0.447428 -0.418746 -0.46411 -0.39116 -0.506666 -0.327004 -0.6216 
11.2 -13.8428 0.980625 2 4 8 16 27 35 45 51 55 60 62 67 68 70 71 71 71 70 68 67 62 60 55 51 45 35 27 16 8 4 2 -0.622121 -0.326539 -0.50749 -0.390628 -0.464785 -0.418223 -0.447669 -0.431769 -0.442875 -0.438311 -0.442157 -0.441022 -0.442267 -0.442001 -0.442426 -0.442229 -0.442427 -0.441998 -0.442271 -0.441019 -0.44216 -0.438308 -0.442879 -0.431766 -0.44767 -0.418223 -0.464785 -0.390629 -0.50749 -0.326539 -0.622121 
11.3 -13.8428 0.987137 2 4 8 16 27 35 45 51 56 60 64 68 70 72 72 73 72 72 70 68 64 60 56 52 45 35 27 16 8 4 2 -0.622641 -0.326071 -0.508306 -0.390102 -0.46547 -0.417709 -0.447926 -0.431351 -0.442882 -0.438067 -0.442137 -0.440933 -0.442267 -0.441987 -0.442446 -0.442235 -0.442447 -0.441985 -0.442271 -0.440929 -0.44214 -0.438064 -0.442885 -0.431348 -0.447927 -0.417709 -0.465469 -0.390103 -0.508306 -0.326071 -0.622641 
11.4 -13.8429 0.993602 2 4 8 16 29 35 45 53 58 62 65 70 71 74 74 75 74 74 71 71 65 62 58 53 45 35 29 16 8 4 2 -0.62316 -0.325599 -0.509115 -0.38958 -0.466162 -0.417204 -0.448199 -0.430931 -0.442891 -0.437813 -0.442116 -0.440837 -0.442266 -0.441969 -0.442465 -0.442238 -0.442466 -0.441967 -0.442269 -0.440833 -0.442119 -0.43781 -0.442895 -0.430927 -0.4482 -0.417204 -0.466162 -0.38958 -0.509115 -0.325599 -0.62316 
11.5 -13.8429 1.00002 2 4 8 16 29 35 46 53 59 64 67 71 74 74 75 75 75 74 74 71 67 64 59 53 46 35 29 16 8 4 2 -0.623679 -0.325123 -0.509915 -0.38906 -0.466863 -0.416708 -0.448488 -0.430507 -0.442905 -0.437549 -0.442093 -0.440733 -0.442262 -0.441947 -0.442481 -0.442239 -0.442482 -0.441945 -0.442266 -0.44073 -0.442095 -0.437546 -0.442909 -0.430504 -0.44849 -0.416709 -0.466862 -0.38906 -0.509916 -0.325123 -0.623679 
11.6 -13.8429 1.00639 2 4 8 16 29 36 46 54 59 66 68 72 74 76 77 77 77 76 75 73 68 66 59 55 46 36 29 16 8 4 2 -0.624198 -0.324643 -0.510709 -0.388541 -0.46757 -0.416222 -0.448795 -0.430082 -0.442925 -0.437276 -0.442068 -0.440622 -0.442257 -0.441921 -0.442496 -0.442237 -0.442496 -0.441919 -0.44226 -0.44062 -0.44207 -0.437274 -0.442928 -0.430079 -0.448796 -0.416222 -0.467569 -0.388541 -0.510709 -0.324643 -0.624198 
11.7 -13.8429 1.01272 2 4 8 16 29 36 47 55 60 67 69 74 76 77 78 79 78 77 76 74 69 67 60 55 47 36 29 16 8 4 2 -0.624717 -0.324161 -0.511496 -0.388021 -0.468283 -0.415743 -0.449119 -0.429657 -0.44295 -0.436995 -0.442041 -0.440504 -0.44225 -0.44189 -0.442508 -0.442233 -0.442508 -0.441889 -0.442253 -0.440501 -0.442042 -0.436992 -0.442954 -0.429654 -0.44912 -0.415744 -0.468282 -0.388021 -0.511497 -0.324161 -0.624717 
11.8 -13.8429 1.019 2 4 8 16 29 36 48 56 61 68 70 75 77 79 80 79 80 79 78 75 71 68 61 56 48 36 29 16 8 4 2 -0.625236 -0.323676 -0.512277 -0.3875 -0.469001 -0.415273 -0.449461 -0.429232 -0.442984 -0.436705 -0.442012 -0.440378 -0.442241 -0.441855 -0.442518 -0.442225 -0.442517 -0.441854 -0.442243 -0.440376 -0.442013 -0.436702 -0.442987 -0.42923 -0.449462 -0.415274 -0.469 -0.3875 -0.512277 -0.323676 -0.625236 
11.9 -13.8429 1.02524 2 4 8 16 29 36 48 57 63 70 72 77 80 81 82 82 82 81 80 77 73 70 63 58 48 36 29 16 8 4 2 -0.625754 -0.32319 -0.513051 -0.386975 -0.469723 -0.414811 -0.449821 -0.428809 -0.443026 -0.436407 -0.441981 -0.440244 -0.442229 -0.441814 -0.442524 -0.442214 -0.442524 -0.441814 -0.44223 -0.440242 -0.441982 -0.436405 -0.443029 -0.428807 -0.449821 -0.414812 -0.469722 -0.386975 -0.513052 -0.32319 -0.625754 
12 -13.8429 1.03143 2 4 8 16 29 36 48 58 64 70 74 78 81 83 84 84 84 83 81 79 74 70 64 58 48 36 29 16 8 4 2 -0.626271 -0.322703 -0.51382 -0.386447 -0.470448 -0.414356 -0.450199 -0.428387 -0.443078 -0.436103 -0.441949 -0.440102 -0.442214 -0.441768 -0.442528 -0.442199 -0.442527 -0.441768 -0.442215 -0.440101 -0.441949 -0.436101 -0.44308 -0.428386 -0.450199 -0.414357 -0.470447 -0.386446 -0.51382 -0.322702 -0.626271 
12.1 -13.8429 1.03759 2 4 8 16 29 36 48 59 65 72 76 80 83 84 86 85 86 84 83 80 76 72 65 59 48 36 29 16 8 4 2 -0.626786 -0.322215 -0.514582 -0.385914 -0.471175 -0.413906 -0.450595 -0.427969 -0.44314 -0.435792 -0.441915 -0.439952 -0.442197 -0.441717 -0.442528 -0.44218 -0.442528 -0.441717 -0.442197 -0.439952 -0.441915 -0.435791 -0.443142 -0.427968 -0.450594 -0.413907 -0.471175 -0.385913 -0.514583 -0.322215 -0.626786 
12.2 -13.843 1.04371 2 4 8 16 29 36 48 59 66 74 79 81 85 85 87 86 88 85 86 81 79 74 66 59 48 36 29 16 8 4 2 -0.6273 -0.321729 -0.51534 -0.385375 -0.471904 -0.413463 -0.451008 -0.427555 -0.443215 -0.435477 -0.44188 -0.439794 -0.442176 -0.44166 -0.442526 -0.442157 -0.442525 -0.441661 -0.442175 -0.439794 -0.441879 -0.435476 -0.443216 -0.427555 -0.451007 -0.413464 -0.471904 -0.385375 -0.51534 -0.321729 -0.6273 
12.3 -13.843 1.04979 2 4 8 16 29 36 48 59 67 75 80 82 86 88 90 89 90 88 87 82 80 75 67 59 48 36 29 16 8 4 2 -0.627811 -0.321244 -0.516092 -0.384831 -0.472634 -0.413024 -0.451438 -0.427146 -0.443302 -0.435157 -0.441843 -0.439628 -0.442151 -0.441597 -0.442519 -0.442129 -0.442518 -0.441599 -0.44215 -0.439629 -0.441843 -0.435156 -0.443303 -0.427146 -0.451437 -0.413024 -0.472634 -0.38483 -0.516092 -0.321244 -0.627811 
12.4 -13.843 1.05584 2 4 8 16 29 36 48 60 68 77 80 84 88 90 91 91 91 90 89 84 80 77 68 60 48 36 29 16 8 4 2 -0.628318 -0.320761 -0.516839 -0.384281 -0.473364 -0.412588 -0.451885 -0.426742 -0.443402 -0.434834 -0.441807 -0.439454 -0.442123 -0.441528 -0.442509 -0.442095 -0.442508 -0.44153 -0.442121 -0.439456 -0.441806 -0.434834 -0.443403 -0.426743 -0.451884 -0.412589 -0.473365 -0.38428 -0.516839 -0.320761 -0.628318 
12.5 -13.843 1.06185 2 4 8 16 29 37 49 61 70 78 82 86 91 91 93 93 93 91 90 86 81 78 70 61 49 37 29 16 8 4 2 -0.628823 -0.320282 -0.517581 -0.383725 -0.474093 -0.412156 -0.452347 -0.426344 -0.443517 -0.434508 -0.44177 -0.439272 -0.442091 -0.441453 -0.442496 -0.442056 -0.442494 -0.441455 -0.442089 -0.439274 -0.441769 -0.434509 -0.443517 -0.426345 -0.452346 -0.412156 -0.474094 -0.383724 -0.517582 -0.320282 -0.628823 
12.6 -13.843 1.06784 2 4 8 16 29 37 49 62 70 80 84 88 92 93 95 95 95 93 92 88 84 80 70 62 49 37 29 16 8 4 2 -0.629323 -0.319806 -0.518319 -0.383162 -0.474821 -0.411725 -0.452824 -0.425954 -0.443647 -0.434181 -0.441734 -0.439082 -0.442055 -0.44137 -0.442478 -0.442011 -0.442476 -0.441373 -0.442053 -0.439084 -0.441733 -0.434182 -0.443646 -0.425955 -0.452823 -0.411724 -0.474823 -0.383161 -0.51832 -0.319806 -0.629323 
12.7 -13.843 1.0738 2 4 8 16 29 37 49 62 71 80 85 90 93 95 96 97 96 96 94 90 86 80 71 62 49 37 29 16 8 4 2 -0.629818 -0.319334 -0.519053 -0.382594 -0.475548 -0.411295 -0.453316 -0.42557 -0.443792 -0.433854 -0.4417 -0.438884 -0.442016 -0.441281 -0.442456 -0.441959 -0.442455 -0.441283 -0.442013 -0.438887 -0.441698 -0.433855 -0.443791 -0.425571 -0.453315 -0.411294 -0.47555 -0.382592 -0.519053 -0.319334 -0.629818 
12.8 -13.843 1.07974 2 4 8 16 29 37 49 62 72 80 87 91 95 97 100 99 100 98 96 92 87 80 72 62 49 37 29 16 8 4 2 -0.630308 -0.318867 -0.519782 -0.382019 -0.476273 -0.410865 -0.45382 -0.425194 -0.443954 -0.433528 -0.441667 -0.438678 -0.441973 -0.441184 -0.44243 -0.4419 -0.442429 -0.441186 -0.44197 -0.438681 -0.441666 -0.433529 -0.443952 -0.425195 -0.45382 -0.410863 -0.476275 -0.382018 -0.519782 -0.318867 -0.630308 
12.9 -13.843 1.08566 2 4 8 16 29 37 49 63 74 82 88 92 97 100 101 102 101 100 97 93 88 82 74 63 49 37 29 16 8 4 2 -0.630793 -0.318405 -0.520507 -0.381439 -0.476995 -0.410434 -0.454337 -0.424825 -0.444131 -0.433203 -0.441638 -0.438464 -0.441926 -0.441078 -0.442399 -0.441834 -0.442398 -0.441081 -0.441923 -0.438466 -0.441637 -0.433204 -0.44413 -0.424827 -0.454337 -0.410432 -0.476998 -0.381438 -0.520508 -0.318405 -0.630792 
13 -13.843 1.09156 2 4 8 16 29 37 49 63 74 84 89 94 99 102 102 104 102 103 99 94 89 84 74 63 49 37 29 16 8 4 2 -0.631271 -0.317948 -0.521229 -0.380854 -0.477715 -0.410001 -0.454865 -0.424465 -0.444325 -0.43288 -0.441613 -0.438242 -0.441875 -0.440965 -0.442364 -0.441759 -0.442364 -0.440967 -0.441872 -0.438244 -0.441611 -0.432882 -0.444324 -0.424466 -0.454866 -0.409999 -0.477717 -0.380853 -0.521229 -0.317948 -0.631271 
13.1 -13.843 1.09745 2 4 8 16 29 37 49 64 75 85 91 96 100 104 104 105 104 104 101 96 91 85 75 64 49 37 29 16 8 4 2 -0.631743 -0.317497 -0.521947 -0.380265 -0.478431 -0.409566 -0.455404 -0.424112 -0.444536 -0.432561 -0.441592 -0.438012 -0.441822 -0.440843 -0.442325 -0.441677 -0.442324 -0.440845 -0.441818 -0.438015 -0.441591 -0.432562 -0.444535 -0.424113 -0.455405 -0.409563 -0.478434 -0.380264 -0.521946 -0.317497 -0.631743 
13.2 -13.843 1.10334 2 4 8 16 29 37 49 65 75 86 92 99 102 106 105 107 106 106 102 99 92 86 75 65 49 37 29 16 8 4 2 -0.632208 -0.317051 -0.522661 -0.379672 -0.479145 -0.409127 -0.455951 -0.423767 -0.444764 -0.432245 -0.441577 -0.437775 -0.441765 -0.440712 -0.44228 -0.441586 -0.44228 -0.440714 -0.441761 -0.437778 -0.441577 -0.432246 -0.444763 -0.423768 -0.455953 -0.409124 -0.479147 -0.379672 -0.52266 -0.317052 -0.632208 
13.3 -13.843 1.10922 2 4 8 16 29 37 49 65 75 87 94 100 104 108 109 110 110 108 104 100 94 87 75 65 49 37 29 16 8 4 2 -0.632666 -0.316612 -0.523371 -0.379076 -0.479854 -0.408685 -0.456507 -0.42343 -0.445009 -0.431934 -0.44157 -0.437531 -0.441705 -0.440571 -0.442231 -0.441486 -0.442231 -0.440573 -0.441702 -0.437533 -0.44157 -0.431934 -0.445008 -0.42343 -0.456509 -0.408682 -0.479857 -0.379076 -0.52337 -0.316612 -0.632666 
13.4 -13.843 1.1151 2 4 8 16 29 37 49 65 76 87 95 102 105 111 111 111 111 111 105 102 95 87 76 65 49 37 29 16 8 4 2 -0.633116 -0.316178 -0.524077 -0.378479 -0.480561 -0.408238 -0.457071 -0.423099 -0.445271 -0.431627 -0.441571 -0.437281 -0.441642 -0.440422 -0.442176 -0.441377 -0.442177 -0.440423 -0.441639 -0.437282 -0.441571 -0.431628 -0.44527 -0.423099 -0.457073 -0.408235 -0.480562 -0.378479 -0.524076 -0.316178 -0.633116 
13.5 -13.843 1.121 2 4 8 16 29 37 49 65 76 89 96 104 106 111 112 114 114 111 107 104 96 89 76 65 49 37 29 16 8 4 2 -0.633559 -0.31575 -0.524779 -0.37788 -0.481263 -0.407787 -0.457641 -0.422775 -0.445549 -0.431326 -0.44158 -0.437024 -0.441577 -0.440262 -0.442116 -0.441259 -0.442117 -0.440263 -0.441574 -0.437025 -0.441581 -0.431326 -0.445548 -0.422775 -0.457643 -0.407784 -0.481264 -0.37788 -0.524777 -0.315751 -0.633558 
13.6 -13.843 1.1269 2 4 8 16 29 37 49 65 77 90 97 105 109 113 114 117 115 113 109 105 97 90 76 65 49 37 29 16 8 4 2 -0.633993 -0.315329 -0.525476 -0.377281 -0.481961 -0.40733 -0.458216 -0.422457 -0.445844 -0.43103 -0.4416 -0.436761 -0.44151 -0.440092 -0.44205 -0.44113 -0.442051 -0.440093 -0.441507 -0.436762 -0.441601 -0.43103 -0.445844 -0.422456 -0.458219 -0.407327 -0.481962 -0.377282 -0.525475 -0.315329 -0.633993 
13.7 -13.843 1.13283 2 4 8 16 29 37 49 65 77 91 99 107 110 116 117 118 118 116 111 106 99 91 77 65 49 37 29 16 8 4 2 -0.634419 -0.314913 -0.526169 -0.376683 -0.482656 -0.406868 -0.458796 -0.422145 -0.446155 -0.430741 -0.441631 -0.436493 -0.44144 -0.439913 -0.441979 -0.440992 -0.441979 -0.439914 -0.441438 -0.436494 -0.441632 -0.43074 -0.446156 -0.422143 -0.458799 -0.406866 -0.482656 -0.376684 -0.526167 -0.314913 -0.634419 
13.8 -13.843 1.13877 2 4 8 16 29 37 49 65 77 92 100 107 111 118 119 119 118 118 112 107 100 92 77 65 49 37 29 16 8 4 2 -0.634837 -0.314504 -0.526856 -0.376086 -0.483346 -0.406401 -0.45938 -0.421836 -0.446482 -0.430457 -0.441674 -0.436222 -0.441369 -0.439724 -0.441901 -0.440844 -0.441901 -0.439724 -0.441368 -0.436222 -0.441676 -0.430455 -0.446483 -0.421834 -0.459383 -0.406399 -0.483346 -0.376088 -0.526855 -0.314504 -0.634837 
13.9 -13.843 1.14474 2 4 8 16 29 37 49 65 78 92 101 108 113 119 121 123 121 119 114 109 101 92 77 65 49 37 29 16 8 4 2 -0.635246 -0.314101 -0.527538 -0.375493 -0.484033 -0.405929 -0.459967 -0.421531 -0.446825 -0.430179 -0.44173 -0.435947 -0.441297 -0.439525 -0.441816 -0.440685 -0.441817 -0.439525 -0.441296 -0.435946 -0.441732 -0.430177 -0.446827 -0.421528 -0.45997 -0.405927 -0.484032 -0.375495 -0.527536 -0.314101 -0.635246 
14 -13.843 1.15075 2 4 8 16 29 37 49 65 78 92 102 111 115 122 123 124 123 122 117 110 102 92 78 65 49 37 29 16 8 4 2 -0.635646 -0.313704 -0.528213 -0.374904 -0.484715 -0.405451 -0.460557 -0.421228 -0.447183 -0.429907 -0.441798 -0.435669 -0.441224 -0.439316 -0.441725 -0.440516 -0.441726 -0.439316 -0.441223 -0.435668 -0.441801 -0.429905 -0.447185 -0.421225 -0.46056 -0.40545 -0.484713 -0.374906 -0.528211 -0.313704 -0.635646 
14.1 -13.843 1.15679 2 4 8 16 29 37 49 65 78 93 104 113 117 123 126 127 126 124 118 113 103 93 78 65 49 37 29 16 8 4 2 -0.636037 -0.313314 -0.528881 -0.374319 -0.485392 -0.404969 -0.461148 -0.420927 -0.447556 -0.429641 -0.441881 -0.43539 -0.44115 -0.439097 -0.441627 -0.440336 -0.441628 -0.439097 -0.44115 -0.435389 -0.441884 -0.429638 -0.447558 -0.420924 -0.461151 -0.404969 -0.48539 -0.374321 -0.52888 -0.313314 -0.636037 
14.2 -13.843 1.16287 2 4 8 16 29 37 49 65 79 94 105 115 119 125 128 130 129 125 120 115 105 94 79 65 49 37 29 16 8 4 2 -0.636419 -0.312931 -0.529541 -0.373741 -0.486066 -0.404483 -0.461741 -0.420626 -0.447942 -0.42938 -0.441978 -0.43511 -0.441076 -0.43887 -0.441522 -0.440145 -0.441523 -0.438869 -0.441076 -0.435109 -0.441981 -0.429377 -0.447945 -0.420623 -0.461743 -0.404483 -0.486063 -0.373743 -0.529541 -0.312931 -0.636419 
14.3 -13.843 1.16899 2 4 8 16 29 37 49 65 79 95 106 118 121 129 131 131 131 129 121 118 106 95 79 65 49 37 29 16 8 4 2 -0.636791 -0.312555 -0.530193 -0.373169 -0.486734 -0.403992 -0.462334 -0.420325 -0.448342 -0.429125 -0.44209 -0.43483 -0.441002 -0.438633 -0.44141 -0.439944 -0.44141 -0.438633 -0.441003 -0.434829 -0.442093 -0.429122 -0.448345 -0.420322 -0.462336 -0.403993 -0.486732 -0.373171 -0.530193 -0.312555 -0.636791 
