time energy SvN bondDim localEnergy 
0 -11.6799 0.110699 2 4 8 8 8 8 8 8 8 8 8 8 8 8 8 8 8 8 8 8 8 8 8 8 8 8 8 8 8 4 2 -0.417644 -0.365823 -0.375783 -0.374218 -0.374512 -0.374464 -0.374473 -0.374471 -0.374472 -0.374472 -0.374472 -0.374471 -0.374472 -0.374471 -0.374475 -0.37448 -0.374475 -0.374471 -0.374472 -0.374471 -0.374472 -0.374472 -0.374472 -0.374471 -0.374473 -0.374464 -0.374512 -0.374218 -0.375783 -0.365823 -0.417644 
0.1 -11.6799 0.110699 2 4 8 7 8 8 8 8 8 8 8 8 8 8 8 8 8 8 8 8 8 8 8 8 8 8 8 7 8 4 2 -0.417644 -0.365823 -0.375783 -0.374218 -0.374512 -0.374464 -0.374473 -0.374471 -0.374472 -0.374472 -0.374472 -0.374471 -0.374472 -0.374471 -0.374475 -0.374481 -0.374475 -0.374471 -0.374472 -0.374471 -0.374472 -0.374472 -0.374472 -0.374471 -0.374473 -0.374464 -0.374512 -0.374218 -0.375783 -0.365823 -0.417644 
0.2 -11.6799 0.110701 2 4 8 7 8 8 8 8 8 8 8 8 8 8 8 8 8 8 8 8 8 8 8 8 8 8 8 7 8 4 2 -0.417644 -0.365823 -0.375783 -0.374218 -0.374512 -0.374464 -0.374473 -0.374471 -0.374472 -0.374472 -0.374472 -0.374472 -0.374472 -0.374471 -0.374476 -0.374482 -0.374476 -0.374471 -0.374472 -0.374472 -0.374472 -0.374472 -0.374472 -0.374471 -0.374473 -0.374464 -0.374512 -0.374218 -0.375783 -0.365823 -0.417644 
0.3 -11.6799 0.110705 2 4 8 7 8 8 8 8 8 8 8 8 8 8 8 8 8 8 8 8 8 8 8 8 8 8 8 7 8 4 2 -0.417644 -0.365823 -0.375783 -0.374218 -0.374512 -0.374464 -0.374473 -0.374471 -0.374472 -0.374472 -0.374472 -0.374472 -0.374472 -0.374471 -0.374477 -0.374484 -0.374477 -0.374471 -0.374472 -0.374472 -0.374472 -0.374472 -0.374472 -0.374471 -0.374473 -0.374464 -0.374512 -0.374218 -0.375783 -0.365823 -0.417644 
0.4 -11.6799 0.110712 2 4 8 7 8 8 8 8 8 8 8 8 8 8 8 8 8 8 8 8 8 8 8 8 8 8 8 7 8 4 2 -0.417644 -0.365823 -0.375783 -0.374218 -0.374512 -0.374464 -0.374473 -0.374471 -0.374472 -0.374472 -0.374472 -0.374472 -0.374472 -0.37447 -0.374479 -0.374489 -0.374479 -0.37447 -0.374472 -0.374472 -0.374472 -0.374472 -0.374472 -0.374471 -0.374473 -0.374464 -0.374512 -0.374218 -0.375783 -0.365823 -0.417644 
0.5 -11.6799 0.110726 2 4 8 7 8 7 8 8 8 8 8 8 8 8 8 8 8 8 8 8 8 8 8 8 8 7 8 7 8 4 2 -0.417644 -0.365823 -0.375783 -0.374218 -0.374512 -0.374464 -0.374473 -0.374471 -0.374472 -0.374472 -0.374472 -0.374472 -0.374472 -0.37447 -0.374483 -0.374499 -0.374483 -0.37447 -0.374472 -0.374472 -0.374472 -0.374472 -0.374472 -0.374471 -0.374473 -0.374464 -0.374512 -0.374218 -0.375783 -0.365823 -0.417644 
0.6 -11.6799 0.110749 2 4 8 7 8 7 8 8 8 8 8 8 8 8 8 8 8 8 8 8 8 8 8 8 8 7 8 7 8 4 2 -0.417644 -0.365823 -0.375783 -0.374218 -0.374512 -0.374464 -0.374473 -0.374471 -0.374472 -0.374472 -0.374472 -0.374472 -0.374472 -0.374469 -0.37449 -0.374514 -0.37449 -0.374469 -0.374472 -0.374472 -0.374472 -0.374472 -0.374472 -0.374471 -0.374473 -0.374464 -0.374512 -0.374218 -0.375783 -0.365823 -0.417644 
0.7 -11.68 0.110784 2 4 8 7 8 7 8 8 8 8 8 8 8 8 8 8 8 8 8 8 8 8 8 8 8 7 8 7 8 4 2 -0.417644 -0.365823 -0.375783 -0.374218 -0.374512 -0.374464 -0.374473 -0.374471 -0.374472 -0.374472 -0.374472 -0.374472 -0.374472 -0.374467 -0.3745 -0.374537 -0.3745 -0.374467 -0.374472 -0.374472 -0.374472 -0.374472 -0.374472 -0.374471 -0.374473 -0.374464 -0.374512 -0.374218 -0.375783 -0.365823 -0.417644 
0.8 -11.68 0.110838 2 4 8 7 8 7 8 8 8 8 8 8 8 8 8 8 8 8 8 8 8 8 8 8 8 7 8 7 8 4 2 -0.417644 -0.365823 -0.375783 -0.374218 -0.374512 -0.374464 -0.374473 -0.374471 -0.374472 -0.374472 -0.374472 -0.374472 -0.374471 -0.374465 -0.374516 -0.374573 -0.374516 -0.374465 -0.374471 -0.374472 -0.374472 -0.374472 -0.374472 -0.374471 -0.374473 -0.374464 -0.374512 -0.374218 -0.375783 -0.365823 -0.417644 
0.9 -11.6801 0.110919 2 4 8 7 8 7 8 8 8 8 8 8 8 8 8 8 8 8 8 8 8 8 8 8 8 7 8 7 8 4 2 -0.417644 -0.365823 -0.375783 -0.374218 -0.374512 -0.374464 -0.374473 -0.374471 -0.374472 -0.374472 -0.374472 -0.374472 -0.374471 -0.374461 -0.374539 -0.374627 -0.374539 -0.374461 -0.374471 -0.374472 -0.374472 -0.374472 -0.374472 -0.374471 -0.374473 -0.374464 -0.374512 -0.374218 -0.375783 -0.365823 -0.417644 
1 -11.6803 0.111039 2 4 8 7 8 7 8 8 8 8 8 8 8 8 8 8 8 8 8 8 8 8 8 8 8 7 8 7 8 4 2 -0.417644 -0.365823 -0.375783 -0.374218 -0.374512 -0.374464 -0.374473 -0.374471 -0.374472 -0.374472 -0.374472 -0.374471 -0.374471 -0.374456 -0.374574 -0.374707 -0.374574 -0.374456 -0.374471 -0.374471 -0.374472 -0.374472 -0.374472 -0.374471 -0.374473 -0.374464 -0.374512 -0.374218 -0.375783 -0.365823 -0.417644 
1.1 -11.6805 0.111218 2 4 8 7 8 7 8 8 8 8 8 8 8 8 7 8 7 8 8 8 8 8 8 8 8 7 8 7 8 4 2 -0.417644 -0.365823 -0.375783 -0.374218 -0.374512 -0.374464 -0.374473 -0.374471 -0.374472 -0.374472 -0.374472 -0.374471 -0.374471 -0.374448 -0.374626 -0.374826 -0.374626 -0.374448 -0.374471 -0.374471 -0.374472 -0.374472 -0.374472 -0.374471 -0.374473 -0.374464 -0.374512 -0.374218 -0.375783 -0.365823 -0.417644 
1.2 -11.6808 0.111483 2 4 8 7 8 7 8 8 8 8 8 8 8 8 7 7 7 8 8 8 8 8 8 8 8 7 8 7 8 4 2 -0.417644 -0.365823 -0.375783 -0.374218 -0.374512 -0.374464 -0.374473 -0.374471 -0.374472 -0.374472 -0.374472 -0.374471 -0.374471 -0.374437 -0.374702 -0.375001 -0.374702 -0.374437 -0.374471 -0.374471 -0.374472 -0.374472 -0.374472 -0.374471 -0.374473 -0.374464 -0.374512 -0.374218 -0.375783 -0.365823 -0.417644 
1.3 -11.6812 0.111874 2 4 8 7 8 7 8 8 8 8 8 8 8 8 7 7 7 8 8 8 8 8 8 8 8 7 8 7 8 4 2 -0.417644 -0.365823 -0.375783 -0.374218 -0.374512 -0.374464 -0.374473 -0.374471 -0.374472 -0.374472 -0.374472 -0.374471 -0.37447 -0.37442 -0.374815 -0.375258 -0.374815 -0.37442 -0.37447 -0.374471 -0.374472 -0.374472 -0.374472 -0.374471 -0.374473 -0.374464 -0.374512 -0.374218 -0.375783 -0.365823 -0.417644 
1.4 -11.6819 0.112451 2 4 8 7 8 7 8 8 8 8 8 8 8 7 7 7 7 7 8 8 8 8 8 8 8 7 8 7 8 4 2 -0.417644 -0.365823 -0.375783 -0.374218 -0.374512 -0.374464 -0.374473 -0.374471 -0.374472 -0.374472 -0.374472 -0.37447 -0.37447 -0.374395 -0.374979 -0.375635 -0.374979 -0.374395 -0.37447 -0.37447 -0.374472 -0.374472 -0.374472 -0.374471 -0.374473 -0.374464 -0.374512 -0.374218 -0.375783 -0.365823 -0.417644 
1.5 -11.6828 0.113301 2 4 8 7 8 7 8 8 8 8 8 8 8 7 7 7 7 7 8 8 8 8 8 8 8 7 8 7 8 4 2 -0.417644 -0.365823 -0.375783 -0.374218 -0.374512 -0.374464 -0.374473 -0.374471 -0.374472 -0.374472 -0.374472 -0.37447 -0.374469 -0.374358 -0.37522 -0.376184 -0.37522 -0.374358 -0.374469 -0.37447 -0.374472 -0.374472 -0.374472 -0.374471 -0.374473 -0.374464 -0.374512 -0.374218 -0.375783 -0.365823 -0.417644 
1.6 -11.6842 0.114547 2 4 8 7 8 7 8 8 8 8 8 8 8 7 7 7 7 7 8 8 8 8 8 8 8 7 8 7 8 4 2 -0.417644 -0.365823 -0.375783 -0.374218 -0.374512 -0.374464 -0.374473 -0.374471 -0.374472 -0.374472 -0.374471 -0.374469 -0.374467 -0.374305 -0.375568 -0.376977 -0.375568 -0.374305 -0.374467 -0.374469 -0.374471 -0.374472 -0.374472 -0.374471 -0.374473 -0.374464 -0.374512 -0.374218 -0.375783 -0.365823 -0.417644 
1.7 -11.6862 0.116363 2 4 8 7 8 7 8 8 8 8 8 8 8 7 7 7 7 7 8 8 8 8 8 8 8 7 8 7 8 4 2 -0.417644 -0.365823 -0.375783 -0.374218 -0.374512 -0.374464 -0.374473 -0.374471 -0.374472 -0.374471 -0.374471 -0.374468 -0.374465 -0.374228 -0.376067 -0.378107 -0.376067 -0.374228 -0.374465 -0.374468 -0.374471 -0.374471 -0.374472 -0.374471 -0.374473 -0.374464 -0.374512 -0.374218 -0.375783 -0.365823 -0.417644 
1.8 -11.6889 0.118983 2 4 8 7 8 7 8 8 8 8 8 8 8 7 7 7 7 7 8 8 8 8 8 8 8 7 8 7 8 4 2 -0.417644 -0.365823 -0.375783 -0.374218 -0.374512 -0.374464 -0.374473 -0.374471 -0.374472 -0.374471 -0.374471 -0.374466 -0.374462 -0.37412 -0.376768 -0.379687 -0.376768 -0.37412 -0.374462 -0.374466 -0.374471 -0.374471 -0.374472 -0.374471 -0.374473 -0.374464 -0.374512 -0.374218 -0.375783 -0.365823 -0.417644 
1.9 -11.6927 0.122713 2 4 8 7 8 7 8 8 8 8 8 8 8 7 7 7 7 7 8 8 8 8 8 8 8 7 8 7 8 4 2 -0.417644 -0.365823 -0.375783 -0.374218 -0.374512 -0.374464 -0.374473 -0.374471 -0.374472 -0.374471 -0.374471 -0.374463 -0.374457 -0.37397 -0.377734 -0.38184 -0.377734 -0.37397 -0.374457 -0.374463 -0.374471 -0.374471 -0.374472 -0.374471 -0.374473 -0.374464 -0.374512 -0.374218 -0.375783 -0.365823 -0.417644 
2 -11.6977 0.127925 2 4 8 7 8 7 8 8 8 8 8 8 8 7 7 7 7 7 8 8 8 8 8 8 8 7 8 7 8 4 2 -0.417644 -0.365823 -0.375783 -0.374218 -0.374512 -0.374464 -0.374473 -0.374471 -0.374472 -0.374471 -0.374471 -0.374459 -0.374449 -0.373769 -0.379023 -0.38468 -0.379023 -0.373769 -0.374449 -0.374459 -0.374471 -0.374471 -0.374472 -0.374471 -0.374473 -0.374464 -0.374512 -0.374218 -0.375783 -0.365823 -0.417644 
2.1 -11.7041 0.135038 2 4 8 7 8 7 8 8 8 8 8 8 8 7 7 7 7 7 8 8 8 8 8 8 8 7 8 7 8 4 2 -0.417644 -0.365823 -0.375783 -0.374218 -0.374512 -0.374464 -0.374473 -0.374471 -0.374472 -0.374471 -0.374471 -0.374453 -0.374437 -0.373512 -0.380684 -0.388284 -0.380684 -0.373512 -0.374437 -0.374453 -0.374471 -0.374471 -0.374472 -0.374471 -0.374473 -0.374464 -0.374512 -0.374218 -0.375783 -0.365823 -0.417644 
2.2 -11.7119 0.144472 2 4 8 7 8 7 8 8 8 8 8 8 8 7 7 7 7 7 8 8 8 8 8 8 8 7 8 7 8 4 2 -0.417644 -0.365823 -0.375783 -0.374218 -0.374512 -0.374464 -0.374473 -0.374471 -0.374472 -0.374471 -0.37447 -0.374445 -0.374418 -0.373203 -0.382735 -0.392658 -0.382735 -0.373203 -0.374418 -0.374445 -0.37447 -0.374471 -0.374472 -0.374471 -0.374473 -0.374464 -0.374512 -0.374218 -0.375783 -0.365823 -0.417644 
2.3 -11.721 0.156571 2 4 8 7 8 7 8 8 8 8 8 8 8 7 7 7 7 7 8 8 8 8 8 8 8 7 8 7 8 4 2 -0.417644 -0.365823 -0.375783 -0.374218 -0.374512 -0.374464 -0.374473 -0.374471 -0.374472 -0.374471 -0.37447 -0.374433 -0.374388 -0.372864 -0.385156 -0.397737 -0.385156 -0.372864 -0.374388 -0.374433 -0.37447 -0.374471 -0.374472 -0.374471 -0.374473 -0.374464 -0.374512 -0.374218 -0.375783 -0.365823 -0.417644 
2.4 -11.7314 0.171538 2 4 8 7 8 7 8 8 8 8 8 8 8 7 7 7 7 7 8 8 8 8 8 8 8 7 8 7 8 4 2 -0.417644 -0.365823 -0.375783 -0.374218 -0.374512 -0.374464 -0.374473 -0.374471 -0.374472 -0.374471 -0.374469 -0.374416 -0.374343 -0.372538 -0.387884 -0.403396 -0.387884 -0.372538 -0.374343 -0.374416 -0.374469 -0.374471 -0.374472 -0.374471 -0.374473 -0.374464 -0.374512 -0.374218 -0.375783 -0.365823 -0.417644 
2.5 -11.7427 0.189371 2 4 8 7 8 7 8 8 8 8 8 8 8 7 7 6 7 7 8 8 8 8 8 8 8 7 8 7 8 4 2 -0.417644 -0.365823 -0.375783 -0.374218 -0.374512 -0.374464 -0.374473 -0.374471 -0.374472 -0.374471 -0.374468 -0.374393 -0.374274 -0.372298 -0.390818 -0.40949 -0.390818 -0.372298 -0.374274 -0.374393 -0.374468 -0.374471 -0.374472 -0.374471 -0.374473 -0.374464 -0.374512 -0.374218 -0.375783 -0.365823 -0.417644 
2.6 -11.7547 0.209852 2 4 8 7 8 7 8 8 8 8 8 8 8 7 6 6 6 7 8 8 8 8 8 8 8 7 8 7 8 4 2 -0.417644 -0.365823 -0.375783 -0.374218 -0.374512 -0.374464 -0.374473 -0.374471 -0.374472 -0.37447 -0.374466 -0.374362 -0.374174 -0.372239 -0.393835 -0.415882 -0.393836 -0.372239 -0.374174 -0.374362 -0.374466 -0.37447 -0.374472 -0.374471 -0.374473 -0.374464 -0.374512 -0.374218 -0.375783 -0.365823 -0.417644 
2.7 -11.7673 0.232576 2 4 8 7 8 7 8 8 8 8 8 8 8 7 6 6 6 7 8 8 8 8 8 8 8 7 8 7 8 4 2 -0.417644 -0.365823 -0.375783 -0.374218 -0.374512 -0.374464 -0.374473 -0.374471 -0.374472 -0.37447 -0.374463 -0.37432 -0.374035 -0.372465 -0.396808 -0.422452 -0.396808 -0.372466 -0.374035 -0.37432 -0.374463 -0.37447 -0.374472 -0.374471 -0.374473 -0.374464 -0.374512 -0.374218 -0.375783 -0.365823 -0.417644 
2.8 -11.7803 0.257005 2 4 8 7 8 7 8 8 8 8 8 8 8 7 6 6 6 7 8 8 8 8 8 8 8 7 8 7 8 4 2 -0.417644 -0.365823 -0.375783 -0.374218 -0.374512 -0.374464 -0.374473 -0.374471 -0.374472 -0.374469 -0.374458 -0.374265 -0.373856 -0.373072 -0.399623 -0.429089 -0.399623 -0.373072 -0.373856 -0.374265 -0.374458 -0.374469 -0.374472 -0.374471 -0.374473 -0.374464 -0.374512 -0.374218 -0.375783 -0.365823 -0.417644 
2.9 -11.7936 0.282537 2 4 8 7 8 7 8 8 8 8 8 8 8 7 6 6 6 7 8 8 8 8 8 8 8 7 8 7 8 4 2 -0.417644 -0.365823 -0.375783 -0.374218 -0.374512 -0.374464 -0.374473 -0.374471 -0.374472 -0.374467 -0.374451 -0.374193 -0.373647 -0.374125 -0.402206 -0.435673 -0.402206 -0.374125 -0.373647 -0.374193 -0.374451 -0.374467 -0.374472 -0.374471 -0.374473 -0.374464 -0.374512 -0.374218 -0.375783 -0.365823 -0.417644 
3 -11.807 0.30857 2 4 8 7 8 7 8 8 8 8 8 8 8 7 6 6 6 7 8 8 8 8 8 8 8 7 8 7 8 4 2 -0.417644 -0.365823 -0.375783 -0.374218 -0.374512 -0.374464 -0.374473 -0.374471 -0.374471 -0.374466 -0.374441 -0.3741 -0.373434 -0.375648 -0.404532 -0.442073 -0.404532 -0.375649 -0.373434 -0.3741 -0.374441 -0.374466 -0.374471 -0.374471 -0.374473 -0.374464 -0.374512 -0.374218 -0.375783 -0.365823 -0.417644 
3.1 -11.8206 0.334555 2 4 8 7 8 7 8 8 8 8 8 8 8 7 6 6 6 7 8 8 8 8 8 8 8 7 8 7 8 4 2 -0.417644 -0.365823 -0.375783 -0.374218 -0.374512 -0.374464 -0.374473 -0.374471 -0.374471 -0.374463 -0.374426 -0.373979 -0.373267 -0.37762 -0.406633 -0.448145 -0.406633 -0.37762 -0.373267 -0.373979 -0.374426 -0.374463 -0.374471 -0.374471 -0.374473 -0.374464 -0.374512 -0.374218 -0.375783 -0.365823 -0.417644 
3.2 -11.8344 0.360028 2 4 8 7 8 7 8 8 8 8 8 8 8 7 6 6 6 7 8 8 8 8 8 8 8 7 8 7 8 4 2 -0.417644 -0.365823 -0.375783 -0.374218 -0.374512 -0.374464 -0.374473 -0.374471 -0.374471 -0.37446 -0.374405 -0.373824 -0.373217 -0.379979 -0.408581 -0.453747 -0.408581 -0.379979 -0.373217 -0.373824 -0.374405 -0.37446 -0.374471 -0.374471 -0.374473 -0.374464 -0.374512 -0.374218 -0.375783 -0.365823 -0.417644 
3.3 -11.8483 0.38463 2 4 8 7 8 7 8 8 8 8 8 8 8 7 7 7 7 7 8 8 8 8 8 8 8 7 8 7 8 4 2 -0.417644 -0.365823 -0.375783 -0.374218 -0.374512 -0.374464 -0.374473 -0.374471 -0.374471 -0.374455 -0.374375 -0.373629 -0.373364 -0.382635 -0.410466 -0.458747 -0.410466 -0.382635 -0.373364 -0.373629 -0.374375 -0.374455 -0.374471 -0.374471 -0.374473 -0.374464 -0.374512 -0.374218 -0.375783 -0.365823 -0.417644 
3.4 -11.8624 0.408108 2 4 8 7 8 7 8 8 8 8 8 8 8 7 7 7 7 7 8 8 8 8 8 8 8 7 8 7 8 4 2 -0.417644 -0.365823 -0.375783 -0.374218 -0.374512 -0.374464 -0.374473 -0.374471 -0.37447 -0.374449 -0.374334 -0.373394 -0.373785 -0.385488 -0.412375 -0.463037 -0.412375 -0.385488 -0.373785 -0.373394 -0.374334 -0.374449 -0.37447 -0.374471 -0.374473 -0.374464 -0.374512 -0.374218 -0.375783 -0.365823 -0.417644 
3.5 -11.8766 0.430306 2 4 8 7 8 7 8 8 8 8 8 8 8 7 8 8 8 7 8 8 8 8 8 8 8 7 8 7 8 4 2 -0.417644 -0.365823 -0.375783 -0.374218 -0.374512 -0.374464 -0.374473 -0.374471 -0.374469 -0.37444 -0.374277 -0.373125 -0.374532 -0.388444 -0.414372 -0.466533 -0.414372 -0.388445 -0.374532 -0.373125 -0.374277 -0.37444 -0.374469 -0.374471 -0.374473 -0.374464 -0.374512 -0.374218 -0.375783 -0.365823 -0.417644 
3.6 -11.8909 0.451148 2 4 8 7 8 7 8 8 8 8 8 8 8 7 8 8 8 7 8 8 8 8 8 8 8 7 8 7 8 4 2 -0.417644 -0.365823 -0.375783 -0.374218 -0.374512 -0.374464 -0.374473 -0.374471 -0.374468 -0.374428 -0.374201 -0.372848 -0.375619 -0.391439 -0.41649 -0.469178 -0.41649 -0.391439 -0.375619 -0.372848 -0.374201 -0.374428 -0.374468 -0.374471 -0.374473 -0.374464 -0.374512 -0.374218 -0.375783 -0.365823 -0.417644 
3.7 -11.9053 0.470615 2 4 8 7 8 7 8 8 8 8 8 8 8 8 8 8 8 8 8 8 8 8 8 8 8 7 8 7 8 4 2 -0.417644 -0.365823 -0.375783 -0.374218 -0.374512 -0.374464 -0.374473 -0.37447 -0.374466 -0.374412 -0.374097 -0.372609 -0.377018 -0.394451 -0.418738 -0.470945 -0.418738 -0.394452 -0.377018 -0.372609 -0.374097 -0.374412 -0.374466 -0.37447 -0.374473 -0.374464 -0.374512 -0.374218 -0.375783 -0.365823 -0.417644 
3.8 -11.9197 0.488719 2 4 8 7 8 7 8 8 8 8 8 8 8 8 8 8 8 8 8 8 8 8 8 8 8 7 8 7 8 4 2 -0.417644 -0.365823 -0.375783 -0.374218 -0.374512 -0.374464 -0.374473 -0.37447 -0.374464 -0.37439 -0.373959 -0.372475 -0.378659 -0.397501 -0.421099 -0.471831 -0.421099 -0.397501 -0.378659 -0.372475 -0.373959 -0.37439 -0.374464 -0.37447 -0.374473 -0.374464 -0.374512 -0.374218 -0.375783 -0.365823 -0.417644 
3.9 -11.9342 0.505485 2 4 8 7 8 7 8 8 8 8 8 8 8 8 8 8 8 8 8 8 8 8 8 8 8 7 8 7 8 4 2 -0.417644 -0.365823 -0.375783 -0.374218 -0.374512 -0.374464 -0.374473 -0.37447 -0.37446 -0.374361 -0.373779 -0.372532 -0.380448 -0.400637 -0.423542 -0.471859 -0.423542 -0.400638 -0.380448 -0.372532 -0.373779 -0.374361 -0.37446 -0.37447 -0.374473 -0.374464 -0.374512 -0.374218 -0.375783 -0.365823 -0.417644 
4 -11.9487 0.520938 2 4 8 7 8 7 8 8 8 8 8 8 8 8 8 8 8 8 8 8 8 8 8 8 8 7 8 7 8 4 2 -0.417644 -0.365823 -0.375783 -0.374218 -0.374512 -0.374464 -0.374473 -0.374469 -0.374455 -0.374321 -0.373552 -0.372864 -0.382276 -0.403915 -0.426029 -0.471074 -0.426029 -0.403915 -0.382276 -0.372864 -0.373552 -0.374321 -0.374455 -0.374469 -0.374473 -0.374464 -0.374512 -0.374218 -0.375783 -0.365823 -0.417644 
4.1 -11.9632 0.535098 2 4 8 7 8 7 8 8 8 8 8 8 8 8 8 8 8 8 8 8 8 8 8 8 8 7 8 7 8 4 2 -0.417644 -0.365823 -0.375783 -0.374218 -0.374512 -0.374464 -0.374473 -0.374468 -0.374448 -0.374268 -0.373278 -0.373539 -0.384044 -0.407377 -0.42851 -0.469543 -0.42851 -0.407377 -0.384044 -0.373539 -0.373278 -0.374268 -0.374448 -0.374468 -0.374473 -0.374464 -0.374512 -0.374218 -0.375783 -0.365823 -0.417644 
4.2 -11.9778 0.547979 2 4 8 7 8 7 8 8 8 8 8 8 8 8 8 8 8 8 8 8 8 8 8 8 8 7 8 7 8 4 2 -0.417644 -0.365823 -0.375783 -0.374218 -0.374512 -0.374464 -0.374472 -0.374467 -0.374437 -0.374198 -0.372973 -0.374591 -0.385682 -0.411041 -0.430939 -0.467351 -0.430939 -0.411041 -0.385682 -0.374591 -0.372973 -0.374198 -0.374437 -0.374467 -0.374472 -0.374464 -0.374512 -0.374218 -0.375783 -0.365823 -0.417644 
4.3 -11.9924 0.559599 2 4 8 7 8 7 8 8 8 8 8 8 8 8 8 8 8 8 8 8 8 8 8 8 8 7 8 7 8 4 2 -0.417644 -0.365823 -0.375783 -0.374218 -0.374512 -0.374464 -0.374472 -0.374466 -0.374423 -0.374106 -0.372672 -0.376009 -0.387172 -0.414896 -0.433265 -0.464597 -0.433265 -0.414896 -0.387172 -0.376009 -0.372672 -0.374106 -0.374423 -0.374466 -0.374472 -0.374464 -0.374512 -0.374218 -0.375783 -0.365823 -0.417644 
4.4 -12.0071 0.569995 2 4 8 7 8 7 8 8 8 8 8 8 8 8 9 9 9 8 8 8 8 8 8 8 8 7 8 7 8 4 2 -0.417644 -0.365823 -0.375783 -0.374218 -0.374512 -0.374464 -0.374472 -0.374463 -0.374403 -0.373984 -0.372431 -0.377741 -0.388544 -0.41891 -0.435442 -0.461391 -0.435442 -0.41891 -0.388544 -0.377741 -0.372431 -0.373984 -0.374403 -0.374463 -0.374472 -0.374464 -0.374512 -0.374218 -0.375783 -0.365823 -0.417644 
4.5 -12.0217 0.579231 2 4 8 7 8 7 8 8 8 8 8 8 8 8 9 9 9 8 8 8 8 8 8 8 8 7 8 7 8 4 2 -0.417644 -0.365823 -0.375783 -0.374218 -0.374512 -0.374464 -0.374472 -0.37446 -0.374376 -0.373825 -0.372324 -0.379699 -0.389871 -0.423029 -0.437426 -0.457848 -0.437426 -0.423029 -0.389871 -0.379699 -0.372324 -0.373825 -0.374376 -0.37446 -0.374472 -0.374464 -0.374512 -0.374218 -0.375783 -0.365823 -0.417644 
4.6 -12.0364 0.587413 2 4 8 7 8 7 8 8 8 8 8 8 8 9 9 9 9 9 8 8 8 8 8 8 8 7 8 7 8 4 2 -0.417644 -0.365823 -0.375783 -0.374218 -0.374512 -0.374464 -0.374471 -0.374456 -0.374339 -0.373623 -0.372436 -0.381776 -0.391245 -0.427188 -0.439182 -0.454087 -0.439182 -0.427188 -0.391245 -0.381776 -0.372436 -0.373623 -0.374339 -0.374456 -0.374471 -0.374464 -0.374512 -0.374218 -0.375783 -0.365823 -0.417644 
4.7 -12.0512 0.594689 2 4 8 7 8 7 8 8 8 8 8 8 8 9 10 10 10 9 8 8 8 8 8 8 8 7 8 7 8 4 2 -0.417644 -0.365823 -0.375783 -0.374218 -0.374512 -0.374464 -0.37447 -0.374449 -0.37429 -0.373378 -0.372835 -0.38386 -0.392755 -0.431317 -0.440681 -0.450225 -0.440681 -0.431317 -0.392755 -0.383861 -0.372835 -0.373378 -0.37429 -0.374449 -0.37447 -0.374464 -0.374512 -0.374218 -0.375783 -0.365823 -0.417644 
4.8 -12.066 0.601249 2 4 8 7 8 7 8 8 8 8 8 8 8 9 10 10 10 9 8 8 8 8 8 8 8 7 8 7 8 4 2 -0.417644 -0.365823 -0.375783 -0.374218 -0.374512 -0.374464 -0.374469 -0.37444 -0.374223 -0.373099 -0.373563 -0.38586 -0.394472 -0.435337 -0.441903 -0.446373 -0.441903 -0.435337 -0.394472 -0.38586 -0.373563 -0.373099 -0.374223 -0.37444 -0.374469 -0.374464 -0.374512 -0.374218 -0.375783 -0.365823 -0.417644 
4.9 -12.0808 0.607318 2 4 8 7 8 7 8 8 8 8 8 8 8 10 10 10 10 10 8 8 8 8 8 8 8 7 8 7 8 4 2 -0.417644 -0.365823 -0.375783 -0.374218 -0.374512 -0.374464 -0.374468 -0.374428 -0.374135 -0.372815 -0.374619 -0.387723 -0.396443 -0.439174 -0.442838 -0.442635 -0.442838 -0.439174 -0.396443 -0.387723 -0.374619 -0.372815 -0.374135 -0.374428 -0.374468 -0.374464 -0.374512 -0.374218 -0.375783 -0.365823 -0.417644 
5 -12.0956 0.613134 2 4 8 7 8 7 8 8 8 8 8 8 8 10 10 11 10 10 8 8 8 8 8 8 8 7 8 7 8 4 2 -0.417644 -0.365823 -0.375783 -0.374218 -0.374512 -0.374463 -0.374466 -0.374411 -0.374019 -0.372576 -0.375958 -0.389449 -0.398689 -0.442753 -0.443486 -0.439102 -0.443486 -0.442753 -0.398689 -0.389449 -0.375958 -0.372576 -0.374019 -0.374411 -0.374466 -0.374463 -0.374512 -0.374218 -0.375783 -0.365823 -0.417644 
5.1 -12.1104 0.618934 2 4 8 7 8 7 8 8 8 8 8 8 9 10 11 11 11 10 9 8 8 8 8 8 8 7 8 7 8 4 2 -0.417644 -0.365823 -0.375783 -0.374218 -0.374512 -0.374463 -0.374463 -0.374387 -0.373866 -0.372453 -0.377499 -0.391085 -0.401213 -0.446004 -0.443856 -0.435856 -0.443856 -0.446004 -0.401213 -0.391086 -0.377499 -0.372453 -0.373866 -0.374387 -0.374463 -0.374463 -0.374512 -0.374218 -0.375783 -0.365823 -0.417644 
5.2 -12.1252 0.624929 2 4 8 7 8 7 8 8 8 8 8 8 9 10 11 12 11 10 9 8 8 8 8 8 8 7 8 7 8 4 2 -0.417644 -0.365823 -0.375783 -0.374218 -0.374512 -0.374462 -0.374459 -0.374355 -0.373669 -0.37253 -0.379133 -0.392709 -0.403998 -0.448863 -0.443965 -0.432961 -0.443965 -0.448863 -0.403998 -0.392709 -0.379133 -0.37253 -0.373669 -0.374355 -0.374459 -0.374462 -0.374512 -0.374218 -0.375783 -0.365823 -0.417644 
5.3 -12.1401 0.631292 2 4 8 7 8 7 8 8 8 8 8 8 9 10 12 13 12 10 9 8 8 8 8 8 8 7 8 7 8 4 2 -0.417644 -0.365823 -0.375783 -0.374218 -0.374512 -0.374462 -0.374453 -0.374312 -0.373425 -0.372885 -0.380745 -0.394404 -0.407015 -0.45128 -0.443836 -0.430469 -0.443836 -0.45128 -0.407015 -0.394404 -0.380745 -0.372885 -0.373425 -0.374312 -0.374453 -0.374462 -0.374512 -0.374218 -0.375783 -0.365823 -0.417644 
5.4 -12.1549 0.638145 2 4 8 7 8 7 8 8 8 8 8 8 9 10 13 13 12 10 9 8 8 8 8 8 8 7 8 7 8 4 2 -0.417644 -0.365823 -0.375783 -0.374218 -0.374512 -0.374461 -0.374445 -0.374254 -0.373137 -0.373574 -0.38223 -0.396245 -0.410226 -0.453213 -0.443498 -0.428418 -0.443498 -0.453213 -0.410226 -0.396245 -0.38223 -0.373574 -0.373137 -0.374254 -0.374445 -0.374461 -0.374512 -0.374218 -0.375783 -0.365823 -0.417644 
5.5 -12.1698 0.64556 2 4 8 7 8 7 8 8 8 8 8 8 10 11 13 13 13 11 10 8 8 8 8 8 8 7 8 7 8 4 2 -0.417644 -0.365823 -0.375783 -0.374218 -0.374512 -0.37446 -0.374433 -0.374178 -0.372826 -0.374614 -0.383521 -0.398284 -0.413582 -0.454635 -0.442985 -0.426831 -0.442985 -0.454635 -0.413582 -0.398284 -0.383521 -0.374614 -0.372826 -0.374178 -0.374433 -0.37446 -0.374512 -0.374218 -0.375783 -0.365823 -0.417644 
5.6 -12.1847 0.653561 2 4 8 7 8 7 8 8 8 8 8 8 10 11 13 14 13 11 10 9 8 8 8 8 8 7 8 7 8 4 2 -0.417644 -0.365823 -0.375783 -0.374218 -0.374512 -0.374458 -0.374417 -0.374076 -0.372531 -0.375977 -0.384603 -0.400552 -0.417028 -0.455532 -0.442329 -0.425716 -0.442329 -0.455532 -0.417028 -0.400552 -0.384603 -0.375977 -0.372531 -0.374076 -0.374417 -0.374458 -0.374512 -0.374218 -0.375783 -0.365823 -0.417644 
5.7 -12.1995 0.662138 2 4 8 7 8 7 8 8 8 8 8 9 10 11 14 15 14 11 10 9 8 8 8 8 8 7 8 7 8 4 2 -0.417644 -0.365823 -0.375783 -0.374218 -0.374511 -0.374455 -0.374396 -0.373941 -0.372316 -0.377595 -0.38551 -0.403059 -0.420504 -0.455907 -0.441568 -0.425072 -0.441568 -0.455907 -0.420504 -0.403059 -0.38551 -0.377596 -0.372316 -0.373941 -0.374396 -0.374455 -0.374511 -0.374218 -0.375783 -0.365823 -0.417644 
5.8 -12.2144 0.671261 2 4 8 7 8 7 8 8 8 8 8 9 10 12 14 15 14 12 10 9 8 8 8 8 8 7 8 7 8 4 2 -0.417644 -0.365823 -0.375783 -0.374218 -0.374511 -0.374452 -0.374366 -0.373767 -0.372258 -0.379368 -0.386318 -0.405796 -0.423947 -0.455774 -0.440734 -0.424884 -0.440734 -0.455774 -0.423947 -0.405796 -0.386318 -0.379368 -0.372258 -0.373767 -0.374366 -0.374452 -0.374511 -0.374218 -0.375783 -0.365823 -0.417644 
5.9 -12.2293 0.680892 2 4 8 7 8 7 8 8 8 8 8 9 10 13 16 17 16 13 10 9 8 8 8 8 8 7 8 7 8 4 2 -0.417644 -0.365823 -0.375783 -0.374218 -0.37451 -0.374447 -0.374326 -0.373548 -0.372438 -0.381177 -0.38712 -0.408745 -0.427294 -0.455163 -0.43986 -0.425128 -0.43986 -0.455163 -0.427294 -0.408745 -0.38712 -0.381177 -0.372438 -0.373548 -0.374326 -0.374447 -0.37451 -0.374218 -0.375783 -0.365823 -0.417644 
6 -12.2443 0.690997 2 4 8 7 8 7 8 8 8 8 8 10 10 13 16 17 16 13 10 10 8 8 8 8 8 7 8 7 8 4 2 -0.417644 -0.365823 -0.375783 -0.374218 -0.37451 -0.37444 -0.374273 -0.373284 -0.372918 -0.382908 -0.388006 -0.411875 -0.430486 -0.454114 -0.438975 -0.425772 -0.438974 -0.454114 -0.430486 -0.411875 -0.388006 -0.382908 -0.372918 -0.373284 -0.374273 -0.37444 -0.37451 -0.374218 -0.375783 -0.365823 -0.417644 
6.1 -12.2593 0.70155 2 4 8 7 8 7 8 8 8 8 8 10 11 13 17 18 17 13 11 10 8 8 8 8 8 7 8 7 8 4 2 -0.417644 -0.365823 -0.375783 -0.374217 -0.374508 -0.37443 -0.374201 -0.372991 -0.373728 -0.384472 -0.389049 -0.415146 -0.433465 -0.452678 -0.438104 -0.426775 -0.438104 -0.452678 -0.433465 -0.415146 -0.389049 -0.384472 -0.373728 -0.372991 -0.374201 -0.37443 -0.374508 -0.374218 -0.375783 -0.365823 -0.417644 
6.2 -12.2742 0.712527 2 4 8 7 8 7 8 8 8 8 9 10 11 15 18 18 18 15 11 10 9 8 8 8 8 7 8 7 8 4 2 -0.417644 -0.365823 -0.375783 -0.374217 -0.374507 -0.374416 -0.374107 -0.372701 -0.374853 -0.385824 -0.390304 -0.418513 -0.436183 -0.450914 -0.43727 -0.428092 -0.43727 -0.450914 -0.436183 -0.418513 -0.390304 -0.385824 -0.374853 -0.372701 -0.374107 -0.374416 -0.374507 -0.374217 -0.375783 -0.365823 -0.417644 
6.3 -12.2891 0.723906 2 4 8 7 8 7 8 8 8 8 9 10 11 15 18 19 18 15 11 10 9 8 8 8 8 7 8 7 8 4 2 -0.417644 -0.365823 -0.375783 -0.374217 -0.374505 -0.374397 -0.373982 -0.37247 -0.376234 -0.386975 -0.391804 -0.421922 -0.438597 -0.448886 -0.436492 -0.429673 -0.436492 -0.448886 -0.438598 -0.421922 -0.391804 -0.386975 -0.376234 -0.37247 -0.373982 -0.374397 -0.374505 -0.374217 -0.375783 -0.365823 -0.417644 
6.4 -12.3041 0.735653 2 4 8 7 8 7 8 8 8 8 9 10 12 16 18 19 18 16 12 10 9 8 8 8 8 7 8 7 8 4 2 -0.417644 -0.365823 -0.375783 -0.374217 -0.374501 -0.374371 -0.373818 -0.372372 -0.377778 -0.38798 -0.393569 -0.425317 -0.440678 -0.446664 -0.435782 -0.431464 -0.435782 -0.446663 -0.440678 -0.425317 -0.393569 -0.38798 -0.377778 -0.372372 -0.373818 -0.374371 -0.374501 -0.374217 -0.375783 -0.365823 -0.417644 
6.5 -12.319 0.747716 2 4 8 7 8 7 8 8 8 8 9 10 13 16 19 20 19 16 13 10 9 8 8 8 8 7 8 7 8 4 2 -0.417644 -0.365823 -0.375783 -0.374216 -0.374497 -0.374336 -0.373609 -0.372491 -0.379368 -0.388919 -0.395603 -0.428637 -0.442401 -0.444316 -0.435153 -0.433409 -0.435153 -0.444316 -0.442402 -0.428637 -0.395604 -0.388919 -0.379368 -0.372491 -0.373609 -0.374336 -0.374497 -0.374216 -0.375783 -0.365823 -0.417644 
6.6 -12.334 0.76002 2 4 8 7 8 7 8 8 8 8 10 10 13 18 20 21 20 18 13 10 10 8 8 8 8 7 8 7 8 4 2 -0.417644 -0.365823 -0.375783 -0.374216 -0.37449 -0.374289 -0.373353 -0.372899 -0.380885 -0.389879 -0.397901 -0.431824 -0.443757 -0.441912 -0.43461 -0.435451 -0.434611 -0.441912 -0.443757 -0.431824 -0.397902 -0.389879 -0.380885 -0.372899 -0.373353 -0.374289 -0.37449 -0.374216 -0.375783 -0.365823 -0.417644 
6.7 -12.349 0.772468 2 4 8 7 8 7 8 8 8 8 10 11 14 18 20 21 20 18 14 11 10 8 8 8 8 7 8 7 8 4 2 -0.417644 -0.365823 -0.375783 -0.374215 -0.374482 -0.374226 -0.373057 -0.37364 -0.382225 -0.390936 -0.400449 -0.43482 -0.444741 -0.43952 -0.434161 -0.437535 -0.434161 -0.43952 -0.444742 -0.434819 -0.40045 -0.390936 -0.382225 -0.37364 -0.373057 -0.374226 -0.374482 -0.374215 -0.375783 -0.365823 -0.417644 
6.8 -12.364 0.784949 2 4 8 7 8 7 8 8 8 9 10 11 14 18 21 22 21 18 14 11 10 9 8 8 8 7 8 7 8 4 2 -0.417644 -0.365823 -0.375782 -0.374213 -0.374469 -0.374142 -0.372747 -0.374718 -0.383327 -0.392148 -0.403223 -0.437572 -0.445363 -0.437201 -0.433805 -0.439605 -0.433805 -0.437201 -0.445364 -0.437571 -0.403224 -0.392148 -0.383327 -0.374718 -0.372747 -0.374142 -0.374469 -0.374213 -0.375782 -0.365823 -0.417644 
6.9 -12.3789 0.797342 2 4 8 7 8 7 8 8 8 9 10 11 15 19 21 23 21 19 15 11 10 9 8 8 8 7 8 7 8 4 2 -0.417644 -0.365823 -0.375782 -0.374211 -0.374452 -0.374031 -0.372468 -0.376091 -0.384181 -0.393552 -0.40619 -0.440033 -0.445637 -0.435013 -0.433544 -0.441608 -0.433545 -0.435013 -0.445638 -0.440032 -0.406191 -0.393552 -0.384181 -0.376091 -0.372468 -0.374031 -0.374452 -0.374211 -0.375782 -0.365823 -0.417644 
7 -12.3939 0.809532 2 4 8 7 8 7 8 8 8 9 10 13 16 19 22 24 22 19 16 13 10 9 8 8 8 7 8 7 8 4 2 -0.417644 -0.365823 -0.375782 -0.374209 -0.374428 -0.373885 -0.372289 -0.377676 -0.384829 -0.39517 -0.409312 -0.442164 -0.445588 -0.433006 -0.433376 -0.443494 -0.433377 -0.433005 -0.445589 -0.442162 -0.409313 -0.395171 -0.384828 -0.377676 -0.372289 -0.373885 -0.374428 -0.374209 -0.375782 -0.365823 -0.417644 
7.1 -12.4088 0.821418 2 4 8 7 8 7 8 8 8 9 10 13 17 20 23 25 23 20 17 13 10 9 8 8 8 7 8 7 8 4 2 -0.417644 -0.365823 -0.375781 -0.374205 -0.374396 -0.373697 -0.372289 -0.379364 -0.385346 -0.397014 -0.412541 -0.443933 -0.445245 -0.431223 -0.433298 -0.445218 -0.433299 -0.431222 -0.445246 -0.443932 -0.412542 -0.397014 -0.385345 -0.379365 -0.372289 -0.373697 -0.374396 -0.374205 -0.375781 -0.365823 -0.417644 
7.2 -12.4238 0.832921 2 4 8 7 8 7 8 8 8 10 10 13 17 21 25 27 25 21 17 13 10 10 8 8 8 7 8 7 8 4 2 -0.417644 -0.365823 -0.375781 -0.374199 -0.374353 -0.373462 -0.372547 -0.381033 -0.385821 -0.399082 -0.415829 -0.44532 -0.444644 -0.429697 -0.433306 -0.446741 -0.433307 -0.429696 -0.444645 -0.445319 -0.415829 -0.399083 -0.38582 -0.381034 -0.372547 -0.373462 -0.374353 -0.374199 -0.375781 -0.365823 -0.417644 
7.3 -12.4389 0.843989 2 4 8 7 8 7 8 8 8 10 11 14 18 21 26 27 26 21 18 14 11 10 8 8 8 7 8 7 8 4 2 -0.417644 -0.365823 -0.37578 -0.374191 -0.374296 -0.373185 -0.373116 -0.382569 -0.386339 -0.401367 -0.419122 -0.446313 -0.443823 -0.428454 -0.433394 -0.448027 -0.433395 -0.428453 -0.443824 -0.446312 -0.419122 -0.401369 -0.386338 -0.382569 -0.373116 -0.373185 -0.374296 -0.374191 -0.37578 -0.365823 -0.417644 
7.4 -12.4539 0.854594 2 4 8 7 8 7 8 8 9 10 11 14 18 22 27 28 27 22 18 14 11 10 9 8 8 7 8 7 8 4 2 -0.417644 -0.365823 -0.375779 -0.37418 -0.374219 -0.372884 -0.374013 -0.383887 -0.386968 -0.403853 -0.422367 -0.44691 -0.442823 -0.427513 -0.433557 -0.44905 -0.433557 -0.427512 -0.442824 -0.446909 -0.422366 -0.403856 -0.386966 -0.383888 -0.374013 -0.372884 -0.374219 -0.37418 -0.375779 -0.365823 -0.417644 
7.5 -12.4689 0.864729 2 4 8 7 8 7 8 8 9 10 11 16 18 23 28 29 28 23 18 16 11 10 9 8 8 7 8 7 8 4 2 -0.417644 -0.365822 -0.375777 -0.374165 -0.374117 -0.372597 -0.375212 -0.384956 -0.387759 -0.406517 -0.425512 -0.44712 -0.441686 -0.42688 -0.433786 -0.449789 -0.433787 -0.426879 -0.441686 -0.44712 -0.42551 -0.406521 -0.387757 -0.384956 -0.375212 -0.372597 -0.374117 -0.374165 -0.375777 -0.365822 -0.417644 
7.6 -12.4839 0.8744 2 4 8 7 8 7 8 8 9 10 13 16 19 23 28 30 28 23 19 16 13 10 9 8 8 7 8 7 8 4 2 -0.417644 -0.365822 -0.375774 -0.374144 -0.373982 -0.372386 -0.376641 -0.385794 -0.388747 -0.40933 -0.428506 -0.446961 -0.440453 -0.426557 -0.434076 -0.450232 -0.434076 -0.426556 -0.440454 -0.446961 -0.428503 -0.409334 -0.388745 -0.385794 -0.376641 -0.372386 -0.373982 -0.374144 -0.375774 -0.365822 -0.417644 
7.7 -12.4988 0.883617 2 4 8 7 8 7 8 8 9 10 13 17 20 24 30 31 30 25 20 17 13 10 9 8 8 7 8 7 8 4 2 -0.417644 -0.365822 -0.375771 -0.374116 -0.373808 -0.372329 -0.378198 -0.386461 -0.389955 -0.412255 -0.431304 -0.446457 -0.439166 -0.426537 -0.434416 -0.450373 -0.434417 -0.426536 -0.439166 -0.446459 -0.4313 -0.41226 -0.389952 -0.386461 -0.378198 -0.372329 -0.373808 -0.374116 -0.375771 -0.365822 -0.417644 
7.8 -12.5139 0.892388 2 4 8 7 8 7 8 8 10 10 13 17 20 26 30 33 30 26 20 17 13 10 10 8 8 7 8 7 8 4 2 -0.417644 -0.365821 -0.375766 -0.374078 -0.373586 -0.372506 -0.37976 -0.38704 -0.391395 -0.415251 -0.433865 -0.445644 -0.437862 -0.426805 -0.434798 -0.450215 -0.434799 -0.426805 -0.437861 -0.445646 -0.43386 -0.415257 -0.391392 -0.38704 -0.37976 -0.372506 -0.373586 -0.374078 -0.375766 -0.365821 -0.417644 
7.9 -12.5289 0.900721 2 4 8 7 8 7 8 8 10 11 14 18 21 27 31 34 32 27 21 18 14 11 10 8 8 7 8 7 8 4 2 -0.417644 -0.36582 -0.375759 -0.374027 -0.373319 -0.372984 -0.381207 -0.387612 -0.393073 -0.418274 -0.436154 -0.444559 -0.436575 -0.427343 -0.435212 -0.449769 -0.435213 -0.427343 -0.436574 -0.444562 -0.436148 -0.418281 -0.39307 -0.387612 -0.381207 -0.372984 -0.373319 -0.374027 -0.375759 -0.365821 -0.417643 
8 -12.5439 0.908618 2 4 8 7 8 7 8 9 10 11 14 18 21 28 34 35 34 28 21 18 14 11 10 9 8 7 8 7 8 4 2 -0.417644 -0.365819 -0.375749 -0.373958 -0.373016 -0.373796 -0.382441 -0.388249 -0.394988 -0.421278 -0.438145 -0.443249 -0.435338 -0.428124 -0.435648 -0.449053 -0.435649 -0.428124 -0.435337 -0.443253 -0.438137 -0.421286 -0.394985 -0.38825 -0.382441 -0.373796 -0.373017 -0.373958 -0.375749 -0.365819 -0.417643 
8.1 -12.559 0.916086 2 4 8 7 8 7 8 9 10 11 16 19 22 28 34 37 34 28 22 19 16 11 10 9 8 7 8 7 8 4 2 -0.417643 -0.365818 -0.375736 -0.373867 -0.37271 -0.374931 -0.383409 -0.389005 -0.397131 -0.424215 -0.439816 -0.44176 -0.434177 -0.429119 -0.436095 -0.448091 -0.436096 -0.429119 -0.434176 -0.441765 -0.439808 -0.424224 -0.397128 -0.389005 -0.383409 -0.374931 -0.37271 -0.373867 -0.375736 -0.365818 -0.417643 
8.2 -12.574 0.923133 2 4 8 7 8 7 8 9 10 13 16 19 23 29 36 38 36 30 23 19 16 13 10 9 8 7 8 7 8 4 2 -0.417643 -0.365816 -0.375717 -0.373747 -0.372452 -0.376335 -0.384111 -0.389916 -0.399487 -0.427041 -0.441156 -0.440144 -0.433116 -0.430296 -0.436543 -0.446913 -0.436543 -0.430296 -0.433114 -0.44015 -0.441147 -0.42705 -0.399484 -0.389916 -0.384111 -0.376335 -0.372452 -0.373747 -0.375717 -0.365816 -0.417643 
8.3 -12.5889 0.929783 2 4 8 7 8 7 8 9 10 13 17 20 24 30 37 40 37 30 24 20 17 13 10 9 8 7 8 7 8 4 2 -0.417643 -0.365813 -0.375691 -0.37359 -0.372315 -0.377915 -0.384594 -0.391005 -0.402033 -0.42971 -0.442161 -0.438451 -0.432172 -0.431617 -0.43698 -0.445555 -0.436981 -0.431617 -0.43217 -0.438457 -0.442151 -0.42972 -0.40203 -0.391005 -0.384594 -0.377915 -0.372315 -0.37359 -0.375691 -0.365813 -0.417643 
8.4 -12.6039 0.936069 2 4 8 7 8 7 8 9 10 13 17 21 25 31 39 42 39 31 25 21 17 13 10 9 8 7 8 7 8 4 2 -0.417642 -0.365809 -0.375657 -0.373389 -0.372379 -0.379555 -0.384936 -0.392289 -0.40474 -0.432184 -0.442833 -0.436731 -0.43136 -0.433046 -0.437398 -0.444055 -0.437398 -0.433046 -0.431358 -0.436737 -0.442822 -0.432193 -0.404738 -0.392289 -0.384935 -0.379555 -0.372379 -0.373389 -0.375657 -0.365809 -0.417642 
8.5 -12.619 0.942043 2 4 8 7 8 8 8 10 11 14 18 21 27 32 41 43 41 32 27 21 18 14 11 10 8 8 8 7 8 4 2 -0.417642 -0.365803 -0.37561 -0.37314 -0.372718 -0.381129 -0.38522 -0.393775 -0.407575 -0.434425 -0.443182 -0.435031 -0.43069 -0.434543 -0.437785 -0.442457 -0.437785 -0.434544 -0.430688 -0.435037 -0.443172 -0.434434 -0.407573 -0.393775 -0.38522 -0.381129 -0.372718 -0.373141 -0.37561 -0.365803 -0.417641 
8.6 -12.6341 0.947769 2 4 8 7 8 8 8 10 11 14 18 22 28 34 42 45 43 34 28 22 18 14 11 10 8 8 8 7 8 4 2 -0.417641 -0.365795 -0.375548 -0.372853 -0.373377 -0.382528 -0.385525 -0.395464 -0.410501 -0.436403 -0.443227 -0.433396 -0.430168 -0.436071 -0.438133 -0.440802 -0.438134 -0.436072 -0.430166 -0.433403 -0.443217 -0.436411 -0.4105 -0.395464 -0.385525 -0.382528 -0.373377 -0.372853 -0.375548 -0.365795 -0.41764 
8.7 -12.6491 0.953324 2 4 8 7 8 8 9 10 11 16 19 23 28 35 44 47 44 35 28 23 19 16 11 10 9 8 8 7 8 4 2 -0.417639 -0.365783 -0.375465 -0.372548 -0.374361 -0.383679 -0.385912 -0.397353 -0.413478 -0.438093 -0.44299 -0.431867 -0.429796 -0.437591 -0.438436 -0.439136 -0.438436 -0.437592 -0.429794 -0.431873 -0.442981 -0.438101 -0.413477 -0.397353 -0.385911 -0.383679 -0.374361 -0.372548 -0.375465 -0.365783 -0.417639 
8.8 -12.6641 0.958794 2 4 8 7 8 8 9 10 13 16 19 24 29 36 45 48 45 36 29 25 19 16 13 10 9 8 8 7 8 4 2 -0.417637 -0.365767 -0.375355 -0.372272 -0.375629 -0.384558 -0.386424 -0.399432 -0.416463 -0.439477 -0.442501 -0.430478 -0.429575 -0.439066 -0.438687 -0.437501 -0.438687 -0.439067 -0.429573 -0.430484 -0.442491 -0.439483 -0.416463 -0.399431 -0.386424 -0.384558 -0.375629 -0.372272 -0.375355 -0.365767 -0.417637 
8.9 -12.6791 0.964265 2 4 8 7 8 8 9 10 13 17 20 25 30 38 47 50 46 38 30 25 20 17 13 10 9 8 8 7 8 4 2 -0.417634 -0.365745 -0.375211 -0.37209 -0.377102 -0.385195 -0.387094 -0.401683 -0.419415 -0.440544 -0.44179 -0.42926 -0.4295 -0.440461 -0.438881 -0.435936 -0.438881 -0.440462 -0.429498 -0.429264 -0.441782 -0.440549 -0.419416 -0.401682 -0.387094 -0.385195 -0.377102 -0.37209 -0.375211 -0.365745 -0.417634 
9 -12.6942 0.969826 2 4 8 7 8 8 9 10 13 17 20 27 31 40 49 52 49 40 31 27 20 17 13 10 9 8 8 7 8 4 2 -0.417631 -0.365715 -0.375025 -0.372082 -0.378667 -0.385655 -0.387944 -0.404087 -0.422291 -0.441289 -0.440893 -0.428234 -0.429565 -0.441744 -0.439017 -0.43448 -0.439017 -0.441745 -0.429564 -0.428237 -0.440887 -0.441292 -0.422293 -0.404086 -0.387944 -0.385655 -0.378667 -0.372082 -0.375025 -0.365715 -0.417631 
9.1 -12.7092 0.975556 2 4 8 7 8 8 10 11 14 18 21 27 33 41 51 55 51 41 33 27 21 18 14 11 10 8 8 7 8 4 2 -0.417625 -0.365675 -0.374792 -0.372327 -0.3802 -0.386019 -0.388988 -0.406618 -0.425052 -0.441715 -0.439848 -0.427418 -0.429764 -0.442886 -0.439094 -0.433166 -0.439094 -0.442887 -0.429763 -0.42742 -0.439844 -0.441717 -0.425055 -0.406616 -0.388988 -0.386019 -0.3802 -0.372327 -0.374792 -0.365675 -0.417625 
9.2 -12.7243 0.981529 2 4 8 7 8 8 10 11 14 18 22 28 34 44 53 56 53 44 34 28 22 18 14 11 10 8 8 7 8 4 2 -0.417618 -0.365621 -0.374514 -0.372884 -0.38158 -0.386365 -0.390235 -0.409245 -0.427659 -0.441833 -0.438693 -0.426824 -0.430084 -0.443861 -0.439114 -0.432021 -0.439113 -0.443862 -0.430084 -0.426825 -0.43869 -0.441833 -0.427663 -0.409243 -0.390235 -0.386364 -0.38158 -0.372884 -0.374514 -0.365621 -0.417618 
9.3 -12.7394 0.987806 2 4 8 7 8 9 10 11 16 19 23 29 36 44 54 58 54 45 36 29 23 19 16 11 10 9 8 7 8 4 2 -0.417608 -0.36555 -0.374208 -0.373773 -0.38272 -0.386757 -0.391691 -0.411935 -0.430078 -0.441661 -0.437464 -0.426455 -0.430516 -0.44465 -0.439079 -0.431069 -0.439078 -0.444651 -0.430516 -0.426455 -0.437463 -0.441659 -0.430082 -0.411934 -0.391691 -0.386756 -0.38272 -0.373773 -0.374208 -0.36555 -0.417608 
9.4 -12.7544 0.994439 2 4 8 7 8 9 10 12 16 19 23 30 37 47 56 61 56 47 37 30 23 19 16 12 10 9 8 7 8 4 2 -0.417594 -0.365454 -0.373911 -0.374971 -0.383575 -0.387243 -0.393352 -0.414656 -0.432277 -0.44122 -0.436199 -0.426312 -0.431045 -0.445235 -0.438994 -0.430325 -0.438993 -0.445236 -0.431046 -0.426311 -0.4362 -0.441217 -0.432282 -0.414654 -0.393353 -0.387242 -0.383575 -0.374971 -0.373911 -0.365454 -0.417594 
9.5 -12.7694 1.00146 2 4 8 7 8 9 10 13 17 20 25 32 39 47 58 62 58 47 39 32 25 20 17 13 10 9 8 7 8 4 2 -0.417574 -0.365329 -0.37368 -0.376411 -0.384158 -0.387856 -0.395213 -0.417369 -0.434231 -0.44054 -0.434931 -0.426389 -0.431657 -0.445607 -0.438866 -0.429802 -0.438865 -0.445608 -0.431658 -0.426387 -0.434933 -0.440536 -0.434237 -0.417367 -0.395214 -0.387855 -0.384158 -0.376411 -0.37368 -0.365329 -0.417574 
9.6 -12.7845 1.0089 2 4 8 7 8 9 10 13 17 21 26 33 41 49 60 64 60 49 41 33 26 21 17 13 10 9 8 7 8 4 2 -0.417548 -0.365165 -0.373593 -0.377993 -0.384523 -0.388617 -0.397262 -0.420039 -0.435919 -0.439654 -0.433691 -0.426676 -0.432337 -0.44576 -0.438701 -0.429504 -0.4387 -0.445761 -0.432338 -0.426672 -0.433695 -0.439648 -0.435925 -0.420037 -0.397263 -0.388616 -0.384523 -0.377993 -0.373593 -0.365165 -0.417548 
9.7 -12.7995 1.01676 2 4 8 8 8 10 11 14 18 21 27 34 42 51 62 68 62 51 42 34 27 21 18 14 11 10 8 8 8 4 2 -0.417513 -0.364957 -0.37373 -0.379595 -0.384746 -0.389544 -0.399481 -0.422629 -0.437326 -0.438598 -0.432507 -0.427157 -0.433067 -0.445694 -0.438507 -0.429429 -0.438506 -0.445695 -0.433069 -0.427152 -0.432513 -0.43859 -0.437332 -0.422627 -0.399482 -0.389542 -0.384746 -0.379595 -0.37373 -0.364957 -0.417513 
9.8 -12.8146 1.02504 2 4 8 8 8 10 11 14 18 22 28 35 44 52 64 68 64 52 45 36 28 22 18 14 11 10 8 8 8 4 2 -0.417466 -0.364705 -0.374158 -0.381091 -0.384908 -0.390644 -0.401849 -0.425105 -0.438443 -0.43741 -0.431404 -0.427816 -0.433832 -0.445415 -0.438292 -0.429571 -0.43829 -0.445416 -0.433834 -0.42781 -0.431412 -0.437402 -0.43845 -0.425103 -0.40185 -0.390643 -0.384908 -0.381091 -0.374158 -0.364705 -0.417466 
9.9 -12.8298 1.03373 2 4 8 8 8 10 11 15 19 23 29 36 45 53 66 71 66 53 45 36 29 23 19 15 11 10 8 8 8 4 2 -0.417405 -0.364417 -0.374912 -0.382378 -0.38508 -0.391924 -0.404342 -0.427433 -0.439269 -0.436131 -0.430402 -0.428631 -0.434612 -0.444934 -0.438063 -0.429918 -0.438062 -0.444935 -0.434615 -0.428624 -0.430411 -0.436121 -0.439276 -0.427431 -0.404343 -0.391923 -0.385079 -0.382378 -0.374912 -0.364418 -0.417405 
10 -12.8449 1.04278 2 4 8 8 9 10 12 16 19 23 29 39 47 56 69 75 69 56 47 39 29 23 19 16 12 10 9 8 8 4 2 -0.417324 -0.364124 -0.375984 -0.383394 -0.385315 -0.393385 -0.406931 -0.429582 -0.439807 -0.4348 -0.429517 -0.429579 -0.435391 -0.444268 -0.437829 -0.430455 -0.437828 -0.444269 -0.435394 -0.429571 -0.429527 -0.434789 -0.439814 -0.429581 -0.406933 -0.393383 -0.385314 -0.383394 -0.375984 -0.364124 -0.417324 
10.1 -12.86 1.05215 2 4 8 8 9 10 13 17 20 25 31 40 48 57 71 77 71 58 49 40 31 25 20 17 13 10 9 8 8 4 2 -0.417219 -0.363874 -0.377321 -0.384128 -0.385652 -0.395023 -0.409587 -0.431526 -0.440067 -0.433455 -0.428763 -0.430635 -0.436152 -0.443437 -0.437596 -0.431161 -0.437595 -0.443438 -0.436154 -0.430626 -0.428774 -0.433444 -0.440073 -0.431525 -0.409589 -0.395021 -0.385651 -0.384128 -0.377321 -0.363874 -0.417218 
10.2 -12.8751 1.06181 2 4 8 8 9 10 13 17 20 26 32 41 51 59 73 80 73 60 51 42 33 26 20 17 13 10 9 8 8 4 2 -0.417083 -0.363736 -0.378831 -0.38462 -0.386118 -0.396829 -0.412278 -0.43324 -0.440064 -0.432133 -0.428148 -0.431772 -0.436877 -0.442467 -0.43737 -0.432013 -0.437369 -0.442468 -0.43688 -0.431763 -0.42816 -0.432122 -0.44007 -0.433239 -0.41228 -0.396828 -0.386118 -0.38462 -0.378831 -0.363737 -0.417082 
10.3 -12.8903 1.07168 2 4 8 9 9 10 14 18 21 27 33 43 52 63 75 82 75 63 52 43 34 27 21 18 14 10 9 9 8 4 2 -0.416912 -0.363791 -0.380395 -0.384938 -0.386733 -0.398792 -0.414971 -0.434706 -0.439818 -0.430868 -0.427679 -0.432963 -0.437552 -0.441385 -0.437157 -0.432986 -0.437156 -0.441386 -0.437554 -0.432954 -0.427691 -0.430857 -0.439824 -0.434705 -0.414973 -0.398791 -0.386732 -0.384938 -0.380395 -0.363791 -0.416912 
10.4 -12.9055 1.08172 2 4 8 9 10 11 14 18 22 28 34 45 54 64 78 85 78 65 54 45 35 28 22 18 14 11 10 9 8 4 2 -0.416707 -0.364111 -0.381883 -0.385162 -0.38751 -0.400896 -0.417632 -0.43591 -0.439355 -0.429689 -0.427359 -0.43418 -0.438162 -0.440222 -0.43696 -0.434052 -0.43696 -0.440222 -0.438164 -0.434171 -0.427371 -0.429678 -0.439361 -0.435909 -0.417635 -0.400895 -0.387509 -0.385162 -0.381884 -0.364111 -0.416706 
10.5 -12.9208 1.09185 2 4 8 9 10 11 15 19 23 29 36 46 55 67 80 88 81 67 55 47 36 29 23 19 15 11 10 9 8 4 2 -0.416479 -0.364744 -0.38318 -0.385364 -0.388459 -0.40312 -0.420229 -0.436844 -0.438703 -0.428622 -0.427187 -0.435395 -0.438695 -0.439009 -0.436783 -0.435181 -0.436783 -0.43901 -0.438698 -0.435386 -0.427199 -0.428612 -0.438708 -0.436844 -0.420231 -0.403119 -0.388458 -0.385364 -0.38318 -0.364744 -0.416478 
10.6 -12.9361 1.10203 2 4 8 10 10 11 16 19 23 29 38 48 57 68 82 90 83 69 58 48 39 30 23 19 16 11 10 10 8 4 2 -0.416257 -0.365698 -0.384203 -0.385603 -0.389585 -0.405443 -0.422727 -0.437507 -0.437891 -0.42769 -0.427162 -0.436581 -0.439142 -0.43778 -0.436629 -0.436345 -0.43663 -0.43778 -0.439145 -0.436572 -0.427174 -0.42768 -0.437895 -0.437506 -0.42273 -0.405442 -0.389584 -0.385602 -0.384203 -0.365698 -0.416257 
10.7 -12.9515 1.1122 2 4 8 10 10 13 17 20 25 32 39 50 59 71 85 95 85 71 60 50 39 32 25 20 17 13 10 10 8 4 2 -0.416092 -0.366935 -0.384921 -0.385918 -0.390891 -0.40784 -0.425097 -0.437901 -0.436951 -0.426908 -0.427278 -0.437712 -0.439496 -0.436566 -0.436499 -0.437513 -0.4365 -0.436565 -0.439499 -0.437704 -0.42729 -0.426898 -0.436955 -0.4379 -0.425099 -0.40784 -0.39089 -0.385918 -0.384921 -0.366935 -0.416092 
10.8 -12.967 1.12231 2 4 8 10 10 13 17 20 25 33 42 52 62 73 88 98 89 74 63 52 42 33 26 20 17 13 10 10 8 4 2 -0.416058 -0.368376 -0.385354 -0.38634 -0.392374 -0.410286 -0.427308 -0.438035 -0.435916 -0.426289 -0.427529 -0.438763 -0.439751 -0.435398 -0.436395 -0.438658 -0.436396 -0.435397 -0.439754 -0.438755 -0.42754 -0.42628 -0.435919 -0.438035 -0.42731 -0.410286 -0.392373 -0.38634 -0.385354 -0.368376 -0.416058 
10.9 -12.9826 1.13232 2 4 8 10 10 13 18 21 27 33 43 52 64 74 90 100 91 74 64 53 43 34 27 21 18 14 10 10 8 4 2 -0.416241 -0.369909 -0.385561 -0.386889 -0.394027 -0.412752 -0.429334 -0.437926 -0.434818 -0.425841 -0.427906 -0.439711 -0.439907 -0.434304 -0.436316 -0.439752 -0.436318 -0.434302 -0.43991 -0.439703 -0.427916 -0.425833 -0.43482 -0.437925 -0.429337 -0.412753 -0.394026 -0.386888 -0.385561 -0.369909 -0.416241 
11 -12.9985 1.1422 2 4 8 10 11 14 18 22 27 36 45 55 68 78 94 104 95 78 68 55 45 36 27 22 18 14 11 10 8 4 2 -0.416721 -0.371407 -0.385622 -0.387577 -0.39584 -0.41521 -0.431153 -0.437592 -0.433687 -0.425568 -0.428398 -0.440536 -0.439963 -0.433311 -0.436263 -0.440768 -0.436265 -0.433308 -0.439967 -0.440529 -0.428407 -0.425562 -0.433689 -0.437591 -0.431155 -0.415211 -0.395839 -0.387576 -0.385621 -0.371407 -0.416721 
11.1 -13.0145 1.1519 2 4 8 10 11 14 18 23 29 36 46 56 68 81 98 108 98 81 69 56 47 36 29 23 18 14 11 10 8 4 2 -0.417552 -0.372746 -0.385611 -0.388415 -0.397801 -0.417631 -0.432745 -0.437057 -0.432551 -0.425471 -0.428992 -0.441221 -0.439925 -0.432439 -0.436235 -0.441684 -0.436238 -0.432436 -0.439928 -0.441214 -0.429 -0.425465 -0.432553 -0.437057 -0.432748 -0.417632 -0.3978 -0.388414 -0.385611 -0.372746 -0.417552 
11.2 -13.0306 1.1614 2 4 8 10 11 16 19 23 29 39 48 58 72 83 99 110 100 84 72 58 48 39 29 23 19 16 11 10 8 4 2 -0.418743 -0.373829 -0.385592 -0.389408 -0.399892 -0.419985 -0.434097 -0.436349 -0.431439 -0.425545 -0.429675 -0.441753 -0.439797 -0.431708 -0.436233 -0.442478 -0.436236 -0.431705 -0.4398 -0.441746 -0.429683 -0.42554 -0.431441 -0.436349 -0.434099 -0.419986 -0.399892 -0.389407 -0.385592 -0.373829 -0.418743 
11.3 -13.0466 1.17068 2 4 8 10 13 16 20 25 32 39 49 61 74 86 103 114 104 86 74 61 50 40 32 25 20 16 13 10 8 4 2 -0.42025 -0.374605 -0.385611 -0.39056 -0.402097 -0.422243 -0.435198 -0.435498 -0.430374 -0.425784 -0.430432 -0.44212 -0.439588 -0.431132 -0.436255 -0.443133 -0.436259 -0.431128 -0.439592 -0.442115 -0.430438 -0.42578 -0.430375 -0.435497 -0.4352 -0.422244 -0.402096 -0.390559 -0.385611 -0.374605 -0.42025 
11.4 -13.0625 1.17971 2 4 8 10 13 17 20 25 33 42 51 63 77 90 106 117 107 90 77 64 51 42 33 25 20 17 13 10 8 4 2 -0.421972 -0.375074 -0.385699 -0.391869 -0.404394 -0.424376 -0.436046 -0.434535 -0.429376 -0.426177 -0.431245 -0.442319 -0.439307 -0.43072 -0.4363 -0.443635 -0.436304 -0.430716 -0.439311 -0.442314 -0.43125 -0.426174 -0.429377 -0.434535 -0.436048 -0.424377 -0.404394 -0.391868 -0.385699 -0.375074 -0.421972 
11.5 -13.0779 1.18848 2 4 8 11 14 17 21 27 33 43 54 66 80 92 110 119 111 94 80 66 54 43 33 27 21 17 14 11 8 4 2 -0.423761 -0.375281 -0.385876 -0.393329 -0.406762 -0.426359 -0.436641 -0.433493 -0.428464 -0.426714 -0.432098 -0.442347 -0.438967 -0.430478 -0.436367 -0.443975 -0.436371 -0.430473 -0.438971 -0.442342 -0.432101 -0.426712 -0.428464 -0.433492 -0.436643 -0.42636 -0.406762 -0.393328 -0.385876 -0.375281 -0.423761 
11.6 -13.0925 1.19697 2 4 8 11 15 18 21 27 35 45 55 68 82 96 113 123 113 96 82 68 55 45 36 27 22 18 15 11 8 4 2 -0.425428 -0.375296 -0.386154 -0.394932 -0.409178 -0.428167 -0.43699 -0.432403 -0.427653 -0.427379 -0.432971 -0.442207 -0.438579 -0.430406 -0.436455 -0.444146 -0.436459 -0.430401 -0.438583 -0.442203 -0.432974 -0.427378 -0.427653 -0.432403 -0.436992 -0.428168 -0.409178 -0.394931 -0.386153 -0.375296 -0.425428 
11.7 -13.1062 1.20518 2 4 8 11 15 18 22 29 36 46 57 70 86 100 116 127 116 100 86 71 57 47 36 29 23 18 15 11 8 4 2 -0.426759 -0.375194 -0.38654 -0.396665 -0.411614 -0.429779 -0.437104 -0.431297 -0.426955 -0.428155 -0.433847 -0.441906 -0.438155 -0.430501 -0.43656 -0.444147 -0.436565 -0.430496 -0.438159 -0.441903 -0.433849 -0.428155 -0.426954 -0.431296 -0.437106 -0.42978 -0.411615 -0.396664 -0.386539 -0.375194 -0.426759 
11.8 -13.1186 1.21311 2 4 8 13 16 19 23 29 39 49 59 73 87 103 119 131 120 104 88 73 59 49 39 29 23 19 16 13 8 4 2 -0.42755 -0.375043 -0.387037 -0.398513 -0.414047 -0.431177 -0.436999 -0.430203 -0.426379 -0.429026 -0.434708 -0.441456 -0.437709 -0.430756 -0.436682 -0.44398 -0.436686 -0.43075 -0.437713 -0.441453 -0.434708 -0.429027 -0.426378 -0.430203 -0.437 -0.431179 -0.414048 -0.398511 -0.387036 -0.375043 -0.42755 
11.9 -13.1293 1.22078 2 4 8 13 17 19 25 32 40 50 61 76 92 106 122 135 123 106 92 77 62 51 39 32 25 19 17 13 8 4 2 -0.427642 -0.374894 -0.387646 -0.400456 -0.416448 -0.432349 -0.436694 -0.429149 -0.425932 -0.42997 -0.435535 -0.440871 -0.437253 -0.43116 -0.436817 -0.443652 -0.436821 -0.431154 -0.437257 -0.440869 -0.435534 -0.429972 -0.425931 -0.429149 -0.436695 -0.432351 -0.416449 -0.400455 -0.387645 -0.374894 -0.427642 
12 -13.1383 1.22818 2 4 8 13 18 20 26 32 42 51 63 77 95 110 125 138 126 110 95 78 63 52 42 32 26 20 18 13 8 4 2 -0.426952 -0.374787 -0.388365 -0.402474 -0.41879 -0.433286 -0.436211 -0.428158 -0.425619 -0.430969 -0.436312 -0.440169 -0.436799 -0.431699 -0.436962 -0.443174 -0.436966 -0.431693 -0.436803 -0.440167 -0.43631 -0.430971 -0.425617 -0.428158 -0.436212 -0.433287 -0.418792 -0.402473 -0.388364 -0.374787 -0.426952 
12.1 -13.1455 1.23535 2 4 8 14 18 21 27 33 43 54 65 80 97 113 130 142 131 114 98 81 66 54 43 33 27 21 18 14 8 4 2 -0.425487 -0.374747 -0.389189 -0.404543 -0.421047 -0.433984 -0.435575 -0.427252 -0.425441 -0.431999 -0.437023 -0.439371 -0.436358 -0.432356 -0.437114 -0.442562 -0.437117 -0.432351 -0.436362 -0.43937 -0.43702 -0.432002 -0.425439 -0.427252 -0.435576 -0.433984 -0.421048 -0.404542 -0.389188 -0.374747 -0.425487 
12.2 -13.1512 1.24229 2 4 8 14 19 21 27 35 45 55 68 83 102 117 134 146 134 116 103 83 69 55 45 35 27 21 19 14 8 4 2 -0.423326 -0.374793 -0.390112 -0.406636 -0.42319 -0.434443 -0.434812 -0.426448 -0.425397 -0.433039 -0.437656 -0.4385 -0.43594 -0.433113 -0.437267 -0.441831 -0.43727 -0.433108 -0.435943 -0.4385 -0.437652 -0.433044 -0.425395 -0.426448 -0.434813 -0.434444 -0.423192 -0.406635 -0.390111 -0.374792 -0.423326 
12.3 -13.1554 1.24905 2 4 8 15 19 23 29 37 46 57 71 86 105 121 138 151 139 122 106 86 72 57 47 37 29 23 19 15 8 4 2 -0.420596 -0.374937 -0.391131 -0.408724 -0.425197 -0.434671 -0.433949 -0.42576 -0.425487 -0.434068 -0.438197 -0.43758 -0.435554 -0.433949 -0.43742 -0.441005 -0.437422 -0.433944 -0.435557 -0.437581 -0.438193 -0.434073 -0.425484 -0.42576 -0.43395 -0.434671 -0.425199 -0.408723 -0.39113 -0.374936 -0.420596 
12.4 -13.1586 1.25563 2 4 8 15 20 23 29 38 49 60 73 89 109 124 142 154 143 124 110 90 73 60 49 38 29 23 20 15 8 4 2 -0.417445 -0.375185 -0.392239 -0.410775 -0.427042 -0.434677 -0.433012 -0.425199 -0.425705 -0.435064 -0.43864 -0.436637 -0.435207 -0.434842 -0.437566 -0.440104 -0.437568 -0.434837 -0.43521 -0.436638 -0.438634 -0.43507 -0.425701 -0.4252 -0.433013 -0.434677 -0.427045 -0.410775 -0.392238 -0.375185 -0.417444 
12.5 -13.1608 1.26209 2 4 8 16 20 26 31 40 50 62 76 92 114 128 147 159 148 129 114 93 77 62 50 40 31 26 20 16 8 4 2 -0.414019 -0.37554 -0.393435 -0.412757 -0.428706 -0.434477 -0.432029 -0.424773 -0.426044 -0.436006 -0.438976 -0.435694 -0.434906 -0.435769 -0.437703 -0.439154 -0.437704 -0.435765 -0.434909 -0.435695 -0.438971 -0.436012 -0.42604 -0.424775 -0.432029 -0.434476 -0.428709 -0.412757 -0.393434 -0.375539 -0.414019 
12.6 -13.1624 1.26844 2 4 8 16 21 26 32 42 52 65 78 97 117 133 150 163 151 133 117 97 78 65 52 42 32 27 21 16 8 4 2 -0.410455 -0.375994 -0.394717 -0.414635 -0.43017 -0.434088 -0.431022 -0.424488 -0.426498 -0.436875 -0.439204 -0.434777 -0.434656 -0.436708 -0.437826 -0.43818 -0.437827 -0.436704 -0.434658 -0.434778 -0.439198 -0.436881 -0.426494 -0.424489 -0.431023 -0.434088 -0.430173 -0.414635 -0.394716 -0.375993 -0.410455 
12.7 -13.1635 1.27473 2 4 8 16 22 27 33 43 54 66 82 98 121 137 157 169 157 138 121 101 82 66 54 43 33 27 22 16 8 4 2 -0.406871 -0.376536 -0.396086 -0.416375 -0.431421 -0.433533 -0.430017 -0.424343 -0.427056 -0.437652 -0.439322 -0.433907 -0.43446 -0.437635 -0.437932 -0.437207 -0.437933 -0.437632 -0.434462 -0.433909 -0.439316 -0.437659 -0.427051 -0.424346 -0.430018 -0.433532 -0.431424 -0.416375 -0.396085 -0.376535 -0.406871 
12.8 -13.1642 1.28099 2 4 8 16 22 28 35 45 55 69 84 104 124 141 161 174 161 142 125 105 85 70 55 45 35 28 22 16 8 4 2 -0.403367 -0.377146 -0.397545 -0.417943 -0.432447 -0.432833 -0.429034 -0.42434 -0.427706 -0.438323 -0.439332 -0.433107 -0.43432 -0.43853 -0.438019 -0.43626 -0.438019 -0.438526 -0.434323 -0.433108 -0.439326 -0.43833 -0.427701 -0.424342 -0.429035 -0.432832 -0.43245 -0.417943 -0.397544 -0.377146 -0.403367 
12.9 -13.1647 1.28728 2 4 8 16 23 29 37 46 57 72 87 107 129 147 165 177 165 148 130 108 87 72 57 47 37 30 23 16 8 4 2 -0.40003 -0.3778 -0.399097 -0.419306 -0.433242 -0.432014 -0.428093 -0.424474 -0.428435 -0.438874 -0.43924 -0.432394 -0.434239 -0.43937 -0.438084 -0.435362 -0.438084 -0.439367 -0.434242 -0.432395 -0.439234 -0.43888 -0.42843 -0.424476 -0.428094 -0.432013 -0.433245 -0.419306 -0.399096 -0.3778 -0.40003 
13 -13.1651 1.29363 2 4 8 16 24 30 38 49 59 75 90 111 132 151 168 183 169 152 133 112 90 75 60 49 38 30 25 16 8 4 2 -0.396934 -0.378465 -0.400746 -0.420434 -0.433803 -0.431102 -0.427211 -0.424739 -0.429229 -0.439296 -0.439052 -0.431785 -0.434216 -0.440136 -0.438125 -0.434534 -0.438125 -0.440133 -0.434218 -0.431786 -0.439047 -0.439301 -0.429224 -0.424741 -0.427212 -0.4311 -0.433806 -0.420434 -0.400745 -0.378465 -0.396933 
13.1 -13.1653 1.30011 2 4 8 16 25 32 40 50 62 76 96 115 137 155 174 188 174 156 137 115 96 76 62 50 40 33 25 16 8 4 2 -0.394143 -0.379104 -0.402497 -0.421301 -0.434131 -0.430119 -0.426402 -0.425127 -0.430071 -0.43958 -0.438777 -0.431291 -0.434249 -0.440812 -0.438143 -0.433797 -0.438143 -0.440809 -0.434252 -0.431292 -0.438773 -0.439585 -0.430067 -0.425129 -0.426404 -0.430117 -0.434134 -0.421301 -0.402496 -0.379103 -0.394143 
13.2 -13.1654 1.30675 2 4 8 16 26 34 42 52 64 81 98 119 140 161 180 193 180 161 141 120 99 81 64 53 43 34 26 16 8 4 2 -0.391717 -0.379673 -0.404353 -0.421884 -0.434232 -0.429092 -0.425679 -0.425629 -0.430945 -0.439724 -0.438427 -0.430923 -0.434337 -0.441382 -0.438137 -0.433166 -0.438137 -0.441379 -0.43434 -0.430923 -0.438424 -0.439727 -0.430941 -0.425631 -0.425681 -0.42909 -0.434235 -0.421885 -0.404353 -0.379672 -0.391716 
13.3 -13.1655 1.3136 2 4 8 16 26 34 43 53 66 83 101 123 146 166 185 199 185 167 147 123 101 83 67 53 43 34 26 16 8 4 2 -0.389706 -0.380125 -0.406316 -0.422167 -0.434114 -0.428042 -0.425052 -0.426233 -0.431833 -0.439727 -0.438014 -0.430687 -0.434475 -0.441834 -0.438109 -0.432655 -0.438109 -0.441831 -0.434479 -0.430686 -0.438012 -0.439729 -0.43183 -0.426234 -0.425054 -0.42804 -0.434116 -0.422168 -0.406315 -0.380125 -0.389705 
13.4 -13.1656 1.3207 2 4 8 16 27 36 45 55 69 86 105 126 151 171 192 202 192 171 151 127 106 86 71 55 46 36 27 16 8 4 2 -0.388161 -0.380412 -0.408385 -0.422138 -0.433789 -0.426991 -0.424529 -0.426924 -0.432718 -0.439593 -0.43755 -0.430585 -0.434661 -0.442159 -0.438059 -0.432274 -0.438059 -0.442156 -0.434664 -0.430583 -0.437549 -0.439593 -0.432716 -0.426925 -0.424531 -0.426989 -0.433791 -0.422139 -0.408385 -0.380411 -0.38816 
13.5 -13.1656 1.32806 2 4 8 16 27 38 47 58 72 88 110 131 154 176 195 210 196 177 155 131 110 89 72 58 47 39 27 16 8 4 2 -0.387126 -0.380481 -0.410559 -0.421793 -0.433271 -0.425955 -0.424115 -0.427689 -0.433582 -0.439328 -0.43705 -0.430616 -0.434889 -0.44235 -0.437991 -0.432028 -0.437991 -0.442347 -0.434892 -0.430614 -0.437051 -0.439327 -0.433582 -0.427688 -0.424118 -0.425953 -0.433272 -0.421794 -0.410559 -0.380481 -0.387125 
13.6 -13.1656 1.33571 2 4 8 16 27 39 49 59 74 93 114 135 161 182 201 215 202 183 162 135 115 93 74 60 49 39 27 16 8 4 2 -0.386642 -0.38028 -0.412832 -0.421131 -0.432577 -0.424952 -0.423815 -0.42851 -0.434408 -0.438942 -0.436528 -0.430777 -0.435152 -0.442405 -0.437908 -0.431921 -0.437907 -0.442402 -0.435155 -0.430775 -0.43653 -0.438939 -0.434409 -0.428509 -0.423818 -0.424951 -0.432578 -0.421132 -0.412833 -0.38028 -0.386641 
13.7 -13.1657 1.34364 2 4 8 16 29 42 51 62 77 95 118 138 165 187 207 220 209 188 165 139 118 96 77 63 51 42 29 16 8 4 2 -0.386748 -0.379758 -0.415198 -0.420161 -0.431726 -0.423994 -0.423629 -0.429371 -0.435179 -0.438448 -0.435998 -0.431062 -0.435444 -0.442324 -0.437811 -0.431951 -0.437811 -0.442321 -0.435447 -0.431059 -0.436001 -0.438444 -0.435182 -0.429368 -0.423632 -0.423993 -0.431727 -0.420162 -0.415199 -0.379758 -0.386746 
13.8 -13.1657 1.35185 2 4 8 16 29 42 53 64 80 101 122 144 170 192 214 227 215 193 171 145 123 101 81 64 53 43 29 16 8 4 2 -0.387476 -0.378864 -0.417648 -0.418894 -0.430738 -0.423093 -0.423556 -0.430252 -0.435882 -0.437861 -0.435472 -0.43146 -0.435758 -0.442111 -0.437705 -0.432115 -0.437705 -0.442109 -0.43576 -0.431457 -0.435477 -0.437855 -0.435887 -0.430248 -0.42356 -0.423092 -0.430738 -0.418895 -0.417649 -0.378865 -0.387474 
13.9 -13.1657 1.36031 2 4 8 16 30 44 55 67 82 104 126 149 175 201 220 232 220 201 177 150 126 104 83 68 55 44 30 16 8 4 2 -0.388858 -0.377553 -0.42017 -0.417349 -0.429636 -0.422255 -0.423596 -0.431135 -0.436503 -0.437198 -0.434963 -0.43196 -0.436086 -0.441775 -0.437593 -0.432405 -0.437593 -0.441772 -0.436088 -0.431958 -0.434969 -0.437191 -0.436509 -0.43113 -0.4236 -0.422254 -0.429635 -0.41735 -0.42017 -0.377554 -0.388855 
14 -13.1657 1.369 2 4 8 16 30 45 57 70 85 108 130 153 180 206 226 239 226 206 181 154 132 109 85 70 57 45 30 16 8 4 2 -0.390916 -0.375779 -0.422751 -0.415547 -0.42844 -0.421486 -0.423743 -0.432001 -0.437031 -0.436478 -0.434483 -0.432549 -0.43642 -0.441324 -0.437479 -0.432811 -0.437479 -0.441322 -0.436421 -0.432546 -0.43449 -0.436469 -0.437039 -0.431995 -0.423747 -0.421486 -0.42844 -0.415548 -0.422752 -0.37578 -0.390914 
14.1 -13.1657 1.37788 2 4 8 16 31 47 59 73 90 111 135 158 187 213 234 244 234 214 188 158 135 112 90 73 60 47 31 16 8 4 2 -0.393671 -0.373505 -0.42538 -0.413514 -0.427176 -0.420789 -0.42399 -0.43283 -0.437458 -0.435721 -0.434042 -0.433211 -0.436752 -0.440772 -0.437365 -0.43332 -0.437365 -0.440771 -0.436752 -0.433208 -0.43405 -0.435711 -0.437466 -0.432823 -0.423995 -0.42079 -0.427175 -0.413514 -0.42538 -0.373507 -0.393668 
