time energy SvN bondDim localEnergy 
0 -12.771 0.203088 2 4 8 10 10 10 10 10 10 10 10 10 10 10 10 10 10 10 10 10 10 10 10 10 10 10 10 10 8 4 2 -0.492175 -0.377402 -0.414594 -0.403511 -0.407359 -0.406404 -0.407051 -0.407274 -0.407736 -0.408214 -0.408754 -0.409294 -0.409794 -0.410198 -0.410462 -0.410554 -0.410462 -0.410198 -0.409794 -0.409294 -0.408754 -0.408214 -0.407736 -0.407274 -0.407051 -0.406404 -0.407359 -0.403511 -0.414594 -0.377402 -0.492175 
0.1 -12.7711 0.20312 2 4 8 10 10 10 10 10 10 10 10 10 10 10 10 10 10 10 10 10 10 10 10 10 10 10 10 10 8 4 2 -0.492175 -0.377402 -0.414595 -0.403512 -0.40736 -0.406405 -0.407054 -0.407277 -0.40774 -0.408219 -0.40876 -0.409301 -0.409802 -0.410207 -0.410472 -0.410564 -0.410472 -0.410207 -0.409802 -0.409301 -0.40876 -0.408219 -0.40774 -0.407277 -0.407054 -0.406405 -0.40736 -0.403512 -0.414595 -0.377402 -0.492175 
0.2 -12.7717 0.20325 2 4 8 10 10 10 10 10 10 10 10 10 10 10 10 10 10 10 10 10 10 10 10 10 10 10 10 10 8 4 2 -0.492176 -0.377403 -0.414597 -0.403515 -0.407365 -0.406412 -0.407063 -0.40729 -0.407757 -0.408241 -0.408786 -0.409332 -0.409836 -0.410244 -0.410511 -0.410603 -0.410511 -0.410244 -0.409836 -0.409332 -0.408786 -0.408241 -0.407757 -0.40729 -0.407063 -0.406412 -0.407365 -0.403515 -0.414597 -0.377403 -0.492176 
0.3 -12.7729 0.203544 2 4 8 10 10 10 10 10 10 10 10 10 10 10 10 10 10 10 10 10 10 10 10 10 10 10 10 10 8 4 2 -0.492179 -0.377406 -0.414602 -0.403522 -0.407375 -0.406428 -0.407085 -0.407319 -0.407796 -0.408289 -0.408845 -0.4094 -0.409913 -0.410327 -0.410597 -0.410691 -0.410597 -0.410327 -0.409913 -0.4094 -0.408845 -0.408289 -0.407796 -0.407319 -0.407085 -0.406428 -0.407375 -0.403522 -0.414602 -0.377406 -0.492179 
0.4 -12.7749 0.204066 2 4 8 10 10 10 10 10 10 10 10 10 10 10 10 10 10 10 10 10 10 10 10 10 10 10 10 10 8 4 2 -0.492183 -0.37741 -0.41461 -0.403534 -0.407394 -0.406455 -0.407123 -0.407371 -0.407864 -0.408375 -0.408948 -0.409519 -0.410046 -0.41047 -0.410747 -0.410843 -0.410747 -0.41047 -0.410046 -0.409519 -0.408948 -0.408375 -0.407864 -0.407371 -0.407123 -0.406455 -0.407394 -0.403534 -0.41461 -0.37741 -0.492183 
0.5 -12.7781 0.204873 2 4 8 10 10 10 10 10 10 10 10 10 10 10 10 10 10 10 10 10 10 10 10 10 10 10 10 10 8 4 2 -0.49219 -0.377417 -0.414624 -0.403554 -0.407423 -0.406497 -0.407183 -0.407452 -0.407968 -0.408506 -0.409105 -0.409701 -0.410248 -0.410688 -0.410974 -0.411074 -0.410974 -0.410688 -0.410248 -0.409701 -0.409105 -0.408506 -0.407968 -0.407452 -0.407183 -0.406497 -0.407423 -0.403554 -0.414624 -0.377417 -0.49219 
0.6 -12.7826 0.206018 2 4 8 10 10 10 10 10 10 10 10 10 10 10 10 10 10 10 10 10 10 10 10 10 10 10 10 10 8 4 2 -0.4922 -0.377427 -0.414643 -0.403581 -0.407465 -0.406557 -0.407266 -0.407565 -0.408116 -0.408689 -0.409326 -0.409955 -0.41053 -0.410991 -0.41129 -0.411393 -0.41129 -0.410991 -0.41053 -0.409955 -0.409326 -0.408689 -0.408116 -0.407565 -0.407266 -0.406557 -0.407465 -0.403581 -0.414643 -0.377427 -0.4922 
0.7 -12.7884 0.207541 2 4 8 10 10 10 10 10 10 10 10 10 10 10 10 10 10 10 10 10 10 10 10 10 10 10 10 10 8 4 2 -0.492215 -0.37744 -0.414668 -0.403618 -0.40752 -0.406636 -0.407377 -0.407714 -0.40831 -0.408931 -0.409614 -0.410287 -0.410898 -0.411385 -0.4117 -0.411809 -0.4117 -0.411385 -0.410898 -0.410287 -0.409614 -0.408931 -0.40831 -0.407714 -0.407377 -0.406636 -0.40752 -0.403618 -0.414668 -0.37744 -0.492214 
0.8 -12.7957 0.209474 2 4 8 10 10 10 10 10 10 10 10 10 10 10 10 10 10 10 10 10 10 10 10 10 10 10 10 10 8 4 2 -0.492233 -0.377456 -0.414701 -0.403664 -0.407591 -0.406737 -0.407518 -0.407903 -0.408554 -0.409234 -0.409975 -0.4107 -0.411354 -0.411873 -0.412207 -0.412322 -0.412207 -0.411873 -0.411354 -0.4107 -0.409975 -0.409234 -0.408554 -0.407903 -0.407518 -0.406737 -0.407591 -0.403664 -0.414701 -0.377456 -0.492233 
0.9 -12.8045 0.211838 2 4 8 10 10 10 10 10 10 10 10 10 10 10 10 10 10 10 10 10 10 10 10 10 10 10 10 10 8 4 2 -0.492258 -0.377474 -0.414741 -0.40372 -0.407677 -0.406859 -0.407689 -0.408132 -0.408849 -0.409599 -0.410409 -0.411196 -0.4119 -0.412455 -0.41281 -0.412933 -0.41281 -0.412455 -0.4119 -0.411196 -0.410409 -0.409599 -0.408849 -0.408132 -0.407689 -0.406859 -0.407677 -0.40372 -0.414741 -0.377474 -0.492258 
1 -12.8146 0.21464 2 4 8 10 10 10 10 10 10 10 10 10 10 10 10 10 10 10 10 10 10 10 10 10 10 10 10 10 8 4 2 -0.492288 -0.377496 -0.414789 -0.403787 -0.407779 -0.407004 -0.407891 -0.408402 -0.409196 -0.410027 -0.410915 -0.41177 -0.412531 -0.413126 -0.413506 -0.413636 -0.413506 -0.413126 -0.412531 -0.41177 -0.410915 -0.410027 -0.409196 -0.408402 -0.407891 -0.407004 -0.407779 -0.403787 -0.414789 -0.377496 -0.492288 
1.1 -12.8262 0.217881 2 4 8 10 10 10 10 10 10 10 10 10 10 10 10 10 10 10 10 10 10 10 10 10 10 10 10 10 8 4 2 -0.492325 -0.377519 -0.414846 -0.403864 -0.407897 -0.407172 -0.408124 -0.408712 -0.409593 -0.410514 -0.411488 -0.41242 -0.413242 -0.413881 -0.414286 -0.414425 -0.414286 -0.413881 -0.413242 -0.41242 -0.411488 -0.410514 -0.409593 -0.408712 -0.408124 -0.407172 -0.407897 -0.403864 -0.414846 -0.377519 -0.492325 
1.2 -12.839 0.22155 2 4 8 10 10 10 10 10 10 10 10 10 10 10 10 10 10 10 10 10 10 10 10 10 10 10 10 10 8 4 2 -0.492369 -0.377545 -0.414911 -0.403951 -0.408032 -0.407361 -0.408386 -0.40906 -0.410037 -0.411057 -0.412125 -0.413139 -0.414025 -0.41471 -0.415142 -0.41529 -0.415142 -0.41471 -0.414025 -0.413139 -0.412125 -0.411057 -0.410037 -0.40906 -0.408386 -0.407361 -0.408032 -0.403951 -0.414911 -0.377545 -0.492369 
1.3 -12.8529 0.225631 2 4 8 10 10 10 10 10 10 10 10 10 10 10 10 10 10 10 10 10 10 10 10 10 10 10 10 10 8 4 2 -0.492422 -0.377571 -0.414985 -0.404049 -0.408182 -0.407572 -0.408678 -0.409445 -0.410526 -0.411651 -0.412819 -0.413918 -0.414871 -0.415603 -0.416063 -0.41622 -0.416063 -0.415603 -0.414871 -0.413918 -0.412819 -0.411651 -0.410526 -0.409445 -0.408678 -0.407572 -0.408182 -0.404049 -0.414985 -0.377571 -0.492422 
1.4 -12.8679 0.230101 2 4 8 10 10 10 10 10 10 10 10 10 10 10 10 10 10 10 10 10 10 10 10 10 10 10 10 10 8 4 2 -0.492483 -0.377599 -0.415068 -0.404155 -0.408347 -0.407803 -0.408997 -0.409864 -0.411055 -0.412292 -0.413563 -0.41475 -0.415771 -0.41655 -0.417037 -0.417202 -0.417037 -0.41655 -0.415771 -0.41475 -0.413563 -0.412292 -0.411055 -0.409864 -0.408997 -0.407803 -0.408347 -0.404155 -0.415068 -0.377599 -0.492483 
1.5 -12.8837 0.234932 2 4 8 10 10 10 10 10 10 10 10 10 10 10 10 10 10 10 10 10 10 10 10 10 10 10 10 10 8 4 2 -0.492554 -0.377626 -0.415161 -0.404271 -0.408528 -0.408054 -0.409341 -0.410315 -0.411622 -0.412973 -0.41435 -0.415625 -0.416714 -0.417538 -0.418051 -0.418225 -0.418051 -0.417538 -0.416714 -0.415625 -0.41435 -0.412973 -0.411622 -0.410315 -0.409341 -0.408054 -0.408528 -0.404271 -0.415161 -0.377626 -0.492554 
1.6 -12.9002 0.240096 2 4 8 10 10 10 10 10 10 10 10 10 10 10 10 10 10 10 10 10 10 10 10 10 10 10 10 10 8 4 2 -0.492636 -0.377653 -0.415263 -0.404395 -0.408724 -0.408323 -0.40971 -0.410795 -0.412222 -0.41369 -0.415173 -0.416535 -0.417689 -0.418557 -0.419095 -0.419276 -0.419095 -0.418557 -0.417689 -0.416535 -0.415173 -0.41369 -0.412222 -0.410795 -0.40971 -0.408323 -0.408724 -0.404395 -0.415263 -0.377653 -0.492636 
1.7 -12.9173 0.245563 2 4 8 10 10 10 10 10 10 10 10 10 10 10 10 10 10 10 10 10 10 10 10 10 10 10 10 10 8 4 2 -0.492728 -0.377679 -0.415375 -0.404527 -0.408934 -0.408611 -0.410103 -0.411302 -0.412851 -0.414437 -0.416024 -0.417471 -0.418687 -0.419597 -0.420157 -0.420345 -0.420157 -0.419597 -0.418687 -0.417471 -0.416024 -0.414437 -0.412851 -0.411302 -0.410103 -0.408611 -0.408934 -0.404527 -0.415375 -0.377679 -0.492728 
1.8 -12.9349 0.251304 2 4 8 10 10 10 10 10 10 10 10 10 10 10 10 10 10 10 10 10 10 10 10 10 10 10 10 10 8 4 2 -0.492832 -0.377704 -0.415497 -0.404668 -0.409159 -0.408917 -0.410517 -0.411834 -0.413507 -0.41521 -0.416899 -0.418426 -0.4197 -0.420646 -0.421227 -0.421422 -0.421227 -0.420646 -0.4197 -0.418426 -0.416899 -0.41521 -0.413507 -0.411834 -0.410517 -0.408917 -0.409159 -0.404668 -0.415497 -0.377704 -0.492831 
1.9 -12.9529 0.257293 2 4 8 10 10 10 10 10 9 9 10 10 10 10 10 10 10 10 10 10 10 9 9 10 10 10 10 10 8 4 2 -0.492948 -0.377728 -0.415631 -0.404818 -0.409399 -0.40924 -0.410954 -0.41239 -0.414187 -0.416004 -0.41779 -0.419392 -0.420719 -0.421698 -0.422296 -0.422497 -0.422296 -0.421698 -0.420719 -0.419392 -0.41779 -0.416004 -0.414187 -0.41239 -0.410954 -0.40924 -0.409399 -0.404818 -0.415631 -0.377728 -0.492947 
2 -12.9712 0.263505 2 4 8 10 10 10 10 10 9 9 10 10 10 10 10 10 10 10 10 10 10 9 9 10 10 10 10 10 8 4 2 -0.493076 -0.37775 -0.415776 -0.404976 -0.409656 -0.409581 -0.411413 -0.412969 -0.414889 -0.416816 -0.418694 -0.420365 -0.421737 -0.422745 -0.423358 -0.423562 -0.423358 -0.422745 -0.421737 -0.420365 -0.418694 -0.416816 -0.414889 -0.412969 -0.411413 -0.409581 -0.409656 -0.404976 -0.415776 -0.37775 -0.493076 
2.1 -12.9897 0.269917 2 4 8 10 10 10 10 10 9 9 10 10 10 10 10 10 10 10 10 10 10 9 9 10 10 10 10 10 8 4 2 -0.493219 -0.377771 -0.415935 -0.405144 -0.409929 -0.409942 -0.411894 -0.41357 -0.415611 -0.417644 -0.419606 -0.421337 -0.422749 -0.42378 -0.424404 -0.424612 -0.424404 -0.42378 -0.422749 -0.421337 -0.419606 -0.417644 -0.415611 -0.41357 -0.411894 -0.409942 -0.409929 -0.405144 -0.415935 -0.377771 -0.493219 
2.2 -13.0084 0.276509 2 4 8 10 10 10 10 10 9 9 10 10 10 10 10 10 10 10 10 10 10 9 9 10 10 10 10 10 8 4 2 -0.493376 -0.377791 -0.416107 -0.405322 -0.41022 -0.410322 -0.412398 -0.414194 -0.416352 -0.418484 -0.420522 -0.422306 -0.42375 -0.424798 -0.42543 -0.42564 -0.42543 -0.424798 -0.42375 -0.422306 -0.420522 -0.418484 -0.416352 -0.414194 -0.412398 -0.410322 -0.41022 -0.405322 -0.416107 -0.377791 -0.493376 
2.3 -13.0272 0.283266 2 4 8 10 10 10 10 10 9 9 10 10 10 10 10 10 10 10 10 10 10 9 9 10 10 10 10 10 8 4 2 -0.493548 -0.37781 -0.416295 -0.405511 -0.41053 -0.410724 -0.412927 -0.414841 -0.417112 -0.419334 -0.42144 -0.423267 -0.424735 -0.425795 -0.426431 -0.426642 -0.426431 -0.425795 -0.424735 -0.423267 -0.42144 -0.419334 -0.417112 -0.414841 -0.412927 -0.410724 -0.41053 -0.405511 -0.416295 -0.37781 -0.493548 
2.4 -13.0462 0.290174 2 4 8 10 10 10 10 10 9 9 10 10 10 10 10 10 10 10 10 10 10 9 9 10 10 10 10 10 8 4 2 -0.493737 -0.377829 -0.4165 -0.405713 -0.410862 -0.411148 -0.41348 -0.41551 -0.417888 -0.420193 -0.422356 -0.424216 -0.425701 -0.426766 -0.427403 -0.427615 -0.427403 -0.426766 -0.425701 -0.424216 -0.422356 -0.420193 -0.417888 -0.41551 -0.41348 -0.411148 -0.410862 -0.405713 -0.4165 -0.377829 -0.493737 
2.5 -13.0653 0.29722 2 4 8 10 10 10 10 10 9 9 10 10 10 10 10 10 10 10 10 10 10 9 9 10 10 10 10 10 8 4 2 -0.493942 -0.377849 -0.416723 -0.405928 -0.411217 -0.411597 -0.41406 -0.416202 -0.418681 -0.421058 -0.423268 -0.425151 -0.426644 -0.427709 -0.428344 -0.428554 -0.428344 -0.427709 -0.426644 -0.425151 -0.423268 -0.421058 -0.418681 -0.416202 -0.41406 -0.411597 -0.411217 -0.405928 -0.416723 -0.377849 -0.493942 
2.6 -13.0845 0.304394 2 4 8 10 10 10 10 10 9 9 10 10 10 10 10 10 10 10 10 10 10 9 9 10 10 10 10 10 8 4 2 -0.494166 -0.377871 -0.416965 -0.406159 -0.411598 -0.412071 -0.414667 -0.416917 -0.419489 -0.421928 -0.424172 -0.426068 -0.427561 -0.428621 -0.429251 -0.429459 -0.429251 -0.428621 -0.427561 -0.426068 -0.424172 -0.421928 -0.419489 -0.416917 -0.414667 -0.412071 -0.411598 -0.406159 -0.416965 -0.377871 -0.494166 
2.7 -13.1037 0.311688 2 4 8 10 10 10 10 10 9 10 10 10 10 10 10 10 10 10 10 10 10 10 9 10 10 10 10 10 8 4 2 -0.494408 -0.377895 -0.417228 -0.406407 -0.412005 -0.412574 -0.415302 -0.417655 -0.420311 -0.4228 -0.425067 -0.426966 -0.428451 -0.4295 -0.430122 -0.430327 -0.430122 -0.4295 -0.428451 -0.426966 -0.425067 -0.4228 -0.420311 -0.417655 -0.415302 -0.412574 -0.412005 -0.406407 -0.417228 -0.377895 -0.494408 
2.8 -13.123 0.319095 2 4 8 10 10 10 10 10 9 10 10 10 10 10 10 10 10 10 10 10 10 10 9 10 10 10 10 10 8 4 2 -0.494671 -0.377923 -0.417515 -0.406674 -0.412442 -0.413105 -0.415966 -0.418415 -0.421145 -0.423672 -0.42595 -0.427841 -0.429311 -0.430344 -0.430955 -0.431157 -0.430955 -0.430344 -0.429311 -0.427841 -0.42595 -0.423672 -0.421145 -0.418415 -0.415966 -0.413105 -0.412442 -0.406674 -0.417515 -0.377923 -0.494671 
2.9 -13.1424 0.326607 2 4 8 10 10 10 10 10 10 10 10 10 10 10 10 10 10 10 10 10 10 10 10 10 10 10 10 10 8 4 2 -0.494956 -0.377955 -0.417826 -0.406962 -0.41291 -0.413666 -0.41666 -0.419196 -0.42199 -0.424541 -0.426818 -0.428691 -0.430138 -0.431152 -0.43175 -0.431947 -0.43175 -0.431152 -0.430138 -0.428691 -0.426818 -0.424541 -0.42199 -0.419196 -0.41666 -0.413666 -0.41291 -0.406962 -0.417826 -0.377955 -0.494956 
3 -13.1618 0.33422 2 4 8 10 10 10 10 10 10 10 10 10 10 10 10 10 10 10 10 10 10 10 10 10 10 10 10 10 8 4 2 -0.495265 -0.377993 -0.418163 -0.407273 -0.413411 -0.414259 -0.417383 -0.419997 -0.422842 -0.425404 -0.427668 -0.429515 -0.430933 -0.431923 -0.432505 -0.432697 -0.432505 -0.431923 -0.430933 -0.429515 -0.427668 -0.425404 -0.422842 -0.419997 -0.417383 -0.414259 -0.413411 -0.407273 -0.418163 -0.377993 -0.495265 
3.1 -13.1812 0.341927 2 4 8 10 10 10 10 10 10 10 10 10 10 10 10 10 10 10 10 10 10 10 10 10 10 10 10 10 8 4 2 -0.495599 -0.378037 -0.418529 -0.407609 -0.413946 -0.414884 -0.418133 -0.420815 -0.423699 -0.426258 -0.428497 -0.430309 -0.431692 -0.432655 -0.43322 -0.433406 -0.43322 -0.432655 -0.431692 -0.430309 -0.428497 -0.426258 -0.423699 -0.420815 -0.418133 -0.414884 -0.413946 -0.407609 -0.418529 -0.378037 -0.495599 
3.2 -13.2006 0.349723 2 4 8 10 10 10 10 10 10 10 10 10 10 10 10 10 10 10 10 10 10 10 10 10 10 10 10 10 8 4 2 -0.495962 -0.378089 -0.418925 -0.407971 -0.414517 -0.41554 -0.418911 -0.421648 -0.424557 -0.427101 -0.429304 -0.431071 -0.432415 -0.433347 -0.433895 -0.434075 -0.433895 -0.433347 -0.432415 -0.431071 -0.429304 -0.427101 -0.424557 -0.421648 -0.418911 -0.41554 -0.414517 -0.407971 -0.418925 -0.378089 -0.495962 
3.3 -13.22 0.357603 2 4 8 10 10 10 10 10 10 10 10 10 10 10 10 10 10 10 10 10 10 10 10 10 10 10 10 10 8 4 2 -0.496354 -0.37815 -0.419352 -0.408361 -0.415125 -0.416227 -0.419714 -0.422493 -0.425413 -0.427928 -0.430084 -0.431802 -0.433101 -0.434001 -0.434529 -0.434703 -0.434529 -0.434001 -0.433101 -0.431802 -0.430084 -0.427928 -0.425413 -0.422493 -0.419714 -0.416227 -0.415125 -0.408361 -0.419352 -0.37815 -0.496354 
3.4 -13.2393 0.365561 2 4 8 10 10 10 10 10 10 10 10 10 10 10 10 10 10 10 10 10 10 10 10 10 10 10 10 10 8 4 2 -0.496779 -0.378219 -0.419813 -0.40878 -0.415769 -0.416945 -0.420539 -0.423345 -0.426264 -0.428736 -0.430837 -0.432498 -0.43375 -0.434616 -0.435124 -0.435291 -0.435124 -0.434616 -0.43375 -0.432498 -0.430837 -0.428736 -0.426264 -0.423345 -0.420539 -0.416945 -0.415769 -0.40878 -0.419813 -0.378219 -0.496779 
3.5 -13.2586 0.373593 2 4 8 10 10 10 10 10 10 10 10 10 10 10 11 11 11 10 10 10 10 10 10 10 10 10 10 10 8 4 2 -0.497241 -0.378297 -0.42031 -0.409229 -0.41645 -0.417691 -0.421383 -0.424203 -0.427104 -0.429522 -0.43156 -0.433159 -0.434361 -0.435191 -0.435679 -0.435839 -0.435679 -0.435191 -0.434361 -0.433159 -0.43156 -0.429522 -0.427104 -0.424203 -0.421383 -0.417691 -0.41645 -0.409229 -0.42031 -0.378297 -0.497241 
3.6 -13.2778 0.381692 2 4 8 10 10 10 10 10 10 10 10 10 10 11 11 11 11 11 10 10 10 10 10 10 10 10 10 10 8 4 2 -0.497742 -0.378384 -0.420844 -0.409709 -0.417168 -0.418463 -0.422243 -0.42506 -0.427932 -0.430284 -0.432252 -0.433784 -0.434935 -0.435729 -0.436196 -0.436349 -0.436196 -0.435729 -0.434935 -0.433784 -0.432252 -0.430284 -0.427932 -0.42506 -0.422243 -0.418463 -0.417168 -0.409709 -0.420844 -0.378384 -0.497742 
3.7 -13.2969 0.389853 2 4 8 10 10 10 10 10 10 10 10 10 11 11 11 11 11 11 11 10 10 10 10 10 10 10 10 10 8 4 2 -0.498287 -0.37848 -0.421417 -0.410221 -0.417921 -0.419259 -0.423115 -0.425912 -0.428742 -0.431019 -0.432911 -0.434374 -0.435471 -0.436229 -0.436675 -0.436822 -0.436675 -0.436229 -0.435471 -0.434374 -0.432911 -0.431019 -0.428742 -0.425912 -0.423115 -0.419259 -0.417921 -0.410221 -0.421417 -0.37848 -0.498287 
3.8 -13.3159 0.398072 2 4 8 10 10 10 10 10 10 10 10 10 11 11 12 12 12 11 11 10 10 10 10 10 10 10 10 10 8 4 2 -0.498878 -0.378585 -0.422032 -0.410762 -0.418708 -0.420075 -0.423994 -0.426757 -0.429532 -0.431725 -0.433536 -0.434928 -0.435972 -0.436693 -0.437119 -0.437259 -0.437119 -0.436693 -0.435972 -0.434928 -0.433536 -0.431725 -0.429532 -0.426757 -0.423994 -0.420075 -0.418708 -0.410762 -0.422032 -0.378585 -0.498878 
3.9 -13.3347 0.406342 2 4 8 10 10 10 10 10 10 10 10 10 11 11 12 12 12 11 11 10 10 10 10 10 10 10 10 10 8 4 2 -0.499522 -0.378698 -0.422689 -0.411334 -0.419527 -0.420907 -0.424876 -0.427588 -0.430298 -0.432399 -0.434128 -0.435447 -0.436438 -0.437122 -0.437528 -0.437663 -0.437528 -0.437122 -0.436438 -0.435447 -0.434128 -0.432399 -0.430298 -0.427588 -0.424876 -0.420907 -0.419527 -0.411334 -0.422689 -0.378698 -0.499522 
4 -13.3533 0.414658 2 4 8 10 10 10 10 10 10 10 10 10 11 12 12 12 12 12 11 10 10 10 10 10 10 10 10 10 8 4 2 -0.500221 -0.378818 -0.423391 -0.411934 -0.420375 -0.421751 -0.425756 -0.428403 -0.431037 -0.433042 -0.434685 -0.435931 -0.43687 -0.437519 -0.437905 -0.438033 -0.437905 -0.437519 -0.43687 -0.435931 -0.434685 -0.433042 -0.431037 -0.428403 -0.425756 -0.421751 -0.420375 -0.411934 -0.423391 -0.378818 -0.500221 
4.1 -13.3718 0.423014 2 4 8 10 10 10 10 10 10 10 10 10 11 12 12 12 12 12 11 10 10 10 10 10 10 10 10 10 8 4 2 -0.500982 -0.378943 -0.424138 -0.412561 -0.421249 -0.422603 -0.426629 -0.429197 -0.431748 -0.43365 -0.435209 -0.436382 -0.437269 -0.437884 -0.438252 -0.438373 -0.438252 -0.437884 -0.437269 -0.436382 -0.435209 -0.43365 -0.431748 -0.429197 -0.426629 -0.422603 -0.421249 -0.412561 -0.424138 -0.378943 -0.500982 
4.2 -13.39 0.431406 2 4 8 10 10 10 10 10 10 10 10 10 12 12 12 12 12 12 12 10 10 10 10 10 10 10 10 10 8 4 2 -0.501808 -0.379071 -0.424932 -0.413211 -0.422145 -0.423457 -0.427492 -0.429966 -0.432427 -0.434226 -0.435699 -0.436801 -0.437638 -0.43822 -0.438569 -0.438685 -0.438569 -0.43822 -0.437638 -0.436801 -0.435699 -0.434226 -0.432427 -0.429966 -0.427492 -0.423457 -0.422145 -0.413211 -0.424932 -0.379071 -0.501808 
4.3 -13.408 0.439827 2 4 8 10 10 10 10 10 10 10 10 10 12 12 12 13 12 12 12 10 10 10 10 10 10 10 10 10 8 4 2 -0.502706 -0.379201 -0.425774 -0.413881 -0.42306 -0.424308 -0.428338 -0.430708 -0.433074 -0.434767 -0.436158 -0.437189 -0.437978 -0.438528 -0.438859 -0.438969 -0.438859 -0.438528 -0.437978 -0.437189 -0.436158 -0.434767 -0.433074 -0.430708 -0.428338 -0.424308 -0.42306 -0.413881 -0.425774 -0.379201 -0.502706 
4.4 -13.4258 0.448273 2 4 8 10 10 10 10 10 10 10 10 10 12 12 13 14 13 12 12 10 10 10 10 10 10 10 10 10 8 4 2 -0.50368 -0.379329 -0.426665 -0.414569 -0.423989 -0.425152 -0.429165 -0.431421 -0.433688 -0.435275 -0.436585 -0.437548 -0.438291 -0.43881 -0.439124 -0.439229 -0.439124 -0.43881 -0.438291 -0.437548 -0.436585 -0.435275 -0.433688 -0.431421 -0.429165 -0.425152 -0.423989 -0.414569 -0.426665 -0.379329 -0.50368 
4.5 -13.4433 0.456739 2 4 8 10 10 10 10 10 10 10 10 11 12 13 13 14 13 13 12 11 10 10 10 10 10 10 10 10 8 4 2 -0.504735 -0.379453 -0.427605 -0.415268 -0.424928 -0.425983 -0.429969 -0.432101 -0.434268 -0.435751 -0.436982 -0.43788 -0.438579 -0.439067 -0.439365 -0.439465 -0.439365 -0.439067 -0.438579 -0.43788 -0.436982 -0.435751 -0.434268 -0.432101 -0.429969 -0.425983 -0.424928 -0.415268 -0.427605 -0.379453 -0.504735 
4.6 -13.4606 0.465219 2 4 8 10 10 10 10 10 10 10 10 11 12 13 13 15 13 13 12 11 10 10 10 10 10 10 10 10 8 4 2 -0.505877 -0.379569 -0.428593 -0.415975 -0.425872 -0.426796 -0.430746 -0.432748 -0.434814 -0.436195 -0.43735 -0.438186 -0.438843 -0.439303 -0.439585 -0.439679 -0.439585 -0.439303 -0.438843 -0.438186 -0.43735 -0.436195 -0.434814 -0.432748 -0.430746 -0.426796 -0.425872 -0.415975 -0.428593 -0.379569 -0.505877 
4.7 -13.4775 0.47371 2 4 8 10 10 10 10 10 10 10 10 11 12 13 14 15 14 13 12 11 10 10 10 10 10 10 10 10 8 4 2 -0.50711 -0.379673 -0.429629 -0.416683 -0.426816 -0.427588 -0.431494 -0.433359 -0.435327 -0.436608 -0.437691 -0.438468 -0.439085 -0.439518 -0.439784 -0.439874 -0.439784 -0.439518 -0.439085 -0.438468 -0.437691 -0.436608 -0.435327 -0.433359 -0.431494 -0.427588 -0.426816 -0.416683 -0.429629 -0.379673 -0.50711 
4.8 -13.4942 0.482207 2 4 8 10 10 10 10 10 10 10 11 11 13 13 15 15 15 13 13 11 11 10 10 10 10 10 10 10 8 4 2 -0.508438 -0.379762 -0.430712 -0.417389 -0.427757 -0.428353 -0.432211 -0.433936 -0.435807 -0.436992 -0.438007 -0.438729 -0.439307 -0.439714 -0.439966 -0.440051 -0.439966 -0.439714 -0.439307 -0.438729 -0.438007 -0.436992 -0.435807 -0.433936 -0.432211 -0.428353 -0.427757 -0.417389 -0.430712 -0.379762 -0.508438 
4.9 -13.5106 0.490705 2 4 8 10 10 10 10 10 10 11 11 12 13 14 15 15 15 14 13 12 11 11 10 10 10 10 10 10 8 4 2 -0.509866 -0.379831 -0.43184 -0.418085 -0.428689 -0.429089 -0.432895 -0.434476 -0.436255 -0.437349 -0.438299 -0.438969 -0.43951 -0.439893 -0.44013 -0.440211 -0.44013 -0.439893 -0.43951 -0.438969 -0.438299 -0.437349 -0.436255 -0.434476 -0.432895 -0.429089 -0.428689 -0.418085 -0.43184 -0.379831 -0.509866 
5 -13.5266 0.499202 2 4 8 10 10 10 10 10 10 11 11 12 13 14 15 15 15 14 13 12 11 11 10 10 10 10 10 10 8 4 2 -0.511397 -0.379875 -0.433012 -0.418767 -0.429608 -0.429792 -0.433545 -0.434982 -0.436672 -0.437679 -0.438569 -0.43919 -0.439697 -0.440056 -0.44028 -0.440355 -0.44028 -0.440056 -0.439697 -0.43919 -0.438569 -0.437679 -0.436672 -0.434982 -0.433545 -0.429792 -0.429608 -0.418767 -0.433012 -0.379875 -0.511396 
5.1 -13.5423 0.507693 2 4 8 10 10 10 10 10 10 11 12 13 13 14 15 15 15 14 13 13 12 11 10 10 10 10 10 10 8 4 2 -0.513033 -0.37989 -0.434225 -0.419428 -0.430512 -0.43046 -0.434161 -0.435452 -0.43706 -0.437985 -0.438819 -0.439395 -0.439868 -0.440204 -0.440415 -0.440486 -0.440415 -0.440204 -0.439868 -0.439395 -0.438819 -0.437985 -0.43706 -0.435452 -0.434161 -0.43046 -0.430512 -0.419428 -0.434225 -0.37989 -0.513033 
5.2 -13.5577 0.516175 2 4 8 10 10 10 10 10 11 11 12 13 14 14 15 15 15 14 14 13 12 11 11 10 10 10 10 10 8 4 2 -0.514776 -0.37987 -0.435475 -0.420062 -0.431396 -0.43109 -0.434743 -0.435889 -0.437421 -0.438268 -0.43905 -0.439583 -0.440025 -0.440339 -0.440538 -0.440603 -0.440538 -0.440339 -0.440025 -0.439583 -0.43905 -0.438268 -0.437421 -0.435889 -0.434743 -0.43109 -0.431396 -0.420062 -0.435475 -0.37987 -0.514776 
5.3 -13.5727 0.524646 2 4 8 10 10 10 10 10 11 12 12 14 14 15 15 15 15 15 14 14 12 12 11 10 10 10 10 10 8 4 2 -0.516628 -0.379811 -0.43676 -0.420665 -0.432257 -0.431681 -0.435291 -0.436293 -0.437756 -0.43853 -0.439263 -0.439757 -0.44017 -0.440462 -0.440649 -0.440709 -0.440649 -0.440462 -0.44017 -0.439757 -0.439263 -0.43853 -0.437756 -0.436293 -0.435291 -0.431681 -0.432257 -0.420665 -0.43676 -0.379811 -0.516628 
5.4 -13.5873 0.533102 2 4 8 10 10 10 10 11 12 13 14 14 15 15 15 15 15 15 15 14 14 13 12 11 10 10 10 10 8 4 2 -0.518589 -0.379706 -0.438075 -0.421231 -0.433095 -0.432232 -0.435805 -0.436665 -0.438067 -0.438773 -0.43946 -0.439918 -0.440303 -0.440574 -0.440749 -0.440805 -0.440749 -0.440574 -0.440303 -0.439918 -0.43946 -0.438773 -0.438067 -0.436665 -0.435805 -0.432232 -0.433095 -0.421231 -0.438075 -0.379707 -0.518589 
5.5 -13.6015 0.541541 2 4 8 10 10 10 10 11 12 13 14 14 16 15 15 15 15 15 16 14 14 13 12 11 10 10 10 10 8 4 2 -0.520658 -0.379552 -0.439418 -0.421754 -0.433906 -0.432743 -0.436288 -0.437008 -0.438356 -0.438997 -0.439643 -0.440067 -0.440425 -0.440676 -0.44084 -0.44089 -0.44084 -0.440676 -0.440425 -0.440067 -0.439643 -0.438997 -0.438356 -0.437008 -0.436288 -0.432743 -0.433906 -0.421754 -0.439418 -0.379552 -0.520657 
5.6 -13.6154 0.549961 2 4 8 10 10 10 10 12 12 14 14 15 16 16 17 16 17 16 16 15 14 14 12 12 10 10 10 10 8 4 2 -0.522831 -0.379341 -0.440783 -0.422232 -0.434689 -0.433213 -0.436739 -0.437323 -0.438624 -0.439204 -0.439813 -0.440205 -0.440539 -0.440768 -0.440922 -0.440967 -0.440922 -0.440768 -0.440539 -0.440205 -0.439813 -0.439204 -0.438624 -0.437323 -0.436739 -0.433213 -0.434689 -0.422232 -0.440783 -0.379342 -0.522831 
5.7 -13.6289 0.55836 2 4 8 10 10 10 11 12 14 14 15 16 17 17 17 17 17 17 17 16 15 14 14 12 11 10 10 10 8 4 2 -0.525107 -0.379071 -0.442167 -0.42266 -0.435444 -0.433643 -0.437162 -0.437612 -0.438873 -0.439397 -0.439971 -0.440332 -0.440644 -0.440853 -0.440996 -0.441036 -0.440996 -0.440853 -0.440644 -0.440333 -0.439971 -0.439397 -0.438873 -0.437612 -0.437162 -0.433643 -0.435444 -0.42266 -0.442167 -0.379071 -0.525107 
5.8 -13.642 0.566736 2 4 8 10 10 10 12 12 14 15 16 16 17 17 17 17 17 17 17 16 16 15 14 12 12 10 10 10 8 4 2 -0.527481 -0.378735 -0.443566 -0.423034 -0.436171 -0.434033 -0.437556 -0.437876 -0.439104 -0.439574 -0.440118 -0.440451 -0.440741 -0.44093 -0.441064 -0.441098 -0.441064 -0.44093 -0.440741 -0.440451 -0.440118 -0.439574 -0.439104 -0.437876 -0.437556 -0.434033 -0.436171 -0.423034 -0.443566 -0.378735 -0.527481 
5.9 -13.6546 0.575088 2 4 8 10 10 11 12 14 14 16 17 17 17 18 18 18 18 18 17 17 17 16 14 14 12 11 10 10 8 4 2 -0.529947 -0.378329 -0.444975 -0.423352 -0.43687 -0.434385 -0.437925 -0.438117 -0.43932 -0.439739 -0.440256 -0.440561 -0.440832 -0.441001 -0.441124 -0.441154 -0.441124 -0.441001 -0.440832 -0.440561 -0.440255 -0.439739 -0.43932 -0.438117 -0.437925 -0.434385 -0.43687 -0.423352 -0.444974 -0.378329 -0.529947 
6 -13.6668 0.583414 2 4 8 10 10 11 12 14 15 16 17 17 17 18 18 18 18 18 17 17 17 16 15 14 12 11 10 10 8 4 2 -0.532498 -0.37785 -0.44639 -0.423613 -0.437541 -0.4347 -0.438269 -0.438337 -0.439521 -0.439892 -0.440384 -0.440663 -0.440917 -0.441066 -0.441179 -0.441204 -0.441179 -0.441066 -0.440917 -0.440663 -0.440384 -0.439892 -0.439521 -0.438337 -0.438269 -0.434699 -0.437541 -0.423613 -0.44639 -0.37785 -0.532498 
6.1 -13.6786 0.591713 2 4 8 10 11 11 12 14 15 17 17 18 19 19 19 19 19 19 19 18 17 17 15 14 12 11 11 10 8 4 2 -0.535126 -0.377295 -0.447808 -0.423813 -0.438186 -0.434978 -0.438591 -0.438537 -0.439708 -0.440034 -0.440505 -0.440758 -0.440996 -0.441126 -0.441229 -0.44125 -0.441229 -0.441126 -0.440996 -0.440758 -0.440505 -0.440034 -0.439708 -0.438537 -0.438591 -0.434978 -0.438186 -0.423813 -0.447808 -0.377295 -0.535126 
6.2 -13.69 0.599985 2 4 8 10 11 11 13 15 17 17 18 19 19 19 19 19 19 19 19 19 18 17 17 15 13 11 11 10 8 4 2 -0.537823 -0.376661 -0.449225 -0.423953 -0.438805 -0.435221 -0.438892 -0.43872 -0.439884 -0.440166 -0.440619 -0.440847 -0.44107 -0.441181 -0.441273 -0.441291 -0.441273 -0.441181 -0.44107 -0.440847 -0.440619 -0.440166 -0.439884 -0.43872 -0.438892 -0.435221 -0.438805 -0.423954 -0.449225 -0.376661 -0.537823 
6.3 -13.7009 0.608227 2 4 8 10 11 12 14 16 17 17 19 19 19 20 20 20 20 20 19 19 19 17 17 16 14 12 11 10 8 4 2 -0.540579 -0.375946 -0.450639 -0.424033 -0.439401 -0.435431 -0.439174 -0.438885 -0.440048 -0.440288 -0.440726 -0.440929 -0.441139 -0.441232 -0.441314 -0.441328 -0.441314 -0.441232 -0.441139 -0.440929 -0.440726 -0.440288 -0.440048 -0.438885 -0.439174 -0.435431 -0.439401 -0.424033 -0.450639 -0.375947 -0.540579 
6.4 -13.7113 0.616441 2 4 8 11 11 12 14 16 17 19 19 20 20 20 20 20 20 20 20 20 19 19 17 16 14 12 11 11 8 4 2 -0.543382 -0.375151 -0.452046 -0.424051 -0.439974 -0.435609 -0.439438 -0.439036 -0.440202 -0.440402 -0.440827 -0.441007 -0.441204 -0.441279 -0.441351 -0.441361 -0.441351 -0.441279 -0.441204 -0.441007 -0.440827 -0.440402 -0.440202 -0.439036 -0.439438 -0.435609 -0.439974 -0.424051 -0.452045 -0.375151 -0.543382 
6.5 -13.7212 0.624624 2 4 8 11 12 13 15 17 17 19 20 20 21 21 20 20 20 21 21 20 20 19 18 17 15 13 12 11 8 4 2 -0.546223 -0.374276 -0.453443 -0.424008 -0.440526 -0.435756 -0.439687 -0.439172 -0.440347 -0.440508 -0.440923 -0.441079 -0.441264 -0.441323 -0.441384 -0.441392 -0.441384 -0.441323 -0.441264 -0.441079 -0.440923 -0.440508 -0.440347 -0.439172 -0.439687 -0.435756 -0.440526 -0.424008 -0.453443 -0.374276 -0.546223 
6.6 -13.7307 0.632777 2 4 8 11 12 14 15 17 19 19 20 21 21 21 21 20 21 21 21 21 20 19 19 17 15 14 12 11 8 4 2 -0.54909 -0.373322 -0.454829 -0.423906 -0.441059 -0.435874 -0.439921 -0.439296 -0.440484 -0.440606 -0.441013 -0.441148 -0.441321 -0.441365 -0.441415 -0.44142 -0.441415 -0.441365 -0.441321 -0.441148 -0.441013 -0.440606 -0.440484 -0.439295 -0.439921 -0.435874 -0.441059 -0.423906 -0.454829 -0.373322 -0.54909 
6.7 -13.7397 0.640899 2 4 8 11 12 14 15 17 19 19 21 21 22 22 22 22 22 22 22 21 21 19 19 17 15 14 12 11 8 4 2 -0.55197 -0.372291 -0.456202 -0.423746 -0.441575 -0.435964 -0.440142 -0.439407 -0.440612 -0.440698 -0.441099 -0.441213 -0.441374 -0.441404 -0.441443 -0.441446 -0.441443 -0.441404 -0.441374 -0.441213 -0.441099 -0.440698 -0.440612 -0.439407 -0.440142 -0.435964 -0.441575 -0.423746 -0.456202 -0.372291 -0.55197 
6.8 -13.7483 0.648991 2 4 8 11 12 14 17 18 19 21 21 22 22 22 22 22 22 22 22 22 21 21 19 18 17 14 12 11 8 4 2 -0.554853 -0.371188 -0.45756 -0.423528 -0.442075 -0.436028 -0.440351 -0.439506 -0.440734 -0.440783 -0.44118 -0.441274 -0.441423 -0.441441 -0.441469 -0.44147 -0.441469 -0.441441 -0.441423 -0.441274 -0.44118 -0.440783 -0.440734 -0.439506 -0.440351 -0.436028 -0.442075 -0.423528 -0.45756 -0.371188 -0.554852 
6.9 -13.7563 0.657051 2 4 8 11 14 15 17 19 19 21 22 22 22 22 22 22 22 22 22 22 22 21 19 19 17 15 14 11 8 4 2 -0.557725 -0.370017 -0.458902 -0.423256 -0.442561 -0.436067 -0.44055 -0.439596 -0.440849 -0.440862 -0.441256 -0.441332 -0.441469 -0.441476 -0.441494 -0.441493 -0.441494 -0.441476 -0.441469 -0.441332 -0.441256 -0.440862 -0.440849 -0.439596 -0.44055 -0.436067 -0.442561 -0.423256 -0.458902 -0.370017 -0.557725 
7 -13.7639 0.665079 2 4 8 13 14 16 17 19 20 21 22 22 23 23 23 23 23 23 23 22 22 21 20 19 17 16 14 13 8 4 2 -0.560577 -0.368784 -0.460227 -0.422931 -0.443033 -0.43608 -0.44074 -0.439675 -0.440958 -0.440936 -0.441329 -0.441388 -0.441512 -0.44151 -0.441517 -0.441513 -0.441517 -0.44151 -0.441512 -0.441388 -0.441329 -0.440935 -0.440958 -0.439675 -0.44074 -0.43608 -0.443033 -0.422932 -0.460227 -0.368784 -0.560577 
7.1 -13.771 0.673076 2 4 8 13 14 16 18 19 21 22 22 23 23 23 23 23 23 23 23 23 22 22 21 19 18 16 14 13 8 4 2 -0.563397 -0.367494 -0.461535 -0.422556 -0.443494 -0.436071 -0.440922 -0.439744 -0.441062 -0.441004 -0.441398 -0.441441 -0.441552 -0.441542 -0.441539 -0.441533 -0.441539 -0.441542 -0.441552 -0.441441 -0.441398 -0.441003 -0.441062 -0.439744 -0.440922 -0.436071 -0.443494 -0.422556 -0.461535 -0.367494 -0.563397 
7.2 -13.7777 0.681042 2 4 8 13 15 17 18 19 21 22 23 23 23 23 23 23 23 23 23 23 23 22 21 19 18 17 15 13 8 4 2 -0.566175 -0.366155 -0.462824 -0.422132 -0.443944 -0.436038 -0.441097 -0.439804 -0.441161 -0.441066 -0.441463 -0.441492 -0.441589 -0.441573 -0.44156 -0.441552 -0.44156 -0.441573 -0.441589 -0.441492 -0.441463 -0.441066 -0.441161 -0.439804 -0.441097 -0.436038 -0.443944 -0.422132 -0.462824 -0.366155 -0.566175 
7.3 -13.7839 0.688976 2 4 8 13 16 17 19 21 21 22 23 24 24 24 24 24 24 24 24 24 23 22 21 21 19 17 16 13 8 4 2 -0.568902 -0.364775 -0.464096 -0.421663 -0.444385 -0.435984 -0.441265 -0.439854 -0.441255 -0.441124 -0.441524 -0.441541 -0.441623 -0.441602 -0.441581 -0.44157 -0.441581 -0.441602 -0.441623 -0.441541 -0.441524 -0.441124 -0.441255 -0.439854 -0.441265 -0.435984 -0.444385 -0.421663 -0.464096 -0.364775 -0.568902 
7.4 -13.7897 0.696878 2 4 8 13 16 17 19 21 22 23 23 25 25 25 25 25 25 25 25 25 23 23 22 21 19 17 16 13 8 4 2 -0.571568 -0.363362 -0.465349 -0.42115 -0.444817 -0.435908 -0.441428 -0.439896 -0.441346 -0.441178 -0.441582 -0.441588 -0.441655 -0.441631 -0.441601 -0.441587 -0.441601 -0.441631 -0.441655 -0.441588 -0.441582 -0.441178 -0.441346 -0.439896 -0.441428 -0.435908 -0.444817 -0.42115 -0.465349 -0.363362 -0.571568 
7.5 -13.7951 0.704748 2 4 8 14 16 18 19 21 22 23 24 25 26 26 26 26 26 26 26 25 24 23 22 21 19 18 16 14 8 4 2 -0.574166 -0.361924 -0.466583 -0.420596 -0.445242 -0.43581 -0.441587 -0.439928 -0.441432 -0.441226 -0.441637 -0.441632 -0.441685 -0.441658 -0.441622 -0.441604 -0.441622 -0.441658 -0.441685 -0.441632 -0.441637 -0.441226 -0.441432 -0.439929 -0.441587 -0.43581 -0.445242 -0.420596 -0.466583 -0.361924 -0.574166 
7.6 -13.8 0.712586 2 4 8 14 17 19 20 21 22 23 25 26 27 28 28 27 28 28 27 26 25 23 22 21 20 19 17 14 8 4 2 -0.57669 -0.36047 -0.4678 -0.420003 -0.44566 -0.435692 -0.441742 -0.439952 -0.441515 -0.44127 -0.441689 -0.441675 -0.441713 -0.441684 -0.441643 -0.441621 -0.441643 -0.441684 -0.441713 -0.441675 -0.441689 -0.44127 -0.441515 -0.439952 -0.441742 -0.435692 -0.44566 -0.420003 -0.4678 -0.36047 -0.57669 
7.7 -13.8046 0.720392 2 4 8 14 17 19 20 22 23 24 26 27 28 28 28 28 28 28 28 27 26 24 23 22 20 19 17 14 8 4 2 -0.579133 -0.359008 -0.468999 -0.419375 -0.446072 -0.435553 -0.441893 -0.439966 -0.441595 -0.441309 -0.441738 -0.441715 -0.44174 -0.441709 -0.441664 -0.441638 -0.441664 -0.441709 -0.44174 -0.441715 -0.441738 -0.441309 -0.441594 -0.439967 -0.441893 -0.435553 -0.446072 -0.419375 -0.468999 -0.359008 -0.579133 
7.8 -13.8088 0.728166 2 4 8 14 17 19 20 22 23 25 26 28 28 28 28 29 28 28 28 28 26 25 23 22 20 19 17 14 8 4 2 -0.581492 -0.357547 -0.470181 -0.418713 -0.446479 -0.435394 -0.442042 -0.439971 -0.441672 -0.441344 -0.441785 -0.441752 -0.441766 -0.441732 -0.441685 -0.441655 -0.441685 -0.441732 -0.441766 -0.441752 -0.441784 -0.441344 -0.441671 -0.439972 -0.442042 -0.435394 -0.446479 -0.418713 -0.470181 -0.357547 -0.581492 
7.9 -13.8126 0.735907 2 4 8 15 18 20 21 22 24 25 28 29 29 30 30 30 30 30 29 29 28 25 24 22 21 21 18 15 8 4 2 -0.583762 -0.356094 -0.471346 -0.418019 -0.446882 -0.435214 -0.442189 -0.439967 -0.441746 -0.441374 -0.441829 -0.441787 -0.441791 -0.441755 -0.441707 -0.441673 -0.441707 -0.441755 -0.441791 -0.441787 -0.441829 -0.441374 -0.441745 -0.439967 -0.442189 -0.435214 -0.446882 -0.418019 -0.471346 -0.356094 -0.583762 
8 -13.8161 0.743616 2 4 8 15 18 21 21 23 24 26 28 30 31 31 31 31 31 31 31 30 28 26 24 23 21 21 18 15 8 4 2 -0.585941 -0.354657 -0.472496 -0.417298 -0.447281 -0.435014 -0.442334 -0.439953 -0.441817 -0.441399 -0.441871 -0.441819 -0.441815 -0.441777 -0.441729 -0.441692 -0.441729 -0.441777 -0.441815 -0.441819 -0.441871 -0.4414 -0.441817 -0.439954 -0.442334 -0.435014 -0.447281 -0.417298 -0.472496 -0.354656 -0.585941 
8.1 -13.8193 0.751291 2 4 8 15 18 21 22 23 25 26 29 31 32 32 32 32 32 32 32 31 29 26 25 23 22 21 18 15 8 4 2 -0.588027 -0.353242 -0.47363 -0.41655 -0.447677 -0.434794 -0.442477 -0.43993 -0.441886 -0.44142 -0.441912 -0.441848 -0.441839 -0.441798 -0.441752 -0.441711 -0.441752 -0.441798 -0.441839 -0.441848 -0.441911 -0.441421 -0.441886 -0.43993 -0.442477 -0.434794 -0.447677 -0.41655 -0.47363 -0.353242 -0.588027 
8.2 -13.8222 0.758933 2 4 8 15 19 21 22 23 26 28 31 31 32 32 33 33 33 32 32 31 31 28 26 23 22 21 19 15 8 4 2 -0.590019 -0.351857 -0.47475 -0.415779 -0.448072 -0.434553 -0.442619 -0.439896 -0.441953 -0.441437 -0.44195 -0.441874 -0.441864 -0.441818 -0.441775 -0.441732 -0.441775 -0.441818 -0.441864 -0.441874 -0.44195 -0.441437 -0.441952 -0.439897 -0.442619 -0.434553 -0.448072 -0.415779 -0.47475 -0.351857 -0.590019 
8.3 -13.8248 0.76654 2 4 8 16 19 22 22 25 28 29 31 32 32 34 34 34 34 34 32 32 31 29 28 25 22 22 19 16 8 4 2 -0.591917 -0.350507 -0.475857 -0.414986 -0.448465 -0.434292 -0.44276 -0.439852 -0.442017 -0.441448 -0.441987 -0.441896 -0.441888 -0.441837 -0.441798 -0.441754 -0.441798 -0.441837 -0.441888 -0.441896 -0.441987 -0.441449 -0.442017 -0.439853 -0.44276 -0.434292 -0.448464 -0.414986 -0.475857 -0.350507 -0.591917 
8.4 -13.8271 0.774113 2 4 8 16 19 22 24 25 28 30 32 32 34 34 35 36 35 34 34 32 32 30 28 25 24 22 19 16 8 4 2 -0.593722 -0.349197 -0.47695 -0.414175 -0.448857 -0.43401 -0.4429 -0.439798 -0.442079 -0.441455 -0.442023 -0.441914 -0.441913 -0.441856 -0.441821 -0.441777 -0.441821 -0.441856 -0.441913 -0.441914 -0.442023 -0.441455 -0.442079 -0.439798 -0.4429 -0.43401 -0.448857 -0.414175 -0.47695 -0.349197 -0.593722 
8.5 -13.8292 0.781651 2 4 8 16 19 22 24 25 28 31 32 34 35 36 36 36 36 36 35 34 32 31 28 25 24 22 20 16 8 4 2 -0.595436 -0.34793 -0.478032 -0.413348 -0.44925 -0.433708 -0.44304 -0.439733 -0.442139 -0.441457 -0.442058 -0.441929 -0.441939 -0.441874 -0.441845 -0.441801 -0.441845 -0.441874 -0.441939 -0.441929 -0.442058 -0.441457 -0.442139 -0.439733 -0.44304 -0.433708 -0.449249 -0.413348 -0.478032 -0.34793 -0.595436 
8.6 -13.8311 0.789152 2 4 8 16 20 22 25 26 29 31 32 35 36 37 37 37 37 37 36 35 32 31 29 26 25 22 20 16 8 4 2 -0.59706 -0.346709 -0.479103 -0.412508 -0.449643 -0.433385 -0.443179 -0.439657 -0.442197 -0.441454 -0.442091 -0.441939 -0.441965 -0.441892 -0.441869 -0.441827 -0.441869 -0.441892 -0.441964 -0.44194 -0.442091 -0.441454 -0.442197 -0.439657 -0.443178 -0.433385 -0.449643 -0.412508 -0.479103 -0.346709 -0.59706 
8.7 -13.8328 0.796616 2 4 8 16 21 23 26 27 31 32 34 35 37 38 38 38 38 38 37 35 34 32 31 27 26 23 21 16 8 4 2 -0.598597 -0.345538 -0.480164 -0.411657 -0.450038 -0.433042 -0.443317 -0.439569 -0.442252 -0.441446 -0.442124 -0.441947 -0.441991 -0.441909 -0.441893 -0.441854 -0.441893 -0.441909 -0.441991 -0.441947 -0.442123 -0.441446 -0.442252 -0.439569 -0.443317 -0.433042 -0.450039 -0.411656 -0.480164 -0.345538 -0.598597 
8.8 -13.8343 0.804043 2 4 8 16 21 23 26 28 31 32 35 37 37 38 38 38 38 38 37 37 35 32 32 28 26 23 21 16 8 4 2 -0.60005 -0.344418 -0.481215 -0.410797 -0.450436 -0.432679 -0.443454 -0.43947 -0.442305 -0.441432 -0.442155 -0.44195 -0.442017 -0.441927 -0.441918 -0.441882 -0.441918 -0.441927 -0.442017 -0.44195 -0.442154 -0.441433 -0.442305 -0.43947 -0.443455 -0.432679 -0.450437 -0.410797 -0.481215 -0.344418 -0.60005 
8.9 -13.8357 0.81143 2 4 8 16 22 23 27 30 32 34 35 37 38 39 41 40 41 39 39 37 35 34 32 30 27 23 22 16 8 4 2 -0.601422 -0.34335 -0.482258 -0.409932 -0.450838 -0.432296 -0.443592 -0.439358 -0.442356 -0.441414 -0.442184 -0.44195 -0.442044 -0.441944 -0.441942 -0.441911 -0.441942 -0.441944 -0.442044 -0.441951 -0.442184 -0.441414 -0.442356 -0.439358 -0.443592 -0.432296 -0.450838 -0.409932 -0.482258 -0.34335 -0.601422 
9 -13.8369 0.818777 2 4 8 16 22 25 29 30 33 34 37 39 39 40 42 42 42 40 39 39 37 34 33 30 29 25 22 16 8 4 2 -0.602718 -0.342333 -0.483292 -0.409064 -0.451243 -0.431893 -0.443728 -0.439234 -0.442405 -0.44139 -0.442212 -0.441947 -0.442071 -0.441961 -0.441967 -0.441941 -0.441967 -0.441961 -0.442071 -0.441948 -0.442212 -0.44139 -0.442405 -0.439234 -0.443729 -0.431893 -0.451244 -0.409064 -0.483292 -0.342333 -0.602718 
9.1 -13.8379 0.826083 2 4 8 16 22 25 29 31 33 36 38 39 41 42 42 42 42 42 41 39 38 36 33 31 29 25 22 16 8 4 2 -0.603941 -0.341368 -0.484318 -0.408195 -0.451654 -0.431472 -0.443865 -0.439097 -0.442451 -0.441361 -0.442239 -0.441941 -0.442098 -0.441979 -0.441992 -0.441971 -0.441992 -0.441979 -0.442097 -0.441942 -0.442239 -0.441361 -0.442452 -0.439096 -0.443865 -0.431471 -0.451655 -0.408195 -0.484318 -0.341368 -0.603941 
9.2 -13.8388 0.833348 2 4 8 16 22 26 29 31 34 36 38 40 42 42 42 42 42 42 42 40 38 36 34 31 29 26 22 16 8 4 2 -0.605095 -0.340452 -0.485338 -0.407329 -0.452071 -0.431031 -0.444001 -0.438946 -0.442496 -0.441326 -0.442264 -0.441933 -0.442124 -0.441996 -0.442018 -0.442002 -0.442018 -0.441996 -0.442124 -0.441933 -0.442264 -0.441325 -0.442496 -0.438946 -0.444001 -0.431031 -0.452071 -0.407328 -0.485338 -0.340452 -0.605095 
9.3 -13.8397 0.840568 2 4 8 16 22 26 30 33 35 38 40 42 42 43 44 44 44 43 42 42 40 38 35 33 30 26 23 16 8 4 2 -0.606185 -0.339585 -0.486351 -0.406466 -0.452494 -0.430573 -0.444137 -0.438782 -0.442538 -0.441285 -0.442287 -0.441922 -0.44215 -0.442014 -0.442043 -0.442033 -0.442043 -0.442014 -0.442149 -0.441922 -0.442287 -0.441284 -0.442539 -0.438781 -0.444137 -0.430573 -0.452495 -0.406466 -0.486351 -0.339585 -0.606184 
9.4 -13.8404 0.847745 2 4 8 16 24 26 31 33 37 39 40 42 43 44 44 45 44 44 43 42 40 39 37 33 31 26 24 16 8 4 2 -0.607214 -0.338764 -0.487357 -0.405611 -0.452925 -0.430098 -0.444272 -0.438604 -0.442578 -0.441237 -0.442308 -0.441909 -0.442174 -0.442032 -0.44207 -0.442063 -0.44207 -0.442032 -0.442174 -0.441909 -0.442308 -0.441237 -0.442579 -0.438603 -0.444273 -0.430097 -0.452926 -0.40561 -0.487357 -0.338764 -0.607214 
9.5 -13.841 0.854876 2 4 8 16 24 28 32 34 37 40 42 43 44 45 46 46 46 45 44 43 42 40 37 34 32 28 24 16 8 4 2 -0.608188 -0.337986 -0.488357 -0.404764 -0.453364 -0.429607 -0.444408 -0.438411 -0.442617 -0.441184 -0.442327 -0.441895 -0.442198 -0.44205 -0.442096 -0.442093 -0.442096 -0.44205 -0.442198 -0.441895 -0.442327 -0.441183 -0.442617 -0.438411 -0.444409 -0.429606 -0.453365 -0.404763 -0.488357 -0.337986 -0.608188 
9.6 -13.8415 0.86196 2 4 8 16 24 28 33 35 37 41 42 43 45 46 47 47 47 46 45 43 42 41 37 35 34 28 24 16 8 4 2 -0.609111 -0.337249 -0.489352 -0.403927 -0.453812 -0.429101 -0.444544 -0.438205 -0.442653 -0.441124 -0.442343 -0.441878 -0.442221 -0.442069 -0.442124 -0.442122 -0.442124 -0.442069 -0.442221 -0.441879 -0.442344 -0.441123 -0.442654 -0.438204 -0.444544 -0.4291 -0.453813 -0.403927 -0.489352 -0.337249 -0.609111 
9.7 -13.842 0.868997 2 4 8 16 25 28 34 36 38 42 43 44 46 47 48 48 48 48 46 44 43 42 38 36 34 29 25 16 8 4 2 -0.609987 -0.336549 -0.490341 -0.403103 -0.45427 -0.42858 -0.44468 -0.437983 -0.442687 -0.441056 -0.442358 -0.441861 -0.442242 -0.442087 -0.442152 -0.44215 -0.442152 -0.442087 -0.442242 -0.441861 -0.442358 -0.441056 -0.442688 -0.437982 -0.44468 -0.42858 -0.454271 -0.403103 -0.49034 -0.336549 -0.609987 
9.8 -13.8424 0.875985 2 4 8 16 25 29 35 38 39 42 43 46 47 48 49 50 49 48 47 46 43 42 39 38 35 29 25 16 8 4 2 -0.610821 -0.335884 -0.491324 -0.402293 -0.454739 -0.428047 -0.444816 -0.437747 -0.44272 -0.440982 -0.442369 -0.441842 -0.442262 -0.442105 -0.44218 -0.442177 -0.44218 -0.442105 -0.442262 -0.441842 -0.44237 -0.440981 -0.442721 -0.437746 -0.444817 -0.428047 -0.45474 -0.402293 -0.491324 -0.335884 -0.610821 
9.9 -13.8428 0.882924 2 4 8 16 25 29 36 38 41 43 45 46 48 49 51 51 51 50 48 46 45 43 41 38 36 29 25 16 8 4 2 -0.611616 -0.335249 -0.492302 -0.401497 -0.455219 -0.427503 -0.444954 -0.437496 -0.44275 -0.4409 -0.442379 -0.441823 -0.442281 -0.442122 -0.442209 -0.442203 -0.442209 -0.442122 -0.442281 -0.441822 -0.442379 -0.440899 -0.442751 -0.437495 -0.444954 -0.427502 -0.455219 -0.401498 -0.492301 -0.335249 -0.611616 
10 -13.8431 0.889812 2 4 8 16 25 30 36 39 42 43 46 48 50 50 52 52 52 50 50 48 46 44 42 39 36 30 25 16 8 4 2 -0.612377 -0.334641 -0.493274 -0.400718 -0.455711 -0.426948 -0.445092 -0.437231 -0.442779 -0.44081 -0.442386 -0.441801 -0.442298 -0.442139 -0.442239 -0.442227 -0.442239 -0.442139 -0.442298 -0.441801 -0.442386 -0.440809 -0.442779 -0.43723 -0.445092 -0.426948 -0.455711 -0.400719 -0.493273 -0.334641 -0.612377 
10.1 -13.8434 0.89665 2 4 8 16 26 31 37 40 43 45 46 48 50 53 54 54 54 53 50 48 46 45 43 40 37 31 26 16 8 4 2 -0.613108 -0.334056 -0.49424 -0.399956 -0.456215 -0.426385 -0.445233 -0.436951 -0.442805 -0.440711 -0.44239 -0.441779 -0.442314 -0.442155 -0.442269 -0.44225 -0.442269 -0.442155 -0.442314 -0.441779 -0.442391 -0.440711 -0.442805 -0.436951 -0.445232 -0.426385 -0.456215 -0.399957 -0.49424 -0.334056 -0.613108 
10.2 -13.8436 0.903436 2 4 8 16 26 31 38 41 43 46 47 50 52 55 56 56 56 55 52 50 47 46 43 41 38 31 26 16 8 4 2 -0.613812 -0.333491 -0.495201 -0.39921 -0.456732 -0.425814 -0.445375 -0.436657 -0.442829 -0.440604 -0.442393 -0.441755 -0.442328 -0.44217 -0.4423 -0.442272 -0.4423 -0.44217 -0.442328 -0.441755 -0.442393 -0.440604 -0.442829 -0.436657 -0.445375 -0.425815 -0.456731 -0.399212 -0.4952 -0.333492 -0.613812 
10.3 -13.8438 0.91017 2 4 8 16 26 32 39 42 45 46 49 51 54 55 57 57 57 55 54 51 49 46 45 42 39 33 26 16 8 4 2 -0.614493 -0.332944 -0.496157 -0.398482 -0.457263 -0.425238 -0.44552 -0.43635 -0.442851 -0.440489 -0.442393 -0.441729 -0.442342 -0.442183 -0.44233 -0.442292 -0.44233 -0.442184 -0.442342 -0.441729 -0.442393 -0.440488 -0.442851 -0.43635 -0.44552 -0.425239 -0.457262 -0.398484 -0.496156 -0.332944 -0.614493 
10.4 -13.844 0.916852 2 4 8 16 26 33 39 43 46 47 50 53 56 57 58 59 58 57 56 53 50 47 46 43 39 33 26 16 8 4 2 -0.615153 -0.332409 -0.497106 -0.397772 -0.457807 -0.424657 -0.445669 -0.436029 -0.442871 -0.440364 -0.442391 -0.441701 -0.442354 -0.442195 -0.442361 -0.44231 -0.442361 -0.442196 -0.442354 -0.441701 -0.442391 -0.440363 -0.442871 -0.43603 -0.445668 -0.424659 -0.457806 -0.397774 -0.497105 -0.332409 -0.615154 
10.5 -13.8441 0.923481 2 4 8 16 27 33 40 43 46 49 51 55 56 59 60 60 60 59 56 55 51 49 46 43 40 33 27 16 8 4 2 -0.615797 -0.331886 -0.49805 -0.397078 -0.458366 -0.424074 -0.445822 -0.435696 -0.442889 -0.440229 -0.442388 -0.441671 -0.442366 -0.442206 -0.442392 -0.442327 -0.442392 -0.442206 -0.442366 -0.44167 -0.442388 -0.440229 -0.442888 -0.435697 -0.44582 -0.424076 -0.458364 -0.39708 -0.498049 -0.331886 -0.615797 
10.6 -13.8443 0.930058 2 4 8 16 27 33 40 43 47 49 54 55 58 60 60 60 60 60 59 55 54 49 48 43 40 33 27 16 8 4 2 -0.616427 -0.33137 -0.498988 -0.396401 -0.458938 -0.42349 -0.445979 -0.435351 -0.442904 -0.440085 -0.442382 -0.441637 -0.442377 -0.442214 -0.442422 -0.442343 -0.442422 -0.442214 -0.442377 -0.441637 -0.442382 -0.440085 -0.442903 -0.435352 -0.445978 -0.423492 -0.458936 -0.396403 -0.498987 -0.33137 -0.616427 
10.7 -13.8444 0.936581 2 4 8 16 27 33 41 44 48 51 54 57 60 60 62 62 62 60 60 57 54 51 48 44 41 33 27 16 8 4 2 -0.617044 -0.330859 -0.49992 -0.395739 -0.459525 -0.422905 -0.446143 -0.434994 -0.442917 -0.439931 -0.442376 -0.4416 -0.442387 -0.442219 -0.442451 -0.442358 -0.442451 -0.442219 -0.442387 -0.4416 -0.442376 -0.439931 -0.442916 -0.434996 -0.446141 -0.422908 -0.459522 -0.395742 -0.499919 -0.330859 -0.617045 
10.8 -13.8445 0.943051 2 4 8 16 27 34 41 46 49 52 55 59 60 62 64 64 64 62 60 59 55 52 49 46 41 34 27 16 8 4 2 -0.617653 -0.330352 -0.500845 -0.395093 -0.460126 -0.422322 -0.446313 -0.434627 -0.442929 -0.439766 -0.442368 -0.441559 -0.442397 -0.442223 -0.44248 -0.442372 -0.44248 -0.442223 -0.442397 -0.441559 -0.442368 -0.439767 -0.442928 -0.434628 -0.446311 -0.422325 -0.460123 -0.395095 -0.500845 -0.330352 -0.617653 
10.9 -13.8446 0.949468 2 4 8 16 27 35 42 46 51 53 58 60 62 64 65 66 65 64 62 60 58 53 51 46 42 35 27 16 8 4 2 -0.618254 -0.329846 -0.501765 -0.394459 -0.460742 -0.421742 -0.446491 -0.434249 -0.442938 -0.439592 -0.442359 -0.441514 -0.442406 -0.442223 -0.442508 -0.442385 -0.442508 -0.442223 -0.442406 -0.441513 -0.442359 -0.439592 -0.442937 -0.434251 -0.446489 -0.421744 -0.460739 -0.394461 -0.501765 -0.329845 -0.618254 
11 -13.8446 0.955833 2 4 8 16 27 35 43 47 51 55 58 61 63 66 67 67 67 66 63 61 58 55 51 47 43 35 27 16 8 4 2 -0.618849 -0.329339 -0.502678 -0.393838 -0.461371 -0.421165 -0.446677 -0.433863 -0.442947 -0.439406 -0.442348 -0.441463 -0.442414 -0.442221 -0.442534 -0.442396 -0.442534 -0.442221 -0.442415 -0.441463 -0.442348 -0.439407 -0.442946 -0.433864 -0.446675 -0.421168 -0.461368 -0.39384 -0.502678 -0.329339 -0.618849 
11.1 -13.8447 0.962144 2 4 8 16 27 35 44 48 52 56 60 62 65 67 68 67 68 67 65 62 60 56 52 48 44 35 27 16 8 4 2 -0.619439 -0.328831 -0.503586 -0.393228 -0.462014 -0.420593 -0.446873 -0.433467 -0.442955 -0.439211 -0.442337 -0.441408 -0.442422 -0.442216 -0.442559 -0.442407 -0.442559 -0.442216 -0.442423 -0.441407 -0.442337 -0.439211 -0.442954 -0.433469 -0.446871 -0.420596 -0.462012 -0.393229 -0.503586 -0.328831 -0.61944 
11.2 -13.8447 0.968403 2 4 8 16 27 35 44 50 54 58 61 63 66 68 69 70 69 68 66 63 61 58 54 50 44 35 27 16 8 4 2 -0.620027 -0.328321 -0.504487 -0.392627 -0.462671 -0.420027 -0.44708 -0.433064 -0.442962 -0.439005 -0.442325 -0.441346 -0.44243 -0.442207 -0.442582 -0.442416 -0.442582 -0.442207 -0.44243 -0.441346 -0.442325 -0.439005 -0.442961 -0.433065 -0.447079 -0.420029 -0.462668 -0.392628 -0.504487 -0.32832 -0.620027 
11.3 -13.8448 0.974609 2 4 8 16 27 35 45 50 55 59 61 65 68 70 70 71 70 70 68 65 61 59 55 50 44 35 27 16 8 4 2 -0.620613 -0.327806 -0.505382 -0.392033 -0.46334 -0.419466 -0.447299 -0.432654 -0.44297 -0.438788 -0.442311 -0.441279 -0.442437 -0.442196 -0.442603 -0.442424 -0.442603 -0.442196 -0.442437 -0.441278 -0.442311 -0.438788 -0.442969 -0.432655 -0.447298 -0.419468 -0.463338 -0.392034 -0.505383 -0.327805 -0.620613 
11.4 -13.8448 0.980763 2 4 8 16 27 35 45 51 55 60 63 66 70 71 71 72 71 71 70 66 63 60 56 51 44 35 27 16 8 4 2 -0.621197 -0.327289 -0.50627 -0.391447 -0.464022 -0.418912 -0.447531 -0.432238 -0.442979 -0.438561 -0.442297 -0.441205 -0.442442 -0.442181 -0.442622 -0.44243 -0.442622 -0.442181 -0.442442 -0.441204 -0.442297 -0.438561 -0.442979 -0.432238 -0.447531 -0.418913 -0.46402 -0.391447 -0.506272 -0.327287 -0.621197 
11.5 -13.8448 0.986866 2 4 8 16 28 35 45 52 57 61 65 67 70 72 74 74 74 72 71 68 65 62 57 53 45 35 28 16 8 4 2 -0.621781 -0.326767 -0.507153 -0.390864 -0.464715 -0.418365 -0.447778 -0.431816 -0.44299 -0.438323 -0.442282 -0.441124 -0.442446 -0.442163 -0.442639 -0.442435 -0.44264 -0.442163 -0.442447 -0.441123 -0.442282 -0.438324 -0.44299 -0.431816 -0.447778 -0.418366 -0.464714 -0.390864 -0.507155 -0.326765 -0.621781 
11.6 -13.8449 0.992918 2 4 8 16 29 36 46 53 59 62 66 70 72 74 75 75 75 74 72 70 67 62 59 53 46 36 29 16 8 4 2 -0.622364 -0.326241 -0.508029 -0.390286 -0.465419 -0.417825 -0.44804 -0.431389 -0.443004 -0.438076 -0.442265 -0.441036 -0.442449 -0.442141 -0.442654 -0.442437 -0.442654 -0.442141 -0.442449 -0.441035 -0.442265 -0.438076 -0.443005 -0.431388 -0.44804 -0.417825 -0.465419 -0.390284 -0.508031 -0.326239 -0.622364 
11.7 -13.8449 0.998919 2 4 8 16 29 36 47 53 59 65 68 72 74 75 76 76 76 75 74 72 68 64 59 53 46 36 29 16 8 4 2 -0.622947 -0.325711 -0.5089 -0.389708 -0.466134 -0.417292 -0.448318 -0.430958 -0.443023 -0.437819 -0.442247 -0.44094 -0.44245 -0.442116 -0.442667 -0.442437 -0.442667 -0.442116 -0.44245 -0.44094 -0.442247 -0.437819 -0.443023 -0.430957 -0.448319 -0.417292 -0.466135 -0.389707 -0.508902 -0.325709 -0.622947 
11.8 -13.8449 1.00487 2 4 8 16 29 36 47 55 60 67 69 74 75 77 77 77 77 77 75 74 68 67 60 55 47 36 29 16 8 4 2 -0.623529 -0.325177 -0.509765 -0.389131 -0.466859 -0.416766 -0.448613 -0.430524 -0.443046 -0.437552 -0.442228 -0.440837 -0.442449 -0.442087 -0.442677 -0.442433 -0.442677 -0.442087 -0.442449 -0.440837 -0.442228 -0.437552 -0.443047 -0.430523 -0.448615 -0.416765 -0.46686 -0.389129 -0.509767 -0.325176 -0.623529 
11.9 -13.8449 1.01077 2 4 8 16 29 36 48 55 61 67 70 74 77 78 79 79 79 78 77 74 70 67 61 55 48 36 29 16 8 4 2 -0.624111 -0.324641 -0.510624 -0.388553 -0.467592 -0.416247 -0.448927 -0.430088 -0.443075 -0.437277 -0.442207 -0.440726 -0.442445 -0.442055 -0.442685 -0.442427 -0.442685 -0.442054 -0.442446 -0.440726 -0.442208 -0.437276 -0.443076 -0.430086 -0.448928 -0.416246 -0.467594 -0.388551 -0.510626 -0.32464 -0.624111 
12 -13.8449 1.01663 2 4 8 16 29 36 48 56 63 68 72 76 78 80 81 81 81 80 78 76 72 68 63 56 48 36 29 16 8 4 2 -0.624693 -0.324102 -0.511477 -0.387973 -0.468333 -0.415734 -0.449259 -0.42965 -0.443112 -0.436993 -0.442185 -0.440608 -0.442439 -0.442018 -0.44269 -0.442416 -0.44269 -0.442018 -0.442439 -0.440608 -0.442186 -0.436992 -0.443113 -0.429648 -0.449261 -0.415732 -0.468336 -0.38797 -0.51148 -0.324101 -0.624693 
12.1 -13.845 1.02244 2 4 8 16 29 36 48 57 64 70 73 77 80 82 83 83 83 82 80 77 73 70 64 57 48 36 29 16 8 4 2 -0.625273 -0.323562 -0.512325 -0.38739 -0.469082 -0.415226 -0.44961 -0.429211 -0.443156 -0.436701 -0.442162 -0.440481 -0.44243 -0.441977 -0.442693 -0.442402 -0.442693 -0.441977 -0.44243 -0.440481 -0.442162 -0.4367 -0.443158 -0.429208 -0.449613 -0.415224 -0.469085 -0.387386 -0.512328 -0.323561 -0.625273 
12.2 -13.845 1.02821 2 4 8 16 29 36 48 58 65 72 75 79 82 83 84 84 84 83 82 79 75 72 65 58 48 36 29 16 8 4 2 -0.625853 -0.32302 -0.513168 -0.386802 -0.469837 -0.414724 -0.449981 -0.428771 -0.44321 -0.436402 -0.442137 -0.440346 -0.442417 -0.441932 -0.442693 -0.442383 -0.442693 -0.441932 -0.442417 -0.440346 -0.442138 -0.436401 -0.443212 -0.428769 -0.449984 -0.414722 -0.46984 -0.386798 -0.51317 -0.32302 -0.625852 
12.3 -13.845 1.03393 2 4 8 16 29 36 48 59 66 72 76 81 83 84 85 86 85 84 84 81 77 72 66 59 48 36 29 16 8 4 2 -0.62643 -0.322479 -0.514006 -0.386208 -0.470598 -0.414226 -0.450372 -0.428333 -0.443275 -0.436096 -0.442111 -0.440202 -0.442401 -0.441882 -0.442691 -0.442359 -0.442691 -0.441881 -0.442401 -0.440202 -0.442111 -0.436095 -0.443277 -0.42833 -0.450375 -0.414224 -0.470601 -0.386205 -0.514008 -0.322479 -0.626429 
12.4 -13.845 1.03961 2 4 8 16 29 36 48 59 66 75 79 82 85 86 88 87 88 86 85 82 79 75 66 59 48 36 29 16 8 4 2 -0.627004 -0.321938 -0.514838 -0.385609 -0.471364 -0.413732 -0.450783 -0.427896 -0.44335 -0.435785 -0.442084 -0.44005 -0.442382 -0.441826 -0.442686 -0.44233 -0.442686 -0.441826 -0.442382 -0.440051 -0.442084 -0.435783 -0.443352 -0.427894 -0.450785 -0.413729 -0.471367 -0.385606 -0.51484 -0.321939 -0.627004 
12.5 -13.845 1.04526 2 4 8 16 29 36 49 59 68 77 80 84 87 88 89 89 89 88 87 83 80 77 67 60 49 37 29 16 8 4 2 -0.627576 -0.321399 -0.515666 -0.385004 -0.472134 -0.413241 -0.451213 -0.427462 -0.443438 -0.435468 -0.442056 -0.43989 -0.442359 -0.441765 -0.442678 -0.442295 -0.442678 -0.441766 -0.442359 -0.43989 -0.442057 -0.435467 -0.44344 -0.427459 -0.451215 -0.413239 -0.472137 -0.385001 -0.515668 -0.3214 -0.627575 
12.6 -13.845 1.05086 2 4 8 16 29 37 49 61 69 77 80 84 88 90 91 90 91 90 88 85 80 77 69 61 49 37 29 16 8 4 2 -0.628143 -0.320862 -0.51649 -0.384392 -0.472908 -0.412752 -0.451662 -0.42703 -0.443539 -0.435147 -0.442028 -0.43972 -0.442332 -0.441699 -0.442667 -0.442254 -0.442667 -0.441699 -0.442332 -0.43972 -0.442028 -0.435146 -0.443541 -0.427028 -0.451664 -0.41275 -0.472911 -0.38439 -0.516491 -0.320863 -0.628143 
12.7 -13.845 1.05644 2 4 8 16 29 37 49 62 70 79 81 86 90 91 92 94 92 91 90 86 81 79 70 62 49 37 29 16 8 4 2 -0.628706 -0.320329 -0.517309 -0.383774 -0.473684 -0.412265 -0.45213 -0.426603 -0.443654 -0.434822 -0.442 -0.439541 -0.442302 -0.441626 -0.442654 -0.442207 -0.442654 -0.441626 -0.442302 -0.439542 -0.442 -0.434821 -0.443655 -0.426601 -0.452131 -0.412263 -0.473686 -0.383772 -0.517309 -0.32033 -0.628706 
12.8 -13.845 1.06199 2 4 8 16 29 37 49 62 70 80 83 87 92 93 95 96 95 93 92 87 84 80 70 62 49 37 29 16 8 4 2 -0.629265 -0.319799 -0.518123 -0.383148 -0.474462 -0.411779 -0.452615 -0.42618 -0.443783 -0.434495 -0.441973 -0.439354 -0.442268 -0.441546 -0.442637 -0.442154 -0.442637 -0.441546 -0.442268 -0.439354 -0.441973 -0.434494 -0.443785 -0.426178 -0.452616 -0.411778 -0.474464 -0.383147 -0.518123 -0.3198 -0.629264 
12.9 -13.845 1.06751 2 4 8 16 29 37 49 62 71 80 85 89 94 96 97 97 97 96 94 89 85 80 71 62 49 37 29 16 8 4 2 -0.629817 -0.319273 -0.518934 -0.382517 -0.475241 -0.411294 -0.453118 -0.425763 -0.443927 -0.434166 -0.441947 -0.439157 -0.442231 -0.441459 -0.442617 -0.442094 -0.442616 -0.441459 -0.442231 -0.439157 -0.441947 -0.434165 -0.443929 -0.425761 -0.453118 -0.411293 -0.475243 -0.382515 -0.518933 -0.319275 -0.629816 
13 -13.845 1.07301 2 4 8 16 29 37 49 63 72 81 86 91 95 97 98 100 98 97 95 91 86 81 72 63 49 37 29 16 8 4 2 -0.630363 -0.318753 -0.51974 -0.381879 -0.47602 -0.410808 -0.453636 -0.425351 -0.444088 -0.433835 -0.441923 -0.438951 -0.44219 -0.441364 -0.442593 -0.442028 -0.442593 -0.441364 -0.44219 -0.438951 -0.441923 -0.433834 -0.444089 -0.42535 -0.453636 -0.410807 -0.476022 -0.381878 -0.519738 -0.318755 -0.630362 
13.1 -13.845 1.07849 2 4 8 16 29 37 50 64 74 82 87 93 96 100 100 102 100 100 96 93 87 82 74 64 49 37 29 16 8 4 2 -0.630902 -0.318238 -0.520541 -0.381235 -0.476799 -0.410321 -0.454169 -0.424946 -0.444264 -0.433504 -0.441902 -0.438736 -0.442146 -0.441261 -0.442565 -0.441954 -0.442565 -0.441261 -0.442146 -0.438736 -0.441902 -0.433503 -0.444265 -0.424946 -0.454169 -0.41032 -0.4768 -0.381235 -0.52054 -0.31824 -0.630901 
13.2 -13.845 1.08396 2 4 8 16 29 37 50 64 75 84 89 95 97 102 103 103 104 101 98 95 89 84 75 64 49 37 29 16 8 4 2 -0.631434 -0.317729 -0.521339 -0.380587 -0.477578 -0.409833 -0.454716 -0.424548 -0.444457 -0.433173 -0.441885 -0.438512 -0.4421 -0.44115 -0.442534 -0.441874 -0.442534 -0.44115 -0.4421 -0.438512 -0.441885 -0.433172 -0.444458 -0.424548 -0.454716 -0.409832 -0.477578 -0.380587 -0.521337 -0.317731 -0.631433 
13.3 -13.845 1.08942 2 4 8 16 29 37 50 65 75 85 90 96 99 103 103 105 104 103 99 96 89 85 75 64 49 37 29 16 8 4 2 -0.631958 -0.317226 -0.522131 -0.379935 -0.478354 -0.409343 -0.455275 -0.424157 -0.444667 -0.432842 -0.441872 -0.438279 -0.44205 -0.441029 -0.442498 -0.441786 -0.442498 -0.441029 -0.44205 -0.438279 -0.441873 -0.432842 -0.444668 -0.424157 -0.455275 -0.409343 -0.478354 -0.379935 -0.522129 -0.317228 -0.631957 
13.4 -13.845 1.09488 2 4 8 16 29 37 50 65 75 86 91 98 101 105 106 108 106 105 101 99 92 86 75 65 49 37 29 16 8 4 2 -0.632473 -0.31673 -0.522919 -0.379279 -0.479128 -0.40885 -0.455846 -0.423773 -0.444894 -0.432513 -0.441865 -0.438038 -0.441998 -0.440899 -0.442458 -0.441691 -0.442458 -0.440899 -0.441998 -0.438037 -0.441866 -0.432513 -0.444895 -0.423773 -0.455846 -0.40885 -0.479128 -0.379281 -0.522917 -0.316732 -0.632472 
13.5 -13.845 1.10034 2 4 8 16 29 37 50 65 75 87 93 100 103 107 108 109 108 107 103 100 93 87 75 65 50 37 29 16 8 4 2 -0.632979 -0.316242 -0.523702 -0.378622 -0.4799 -0.408355 -0.456428 -0.423397 -0.445139 -0.432186 -0.441865 -0.437788 -0.441943 -0.440759 -0.442413 -0.441588 -0.442412 -0.44076 -0.441944 -0.437787 -0.441866 -0.432186 -0.445139 -0.423397 -0.456428 -0.408355 -0.4799 -0.378623 -0.5237 -0.316243 -0.632978 
13.6 -13.845 1.1058 2 4 8 16 29 37 50 65 76 88 95 101 104 108 109 111 109 109 104 102 95 87 76 65 50 37 29 16 8 4 2 -0.633476 -0.315761 -0.524479 -0.377964 -0.480668 -0.407857 -0.457019 -0.423027 -0.445401 -0.431861 -0.441872 -0.437531 -0.441886 -0.44061 -0.442362 -0.441478 -0.442362 -0.44061 -0.441887 -0.43753 -0.441873 -0.43186 -0.445401 -0.423027 -0.457019 -0.407857 -0.480668 -0.377965 -0.524477 -0.315762 -0.633475 
13.7 -13.845 1.11128 2 4 8 16 29 37 50 65 77 89 96 103 106 110 111 112 111 110 105 104 96 88 77 65 50 37 29 16 8 4 2 -0.633963 -0.315287 -0.52525 -0.377306 -0.481433 -0.407356 -0.457618 -0.422663 -0.445681 -0.431539 -0.441888 -0.437266 -0.441827 -0.44045 -0.442307 -0.44136 -0.442307 -0.44045 -0.441828 -0.437265 -0.441889 -0.431538 -0.445681 -0.422663 -0.457618 -0.407355 -0.481433 -0.377308 -0.525248 -0.315288 -0.633963 
13.8 -13.845 1.11677 2 4 8 16 29 37 50 65 77 89 97 105 108 111 112 114 112 111 108 105 97 89 77 65 50 37 29 16 8 4 2 -0.63444 -0.314821 -0.526015 -0.376649 -0.482194 -0.40685 -0.458224 -0.422305 -0.445978 -0.431219 -0.441913 -0.436995 -0.441766 -0.440281 -0.442246 -0.441234 -0.442246 -0.440281 -0.441767 -0.436994 -0.441914 -0.431218 -0.445978 -0.422305 -0.458224 -0.40685 -0.482194 -0.376651 -0.526013 -0.314822 -0.63444 
13.9 -13.845 1.12228 2 4 8 16 29 37 50 65 77 91 98 107 109 113 114 116 114 113 109 107 98 91 77 65 50 37 29 16 8 4 2 -0.634906 -0.314364 -0.526772 -0.375995 -0.482951 -0.406342 -0.458837 -0.421953 -0.446293 -0.430902 -0.441949 -0.436719 -0.441703 -0.440101 -0.442179 -0.441099 -0.442179 -0.4401 -0.441704 -0.436717 -0.44195 -0.430902 -0.446293 -0.421953 -0.458837 -0.406341 -0.48295 -0.375997 -0.52677 -0.314364 -0.634906 
14 -13.845 1.12781 2 4 8 16 29 37 50 65 78 91 100 108 110 115 116 119 116 115 110 108 100 91 78 65 50 37 29 16 8 4 2 -0.635361 -0.313915 -0.527522 -0.375345 -0.483703 -0.405829 -0.459455 -0.421604 -0.446625 -0.430589 -0.441995 -0.436437 -0.441638 -0.43991 -0.442105 -0.440956 -0.442106 -0.43991 -0.441639 -0.436435 -0.441996 -0.430588 -0.446625 -0.421604 -0.459456 -0.405828 -0.483703 -0.375347 -0.52752 -0.313915 -0.635362 
14.1 -13.845 1.13338 2 4 8 16 29 37 50 66 78 92 101 109 112 119 118 120 118 118 112 109 101 92 78 66 50 37 29 16 8 4 2 -0.635806 -0.313476 -0.528263 -0.374701 -0.48445 -0.405312 -0.460079 -0.421259 -0.446975 -0.430279 -0.442053 -0.436151 -0.441573 -0.43971 -0.442026 -0.440803 -0.442026 -0.43971 -0.441574 -0.436149 -0.442055 -0.430278 -0.446975 -0.421259 -0.46008 -0.405311 -0.48445 -0.374702 -0.528262 -0.313475 -0.635806 
14.2 -13.845 1.13898 2 4 8 16 29 37 50 66 78 92 102 110 114 120 121 121 121 120 114 111 102 92 78 66 50 37 29 16 8 4 2 -0.636238 -0.313045 -0.528995 -0.374062 -0.485193 -0.404792 -0.460707 -0.420917 -0.447341 -0.429973 -0.442124 -0.435861 -0.441506 -0.4395 -0.44194 -0.440642 -0.441941 -0.439499 -0.441507 -0.43586 -0.442125 -0.429972 -0.447342 -0.420916 -0.460708 -0.404791 -0.485193 -0.374064 -0.528994 -0.313044 -0.636239 
14.3 -13.845 1.14461 2 4 8 16 29 37 50 66 79 93 103 112 115 122 123 125 122 123 115 112 103 93 79 66 50 37 29 16 8 4 2 -0.63666 -0.312623 -0.529717 -0.37343 -0.485931 -0.404268 -0.461338 -0.420576 -0.447724 -0.42967 -0.442208 -0.435569 -0.441439 -0.439279 -0.441848 -0.44047 -0.441848 -0.439278 -0.44144 -0.435568 -0.442209 -0.429669 -0.447725 -0.420575 -0.46134 -0.404267 -0.485931 -0.373432 -0.529716 -0.312622 -0.63666 
14.4 -13.845 1.15029 2 4 8 16 29 37 50 66 79 94 104 114 116 124 126 127 126 124 116 115 104 94 79 66 50 37 29 16 8 4 2 -0.637069 -0.312212 -0.530428 -0.372807 -0.486664 -0.403741 -0.461973 -0.420235 -0.448123 -0.42937 -0.442305 -0.435276 -0.441371 -0.439049 -0.441749 -0.440288 -0.44175 -0.439048 -0.441372 -0.435274 -0.442306 -0.42937 -0.448123 -0.420234 -0.461974 -0.403739 -0.486663 -0.372809 -0.530428 -0.31221 -0.63707 
14.5 -13.845 1.15601 2 4 8 16 29 37 50 66 79 95 105 116 120 126 129 130 128 126 120 115 105 95 79 66 50 37 29 16 8 4 2 -0.637466 -0.31181 -0.531128 -0.372194 -0.487391 -0.40321 -0.46261 -0.419893 -0.448537 -0.429075 -0.442416 -0.434981 -0.441303 -0.438809 -0.441643 -0.440096 -0.441644 -0.438809 -0.441304 -0.43498 -0.442418 -0.429074 -0.448538 -0.419892 -0.462612 -0.403209 -0.487391 -0.372195 -0.531127 -0.311808 -0.637467 
14.6 -13.845 1.16178 2 4 8 16 29 37 50 66 79 95 107 117 121 128 130 131 130 127 121 117 106 95 79 66 50 37 29 16 8 4 2 -0.63785 -0.311418 -0.531815 -0.37159 -0.488114 -0.402677 -0.46325 -0.41955 -0.448966 -0.428782 -0.442542 -0.434686 -0.441236 -0.43856 -0.441531 -0.439892 -0.441532 -0.43856 -0.441237 -0.434685 -0.442543 -0.428782 -0.448966 -0.419549 -0.463251 -0.402676 -0.488113 -0.371592 -0.531815 -0.311417 -0.637851 
