time energy SvN bondDim localEnergy 
0 -12.7446 0.202436 2 4 8 10 10 10 10 10 10 10 10 10 10 10 10 10 10 10 10 10 10 10 10 10 10 10 10 10 8 4 2 -0.491962 -0.377379 -0.414356 -0.403269 -0.406936 -0.405826 -0.406229 -0.406176 -0.406326 -0.406511 -0.40685 -0.407394 -0.408209 -0.409255 -0.410257 -0.410691 -0.410257 -0.409255 -0.408209 -0.407394 -0.40685 -0.406511 -0.406326 -0.406176 -0.406229 -0.405826 -0.406936 -0.403269 -0.414356 -0.377379 -0.491962 
0.1 -12.7446 0.202468 2 4 8 10 10 10 10 10 10 10 10 10 10 10 10 10 10 10 10 10 10 10 10 10 10 10 10 10 8 4 2 -0.491962 -0.377379 -0.414356 -0.403269 -0.406936 -0.405826 -0.40623 -0.406177 -0.406327 -0.406512 -0.406852 -0.407397 -0.408214 -0.409263 -0.410266 -0.410702 -0.410266 -0.409263 -0.408214 -0.407397 -0.406852 -0.406512 -0.406327 -0.406177 -0.40623 -0.405826 -0.406936 -0.403269 -0.414356 -0.377379 -0.491962 
0.2 -12.7449 0.202596 2 4 8 10 10 10 10 10 10 10 10 10 10 10 10 10 10 10 10 10 10 10 10 10 10 10 10 10 8 4 2 -0.491962 -0.377379 -0.414356 -0.403269 -0.406936 -0.405827 -0.40623 -0.406178 -0.406329 -0.406517 -0.406861 -0.407411 -0.408236 -0.409293 -0.410305 -0.410743 -0.410305 -0.409293 -0.408236 -0.407411 -0.406861 -0.406517 -0.406329 -0.406178 -0.40623 -0.405827 -0.406936 -0.403269 -0.414356 -0.377379 -0.491962 
0.3 -12.7456 0.202886 2 4 8 10 10 10 10 10 10 10 10 10 10 10 10 10 10 10 10 10 10 10 10 10 10 10 10 10 8 4 2 -0.491962 -0.377379 -0.414356 -0.403269 -0.406937 -0.405828 -0.406232 -0.406182 -0.406335 -0.406528 -0.406879 -0.407442 -0.408284 -0.409362 -0.41039 -0.410835 -0.41039 -0.409362 -0.408284 -0.407442 -0.406879 -0.406528 -0.406335 -0.406182 -0.406232 -0.405828 -0.406937 -0.403269 -0.414356 -0.377379 -0.491962 
0.4 -12.7467 0.2034 2 4 8 10 10 10 10 10 10 10 10 10 10 10 10 10 10 10 10 10 10 10 10 10 10 10 10 10 8 4 2 -0.491962 -0.37738 -0.414356 -0.40327 -0.406938 -0.405829 -0.406236 -0.406188 -0.406346 -0.406547 -0.406912 -0.407497 -0.408368 -0.409481 -0.410538 -0.410996 -0.410538 -0.409481 -0.408368 -0.407497 -0.406912 -0.406547 -0.406346 -0.406188 -0.406236 -0.405829 -0.406938 -0.40327 -0.414356 -0.37738 -0.491962 
0.5 -12.7484 0.204195 2 4 8 10 10 10 10 10 10 10 10 10 10 10 10 10 10 10 10 10 10 10 10 10 10 10 10 10 8 4 2 -0.491962 -0.37738 -0.414357 -0.40327 -0.406939 -0.405832 -0.406241 -0.406197 -0.406363 -0.406576 -0.406963 -0.407581 -0.408498 -0.409663 -0.410765 -0.411239 -0.410765 -0.409663 -0.408498 -0.407581 -0.406963 -0.406576 -0.406363 -0.406197 -0.406241 -0.405832 -0.406939 -0.40327 -0.414357 -0.37738 -0.491962 
0.6 -12.7508 0.205321 2 4 8 10 10 10 10 10 10 10 10 10 10 10 10 10 10 10 10 10 10 10 10 10 10 10 10 10 8 4 2 -0.491962 -0.37738 -0.414358 -0.403272 -0.406942 -0.405836 -0.406248 -0.40621 -0.406387 -0.406618 -0.407035 -0.4077 -0.40868 -0.409917 -0.411079 -0.411577 -0.411079 -0.409917 -0.40868 -0.4077 -0.407035 -0.406618 -0.406387 -0.40621 -0.406248 -0.405836 -0.406942 -0.403272 -0.414358 -0.37738 -0.491962 
0.7 -12.754 0.206818 2 4 8 10 10 10 10 10 10 10 10 10 10 10 10 10 10 10 10 10 10 10 10 10 10 10 10 10 8 4 2 -0.491963 -0.37738 -0.414358 -0.403273 -0.406945 -0.405841 -0.406258 -0.406228 -0.406418 -0.406674 -0.407131 -0.407857 -0.40892 -0.41025 -0.411488 -0.412017 -0.411488 -0.41025 -0.40892 -0.407857 -0.407131 -0.406674 -0.406418 -0.406228 -0.406258 -0.405841 -0.406945 -0.403273 -0.414358 -0.37738 -0.491963 
0.8 -12.7579 0.208716 2 4 8 10 10 10 10 10 10 10 10 10 10 10 10 10 10 10 10 10 10 10 10 10 10 10 10 10 8 4 2 -0.491963 -0.377381 -0.41436 -0.403275 -0.406948 -0.405848 -0.40627 -0.40625 -0.406459 -0.406745 -0.407253 -0.408054 -0.409221 -0.410665 -0.411996 -0.412561 -0.411996 -0.410665 -0.409221 -0.408054 -0.407253 -0.406745 -0.406459 -0.40625 -0.40627 -0.405848 -0.406948 -0.403275 -0.41436 -0.377381 -0.491963 
0.9 -12.7627 0.211032 2 4 8 10 10 10 10 10 10 10 10 10 10 10 10 10 10 10 10 10 10 10 10 10 10 10 10 10 8 4 2 -0.491964 -0.377381 -0.414361 -0.403277 -0.406953 -0.405856 -0.406285 -0.406278 -0.406508 -0.406832 -0.4074 -0.408294 -0.409583 -0.411162 -0.412602 -0.413209 -0.412602 -0.411162 -0.409583 -0.408294 -0.4074 -0.406832 -0.406508 -0.406278 -0.406285 -0.405856 -0.406953 -0.403277 -0.414361 -0.377381 -0.491964 
1 -12.7682 0.213775 2 4 8 10 10 10 10 10 10 10 10 10 10 10 10 10 10 10 10 10 10 10 10 10 10 10 10 10 8 4 2 -0.491964 -0.377382 -0.414363 -0.40328 -0.406958 -0.405866 -0.406303 -0.40631 -0.406566 -0.406935 -0.407575 -0.408576 -0.410007 -0.411739 -0.413303 -0.413957 -0.413303 -0.411739 -0.410007 -0.408576 -0.407575 -0.406935 -0.406566 -0.40631 -0.406303 -0.405866 -0.406958 -0.40328 -0.414363 -0.377382 -0.491964 
1.1 -12.7745 0.216941 2 4 8 10 10 10 10 10 10 10 10 10 10 10 10 10 10 10 10 10 10 10 10 10 10 10 10 10 8 4 2 -0.491965 -0.377383 -0.414364 -0.403283 -0.406964 -0.405877 -0.406324 -0.406348 -0.406634 -0.407054 -0.407776 -0.4089 -0.410489 -0.412392 -0.414091 -0.414798 -0.414091 -0.412392 -0.410489 -0.4089 -0.407776 -0.407054 -0.406634 -0.406348 -0.406324 -0.405877 -0.406964 -0.403283 -0.414364 -0.377383 -0.491965 
1.2 -12.7815 0.220518 2 4 8 10 10 10 10 10 10 10 10 10 10 10 10 10 10 10 10 10 10 10 10 10 10 10 10 10 8 4 2 -0.491966 -0.377384 -0.414367 -0.403287 -0.406971 -0.40589 -0.406348 -0.406391 -0.406712 -0.407189 -0.408004 -0.409263 -0.411027 -0.413115 -0.414958 -0.41572 -0.414958 -0.413115 -0.411027 -0.409263 -0.408004 -0.407189 -0.406712 -0.406391 -0.406348 -0.40589 -0.406971 -0.403287 -0.414367 -0.377384 -0.491966 
1.3 -12.7891 0.224485 2 4 8 10 10 10 10 10 10 10 10 10 10 10 10 10 10 10 10 10 10 10 10 10 10 10 10 10 8 4 2 -0.491968 -0.377384 -0.414369 -0.403291 -0.406979 -0.405905 -0.406375 -0.40644 -0.406799 -0.40734 -0.408257 -0.409664 -0.411616 -0.4139 -0.415894 -0.416713 -0.415894 -0.4139 -0.411616 -0.409664 -0.408257 -0.40734 -0.406799 -0.40644 -0.406375 -0.405905 -0.406979 -0.403291 -0.414369 -0.377384 -0.491968 
1.4 -12.7972 0.228819 2 4 8 10 10 10 10 10 10 10 10 10 10 10 10 10 10 10 10 10 10 10 10 10 10 10 10 10 8 4 2 -0.491969 -0.377385 -0.414372 -0.403296 -0.406988 -0.405921 -0.406404 -0.406494 -0.406894 -0.407506 -0.408534 -0.410101 -0.412251 -0.414738 -0.416887 -0.417764 -0.416887 -0.414738 -0.412251 -0.410101 -0.408535 -0.407506 -0.406894 -0.406494 -0.406404 -0.405921 -0.406988 -0.403296 -0.414372 -0.377385 -0.491969 
1.5 -12.8059 0.233487 2 4 8 10 10 10 10 10 10 10 10 10 10 10 10 10 10 10 10 10 10 10 10 10 10 10 10 10 8 4 2 -0.491971 -0.377386 -0.414375 -0.403301 -0.406998 -0.405939 -0.406437 -0.406553 -0.406999 -0.407687 -0.408835 -0.41057 -0.412926 -0.415621 -0.417925 -0.41886 -0.417925 -0.415621 -0.412926 -0.41057 -0.408835 -0.407687 -0.406999 -0.406553 -0.406437 -0.405939 -0.406998 -0.403301 -0.414375 -0.377386 -0.491971 
1.6 -12.815 0.23846 2 4 8 10 10 10 10 10 10 10 10 10 10 10 10 10 10 10 10 10 10 10 10 10 10 10 10 10 8 4 2 -0.491973 -0.377387 -0.414379 -0.403306 -0.407009 -0.405958 -0.406473 -0.406617 -0.407113 -0.407884 -0.409158 -0.411068 -0.413637 -0.41654 -0.418997 -0.419988 -0.418997 -0.41654 -0.413637 -0.411068 -0.409158 -0.407884 -0.407113 -0.406617 -0.406473 -0.405958 -0.407009 -0.403306 -0.414379 -0.377387 -0.491973 
1.7 -12.8244 0.243705 2 4 8 10 10 10 10 10 10 10 10 10 10 10 10 10 10 10 10 10 10 10 10 10 10 10 10 10 8 4 2 -0.491975 -0.377388 -0.414383 -0.403312 -0.407021 -0.40598 -0.406512 -0.406687 -0.407237 -0.408094 -0.409502 -0.411595 -0.414378 -0.417486 -0.420092 -0.421136 -0.420092 -0.417486 -0.414378 -0.411595 -0.409502 -0.408094 -0.407237 -0.406687 -0.406512 -0.40598 -0.407021 -0.403312 -0.414383 -0.377388 -0.491975 
1.8 -12.8341 0.249189 2 4 8 10 10 10 10 10 10 10 10 10 10 10 10 10 10 10 10 10 10 10 10 10 10 10 10 10 8 4 2 -0.491978 -0.377389 -0.414387 -0.403319 -0.407033 -0.406002 -0.406554 -0.406762 -0.407369 -0.408319 -0.409867 -0.412147 -0.415144 -0.418453 -0.421199 -0.422293 -0.421199 -0.418453 -0.415144 -0.412147 -0.409867 -0.408319 -0.407369 -0.406762 -0.406554 -0.406002 -0.407033 -0.403319 -0.414387 -0.377389 -0.491978 
1.9 -12.8441 0.254883 2 4 8 10 10 10 10 10 10 10 10 10 9 10 10 10 10 10 9 10 10 10 10 10 10 10 10 10 8 4 2 -0.491981 -0.377389 -0.414392 -0.403325 -0.407047 -0.406027 -0.406599 -0.406843 -0.407511 -0.40856 -0.410252 -0.412724 -0.415934 -0.419434 -0.422309 -0.423449 -0.422309 -0.419434 -0.415934 -0.412724 -0.410252 -0.40856 -0.407511 -0.406843 -0.406599 -0.406027 -0.407047 -0.403325 -0.414392 -0.377389 -0.491981 
2 -12.8543 0.260759 2 4 8 10 10 10 10 10 10 10 10 10 9 10 10 10 10 10 9 10 10 10 10 10 10 10 10 10 8 4 2 -0.491984 -0.37739 -0.414397 -0.403333 -0.407062 -0.406054 -0.406648 -0.40693 -0.407663 -0.408815 -0.410659 -0.413324 -0.416742 -0.420422 -0.423415 -0.424594 -0.423415 -0.420422 -0.416742 -0.413324 -0.410659 -0.408815 -0.407663 -0.40693 -0.406648 -0.406054 -0.407062 -0.403333 -0.414397 -0.37739 -0.491984 
2.1 -12.8646 0.266792 2 4 8 10 10 10 10 10 10 10 10 10 9 10 10 10 10 10 9 10 10 10 10 10 10 10 10 10 8 4 2 -0.491988 -0.377391 -0.414403 -0.403341 -0.407078 -0.406083 -0.406701 -0.407024 -0.407827 -0.409088 -0.411088 -0.413947 -0.417567 -0.421414 -0.424509 -0.425721 -0.424509 -0.421414 -0.417567 -0.413947 -0.411088 -0.409088 -0.407827 -0.407024 -0.406701 -0.406083 -0.407078 -0.403341 -0.414403 -0.377391 -0.491988 
2.2 -12.8751 0.272961 2 4 8 10 10 10 10 10 10 10 10 10 9 10 10 10 10 10 9 10 10 10 10 10 10 10 10 10 8 4 2 -0.491992 -0.377392 -0.414409 -0.403349 -0.407096 -0.406114 -0.406758 -0.407125 -0.408001 -0.409377 -0.411538 -0.414592 -0.418406 -0.422404 -0.425586 -0.426824 -0.425586 -0.422404 -0.418406 -0.414592 -0.411538 -0.409377 -0.408001 -0.407125 -0.406758 -0.406114 -0.407096 -0.403349 -0.414409 -0.377392 -0.491992 
2.3 -12.8857 0.279246 2 4 8 10 10 10 10 10 10 10 10 10 9 10 10 10 10 10 9 10 10 10 10 10 10 10 10 10 8 4 2 -0.491997 -0.377392 -0.414416 -0.403358 -0.407115 -0.406147 -0.406819 -0.407234 -0.408189 -0.409686 -0.412013 -0.415261 -0.419258 -0.42339 -0.42664 -0.427898 -0.42664 -0.42339 -0.419258 -0.415261 -0.412013 -0.409686 -0.408189 -0.407234 -0.406819 -0.406147 -0.407115 -0.403358 -0.414416 -0.377393 -0.491997 
2.4 -12.8965 0.285633 2 4 8 10 10 10 10 10 10 10 10 10 9 10 10 10 10 10 9 10 10 10 10 10 10 10 10 10 8 4 2 -0.492002 -0.377393 -0.414424 -0.403368 -0.407136 -0.406184 -0.406886 -0.407352 -0.408391 -0.410014 -0.412512 -0.415952 -0.420122 -0.424368 -0.427668 -0.428937 -0.427668 -0.424368 -0.420122 -0.415952 -0.412512 -0.410014 -0.408391 -0.407352 -0.406886 -0.406184 -0.407136 -0.403368 -0.414424 -0.377393 -0.492002 
2.5 -12.9074 0.292107 2 4 8 10 10 10 10 10 10 10 10 10 9 10 10 10 10 10 9 10 10 10 10 10 10 10 10 10 8 4 2 -0.492008 -0.377394 -0.414432 -0.403379 -0.407159 -0.406224 -0.406959 -0.40748 -0.408608 -0.410365 -0.413037 -0.416666 -0.420995 -0.425335 -0.428666 -0.429938 -0.428666 -0.425335 -0.420995 -0.416666 -0.413037 -0.410365 -0.408608 -0.40748 -0.406959 -0.406224 -0.407159 -0.403379 -0.414432 -0.377394 -0.492008 
2.6 -12.9183 0.298657 2 4 8 10 10 10 10 10 10 10 10 10 9 10 10 10 10 10 9 10 10 10 10 10 10 10 10 10 8 4 2 -0.492014 -0.377395 -0.414441 -0.403391 -0.407184 -0.406267 -0.407038 -0.407618 -0.408843 -0.410739 -0.413589 -0.417403 -0.421876 -0.426289 -0.429632 -0.430898 -0.429632 -0.426289 -0.421876 -0.417403 -0.413589 -0.410739 -0.408843 -0.407618 -0.407038 -0.406267 -0.407184 -0.403391 -0.414441 -0.377395 -0.492014 
2.7 -12.9294 0.305275 2 4 8 10 10 10 10 10 10 10 10 10 10 10 10 10 10 10 10 10 10 10 10 10 10 10 10 10 8 4 2 -0.49202 -0.377396 -0.414451 -0.403404 -0.407211 -0.406315 -0.407125 -0.407768 -0.409096 -0.411139 -0.41417 -0.418163 -0.422764 -0.427227 -0.430562 -0.431815 -0.430562 -0.427227 -0.422764 -0.418163 -0.41417 -0.411139 -0.409096 -0.407768 -0.407125 -0.406315 -0.407211 -0.403404 -0.414451 -0.377396 -0.49202 
2.8 -12.9407 0.311952 2 4 8 10 10 10 10 10 10 10 10 10 10 10 10 10 10 10 10 10 10 10 10 10 10 10 10 10 8 4 2 -0.492028 -0.377397 -0.414463 -0.403418 -0.407241 -0.406367 -0.407219 -0.407932 -0.409369 -0.411566 -0.41478 -0.418944 -0.423656 -0.428147 -0.431455 -0.432687 -0.431455 -0.428147 -0.423656 -0.418945 -0.41478 -0.411566 -0.409369 -0.407932 -0.407219 -0.406367 -0.407241 -0.403418 -0.414463 -0.377397 -0.492028 
2.9 -12.952 0.318682 2 4 8 10 10 10 10 10 10 10 10 10 10 10 10 10 10 10 10 10 10 10 10 10 10 10 10 10 8 4 2 -0.492036 -0.377398 -0.414475 -0.403434 -0.407274 -0.406424 -0.407322 -0.40811 -0.409664 -0.412021 -0.415421 -0.419747 -0.424551 -0.429047 -0.432309 -0.433513 -0.432309 -0.429047 -0.424551 -0.419747 -0.415421 -0.412021 -0.409664 -0.40811 -0.407322 -0.406424 -0.407274 -0.403434 -0.414475 -0.377398 -0.492036 
3 -12.9634 0.325459 2 4 8 10 10 10 10 10 10 10 10 10 10 10 10 10 10 10 10 10 10 10 10 10 10 10 10 10 8 4 2 -0.492044 -0.3774 -0.414488 -0.403451 -0.40731 -0.406487 -0.407436 -0.408304 -0.409983 -0.412507 -0.416091 -0.420569 -0.425445 -0.429924 -0.433122 -0.434291 -0.433122 -0.429924 -0.425445 -0.420569 -0.416091 -0.412507 -0.409983 -0.408304 -0.407436 -0.406487 -0.40731 -0.403451 -0.414488 -0.3774 -0.492044 
3.1 -12.975 0.332279 2 4 8 10 10 10 10 10 10 10 10 10 10 10 10 10 10 10 10 10 10 10 10 10 10 10 10 10 8 4 2 -0.492054 -0.377402 -0.414503 -0.40347 -0.40735 -0.406556 -0.40756 -0.408516 -0.410327 -0.413024 -0.416792 -0.421408 -0.426336 -0.430776 -0.433894 -0.435021 -0.433894 -0.430776 -0.426336 -0.421408 -0.416792 -0.413024 -0.410327 -0.408516 -0.40756 -0.406556 -0.40735 -0.40347 -0.414503 -0.377402 -0.492054 
3.2 -12.9866 0.339137 2 4 8 10 10 10 10 10 10 10 10 10 10 10 10 10 10 10 10 10 10 10 10 10 10 10 10 10 8 4 2 -0.492064 -0.377404 -0.414519 -0.403491 -0.407394 -0.406632 -0.407696 -0.408747 -0.410699 -0.413574 -0.417521 -0.422262 -0.427221 -0.431601 -0.434624 -0.435703 -0.434624 -0.431601 -0.427221 -0.422262 -0.417521 -0.413574 -0.410699 -0.408747 -0.407696 -0.406632 -0.407394 -0.403491 -0.414519 -0.377404 -0.492064 
3.3 -12.9983 0.346029 2 4 8 10 10 10 10 10 10 10 10 10 10 10 10 10 10 10 10 10 10 10 10 10 10 10 10 10 8 4 2 -0.492075 -0.377407 -0.414536 -0.403515 -0.407442 -0.406716 -0.407845 -0.408998 -0.4111 -0.414157 -0.418279 -0.423128 -0.428096 -0.432396 -0.435311 -0.436337 -0.435311 -0.432396 -0.428096 -0.423128 -0.418279 -0.414157 -0.4111 -0.408998 -0.407845 -0.406716 -0.407442 -0.403515 -0.414536 -0.377407 -0.492075 
3.4 -13.0102 0.352953 2 4 8 10 10 10 10 10 10 10 10 10 10 10 10 10 10 10 10 10 10 10 10 10 10 10 10 10 8 4 2 -0.492087 -0.377409 -0.414556 -0.403541 -0.407496 -0.406808 -0.408009 -0.409272 -0.411531 -0.414774 -0.419062 -0.424002 -0.428958 -0.433161 -0.435955 -0.436925 -0.435955 -0.433161 -0.428958 -0.424002 -0.419062 -0.414774 -0.411531 -0.409272 -0.408009 -0.406808 -0.407496 -0.403541 -0.414556 -0.377409 -0.492087 
3.5 -13.0221 0.359904 2 4 8 10 10 10 10 10 10 10 10 10 10 10 10 10 10 10 10 10 10 10 10 10 10 10 10 10 8 4 2 -0.4921 -0.377413 -0.414577 -0.403569 -0.407555 -0.40691 -0.408189 -0.40957 -0.411993 -0.415424 -0.41987 -0.424881 -0.429805 -0.433894 -0.436557 -0.437467 -0.436557 -0.433894 -0.429805 -0.424881 -0.41987 -0.415424 -0.411993 -0.40957 -0.408189 -0.40691 -0.407555 -0.403569 -0.414577 -0.377413 -0.4921 
3.6 -13.0341 0.366879 2 4 8 10 10 10 10 10 10 10 10 10 10 10 10 10 10 10 10 10 10 10 10 10 10 10 10 10 8 4 2 -0.492115 -0.377417 -0.4146 -0.403601 -0.40762 -0.407022 -0.408386 -0.409893 -0.412488 -0.416106 -0.420698 -0.425762 -0.430632 -0.434593 -0.437116 -0.437965 -0.437116 -0.434593 -0.430632 -0.425762 -0.420698 -0.416106 -0.412488 -0.409893 -0.408386 -0.407022 -0.40762 -0.403601 -0.4146 -0.377417 -0.492115 
3.7 -13.0461 0.373877 2 4 8 10 10 10 10 10 10 10 10 10 10 10 10 10 10 10 10 10 10 10 10 10 10 10 10 10 8 4 2 -0.492131 -0.377421 -0.414626 -0.403637 -0.407692 -0.407146 -0.408601 -0.410243 -0.413017 -0.41682 -0.421545 -0.426641 -0.431437 -0.435257 -0.437635 -0.43842 -0.437635 -0.435257 -0.431437 -0.426641 -0.421545 -0.41682 -0.413017 -0.410243 -0.408601 -0.407146 -0.407692 -0.403637 -0.414626 -0.377421 -0.49213 
3.8 -13.0582 0.380894 2 4 8 10 10 10 10 10 10 10 10 10 10 10 10 10 10 10 10 10 10 10 10 10 10 10 10 10 8 4 2 -0.492148 -0.377427 -0.414654 -0.403677 -0.407771 -0.407282 -0.408836 -0.410622 -0.41358 -0.417564 -0.422406 -0.427513 -0.432218 -0.435887 -0.438115 -0.438835 -0.438115 -0.435887 -0.432218 -0.427513 -0.422406 -0.417564 -0.41358 -0.410622 -0.408836 -0.407282 -0.407771 -0.403677 -0.414654 -0.377427 -0.492148 
3.9 -13.0704 0.387927 2 4 8 10 10 10 10 10 10 10 10 10 10 10 10 10 10 10 10 10 10 10 10 10 10 10 10 10 8 4 2 -0.492167 -0.377432 -0.414686 -0.40372 -0.407858 -0.407431 -0.409093 -0.41103 -0.414176 -0.418336 -0.423277 -0.428376 -0.432971 -0.436481 -0.438556 -0.439212 -0.438556 -0.436481 -0.432971 -0.428376 -0.423277 -0.418336 -0.414176 -0.41103 -0.409093 -0.407431 -0.407858 -0.40372 -0.414686 -0.377432 -0.492167 
4 -13.0826 0.394974 2 4 8 10 10 10 10 10 10 10 10 10 10 10 10 10 10 10 10 10 10 10 10 10 10 10 10 10 8 4 2 -0.492188 -0.377439 -0.41472 -0.403769 -0.407954 -0.407595 -0.409372 -0.411469 -0.414806 -0.419133 -0.424155 -0.429225 -0.433696 -0.43704 -0.43896 -0.439554 -0.43896 -0.43704 -0.433696 -0.429225 -0.424155 -0.419133 -0.414806 -0.411469 -0.409372 -0.407595 -0.407954 -0.403769 -0.41472 -0.377439 -0.492188 
4.1 -13.0948 0.402032 2 4 8 10 10 10 10 10 10 10 10 10 10 10 10 10 10 10 10 10 10 10 10 10 10 10 10 10 8 4 2 -0.492211 -0.377446 -0.414758 -0.403822 -0.40806 -0.407775 -0.409676 -0.41194 -0.415469 -0.419953 -0.425036 -0.430057 -0.43439 -0.437564 -0.43933 -0.439862 -0.43933 -0.437564 -0.43439 -0.430057 -0.425036 -0.419953 -0.415469 -0.41194 -0.409676 -0.407775 -0.40806 -0.403822 -0.414758 -0.377446 -0.492211 
4.2 -13.1071 0.4091 2 4 8 10 10 10 10 10 10 10 10 10 10 10 10 10 10 10 10 10 10 10 10 10 10 10 10 10 8 4 2 -0.492237 -0.377454 -0.4148 -0.403882 -0.408177 -0.407971 -0.410005 -0.412443 -0.416163 -0.420791 -0.425915 -0.430869 -0.435053 -0.438052 -0.439667 -0.44014 -0.439667 -0.438052 -0.435053 -0.430869 -0.425915 -0.420791 -0.416163 -0.412443 -0.410005 -0.407971 -0.408177 -0.403882 -0.4148 -0.377454 -0.492237 
4.3 -13.1194 0.416174 2 4 8 10 10 10 10 10 10 10 10 10 10 10 10 10 10 10 10 10 10 10 10 10 10 10 10 10 8 4 2 -0.492265 -0.377463 -0.414846 -0.403947 -0.408305 -0.408186 -0.41036 -0.412979 -0.416888 -0.421644 -0.426788 -0.431659 -0.435683 -0.438507 -0.439974 -0.44039 -0.439974 -0.438507 -0.435683 -0.431659 -0.426788 -0.421644 -0.416888 -0.412979 -0.41036 -0.408186 -0.408305 -0.403947 -0.414846 -0.377463 -0.492265 
4.4 -13.1317 0.423252 2 4 8 10 10 10 10 10 10 10 10 10 10 10 10 10 10 10 10 10 10 10 10 10 10 10 10 10 8 4 2 -0.492296 -0.377473 -0.414897 -0.404019 -0.408445 -0.40842 -0.410744 -0.413547 -0.41764 -0.422509 -0.427651 -0.432423 -0.436281 -0.438929 -0.440252 -0.440615 -0.440252 -0.438929 -0.436281 -0.432423 -0.427651 -0.422509 -0.41764 -0.413547 -0.410744 -0.40842 -0.408445 -0.404019 -0.414897 -0.377473 -0.492296 
4.5 -13.144 0.430332 2 4 8 10 10 10 10 10 10 10 10 10 10 10 10 10 10 10 10 10 10 10 10 10 10 10 10 10 8 4 2 -0.492331 -0.377484 -0.414953 -0.404098 -0.408599 -0.408675 -0.411156 -0.414148 -0.418418 -0.42338 -0.428501 -0.43316 -0.436846 -0.439318 -0.440504 -0.440818 -0.440504 -0.439318 -0.436846 -0.43316 -0.428501 -0.42338 -0.418418 -0.414148 -0.411156 -0.408675 -0.408599 -0.404098 -0.414953 -0.377484 -0.492331 
4.6 -13.1562 0.437412 2 4 8 10 10 10 10 10 10 10 10 10 10 10 10 10 10 10 10 10 10 10 10 10 10 10 10 10 8 4 2 -0.492369 -0.377496 -0.415015 -0.404185 -0.408767 -0.408951 -0.411599 -0.41478 -0.419218 -0.424253 -0.429335 -0.433867 -0.437378 -0.439676 -0.440732 -0.441001 -0.440732 -0.439676 -0.437378 -0.433867 -0.429335 -0.424253 -0.419218 -0.41478 -0.411599 -0.408951 -0.408768 -0.404185 -0.415015 -0.377496 -0.492369 
4.7 -13.1685 0.444488 2 4 8 10 10 10 10 10 10 10 10 10 10 10 10 10 10 10 10 10 10 10 10 10 10 10 10 10 8 4 2 -0.492412 -0.377509 -0.415084 -0.40428 -0.408952 -0.409251 -0.412072 -0.415444 -0.420036 -0.425125 -0.430149 -0.434545 -0.437877 -0.440004 -0.440937 -0.441166 -0.440937 -0.440004 -0.437877 -0.434545 -0.430149 -0.425125 -0.420036 -0.415444 -0.412072 -0.409251 -0.408952 -0.40428 -0.415084 -0.377509 -0.492412 
4.8 -13.1808 0.451559 2 4 8 10 10 10 10 10 10 10 10 10 11 10 11 11 11 10 11 10 10 10 10 10 10 10 10 10 8 4 2 -0.492459 -0.377523 -0.41516 -0.404385 -0.409153 -0.409575 -0.412576 -0.416137 -0.420871 -0.425991 -0.43094 -0.435191 -0.438345 -0.440303 -0.441123 -0.441315 -0.441123 -0.440303 -0.438345 -0.435191 -0.43094 -0.425991 -0.420871 -0.416137 -0.412576 -0.409575 -0.409153 -0.404385 -0.41516 -0.377523 -0.492459 
4.9 -13.193 0.458623 2 4 8 10 10 10 10 10 10 10 10 10 11 10 11 11 11 10 11 10 10 10 10 10 10 10 10 10 8 4 2 -0.492511 -0.377538 -0.415243 -0.4045 -0.409372 -0.409924 -0.413112 -0.416857 -0.421717 -0.426847 -0.431708 -0.435805 -0.438782 -0.440575 -0.441291 -0.441451 -0.441291 -0.440575 -0.438782 -0.435805 -0.431708 -0.426847 -0.421717 -0.416857 -0.413112 -0.409924 -0.409372 -0.4045 -0.415243 -0.377538 -0.492511 
5 -13.2052 0.465676 2 4 8 10 10 10 10 10 10 10 10 10 11 10 11 11 11 10 11 10 10 10 10 10 10 10 10 10 8 4 2 -0.492569 -0.377555 -0.415336 -0.404625 -0.409611 -0.4103 -0.413679 -0.417603 -0.422571 -0.427689 -0.432449 -0.436388 -0.439189 -0.440821 -0.441443 -0.441576 -0.441443 -0.440821 -0.439189 -0.436388 -0.432449 -0.427689 -0.422571 -0.417603 -0.413679 -0.4103 -0.409611 -0.404625 -0.415336 -0.377555 -0.492569 
5.1 -13.2174 0.472715 2 4 8 10 10 10 10 10 10 10 10 10 11 11 11 11 11 11 11 10 10 10 10 10 10 10 10 10 8 4 2 -0.492633 -0.377573 -0.415438 -0.404762 -0.40987 -0.410704 -0.414277 -0.418371 -0.423428 -0.428515 -0.433162 -0.436938 -0.439567 -0.441042 -0.441581 -0.44169 -0.441581 -0.441042 -0.439567 -0.436938 -0.433162 -0.428515 -0.423428 -0.418371 -0.414277 -0.410704 -0.40987 -0.404762 -0.415438 -0.377573 -0.492633 
5.2 -13.2296 0.479739 2 4 8 10 10 10 10 10 10 10 10 10 11 11 12 12 12 11 11 10 10 10 10 10 10 10 10 10 8 4 2 -0.492704 -0.377592 -0.41555 -0.404911 -0.410152 -0.411136 -0.414906 -0.41916 -0.424285 -0.429321 -0.433847 -0.437456 -0.439916 -0.441241 -0.441705 -0.441797 -0.441705 -0.441241 -0.439916 -0.437456 -0.433847 -0.429321 -0.424285 -0.41916 -0.414906 -0.411136 -0.410152 -0.404911 -0.41555 -0.377592 -0.492704 
5.3 -13.2417 0.486744 2 4 8 10 10 10 10 10 10 10 10 10 12 11 12 12 12 11 12 10 10 10 10 10 10 10 10 10 8 4 2 -0.492783 -0.377613 -0.415673 -0.405074 -0.410457 -0.411597 -0.415565 -0.419966 -0.425138 -0.430106 -0.434503 -0.437943 -0.440239 -0.441418 -0.441819 -0.441896 -0.441819 -0.441418 -0.440239 -0.437943 -0.434503 -0.430106 -0.425138 -0.419966 -0.415565 -0.411597 -0.410457 -0.405074 -0.415673 -0.377613 -0.492783 
5.4 -13.2538 0.493727 2 4 8 10 10 10 10 10 10 10 10 10 12 12 12 12 12 12 12 10 10 10 10 10 10 10 10 10 8 4 2 -0.49287 -0.377636 -0.415809 -0.405251 -0.410787 -0.412088 -0.416253 -0.420785 -0.425983 -0.430866 -0.435129 -0.4384 -0.440535 -0.441576 -0.441923 -0.44199 -0.441923 -0.441576 -0.440535 -0.4384 -0.435129 -0.430866 -0.425983 -0.420785 -0.416253 -0.412088 -0.410787 -0.405251 -0.415809 -0.377636 -0.49287 
5.5 -13.2658 0.500685 2 4 8 10 10 10 10 10 10 10 10 11 12 12 14 14 14 12 12 11 10 10 10 10 10 10 10 10 8 4 2 -0.492966 -0.377661 -0.415958 -0.405444 -0.411143 -0.41261 -0.416968 -0.421614 -0.426816 -0.431601 -0.435725 -0.438826 -0.440806 -0.441716 -0.442018 -0.442078 -0.442018 -0.441716 -0.440806 -0.438826 -0.435725 -0.431601 -0.426817 -0.421614 -0.416968 -0.41261 -0.411143 -0.405444 -0.415958 -0.377661 -0.492966 
5.6 -13.2778 0.507615 2 4 8 10 10 10 10 10 10 10 10 11 13 14 14 14 14 14 13 11 10 10 10 10 10 10 10 10 8 4 2 -0.493072 -0.377689 -0.416121 -0.405653 -0.411527 -0.413162 -0.417707 -0.422449 -0.427635 -0.432309 -0.436292 -0.439224 -0.441053 -0.441839 -0.442105 -0.442163 -0.442105 -0.441839 -0.441053 -0.439224 -0.436292 -0.432309 -0.427635 -0.422449 -0.417707 -0.413161 -0.411527 -0.405653 -0.416121 -0.377689 -0.493072 
5.7 -13.2898 0.514513 2 4 8 10 10 10 10 10 10 10 10 12 13 14 14 14 14 14 13 12 10 10 10 10 10 10 10 10 8 4 2 -0.493189 -0.377718 -0.416301 -0.40588 -0.411939 -0.413743 -0.41847 -0.423286 -0.428437 -0.43299 -0.436829 -0.439593 -0.441277 -0.441949 -0.442186 -0.442244 -0.442186 -0.441949 -0.441277 -0.439593 -0.436829 -0.43299 -0.428437 -0.423286 -0.41847 -0.413743 -0.411939 -0.40588 -0.416301 -0.377718 -0.493189 
5.8 -13.3018 0.521376 2 4 8 10 10 10 10 10 10 10 11 12 14 14 14 15 14 14 14 12 11 10 10 10 10 10 10 10 8 4 2 -0.493319 -0.377751 -0.416497 -0.406127 -0.412382 -0.414355 -0.419252 -0.424122 -0.429218 -0.433643 -0.437337 -0.439936 -0.441479 -0.442045 -0.442262 -0.442322 -0.442262 -0.442045 -0.441479 -0.439936 -0.437337 -0.433643 -0.429218 -0.424122 -0.419252 -0.414355 -0.412382 -0.406127 -0.416497 -0.377751 -0.493319 
5.9 -13.3137 0.528201 2 4 8 10 10 10 10 10 10 10 11 12 14 14 16 16 16 14 14 12 11 10 10 10 10 10 10 10 8 4 2 -0.493461 -0.377786 -0.416712 -0.406393 -0.412855 -0.414995 -0.420051 -0.424953 -0.429977 -0.434269 -0.437817 -0.440253 -0.44166 -0.44213 -0.442333 -0.442397 -0.442333 -0.44213 -0.44166 -0.440253 -0.437817 -0.434269 -0.429977 -0.424953 -0.420051 -0.414996 -0.412855 -0.406393 -0.416712 -0.377786 -0.493461 
6 -13.3256 0.534983 2 4 8 10 10 10 10 10 10 10 11 13 14 16 16 16 16 16 14 13 11 10 10 10 10 10 10 10 8 4 2 -0.493619 -0.377825 -0.416947 -0.406681 -0.41336 -0.415664 -0.420864 -0.425775 -0.430713 -0.434867 -0.438269 -0.440545 -0.441822 -0.442206 -0.442399 -0.442469 -0.442399 -0.442206 -0.441821 -0.440545 -0.438269 -0.434867 -0.430713 -0.425775 -0.420864 -0.415664 -0.41336 -0.406681 -0.416947 -0.377825 -0.493618 
6.1 -13.3374 0.54172 2 4 8 10 10 10 10 10 10 10 12 14 14 16 17 17 17 16 14 14 12 10 10 10 10 10 10 10 8 4 2 -0.493792 -0.377867 -0.417204 -0.406991 -0.413897 -0.416358 -0.421687 -0.426585 -0.431424 -0.435437 -0.438693 -0.440813 -0.441964 -0.442274 -0.442462 -0.442539 -0.442462 -0.442274 -0.441964 -0.440813 -0.438693 -0.435437 -0.431424 -0.426585 -0.421687 -0.416358 -0.413897 -0.406991 -0.417204 -0.377867 -0.493791 
6.2 -13.3493 0.548408 2 4 8 10 10 10 10 10 10 10 12 14 16 17 17 17 17 17 16 14 12 10 10 10 10 10 10 10 8 4 2 -0.493982 -0.377912 -0.417484 -0.407325 -0.414466 -0.417076 -0.422517 -0.42738 -0.432109 -0.435981 -0.439091 -0.441059 -0.442089 -0.442335 -0.442522 -0.442606 -0.442522 -0.442335 -0.442089 -0.441059 -0.439091 -0.435981 -0.432109 -0.42738 -0.422517 -0.417076 -0.414466 -0.407325 -0.417483 -0.377912 -0.493982 
6.3 -13.3611 0.555042 2 4 8 10 10 10 10 10 10 11 12 14 16 17 17 17 17 17 16 14 12 11 10 10 10 10 10 10 8 4 2 -0.494191 -0.377962 -0.417788 -0.407683 -0.415068 -0.417816 -0.423349 -0.428157 -0.432768 -0.436499 -0.439462 -0.441282 -0.442198 -0.442391 -0.44258 -0.44267 -0.44258 -0.442391 -0.442198 -0.441282 -0.439462 -0.436499 -0.432768 -0.428157 -0.423349 -0.417816 -0.415068 -0.407683 -0.417788 -0.377962 -0.494191 
6.4 -13.3728 0.561621 2 4 8 10 10 10 10 10 10 11 13 14 17 17 19 19 19 17 17 14 13 11 10 10 10 10 10 10 8 4 2 -0.494422 -0.378016 -0.418119 -0.408067 -0.415702 -0.418575 -0.424181 -0.428914 -0.433401 -0.436992 -0.439809 -0.441485 -0.442292 -0.442443 -0.442635 -0.442731 -0.442635 -0.442443 -0.442292 -0.441485 -0.439809 -0.436992 -0.433401 -0.428914 -0.424181 -0.418575 -0.415702 -0.408067 -0.418119 -0.378016 -0.494421 
6.5 -13.3846 0.568141 2 4 8 10 10 10 10 10 10 11 13 15 17 18 19 19 19 18 17 15 13 11 10 10 10 10 10 10 8 4 2 -0.494674 -0.378075 -0.418478 -0.408476 -0.416367 -0.41935 -0.425007 -0.42965 -0.434007 -0.43746 -0.440131 -0.441668 -0.442373 -0.442492 -0.442688 -0.442789 -0.442688 -0.442492 -0.442373 -0.441668 -0.440131 -0.43746 -0.434007 -0.42965 -0.425007 -0.41935 -0.416367 -0.408476 -0.418478 -0.378075 -0.494674 
6.6 -13.3963 0.574597 2 4 8 10 10 10 10 10 10 12 14 16 17 19 19 19 19 19 17 16 14 12 10 10 10 10 10 10 8 4 2 -0.494952 -0.378138 -0.418868 -0.408912 -0.417063 -0.420137 -0.425826 -0.430362 -0.434589 -0.437905 -0.440429 -0.441832 -0.442441 -0.442539 -0.442739 -0.442843 -0.442739 -0.442539 -0.442441 -0.441832 -0.440429 -0.437905 -0.434589 -0.430362 -0.425826 -0.420137 -0.417063 -0.408912 -0.418868 -0.378138 -0.494952 
6.7 -13.408 0.580989 2 4 8 10 10 10 10 10 10 12 14 16 17 19 19 19 19 19 17 16 14 12 10 10 10 10 10 10 8 4 2 -0.495257 -0.378207 -0.41929 -0.409375 -0.417788 -0.420934 -0.426633 -0.431049 -0.435145 -0.438326 -0.440704 -0.441978 -0.442498 -0.442584 -0.442789 -0.442894 -0.442789 -0.442584 -0.442498 -0.441978 -0.440704 -0.438326 -0.435145 -0.431049 -0.426633 -0.420934 -0.417788 -0.409375 -0.41929 -0.378207 -0.495257 
6.8 -13.4197 0.587312 2 4 8 10 10 10 10 10 10 12 14 17 18 19 20 21 20 19 18 17 14 12 10 10 10 10 10 10 8 4 2 -0.495591 -0.378281 -0.419745 -0.409864 -0.418539 -0.421736 -0.427425 -0.431712 -0.435677 -0.438724 -0.440957 -0.442108 -0.442546 -0.442629 -0.442837 -0.442941 -0.442837 -0.442629 -0.442546 -0.442108 -0.440957 -0.438724 -0.435677 -0.431712 -0.427425 -0.421736 -0.418539 -0.409864 -0.419745 -0.378281 -0.495591 
6.9 -13.4313 0.593565 2 4 8 10 10 10 10 10 11 12 15 17 19 19 21 21 21 19 19 17 15 12 11 10 10 10 10 10 8 4 2 -0.495957 -0.37836 -0.420236 -0.410379 -0.419316 -0.422539 -0.4282 -0.432349 -0.436185 -0.439101 -0.441188 -0.442221 -0.442586 -0.442674 -0.442883 -0.442984 -0.442883 -0.442674 -0.442586 -0.442221 -0.441188 -0.439101 -0.436185 -0.432349 -0.4282 -0.422539 -0.419316 -0.410379 -0.420236 -0.37836 -0.495957 
7 -13.443 0.599744 2 4 8 10 10 10 10 10 11 13 15 17 19 20 21 21 21 20 19 17 15 13 11 10 10 10 10 10 8 4 2 -0.496358 -0.378444 -0.420765 -0.41092 -0.420114 -0.423339 -0.428956 -0.432961 -0.436671 -0.439456 -0.441399 -0.44232 -0.442619 -0.442719 -0.442928 -0.443023 -0.442928 -0.442719 -0.442619 -0.44232 -0.441399 -0.439456 -0.436671 -0.432961 -0.428956 -0.423339 -0.420114 -0.41092 -0.420765 -0.378444 -0.496358 
7.1 -13.4546 0.605848 2 4 8 10 10 10 10 10 11 14 16 17 19 21 21 22 21 21 19 17 16 14 11 10 10 10 10 10 8 4 2 -0.496797 -0.378534 -0.421332 -0.411485 -0.420932 -0.424134 -0.42969 -0.433548 -0.437134 -0.439791 -0.441589 -0.442404 -0.442647 -0.442764 -0.442972 -0.443058 -0.442971 -0.442764 -0.442647 -0.442404 -0.441589 -0.439791 -0.437134 -0.433548 -0.42969 -0.424134 -0.420932 -0.411485 -0.421332 -0.378534 -0.496797 
7.2 -13.4661 0.611876 2 4 8 10 10 10 10 10 12 14 16 18 19 21 22 22 22 21 19 18 16 14 12 10 10 10 10 10 8 4 2 -0.497277 -0.378629 -0.421939 -0.412073 -0.421765 -0.424918 -0.430401 -0.43411 -0.437577 -0.440104 -0.44176 -0.442476 -0.442672 -0.442809 -0.443013 -0.44309 -0.443013 -0.442809 -0.442671 -0.442476 -0.44176 -0.440104 -0.437577 -0.43411 -0.430401 -0.424918 -0.421765 -0.412073 -0.42194 -0.378629 -0.497277 
7.3 -13.4777 0.617825 2 4 8 10 10 10 10 10 12 14 17 19 19 21 22 22 22 21 19 19 17 14 12 10 10 10 10 10 8 4 2 -0.497801 -0.378729 -0.422589 -0.412681 -0.422612 -0.425689 -0.431089 -0.434649 -0.438 -0.440397 -0.441912 -0.442536 -0.442693 -0.442854 -0.443053 -0.443117 -0.443053 -0.442855 -0.442693 -0.442536 -0.441912 -0.440397 -0.438 -0.43465 -0.431089 -0.425689 -0.422612 -0.412681 -0.422589 -0.378729 -0.497801 
7.4 -13.4892 0.623695 2 4 8 10 10 10 10 11 12 15 17 19 20 21 22 22 22 21 20 19 17 15 12 11 10 10 10 10 8 4 2 -0.498373 -0.378834 -0.42328 -0.413308 -0.423466 -0.426444 -0.431752 -0.435166 -0.438402 -0.440671 -0.442047 -0.442586 -0.442713 -0.4429 -0.443091 -0.443141 -0.443091 -0.4429 -0.442713 -0.442586 -0.442048 -0.440671 -0.438402 -0.435166 -0.431752 -0.426444 -0.423467 -0.413308 -0.42328 -0.378834 -0.498373 
7.5 -13.5007 0.629484 2 4 8 10 10 10 10 11 13 15 17 19 21 22 22 22 22 22 21 19 17 15 13 11 10 10 10 10 8 4 2 -0.498997 -0.378942 -0.424015 -0.413951 -0.424326 -0.427179 -0.432391 -0.43566 -0.438786 -0.440924 -0.442166 -0.442627 -0.442733 -0.442945 -0.443127 -0.443162 -0.443127 -0.442945 -0.442733 -0.442627 -0.442166 -0.440924 -0.438786 -0.43566 -0.432391 -0.427179 -0.424326 -0.413951 -0.424015 -0.378942 -0.498997 
7.6 -13.5122 0.635192 2 4 8 10 10 10 10 11 14 16 17 19 21 22 22 23 22 22 21 19 17 16 14 11 10 10 10 10 8 4 2 -0.499676 -0.379054 -0.424793 -0.414606 -0.425188 -0.427892 -0.433005 -0.436134 -0.439151 -0.441158 -0.442269 -0.442659 -0.442753 -0.44299 -0.443161 -0.44318 -0.443161 -0.44299 -0.442753 -0.442659 -0.442269 -0.441158 -0.439151 -0.436134 -0.433005 -0.427892 -0.425188 -0.414606 -0.424793 -0.379054 -0.499676 
7.7 -13.5236 0.640818 2 4 8 10 10 10 10 12 14 16 18 20 21 22 23 23 23 22 21 20 18 16 14 12 10 10 10 10 8 4 2 -0.500415 -0.379168 -0.425615 -0.41527 -0.426046 -0.428582 -0.433595 -0.436587 -0.439498 -0.441372 -0.442358 -0.442685 -0.442774 -0.443034 -0.443192 -0.443196 -0.443192 -0.443034 -0.442774 -0.442685 -0.442358 -0.441372 -0.439498 -0.436587 -0.433595 -0.428582 -0.426046 -0.41527 -0.425615 -0.379168 -0.500415 
7.8 -13.535 0.646363 2 4 8 10 10 10 10 12 14 17 19 20 21 22 23 24 23 22 21 20 19 17 14 12 10 10 10 10 8 4 2 -0.501217 -0.379283 -0.42648 -0.415939 -0.426899 -0.429247 -0.434162 -0.437022 -0.439827 -0.441568 -0.442434 -0.442705 -0.442797 -0.443076 -0.443221 -0.443209 -0.443222 -0.443076 -0.442797 -0.442705 -0.442434 -0.441568 -0.439827 -0.437022 -0.434162 -0.429247 -0.426899 -0.415939 -0.42648 -0.379283 -0.501217 
7.9 -13.5463 0.651825 2 4 8 10 10 10 11 12 15 17 19 20 22 23 24 25 24 23 22 20 19 17 15 12 11 10 10 10 8 4 2 -0.502087 -0.379398 -0.427388 -0.41661 -0.427743 -0.429886 -0.434707 -0.437438 -0.440138 -0.441745 -0.442497 -0.44272 -0.442822 -0.443117 -0.443248 -0.443222 -0.443248 -0.443117 -0.442822 -0.44272 -0.442498 -0.441745 -0.440138 -0.437438 -0.434707 -0.429886 -0.427743 -0.41661 -0.427388 -0.379398 -0.502087 
8 -13.5576 0.657206 2 4 8 10 10 10 11 13 15 17 19 21 22 23 25 25 25 23 22 21 19 18 15 13 11 10 10 10 8 4 2 -0.503028 -0.37951 -0.428336 -0.417278 -0.428573 -0.430498 -0.435231 -0.437837 -0.440431 -0.441904 -0.44255 -0.442733 -0.442849 -0.443156 -0.443272 -0.443233 -0.443272 -0.443155 -0.442849 -0.442732 -0.44255 -0.441904 -0.440431 -0.437837 -0.435231 -0.430498 -0.428574 -0.417278 -0.428336 -0.37951 -0.503028 
8.1 -13.5688 0.662506 2 4 8 10 10 10 11 14 16 18 20 21 22 23 25 26 25 23 22 21 20 18 16 14 11 10 10 10 8 4 2 -0.504046 -0.379618 -0.429325 -0.417939 -0.429389 -0.431082 -0.435734 -0.438218 -0.440707 -0.442045 -0.442593 -0.442742 -0.442878 -0.443192 -0.443293 -0.443244 -0.443294 -0.443192 -0.442878 -0.442742 -0.442593 -0.442045 -0.440707 -0.438218 -0.435734 -0.431082 -0.429389 -0.417939 -0.429325 -0.379618 -0.504045 
8.2 -13.58 0.667724 2 4 8 10 10 10 12 14 16 19 20 21 23 25 26 26 26 25 23 21 20 19 16 14 12 10 10 10 8 4 2 -0.505142 -0.379719 -0.43035 -0.418589 -0.430188 -0.43164 -0.436218 -0.438583 -0.440965 -0.442169 -0.442628 -0.442751 -0.442909 -0.443226 -0.443312 -0.443254 -0.443313 -0.443225 -0.44291 -0.442751 -0.442628 -0.442169 -0.440965 -0.438583 -0.436218 -0.43164 -0.430188 -0.418589 -0.43035 -0.379719 -0.505142 
8.3 -13.5912 0.672863 2 4 8 10 10 10 12 14 17 19 20 21 23 25 26 26 26 25 23 21 20 19 17 14 12 10 10 10 8 4 2 -0.506323 -0.37981 -0.431411 -0.419222 -0.430967 -0.432172 -0.436685 -0.438931 -0.441206 -0.442277 -0.442655 -0.44276 -0.442942 -0.443257 -0.443328 -0.443265 -0.443329 -0.443256 -0.442943 -0.442759 -0.442655 -0.442277 -0.441206 -0.438931 -0.436685 -0.432172 -0.430967 -0.419223 -0.431411 -0.37981 -0.506323 
8.4 -13.6022 0.677922 2 4 8 10 10 10 12 14 17 19 21 22 23 25 26 27 27 25 23 22 21 19 17 14 12 10 10 10 8 4 2 -0.50759 -0.379889 -0.432504 -0.419837 -0.431725 -0.432677 -0.437134 -0.439263 -0.441429 -0.442369 -0.442677 -0.442769 -0.442977 -0.443285 -0.443342 -0.443276 -0.443342 -0.443284 -0.442978 -0.442768 -0.442677 -0.442369 -0.441429 -0.439263 -0.437134 -0.432677 -0.431725 -0.419837 -0.432504 -0.379889 -0.50759 
8.5 -13.6132 0.682903 2 4 8 10 10 11 13 15 17 20 21 22 24 26 27 28 27 26 24 23 21 20 17 15 13 11 10 10 8 4 2 -0.508947 -0.379951 -0.433625 -0.420428 -0.432461 -0.433158 -0.437569 -0.439579 -0.441634 -0.442446 -0.442693 -0.442779 -0.443013 -0.443309 -0.443353 -0.443287 -0.443353 -0.443308 -0.443014 -0.442778 -0.442693 -0.442446 -0.441634 -0.439579 -0.437569 -0.433158 -0.432461 -0.420428 -0.433625 -0.379951 -0.508947 
8.6 -13.6241 0.687805 2 4 8 10 10 11 13 16 18 20 21 23 25 27 28 29 28 27 25 23 21 20 18 16 13 11 10 10 8 4 2 -0.510396 -0.379993 -0.434772 -0.420992 -0.433175 -0.433615 -0.437988 -0.439878 -0.441822 -0.44251 -0.442706 -0.442791 -0.44305 -0.44333 -0.443361 -0.4433 -0.443362 -0.443329 -0.443051 -0.442791 -0.442707 -0.44251 -0.441823 -0.439878 -0.437988 -0.433615 -0.433175 -0.420992 -0.434772 -0.379993 -0.510396 
8.7 -13.6348 0.69263 2 4 8 10 10 11 14 16 19 20 21 23 25 27 29 29 29 27 25 23 21 20 19 16 14 11 10 10 8 4 2 -0.51194 -0.380012 -0.43594 -0.421526 -0.433867 -0.434049 -0.438393 -0.44016 -0.441994 -0.442561 -0.442717 -0.442806 -0.443087 -0.443348 -0.443368 -0.443313 -0.443369 -0.443347 -0.443087 -0.442805 -0.442717 -0.442561 -0.441994 -0.44016 -0.438393 -0.434049 -0.433867 -0.421526 -0.43594 -0.380012 -0.51194 
8.8 -13.6455 0.697379 2 4 8 10 10 11 14 16 19 20 22 23 26 28 29 30 29 28 26 24 21 20 19 16 14 11 10 10 8 4 2 -0.513579 -0.380002 -0.437125 -0.422028 -0.434537 -0.434462 -0.438785 -0.440425 -0.442148 -0.4426 -0.442726 -0.442823 -0.443123 -0.443362 -0.443373 -0.443327 -0.443373 -0.443361 -0.443124 -0.442823 -0.442727 -0.4426 -0.442148 -0.440425 -0.438785 -0.434462 -0.434537 -0.422028 -0.437125 -0.380002 -0.513579 
8.9 -13.6561 0.702052 2 4 8 10 11 12 15 17 19 21 22 24 26 28 29 30 29 28 26 24 23 21 19 17 15 12 11 10 8 4 2 -0.515315 -0.37996 -0.438325 -0.422495 -0.435185 -0.434854 -0.439164 -0.440673 -0.442287 -0.442629 -0.442735 -0.442844 -0.443158 -0.443373 -0.443376 -0.443341 -0.443376 -0.443372 -0.443159 -0.442843 -0.442735 -0.442629 -0.442287 -0.440673 -0.439164 -0.434854 -0.435185 -0.422495 -0.438325 -0.37996 -0.515315 
9 -13.6665 0.70665 2 4 8 10 11 12 15 18 19 21 23 25 27 28 29 30 29 28 27 25 23 21 19 18 15 12 11 10 8 4 2 -0.517147 -0.379881 -0.439534 -0.422925 -0.435812 -0.435226 -0.43953 -0.440903 -0.442409 -0.442649 -0.442745 -0.442867 -0.443192 -0.443381 -0.443377 -0.443357 -0.443378 -0.44338 -0.443192 -0.442867 -0.442745 -0.442649 -0.442409 -0.440903 -0.43953 -0.435226 -0.435812 -0.422925 -0.439534 -0.379881 -0.517147 
9.1 -13.6768 0.711174 2 4 8 10 11 13 15 18 20 21 23 25 27 29 30 31 30 29 27 25 23 21 20 18 15 13 11 10 8 4 2 -0.519073 -0.379761 -0.440749 -0.423318 -0.43642 -0.435581 -0.439884 -0.441114 -0.442517 -0.442661 -0.442755 -0.442893 -0.443223 -0.443385 -0.443378 -0.443372 -0.443378 -0.443385 -0.443224 -0.442893 -0.442755 -0.442661 -0.442517 -0.441114 -0.439884 -0.435581 -0.43642 -0.423318 -0.440749 -0.379761 -0.519073 
9.2 -13.6869 0.715625 2 4 8 10 11 14 16 18 20 21 23 26 27 29 31 31 31 29 28 26 23 21 20 18 16 14 11 10 8 4 2 -0.521092 -0.379595 -0.441966 -0.423672 -0.43701 -0.435917 -0.440225 -0.441308 -0.44261 -0.442666 -0.442768 -0.442922 -0.443252 -0.443387 -0.443378 -0.443387 -0.443378 -0.443387 -0.443252 -0.442922 -0.442768 -0.442666 -0.44261 -0.441308 -0.440225 -0.435917 -0.43701 -0.423672 -0.441966 -0.379595 -0.521092 
9.3 -13.6969 0.720003 2 4 8 11 12 14 17 18 20 22 24 26 28 30 31 32 31 30 28 26 24 22 20 19 17 14 12 11 8 4 2 -0.5232 -0.379379 -0.443181 -0.423986 -0.437582 -0.436237 -0.440554 -0.441483 -0.442689 -0.442667 -0.442783 -0.442953 -0.443279 -0.443386 -0.443377 -0.443402 -0.443377 -0.443386 -0.443279 -0.442953 -0.442783 -0.442666 -0.44269 -0.441483 -0.440553 -0.436237 -0.437582 -0.423986 -0.443181 -0.37938 -0.5232 
9.4 -13.7066 0.724309 2 4 8 11 12 14 17 19 21 23 24 27 29 31 32 33 32 31 29 27 24 23 21 19 17 14 12 11 8 4 2 -0.525393 -0.379111 -0.444392 -0.424262 -0.43814 -0.43654 -0.440869 -0.441639 -0.442756 -0.442663 -0.442802 -0.442986 -0.443302 -0.443383 -0.443376 -0.443417 -0.443376 -0.443383 -0.443302 -0.442986 -0.442802 -0.442663 -0.442757 -0.441639 -0.440869 -0.43654 -0.43814 -0.424262 -0.444392 -0.379111 -0.525393 
9.5 -13.7162 0.728545 2 4 8 11 12 15 17 20 21 23 25 27 29 31 33 34 33 31 29 27 25 23 21 20 17 15 12 11 8 4 2 -0.527665 -0.378786 -0.445596 -0.424499 -0.438684 -0.436826 -0.441172 -0.441776 -0.442812 -0.442656 -0.442823 -0.443019 -0.443322 -0.443378 -0.443375 -0.443431 -0.443374 -0.443378 -0.443322 -0.44302 -0.442823 -0.442656 -0.442812 -0.441776 -0.441172 -0.436827 -0.438684 -0.424499 -0.445596 -0.378786 -0.527664 
9.6 -13.7256 0.73271 2 4 8 11 13 15 17 20 21 23 25 27 30 32 34 34 34 32 30 27 26 23 21 20 17 15 13 11 8 4 2 -0.530009 -0.378402 -0.44679 -0.424697 -0.439216 -0.437097 -0.441461 -0.441894 -0.442857 -0.442648 -0.442848 -0.443054 -0.443339 -0.443371 -0.443374 -0.443443 -0.443373 -0.443372 -0.443339 -0.443054 -0.442848 -0.442648 -0.442858 -0.441894 -0.441461 -0.437097 -0.439216 -0.424697 -0.44679 -0.378402 -0.530009 
9.7 -13.7347 0.736806 2 4 8 11 14 16 18 20 21 24 26 28 31 33 34 35 34 33 31 28 26 24 21 20 18 16 14 11 8 4 2 -0.532417 -0.377957 -0.447972 -0.424858 -0.439737 -0.43735 -0.441737 -0.441994 -0.442893 -0.44264 -0.442876 -0.443088 -0.443353 -0.443363 -0.443373 -0.443454 -0.443372 -0.443363 -0.443352 -0.443088 -0.442876 -0.442639 -0.442894 -0.441994 -0.441737 -0.43735 -0.439737 -0.424858 -0.447972 -0.377957 -0.532417 
9.8 -13.7435 0.740833 2 4 8 11 14 16 19 21 21 24 26 29 32 33 34 35 34 33 32 29 26 24 21 21 19 16 14 11 8 4 2 -0.534882 -0.37745 -0.44914 -0.424982 -0.440248 -0.437586 -0.441998 -0.442075 -0.442922 -0.442632 -0.442908 -0.443121 -0.443364 -0.443353 -0.443373 -0.443463 -0.443372 -0.443354 -0.443363 -0.443121 -0.442908 -0.442631 -0.442922 -0.442075 -0.441998 -0.437586 -0.440248 -0.424982 -0.44914 -0.37745 -0.534882 
9.9 -13.7521 0.744793 2 4 8 12 14 17 19 21 23 24 27 30 32 34 35 35 35 34 32 30 27 24 23 21 19 17 14 12 8 4 2 -0.537393 -0.37688 -0.450293 -0.425071 -0.440752 -0.437804 -0.442246 -0.442139 -0.442944 -0.442625 -0.442942 -0.443153 -0.443372 -0.443343 -0.443373 -0.44347 -0.443372 -0.443344 -0.443371 -0.443153 -0.442942 -0.442624 -0.442944 -0.442139 -0.442246 -0.437804 -0.440752 -0.425071 -0.450293 -0.37688 -0.537393 
10 -13.7604 0.748686 2 4 8 13 16 17 19 21 23 25 27 31 33 34 35 35 35 34 33 30 27 25 23 21 19 17 16 13 8 4 2 -0.539941 -0.376248 -0.451431 -0.425125 -0.441248 -0.438004 -0.442479 -0.442185 -0.44296 -0.44262 -0.442979 -0.443183 -0.443377 -0.443332 -0.443373 -0.443475 -0.443372 -0.443334 -0.443376 -0.443183 -0.442979 -0.44262 -0.44296 -0.442185 -0.442479 -0.438004 -0.441248 -0.425125 -0.451431 -0.376248 -0.539941 
10.1 -13.7685 0.752514 2 4 8 13 16 17 19 21 23 26 28 31 33 34 35 36 35 35 33 31 29 26 23 22 19 17 16 13 8 4 2 -0.542514 -0.375555 -0.452553 -0.425145 -0.441739 -0.438183 -0.442698 -0.442214 -0.442973 -0.442618 -0.443018 -0.443211 -0.44338 -0.443321 -0.443374 -0.443478 -0.443373 -0.443323 -0.443379 -0.443211 -0.443019 -0.442617 -0.442973 -0.442214 -0.442697 -0.438183 -0.441739 -0.425145 -0.452553 -0.375555 -0.542514 
10.2 -13.7762 0.756277 2 4 8 13 16 19 20 22 24 26 29 32 34 35 36 36 36 35 34 32 29 26 24 22 20 19 16 13 8 4 2 -0.545102 -0.374804 -0.453658 -0.425131 -0.442225 -0.438342 -0.442902 -0.442228 -0.442983 -0.442619 -0.443059 -0.443235 -0.443381 -0.443311 -0.443375 -0.443479 -0.443374 -0.443312 -0.44338 -0.443235 -0.44306 -0.442618 -0.442983 -0.442228 -0.442902 -0.438342 -0.442225 -0.425131 -0.453658 -0.374804 -0.545102 
10.3 -13.7836 0.759977 2 4 8 13 17 19 20 22 24 26 31 32 34 36 37 37 37 36 35 32 31 26 24 22 20 19 17 13 8 4 2 -0.547693 -0.373997 -0.454749 -0.425086 -0.442707 -0.438478 -0.443092 -0.442226 -0.442992 -0.442623 -0.443101 -0.443256 -0.44338 -0.443301 -0.443377 -0.443477 -0.443376 -0.443302 -0.443379 -0.443257 -0.443102 -0.442622 -0.442992 -0.442226 -0.443092 -0.438478 -0.442707 -0.425086 -0.454749 -0.373997 -0.547693 
10.4 -13.7907 0.763615 2 4 8 14 17 19 20 23 24 27 31 33 35 37 37 38 37 37 35 33 31 27 24 23 20 19 17 14 8 4 2 -0.550276 -0.373138 -0.455824 -0.425008 -0.443185 -0.438591 -0.443268 -0.44221 -0.443001 -0.44263 -0.443144 -0.443274 -0.443377 -0.443291 -0.443378 -0.443473 -0.443378 -0.443292 -0.443376 -0.443274 -0.443144 -0.442629 -0.443001 -0.44221 -0.443268 -0.438591 -0.443185 -0.425008 -0.455824 -0.373138 -0.550276 
10.5 -13.7974 0.767193 2 4 8 14 17 19 20 23 25 28 32 34 36 37 38 38 38 37 36 34 32 28 25 23 20 19 17 14 8 4 2 -0.552841 -0.372231 -0.456886 -0.424898 -0.44366 -0.438679 -0.44343 -0.442181 -0.443011 -0.44264 -0.443186 -0.443288 -0.443374 -0.443283 -0.44338 -0.443467 -0.443379 -0.443284 -0.443373 -0.443288 -0.443187 -0.44264 -0.443011 -0.442181 -0.443431 -0.438679 -0.44366 -0.424898 -0.456886 -0.372231 -0.552841 
10.6 -13.8038 0.77071 2 4 8 14 17 19 20 23 27 30 32 34 36 38 38 38 38 38 36 34 32 30 27 23 20 19 17 14 8 4 2 -0.555377 -0.371282 -0.457935 -0.424756 -0.444132 -0.438741 -0.44358 -0.44214 -0.443023 -0.442653 -0.443228 -0.443298 -0.443369 -0.443275 -0.443382 -0.443459 -0.443381 -0.443276 -0.443368 -0.443299 -0.443228 -0.442653 -0.443023 -0.44214 -0.44358 -0.438741 -0.444132 -0.424756 -0.457935 -0.371282 -0.555377 
10.7 -13.8099 0.77417 2 4 8 14 18 21 22 23 27 30 32 35 37 38 38 39 38 38 37 35 32 30 27 23 22 21 18 14 8 4 2 -0.557873 -0.370295 -0.458973 -0.424583 -0.444602 -0.438776 -0.443717 -0.442088 -0.443038 -0.442669 -0.443269 -0.443304 -0.443364 -0.443269 -0.443383 -0.443449 -0.443382 -0.44327 -0.443363 -0.443305 -0.443269 -0.442669 -0.443038 -0.442088 -0.443717 -0.438775 -0.444602 -0.424582 -0.458973 -0.370295 -0.557873 
10.8 -13.8156 0.777574 2 4 8 15 18 21 22 25 27 31 33 36 37 38 39 39 39 38 37 36 33 31 28 25 22 21 18 15 8 4 2 -0.560323 -0.369277 -0.460003 -0.424376 -0.445069 -0.438781 -0.443842 -0.442027 -0.443057 -0.442686 -0.443308 -0.443307 -0.443358 -0.443265 -0.443384 -0.443437 -0.443384 -0.443266 -0.443357 -0.443307 -0.443308 -0.442687 -0.443057 -0.442026 -0.443843 -0.438781 -0.445069 -0.424376 -0.460002 -0.369277 -0.560323 
10.9 -13.8209 0.780922 2 4 8 15 18 21 22 25 28 31 34 36 38 38 39 39 39 38 38 36 34 31 28 25 22 21 18 15 8 4 2 -0.562717 -0.368233 -0.461025 -0.424135 -0.445534 -0.438757 -0.443957 -0.441957 -0.44308 -0.442706 -0.443345 -0.443305 -0.443352 -0.443262 -0.443384 -0.443423 -0.443384 -0.443263 -0.443352 -0.443306 -0.443344 -0.442706 -0.44308 -0.441956 -0.443958 -0.438756 -0.445534 -0.424135 -0.461025 -0.368233 -0.562717 
11 -13.8259 0.784218 2 4 8 15 18 21 22 25 29 31 35 37 39 39 40 41 41 39 39 37 35 31 29 25 22 21 18 15 8 4 2 -0.565048 -0.367169 -0.462042 -0.423861 -0.445997 -0.438702 -0.444062 -0.441879 -0.443108 -0.442726 -0.44338 -0.443301 -0.443347 -0.443261 -0.443384 -0.443408 -0.443384 -0.443261 -0.443346 -0.443302 -0.443379 -0.442726 -0.443107 -0.441879 -0.444063 -0.438701 -0.445997 -0.423861 -0.462042 -0.367169 -0.565048 
11.1 -13.8306 0.787461 2 4 8 15 19 22 24 26 30 32 36 38 39 39 41 41 41 39 39 38 36 32 30 26 24 22 19 15 8 4 2 -0.567313 -0.366091 -0.463057 -0.423551 -0.446457 -0.438616 -0.444159 -0.441795 -0.44314 -0.442746 -0.443411 -0.443293 -0.443341 -0.443261 -0.443383 -0.443392 -0.443383 -0.443261 -0.44334 -0.443294 -0.44341 -0.442747 -0.44314 -0.441794 -0.44416 -0.438615 -0.446457 -0.423551 -0.463057 -0.366091 -0.567313 
11.2 -13.835 0.790655 2 4 8 15 19 22 24 27 31 33 36 38 39 40 41 42 41 40 39 38 36 33 31 27 24 22 19 15 8 4 2 -0.569505 -0.365004 -0.464071 -0.423203 -0.446914 -0.438496 -0.444248 -0.441706 -0.443178 -0.442765 -0.44344 -0.443282 -0.443336 -0.443262 -0.443381 -0.443375 -0.443381 -0.443262 -0.443335 -0.443283 -0.443438 -0.442767 -0.443178 -0.441705 -0.44425 -0.438495 -0.446915 -0.423204 -0.464071 -0.365004 -0.569505 
11.3 -13.839 0.793801 2 4 8 16 19 22 24 27 31 34 36 38 40 41 41 43 42 41 40 38 36 34 31 27 24 22 19 16 8 4 2 -0.571623 -0.363912 -0.465089 -0.422818 -0.447369 -0.438344 -0.444332 -0.441611 -0.443221 -0.442783 -0.443465 -0.443268 -0.443331 -0.443265 -0.443379 -0.443356 -0.443379 -0.443265 -0.44333 -0.44327 -0.443463 -0.442785 -0.44322 -0.44161 -0.444334 -0.438343 -0.447369 -0.422818 -0.465089 -0.363912 -0.571623 
11.4 -13.8427 0.7969 2 4 8 16 19 22 25 28 32 35 37 39 40 42 43 43 43 42 40 39 37 35 32 28 26 22 19 16 8 4 2 -0.573665 -0.362822 -0.466111 -0.422394 -0.447822 -0.438159 -0.444412 -0.441513 -0.443269 -0.442799 -0.443487 -0.443252 -0.443328 -0.443269 -0.443376 -0.443338 -0.443376 -0.443269 -0.443327 -0.443253 -0.443485 -0.442801 -0.443268 -0.441512 -0.444413 -0.438158 -0.447822 -0.422394 -0.466111 -0.362822 -0.573665 
11.5 -13.8461 0.799954 2 4 8 16 20 23 26 29 33 35 37 40 41 42 43 43 43 42 41 39 38 35 33 29 26 23 20 16 8 4 2 -0.575631 -0.361735 -0.467141 -0.421928 -0.448271 -0.43794 -0.444489 -0.441411 -0.443322 -0.442811 -0.443505 -0.443233 -0.443325 -0.443273 -0.443372 -0.443318 -0.443372 -0.443273 -0.443324 -0.443235 -0.443503 -0.442813 -0.443321 -0.44141 -0.44449 -0.437939 -0.448271 -0.421928 -0.467141 -0.361735 -0.575631 
11.6 -13.8492 0.802966 2 4 8 16 21 23 26 30 33 36 38 41 41 43 43 44 43 43 41 41 38 36 33 30 26 23 21 16 8 4 2 -0.577521 -0.360655 -0.468181 -0.42142 -0.448719 -0.437688 -0.444564 -0.441306 -0.443379 -0.442819 -0.443521 -0.443213 -0.443323 -0.443278 -0.443367 -0.443299 -0.443368 -0.443278 -0.443322 -0.443215 -0.443518 -0.442821 -0.443379 -0.441305 -0.444565 -0.437687 -0.448719 -0.42142 -0.468181 -0.360655 -0.577521 
11.7 -13.852 0.805937 2 4 8 16 21 23 27 30 34 37 39 41 42 44 44 44 44 44 42 41 39 37 34 31 27 23 21 16 8 4 2 -0.579339 -0.359584 -0.469234 -0.420868 -0.449164 -0.437402 -0.444639 -0.441197 -0.443441 -0.442822 -0.443533 -0.443192 -0.443323 -0.443283 -0.443362 -0.443279 -0.443363 -0.443283 -0.443322 -0.443194 -0.44353 -0.442824 -0.44344 -0.441197 -0.44464 -0.437402 -0.449164 -0.420869 -0.469234 -0.359584 -0.579339 
11.8 -13.8546 0.808868 2 4 8 16 21 24 29 31 35 38 39 42 43 44 44 45 44 44 43 42 40 38 35 31 29 24 21 16 8 4 2 -0.581086 -0.358523 -0.470304 -0.420272 -0.449608 -0.437083 -0.444716 -0.441086 -0.443506 -0.442819 -0.443542 -0.443169 -0.443324 -0.443287 -0.443357 -0.44326 -0.443358 -0.443287 -0.443323 -0.443171 -0.44354 -0.442822 -0.443505 -0.441086 -0.444716 -0.437083 -0.449607 -0.420272 -0.470304 -0.358523 -0.581086 
11.9 -13.857 0.811761 2 4 8 16 22 24 29 31 36 38 40 42 44 44 45 46 45 44 44 42 40 38 36 31 29 24 22 16 8 4 2 -0.582768 -0.357474 -0.471391 -0.419629 -0.45005 -0.436732 -0.444795 -0.440971 -0.443574 -0.44281 -0.443549 -0.443146 -0.443326 -0.443291 -0.443352 -0.443241 -0.443352 -0.443291 -0.443325 -0.443147 -0.443547 -0.442813 -0.443573 -0.440971 -0.444795 -0.436733 -0.450049 -0.419629 -0.471391 -0.357474 -0.582768 
12 -13.8591 0.814618 2 4 8 16 22 25 29 32 36 39 41 42 44 45 45 46 45 45 44 42 41 39 36 33 29 25 22 16 8 4 2 -0.58439 -0.356434 -0.4725 -0.418939 -0.450492 -0.436349 -0.444879 -0.440853 -0.443645 -0.442794 -0.443554 -0.443122 -0.443329 -0.443294 -0.443347 -0.443222 -0.443347 -0.443294 -0.443329 -0.443123 -0.443552 -0.442796 -0.443644 -0.440854 -0.444879 -0.43635 -0.450491 -0.418939 -0.4725 -0.356434 -0.58439 
12.1 -13.861 0.81744 2 4 8 16 22 26 30 33 36 39 41 43 45 45 46 47 46 45 45 43 41 39 36 33 30 26 22 16 8 4 2 -0.585957 -0.355405 -0.473632 -0.418201 -0.450935 -0.435935 -0.444968 -0.440731 -0.443717 -0.44277 -0.443557 -0.443097 -0.443334 -0.443295 -0.443341 -0.443204 -0.443342 -0.443295 -0.443334 -0.443098 -0.443555 -0.442772 -0.443716 -0.440732 -0.444967 -0.435936 -0.450934 -0.418201 -0.473632 -0.355405 -0.585957 
12.2 -13.8626 0.82023 2 4 8 16 22 26 31 33 36 40 42 43 46 46 47 48 47 46 46 43 42 40 36 33 31 26 22 16 8 4 2 -0.587475 -0.354382 -0.474789 -0.417415 -0.45138 -0.43549 -0.445064 -0.440603 -0.443791 -0.442738 -0.443559 -0.443072 -0.443341 -0.443294 -0.443336 -0.443187 -0.443336 -0.443294 -0.443341 -0.443073 -0.443557 -0.44274 -0.44379 -0.440605 -0.445063 -0.435492 -0.451379 -0.417415 -0.474789 -0.354382 -0.587475 
12.3 -13.8642 0.822988 2 4 8 16 23 27 31 34 37 41 43 44 47 48 48 49 48 47 47 44 43 41 37 34 31 27 23 16 8 4 2 -0.588952 -0.353364 -0.475974 -0.41658 -0.451828 -0.435016 -0.445168 -0.44047 -0.443866 -0.442697 -0.44356 -0.443047 -0.443348 -0.443292 -0.443331 -0.443171 -0.443331 -0.443291 -0.443349 -0.443047 -0.443559 -0.442698 -0.443864 -0.440472 -0.445166 -0.435019 -0.451826 -0.41658 -0.475974 -0.353364 -0.588952 
12.4 -13.8655 0.825716 2 4 8 16 24 27 33 35 38 42 43 45 48 48 48 50 48 48 48 45 43 42 38 36 33 27 24 16 8 4 2 -0.590394 -0.352348 -0.477188 -0.415697 -0.45228 -0.434514 -0.445281 -0.44033 -0.44394 -0.442647 -0.44356 -0.443022 -0.443357 -0.443287 -0.443326 -0.443157 -0.443327 -0.443286 -0.443358 -0.443022 -0.44356 -0.442648 -0.443938 -0.440332 -0.445278 -0.434517 -0.452279 -0.415697 -0.477188 -0.352348 -0.590394 
12.5 -13.8667 0.828415 2 4 8 16 24 27 33 36 39 42 44 46 49 49 48 50 48 49 49 46 44 42 39 36 33 27 24 16 8 4 2 -0.591808 -0.351329 -0.478434 -0.414765 -0.45274 -0.433985 -0.445403 -0.440182 -0.444014 -0.442588 -0.443561 -0.442997 -0.443366 -0.443279 -0.443322 -0.443144 -0.443322 -0.443278 -0.443368 -0.442996 -0.443561 -0.442589 -0.444012 -0.440185 -0.4454 -0.433988 -0.452738 -0.414765 -0.478434 -0.351329 -0.591808 
12.6 -13.8677 0.831087 2 4 8 16 24 29 34 37 39 42 44 47 49 49 50 51 50 49 49 47 44 42 39 38 34 29 24 16 8 4 2 -0.593202 -0.350304 -0.479711 -0.413786 -0.453208 -0.433429 -0.445537 -0.440024 -0.444086 -0.44252 -0.443562 -0.442972 -0.443376 -0.443269 -0.443317 -0.443132 -0.443318 -0.443268 -0.443378 -0.44297 -0.443563 -0.44252 -0.444085 -0.440027 -0.445533 -0.433432 -0.453206 -0.413786 -0.479711 -0.350304 -0.593202 
12.7 -13.8687 0.833733 2 4 8 16 25 29 35 38 39 43 45 48 49 49 50 51 50 49 49 48 45 43 40 38 35 29 25 16 8 4 2 -0.594583 -0.349269 -0.481021 -0.41276 -0.453686 -0.432848 -0.445681 -0.439856 -0.444158 -0.442442 -0.443565 -0.442946 -0.443387 -0.443257 -0.443314 -0.443122 -0.443314 -0.443255 -0.44339 -0.442944 -0.443566 -0.442442 -0.444156 -0.439859 -0.445677 -0.432851 -0.453685 -0.41276 -0.481021 -0.349269 -0.594583 
12.8 -13.8695 0.836354 2 4 8 16 25 29 36 38 40 44 46 49 51 51 51 51 51 51 51 49 46 44 40 39 36 29 25 16 8 4 2 -0.595956 -0.348218 -0.482365 -0.411688 -0.454177 -0.432242 -0.445838 -0.439675 -0.444228 -0.442355 -0.443569 -0.44292 -0.443398 -0.443242 -0.44331 -0.443114 -0.443311 -0.44324 -0.443401 -0.442917 -0.443571 -0.442354 -0.444226 -0.439678 -0.445833 -0.432246 -0.454176 -0.411689 -0.482365 -0.348218 -0.595956 
12.9 -13.8702 0.838951 2 4 8 16 25 30 36 39 41 45 47 49 51 51 51 52 51 51 51 49 47 45 41 39 36 30 25 16 8 4 2 -0.597329 -0.347148 -0.483742 -0.410573 -0.454684 -0.431614 -0.446007 -0.439479 -0.444296 -0.442258 -0.443574 -0.442893 -0.44341 -0.443224 -0.443307 -0.443108 -0.443308 -0.443222 -0.443413 -0.442889 -0.443577 -0.442257 -0.444295 -0.439483 -0.446002 -0.431617 -0.454682 -0.410573 -0.483742 -0.347148 -0.597329 
13 -13.8708 0.841524 2 4 8 16 25 31 36 39 42 45 48 49 52 52 52 53 52 52 52 49 48 45 42 39 36 31 25 16 8 4 2 -0.598707 -0.346054 -0.485154 -0.409416 -0.455208 -0.430963 -0.446189 -0.439269 -0.444362 -0.442152 -0.443582 -0.442864 -0.443421 -0.443204 -0.443305 -0.443104 -0.443306 -0.443201 -0.443424 -0.442861 -0.443585 -0.44215 -0.444362 -0.439272 -0.446185 -0.430966 -0.455206 -0.409416 -0.485154 -0.346054 -0.598707 
13.1 -13.8713 0.844075 2 4 8 16 25 32 37 40 43 45 50 50 52 53 52 54 52 53 52 50 50 45 43 41 37 32 25 16 8 4 2 -0.600096 -0.344931 -0.486599 -0.408218 -0.455752 -0.430291 -0.446385 -0.43904 -0.444428 -0.442036 -0.443592 -0.442835 -0.443432 -0.443181 -0.443303 -0.443101 -0.443304 -0.443179 -0.443435 -0.442831 -0.443596 -0.442034 -0.444427 -0.439043 -0.446381 -0.430294 -0.455751 -0.408218 -0.486599 -0.344932 -0.600096 
13.2 -13.8718 0.846604 2 4 8 16 26 32 37 42 44 46 50 52 52 53 52 54 52 53 52 52 50 46 44 42 37 32 26 16 8 4 2 -0.601501 -0.343777 -0.488077 -0.406983 -0.456318 -0.429598 -0.446595 -0.438793 -0.444492 -0.441911 -0.443605 -0.442803 -0.443443 -0.443156 -0.443301 -0.443099 -0.443302 -0.443154 -0.443446 -0.4428 -0.443608 -0.441908 -0.444492 -0.438796 -0.446591 -0.429601 -0.456317 -0.406983 -0.488077 -0.343778 -0.601501 
13.3 -13.8722 0.849112 2 4 8 16 26 32 38 42 45 48 50 52 53 54 53 54 53 54 53 52 50 48 45 42 38 32 26 16 8 4 2 -0.602925 -0.342588 -0.489587 -0.405712 -0.45691 -0.428886 -0.446819 -0.438525 -0.444555 -0.441777 -0.44362 -0.442769 -0.443454 -0.443129 -0.4433 -0.443099 -0.443301 -0.443127 -0.443456 -0.442766 -0.443624 -0.441773 -0.444556 -0.438527 -0.446816 -0.428888 -0.456909 -0.405713 -0.489587 -0.342588 -0.602925 
13.4 -13.8726 0.851598 2 4 8 16 26 32 38 42 46 48 52 53 53 54 54 55 53 54 54 53 52 49 46 42 38 32 26 16 8 4 2 -0.604372 -0.341361 -0.491128 -0.404409 -0.457529 -0.428154 -0.447058 -0.438235 -0.444619 -0.441633 -0.443639 -0.442732 -0.443464 -0.443099 -0.4433 -0.443099 -0.4433 -0.443098 -0.443466 -0.44273 -0.443642 -0.441629 -0.444621 -0.438236 -0.447056 -0.428155 -0.457528 -0.40441 -0.491128 -0.341361 -0.604372 
13.5 -13.8729 0.854064 2 4 8 16 26 32 40 42 46 49 52 53 54 54 54 56 53 55 54 53 52 49 46 43 40 32 26 16 8 4 2 -0.605844 -0.340093 -0.492698 -0.403076 -0.458177 -0.427402 -0.447312 -0.43792 -0.444683 -0.441479 -0.44366 -0.442692 -0.443473 -0.443068 -0.4433 -0.4431 -0.4433 -0.443067 -0.443475 -0.44269 -0.443663 -0.441475 -0.444685 -0.437921 -0.447311 -0.427403 -0.458177 -0.403077 -0.492698 -0.340094 -0.605844 
13.6 -13.8731 0.856509 2 4 8 16 26 33 40 44 48 50 52 53 54 54 55 56 55 55 54 53 52 50 47 44 40 33 26 16 8 4 2 -0.607342 -0.338784 -0.494296 -0.401716 -0.458858 -0.426633 -0.447582 -0.437581 -0.444749 -0.441315 -0.443684 -0.442648 -0.443482 -0.443036 -0.443301 -0.443101 -0.443301 -0.443035 -0.443483 -0.442647 -0.443687 -0.441311 -0.444752 -0.43758 -0.447582 -0.426633 -0.458858 -0.401717 -0.494295 -0.338785 -0.607342 
13.7 -13.8733 0.858933 2 4 8 16 27 33 40 44 48 51 53 54 54 56 57 57 56 55 54 54 53 51 48 44 40 33 27 16 8 4 2 -0.608869 -0.337433 -0.495919 -0.400332 -0.459573 -0.425844 -0.447868 -0.437216 -0.444817 -0.441141 -0.443711 -0.4426 -0.44349 -0.443001 -0.443303 -0.443102 -0.443303 -0.443001 -0.443491 -0.442599 -0.443714 -0.441137 -0.444821 -0.437214 -0.447868 -0.425844 -0.459573 -0.400333 -0.495918 -0.337433 -0.608869 
13.8 -13.8735 0.861337 2 4 8 16 27 33 41 44 49 51 55 55 55 56 58 57 58 56 55 56 55 51 49 45 41 33 27 16 8 4 2 -0.610423 -0.336039 -0.497565 -0.398927 -0.460323 -0.425037 -0.448171 -0.436823 -0.444889 -0.440957 -0.443742 -0.442546 -0.443498 -0.442965 -0.443306 -0.443101 -0.443305 -0.442966 -0.443498 -0.442546 -0.443744 -0.440953 -0.444893 -0.43682 -0.448172 -0.425036 -0.460323 -0.398928 -0.497565 -0.336039 -0.610423 
13.9 -13.8737 0.86372 2 4 8 16 27 34 42 45 49 51 55 55 56 57 58 58 58 57 56 56 55 52 50 45 42 34 27 16 8 4 2 -0.612005 -0.334604 -0.499234 -0.397503 -0.461112 -0.42421 -0.448491 -0.436402 -0.444965 -0.440762 -0.443775 -0.442487 -0.443505 -0.442928 -0.443309 -0.443099 -0.443309 -0.442929 -0.443504 -0.442487 -0.443777 -0.440758 -0.44497 -0.436398 -0.448493 -0.424209 -0.461112 -0.397504 -0.499233 -0.334604 -0.612005 
14 -13.8738 0.866083 2 4 8 16 27 34 42 47 50 52 55 56 57 57 58 58 58 57 57 56 55 52 50 47 42 34 27 16 8 4 2 -0.613611 -0.33313 -0.500921 -0.396064 -0.461939 -0.423364 -0.44883 -0.435951 -0.445047 -0.440556 -0.443812 -0.442422 -0.443512 -0.44289 -0.443314 -0.443095 -0.443313 -0.442892 -0.443511 -0.442423 -0.443813 -0.440553 -0.445052 -0.435947 -0.448833 -0.423362 -0.46194 -0.396065 -0.50092 -0.33313 -0.613611 
14.1 -13.8739 0.868425 2 4 8 16 27 35 43 47 51 53 56 56 57 58 59 59 59 58 57 57 56 53 51 47 43 35 27 16 8 4 2 -0.61524 -0.331618 -0.502625 -0.394612 -0.462808 -0.422498 -0.449188 -0.435472 -0.445136 -0.440338 -0.443851 -0.442349 -0.443519 -0.442851 -0.44332 -0.443089 -0.443319 -0.442853 -0.443516 -0.442351 -0.443852 -0.440335 -0.44514 -0.435467 -0.449192 -0.422496 -0.462808 -0.394612 -0.502624 -0.331618 -0.61524 
14.2 -13.874 0.870747 2 4 8 16 27 35 43 47 52 53 56 57 59 58 59 61 60 59 59 58 56 54 52 47 43 35 27 16 8 4 2 -0.616889 -0.330073 -0.504343 -0.393149 -0.463718 -0.421612 -0.449566 -0.434962 -0.445232 -0.440108 -0.443894 -0.44227 -0.443525 -0.44281 -0.443327 -0.44308 -0.443325 -0.442813 -0.443522 -0.442272 -0.443894 -0.440106 -0.445236 -0.434957 -0.449571 -0.421609 -0.463718 -0.393149 -0.504342 -0.330073 -0.616889 
14.3 -13.8741 0.873049 2 4 8 16 27 35 43 48 53 55 56 59 59 59 61 61 61 60 59 59 56 55 53 49 43 35 27 16 8 4 2 -0.618554 -0.328499 -0.506073 -0.391678 -0.464671 -0.420704 -0.449967 -0.434423 -0.445336 -0.439865 -0.44394 -0.442182 -0.443532 -0.442769 -0.443335 -0.443068 -0.443333 -0.442772 -0.443528 -0.442184 -0.443939 -0.439863 -0.44534 -0.434417 -0.449972 -0.420701 -0.464671 -0.391678 -0.506073 -0.328499 -0.618554 
14.4 -13.8742 0.87533 2 4 8 16 27 35 43 49 54 56 57 59 60 61 61 62 61 61 60 59 57 56 54 49 43 35 27 16 8 4 2 -0.620229 -0.326901 -0.507812 -0.390201 -0.465668 -0.419773 -0.450391 -0.433853 -0.445451 -0.439609 -0.443988 -0.442085 -0.443539 -0.442726 -0.443344 -0.443051 -0.443342 -0.44273 -0.443535 -0.442088 -0.443987 -0.439608 -0.445454 -0.433848 -0.450396 -0.419771 -0.465668 -0.390201 -0.507812 -0.3269 -0.62023 
14.5 -13.8743 0.877593 2 4 8 16 27 35 44 50 56 57 58 60 61 62 62 62 62 62 61 60 58 57 56 50 44 35 27 16 8 4 2 -0.621911 -0.325284 -0.509558 -0.388719 -0.466708 -0.418819 -0.450839 -0.433253 -0.445576 -0.439339 -0.44404 -0.441979 -0.443546 -0.442682 -0.443354 -0.443031 -0.443352 -0.442686 -0.443542 -0.441983 -0.444038 -0.439339 -0.445579 -0.433249 -0.450844 -0.418817 -0.466708 -0.38872 -0.509559 -0.325284 -0.621912 
14.6 -13.8743 0.879836 2 4 8 16 27 35 45 50 57 57 58 60 62 62 63 63 63 62 61 61 59 57 57 50 45 35 27 16 8 4 2 -0.623594 -0.323655 -0.511309 -0.387236 -0.467793 -0.417841 -0.451314 -0.432624 -0.445713 -0.439055 -0.444094 -0.441864 -0.443554 -0.442637 -0.443366 -0.443007 -0.443363 -0.442641 -0.44355 -0.441867 -0.444091 -0.439056 -0.445715 -0.43262 -0.451318 -0.417839 -0.467793 -0.387236 -0.51131 -0.323654 -0.623594 
14.7 -13.8743 0.882061 2 4 8 16 27 35 45 50 57 57 60 62 63 63 63 64 63 64 63 62 60 57 57 50 45 35 27 16 8 4 2 -0.625271 -0.322021 -0.513061 -0.385752 -0.468921 -0.416838 -0.451816 -0.431966 -0.445863 -0.438755 -0.444151 -0.441738 -0.443563 -0.442589 -0.443378 -0.442978 -0.443375 -0.442594 -0.443559 -0.441741 -0.444148 -0.438757 -0.445863 -0.431963 -0.45182 -0.416835 -0.468922 -0.385752 -0.513062 -0.32202 -0.625271 
14.8 -13.8744 0.884268 2 4 8 16 27 36 45 52 58 58 60 63 63 64 63 64 63 64 63 62 60 59 58 52 45 36 27 16 8 4 2 -0.626936 -0.320389 -0.514813 -0.384269 -0.470094 -0.415808 -0.452347 -0.431279 -0.446027 -0.43844 -0.444211 -0.441601 -0.443574 -0.44254 -0.443391 -0.442945 -0.443388 -0.442544 -0.44357 -0.441605 -0.444208 -0.438443 -0.446026 -0.431277 -0.452351 -0.415806 -0.470094 -0.384268 -0.514814 -0.320388 -0.626936 
14.9 -13.8744 0.886459 2 4 8 16 27 36 46 52 58 59 61 63 65 65 65 65 64 65 64 64 61 60 58 52 46 36 27 16 8 4 2 -0.628583 -0.318767 -0.516562 -0.382787 -0.471309 -0.414751 -0.452909 -0.430565 -0.446205 -0.438109 -0.444274 -0.441453 -0.443587 -0.442488 -0.443405 -0.442906 -0.443403 -0.442492 -0.443583 -0.441456 -0.44427 -0.438113 -0.446203 -0.430564 -0.452912 -0.414749 -0.471309 -0.382787 -0.516564 -0.318766 -0.628583 
15 -13.8744 0.888635 2 4 8 16 27 36 47 52 58 60 62 64 65 66 65 66 65 66 65 64 62 60 58 53 47 36 27 16 8 4 2 -0.630204 -0.317162 -0.518306 -0.381309 -0.472567 -0.413667 -0.453503 -0.429825 -0.446399 -0.43776 -0.44434 -0.441294 -0.443601 -0.442433 -0.44342 -0.442863 -0.443418 -0.442436 -0.443598 -0.441297 -0.444336 -0.437765 -0.446395 -0.429825 -0.453505 -0.413665 -0.472567 -0.381308 -0.518307 -0.317161 -0.630205 
15.1 -13.8745 0.890797 2 4 8 16 27 36 47 53 59 60 63 64 66 66 65 67 66 66 66 64 63 61 59 53 47 36 27 16 8 4 2 -0.631794 -0.315583 -0.520042 -0.379835 -0.473866 -0.412554 -0.45413 -0.429058 -0.44661 -0.437393 -0.444409 -0.441122 -0.443618 -0.442374 -0.443435 -0.442815 -0.443434 -0.442377 -0.443615 -0.441125 -0.444405 -0.437399 -0.446605 -0.42906 -0.454131 -0.412553 -0.473866 -0.379834 -0.520043 -0.315582 -0.631795 
15.2 -13.8745 0.892946 2 4 8 16 27 36 47 53 59 62 64 64 66 66 66 67 66 66 66 65 64 62 59 53 47 36 27 16 8 4 2 -0.633346 -0.314038 -0.521767 -0.378366 -0.475204 -0.411414 -0.454791 -0.428268 -0.446838 -0.437007 -0.444482 -0.440938 -0.443637 -0.442311 -0.443451 -0.442762 -0.44345 -0.442314 -0.443635 -0.44094 -0.444478 -0.437014 -0.446832 -0.42827 -0.454792 -0.411413 -0.475205 -0.378365 -0.521769 -0.314037 -0.633346 
15.3 -13.8745 0.895086 2 4 8 16 27 36 47 53 60 62 64 65 66 67 67 68 67 67 67 66 64 63 60 53 47 36 27 16 8 4 2 -0.634853 -0.312535 -0.52348 -0.376904 -0.476581 -0.410245 -0.455488 -0.427454 -0.447086 -0.436602 -0.444558 -0.440741 -0.443659 -0.442244 -0.443468 -0.442703 -0.443468 -0.442245 -0.443658 -0.440743 -0.444555 -0.436609 -0.447079 -0.427457 -0.455487 -0.410244 -0.476582 -0.376902 -0.523481 -0.312534 -0.634853 
15.4 -13.8745 0.897216 2 4 8 16 27 36 47 54 61 64 65 66 66 68 67 69 68 69 67 67 65 63 61 55 47 36 27 16 8 4 2 -0.636309 -0.31108 -0.525177 -0.375448 -0.477994 -0.409047 -0.456221 -0.426618 -0.447353 -0.436177 -0.444639 -0.440531 -0.443684 -0.44217 -0.443486 -0.44264 -0.443486 -0.442171 -0.443683 -0.440532 -0.444636 -0.436184 -0.447345 -0.426622 -0.456219 -0.409047 -0.477996 -0.375446 -0.525179 -0.31108 -0.636309 
15.5 -13.8745 0.89934 2 4 8 16 27 36 47 54 61 64 66 67 67 69 69 71 69 69 68 67 67 64 61 55 47 36 27 16 8 4 2 -0.637707 -0.309683 -0.526858 -0.374 -0.479442 -0.407823 -0.45699 -0.425761 -0.447641 -0.43573 -0.444726 -0.440308 -0.443713 -0.442091 -0.443504 -0.442571 -0.443504 -0.442091 -0.443713 -0.440308 -0.444722 -0.435738 -0.447632 -0.425766 -0.456988 -0.407823 -0.479443 -0.373998 -0.526859 -0.309682 -0.637707 
15.6 -13.8745 0.90146 2 4 8 16 27 36 47 54 61 66 67 67 67 70 69 71 69 70 68 67 67 66 61 55 47 36 27 16 8 4 2 -0.639044 -0.308348 -0.528518 -0.372562 -0.48092 -0.406571 -0.457797 -0.424884 -0.447951 -0.435261 -0.444818 -0.44007 -0.443745 -0.442005 -0.443522 -0.442498 -0.443524 -0.442003 -0.443745 -0.440071 -0.444815 -0.435269 -0.447942 -0.42489 -0.457794 -0.406572 -0.480922 -0.372559 -0.528519 -0.308348 -0.639044 
15.7 -13.8745 0.903578 2 4 8 16 27 36 47 54 62 66 67 68 68 71 69 71 69 71 69 69 67 66 62 55 47 36 27 16 8 4 2 -0.640313 -0.307083 -0.530156 -0.371134 -0.482428 -0.405294 -0.458641 -0.423988 -0.448284 -0.43477 -0.444917 -0.439819 -0.443781 -0.44191 -0.443542 -0.442419 -0.443544 -0.441908 -0.443782 -0.439819 -0.444914 -0.434777 -0.448275 -0.423995 -0.458638 -0.405295 -0.48243 -0.371131 -0.530157 -0.307083 -0.640313 
15.8 -13.8745 0.905697 2 4 8 16 27 36 47 54 62 67 67 70 69 71 70 72 69 72 70 70 68 67 62 55 47 36 27 16 8 4 2 -0.641511 -0.305893 -0.53177 -0.369717 -0.483962 -0.403993 -0.459522 -0.423075 -0.448641 -0.434255 -0.445023 -0.439553 -0.44382 -0.441808 -0.443561 -0.442335 -0.443564 -0.441805 -0.443822 -0.439552 -0.445021 -0.434261 -0.448633 -0.423082 -0.459519 -0.403994 -0.483964 -0.369715 -0.531771 -0.305894 -0.641511 
15.9 -13.8746 0.907818 2 4 8 16 27 36 47 54 62 67 69 71 70 73 71 73 71 73 71 71 69 67 62 55 47 36 27 16 8 4 2 -0.642634 -0.304783 -0.533357 -0.368314 -0.485519 -0.40267 -0.460441 -0.422145 -0.449024 -0.433716 -0.445138 -0.439271 -0.443864 -0.441696 -0.443582 -0.442245 -0.443585 -0.441692 -0.443866 -0.439271 -0.445136 -0.433721 -0.449017 -0.422152 -0.460438 -0.402671 -0.485521 -0.368311 -0.533358 -0.304783 -0.642634 
16 -13.8746 0.909946 2 4 8 16 27 36 47 54 63 68 69 71 71 73 71 74 72 73 72 71 69 68 63 55 47 36 27 16 8 4 2 -0.64368 -0.303755 -0.534915 -0.366924 -0.487095 -0.401326 -0.461397 -0.421199 -0.449434 -0.433152 -0.445263 -0.438975 -0.443911 -0.441574 -0.443603 -0.44215 -0.443606 -0.44157 -0.443914 -0.438974 -0.445261 -0.433157 -0.449427 -0.421205 -0.461394 -0.401327 -0.487098 -0.366922 -0.534916 -0.303756 -0.643679 
16.1 -13.8746 0.912082 2 4 8 16 27 36 47 55 63 68 70 72 71 74 73 75 73 75 72 72 69 68 63 56 47 36 27 16 8 4 2 -0.644645 -0.302814 -0.536443 -0.365551 -0.488689 -0.399964 -0.46239 -0.420237 -0.449871 -0.432563 -0.445398 -0.438663 -0.443963 -0.441442 -0.443625 -0.442049 -0.443628 -0.441437 -0.443966 -0.438662 -0.445397 -0.432566 -0.449866 -0.420242 -0.462387 -0.399965 -0.488691 -0.365549 -0.536443 -0.302815 -0.644644 
16.2 -13.8746 0.91423 2 4 8 16 27 36 47 55 63 69 70 73 72 76 74 75 74 75 73 73 71 69 63 56 47 36 27 16 8 4 2 -0.645529 -0.30196 -0.537937 -0.364196 -0.490295 -0.398586 -0.463419 -0.419259 -0.450338 -0.431948 -0.445545 -0.438335 -0.444019 -0.441298 -0.443647 -0.441942 -0.443651 -0.441293 -0.444022 -0.438334 -0.445545 -0.43195 -0.450334 -0.419264 -0.463416 -0.398587 -0.490297 -0.364194 -0.537937 -0.301961 -0.645528 
16.3 -13.8746 0.916392 2 4 8 16 27 36 47 56 63 69 70 74 74 76 76 76 76 76 74 74 71 70 63 56 47 36 27 16 8 4 2 -0.646332 -0.301194 -0.539397 -0.36286 -0.491912 -0.397195 -0.464484 -0.418266 -0.450835 -0.431307 -0.445706 -0.43799 -0.44408 -0.441142 -0.443671 -0.441829 -0.443674 -0.441137 -0.444083 -0.43799 -0.445706 -0.431308 -0.450833 -0.41827 -0.464481 -0.397195 -0.491914 -0.362859 -0.539396 -0.301196 -0.646331 
16.4 -13.8746 0.918573 2 4 8 16 27 36 47 56 63 70 71 74 74 76 76 76 77 76 75 74 71 71 64 56 47 36 27 16 8 4 2 -0.647053 -0.300517 -0.54082 -0.361546 -0.493535 -0.395794 -0.465583 -0.417258 -0.451364 -0.43064 -0.445881 -0.437629 -0.444145 -0.440973 -0.443695 -0.441709 -0.443699 -0.440968 -0.444148 -0.437629 -0.445881 -0.43064 -0.451363 -0.417261 -0.46558 -0.395794 -0.493536 -0.361545 -0.540819 -0.300518 -0.647052 
16.5 -13.8746 0.920774 2 4 8 16 27 36 47 56 63 70 73 75 74 78 77 77 77 78 75 76 73 71 64 56 47 36 27 16 8 4 2 -0.647694 -0.299925 -0.542205 -0.360255 -0.49516 -0.394385 -0.466716 -0.416235 -0.451926 -0.429947 -0.446072 -0.437251 -0.444215 -0.44079 -0.443721 -0.441582 -0.443724 -0.440785 -0.444217 -0.43725 -0.446072 -0.429946 -0.451926 -0.416236 -0.466714 -0.394385 -0.495162 -0.360255 -0.542204 -0.299927 -0.647693 
16.6 -13.8746 0.923 2 4 8 16 27 36 47 56 63 70 73 76 76 78 78 79 78 78 76 76 73 71 64 56 47 36 27 16 8 4 2 -0.648257 -0.299418 -0.543551 -0.35899 -0.496786 -0.392972 -0.467881 -0.415196 -0.452521 -0.429229 -0.44628 -0.436854 -0.44429 -0.440593 -0.443747 -0.441447 -0.44375 -0.440589 -0.444292 -0.436855 -0.44628 -0.429226 -0.452523 -0.415196 -0.46788 -0.392971 -0.496787 -0.358991 -0.543549 -0.29942 -0.648257 
16.7 -13.8746 0.925254 2 4 8 16 27 36 47 56 63 71 73 77 76 80 79 80 80 80 77 76 74 71 64 56 47 36 27 16 8 4 2 -0.648745 -0.298992 -0.544855 -0.357753 -0.498407 -0.391557 -0.469078 -0.414141 -0.453152 -0.428484 -0.446506 -0.43644 -0.44437 -0.440382 -0.443776 -0.441303 -0.443778 -0.440378 -0.444371 -0.436441 -0.446507 -0.428481 -0.453155 -0.41414 -0.469078 -0.391556 -0.498408 -0.357754 -0.544853 -0.298994 -0.648744 
16.8 -13.8746 0.927538 2 4 8 16 27 36 48 56 63 71 73 77 77 80 80 81 80 80 77 77 74 72 64 56 48 36 27 16 8 4 2 -0.649161 -0.298642 -0.546118 -0.356546 -0.500022 -0.390144 -0.470306 -0.413069 -0.453818 -0.427715 -0.446752 -0.436008 -0.444455 -0.440155 -0.443806 -0.44115 -0.443807 -0.440152 -0.444456 -0.436009 -0.446752 -0.427711 -0.453822 -0.413068 -0.470306 -0.390143 -0.500022 -0.356548 -0.546116 -0.298643 -0.64916 
16.9 -13.8746 0.929857 2 4 8 16 27 36 48 56 64 73 74 78 78 80 81 82 82 80 78 78 76 73 64 56 48 36 27 16 8 4 2 -0.649509 -0.298363 -0.547338 -0.355371 -0.501626 -0.388735 -0.471562 -0.411981 -0.454521 -0.426921 -0.447018 -0.435557 -0.444547 -0.439911 -0.443837 -0.440987 -0.443838 -0.439909 -0.444547 -0.435558 -0.447018 -0.426917 -0.454526 -0.411979 -0.471563 -0.388734 -0.501626 -0.355373 -0.547336 -0.298364 -0.649508 
17 -13.8746 0.932214 2 4 8 16 27 36 48 56 64 73 75 78 78 80 82 83 82 81 79 79 76 73 64 56 48 36 27 16 8 4 2 -0.649793 -0.29815 -0.548514 -0.354231 -0.503218 -0.387335 -0.472847 -0.410877 -0.45526 -0.426103 -0.447306 -0.435086 -0.444644 -0.439652 -0.443871 -0.440812 -0.443871 -0.439651 -0.444644 -0.435088 -0.447306 -0.426099 -0.455266 -0.410873 -0.472848 -0.387333 -0.503217 -0.354234 -0.548512 -0.29815 -0.649793 
17.1 -13.8746 0.934612 2 4 8 16 27 36 48 56 64 73 75 79 78 82 83 84 83 81 79 79 76 73 64 56 48 36 27 16 8 4 2 -0.65002 -0.297995 -0.549646 -0.353127 -0.504792 -0.385945 -0.474157 -0.409755 -0.456036 -0.425263 -0.447616 -0.434596 -0.444749 -0.439375 -0.443908 -0.440626 -0.443907 -0.439374 -0.444748 -0.434599 -0.447616 -0.425258 -0.456042 -0.409751 -0.474159 -0.385944 -0.504792 -0.35313 -0.549644 -0.297996 -0.65002 
17.2 -13.8746 0.937055 2 4 8 16 27 36 48 56 64 73 75 80 79 83 83 86 83 82 79 79 76 73 65 56 48 36 27 16 8 4 2 -0.650193 -0.297893 -0.550733 -0.352062 -0.506348 -0.384569 -0.475492 -0.408615 -0.45685 -0.4244 -0.447951 -0.434086 -0.444861 -0.43908 -0.443946 -0.440428 -0.443945 -0.439081 -0.444859 -0.434089 -0.447951 -0.424396 -0.456856 -0.408611 -0.475494 -0.384568 -0.506347 -0.352065 -0.550731 -0.297893 -0.650193 
17.3 -13.8746 0.939546 2 4 8 16 27 36 48 56 64 73 75 81 80 84 84 87 84 83 80 80 76 73 65 56 48 36 27 16 8 4 2 -0.65032 -0.297835 -0.551774 -0.351038 -0.507882 -0.38321 -0.476849 -0.407459 -0.457701 -0.423516 -0.448311 -0.433555 -0.44498 -0.438767 -0.443988 -0.440215 -0.443986 -0.438769 -0.444978 -0.433559 -0.44831 -0.423512 -0.457706 -0.407455 -0.476852 -0.383209 -0.50788 -0.351041 -0.551773 -0.297835 -0.65032 
17.4 -13.8746 0.942088 2 4 8 16 27 36 48 56 64 73 75 81 81 84 84 87 84 83 81 81 76 73 65 56 48 36 27 16 8 4 2 -0.650405 -0.297815 -0.55277 -0.350056 -0.50939 -0.381871 -0.478227 -0.406286 -0.458588 -0.422613 -0.448697 -0.433004 -0.445109 -0.438435 -0.444033 -0.439988 -0.44403 -0.438438 -0.445106 -0.433008 -0.448695 -0.422609 -0.458593 -0.406282 -0.47823 -0.38187 -0.509389 -0.35006 -0.552769 -0.297814 -0.650406 
17.5 -13.8746 0.944684 2 4 8 16 27 36 48 56 64 73 75 81 82 84 84 88 84 84 82 81 76 74 65 56 48 36 27 16 8 4 2 -0.650456 -0.297825 -0.55372 -0.349119 -0.510872 -0.380554 -0.479624 -0.405097 -0.459511 -0.42169 -0.449109 -0.432432 -0.445247 -0.438085 -0.444081 -0.439746 -0.444077 -0.438088 -0.445244 -0.432435 -0.449107 -0.421688 -0.459515 -0.405094 -0.479626 -0.380553 -0.51087 -0.349123 -0.553719 -0.297824 -0.650456 
17.6 -13.8746 0.947338 2 4 8 16 27 36 48 56 64 74 76 82 83 85 84 89 85 84 83 81 76 74 65 56 48 36 27 16 8 4 2 -0.650478 -0.297858 -0.554624 -0.348229 -0.512323 -0.379263 -0.481037 -0.403893 -0.460469 -0.42075 -0.449549 -0.431838 -0.445394 -0.437715 -0.444132 -0.439486 -0.444128 -0.437719 -0.445392 -0.431841 -0.449547 -0.420749 -0.460472 -0.40389 -0.481039 -0.379262 -0.512321 -0.348232 -0.554623 -0.297856 -0.650478 
17.7 -13.8746 0.950052 2 4 8 16 27 36 48 56 64 74 77 82 84 86 86 91 86 85 84 82 78 74 65 56 48 36 27 16 8 4 2 -0.650476 -0.297906 -0.555481 -0.347386 -0.513742 -0.378 -0.482464 -0.402675 -0.461461 -0.419794 -0.450017 -0.431222 -0.445553 -0.437326 -0.444187 -0.43921 -0.444183 -0.43733 -0.445551 -0.431225 -0.450015 -0.419794 -0.461463 -0.402672 -0.482465 -0.377999 -0.51374 -0.347389 -0.555481 -0.297904 -0.650477 
17.8 -13.8746 0.952829 2 4 8 16 27 36 48 56 64 74 78 82 85 87 87 91 87 86 85 83 78 74 65 56 48 36 27 16 8 4 2 -0.650458 -0.297963 -0.556291 -0.346593 -0.515126 -0.376767 -0.483901 -0.401444 -0.462486 -0.418823 -0.450515 -0.430585 -0.445724 -0.436917 -0.444246 -0.438915 -0.444241 -0.436921 -0.445722 -0.430587 -0.450512 -0.418824 -0.462487 -0.401442 -0.483903 -0.376767 -0.515124 -0.346596 -0.556291 -0.29796 -0.650459 
17.9 -13.8746 0.95567 2 4 8 16 27 36 48 56 64 74 78 83 85 87 88 91 89 86 86 84 78 74 65 56 48 36 27 16 8 4 2 -0.650428 -0.298022 -0.557054 -0.345851 -0.516473 -0.375567 -0.485348 -0.400202 -0.463541 -0.417838 -0.451041 -0.429925 -0.445908 -0.436488 -0.444308 -0.438602 -0.444304 -0.436493 -0.445905 -0.429927 -0.451039 -0.417839 -0.463541 -0.400202 -0.485349 -0.375568 -0.51647 -0.345853 -0.557055 -0.29802 -0.650429 
18 -13.8746 0.958579 2 4 8 16 27 36 48 56 64 74 78 84 86 88 89 93 89 87 86 84 80 74 65 56 48 36 27 16 8 4 2 -0.650392 -0.298078 -0.557771 -0.34516 -0.51778 -0.374403 -0.4868 -0.398952 -0.464626 -0.41684 -0.451598 -0.429244 -0.446105 -0.436039 -0.444374 -0.438268 -0.44437 -0.436044 -0.446103 -0.429245 -0.451597 -0.416841 -0.464625 -0.398952 -0.4868 -0.374404 -0.517778 -0.345162 -0.557772 -0.298075 -0.650393 
18.1 -13.8746 0.961555 2 4 8 16 27 36 48 56 64 74 79 84 87 88 90 94 90 88 87 85 80 74 65 56 48 36 27 16 8 4 2 -0.650354 -0.298125 -0.55844 -0.344522 -0.519046 -0.373276 -0.488254 -0.397695 -0.465739 -0.415829 -0.452186 -0.42854 -0.446316 -0.435571 -0.444444 -0.437915 -0.44444 -0.435575 -0.446315 -0.42854 -0.452185 -0.415832 -0.465737 -0.397696 -0.488254 -0.373278 -0.519043 -0.344523 -0.558442 -0.298123 -0.650355 
18.2 -13.8746 0.964601 2 4 8 16 27 36 48 56 64 74 79 85 87 89 91 95 92 89 88 85 80 74 65 56 48 36 27 16 8 4 2 -0.650319 -0.298159 -0.559062 -0.343936 -0.520268 -0.37219 -0.489708 -0.396435 -0.466878 -0.414808 -0.452804 -0.427815 -0.446543 -0.435082 -0.444518 -0.437541 -0.444514 -0.435086 -0.446542 -0.427814 -0.452803 -0.41481 -0.466875 -0.396436 -0.489707 -0.372192 -0.520266 -0.343937 -0.559064 -0.298157 -0.65032 
18.3 -13.8746 0.967717 2 4 8 16 27 36 48 56 64 74 79 85 88 90 92 97 93 90 89 86 80 75 65 56 48 36 27 16 8 4 2 -0.650291 -0.298177 -0.559638 -0.343404 -0.521445 -0.371145 -0.491158 -0.395174 -0.468041 -0.413776 -0.453453 -0.427068 -0.446785 -0.434574 -0.444595 -0.437146 -0.444592 -0.434577 -0.446785 -0.427066 -0.453453 -0.413779 -0.468038 -0.395176 -0.491156 -0.371147 -0.521443 -0.343404 -0.559639 -0.298176 -0.650292 
18.4 -13.8746 0.970901 2 4 8 16 27 36 48 56 64 75 80 86 89 90 93 97 94 90 89 87 80 75 65 56 48 36 27 16 8 4 2 -0.650272 -0.298176 -0.560166 -0.342924 -0.522575 -0.370143 -0.4926 -0.393915 -0.469225 -0.412735 -0.454133 -0.4263 -0.447045 -0.434046 -0.444677 -0.436729 -0.444675 -0.434048 -0.447046 -0.426296 -0.454134 -0.412737 -0.469222 -0.393917 -0.492598 -0.370146 -0.522573 -0.342924 -0.560167 -0.298174 -0.650273 
