time energy SvN bondDim localEnergy 
0 -9.84565 0.036741 2 4 4 4 4 4 4 4 4 4 4 4 4 4 4 4 4 4 4 4 4 4 4 4 4 4 4 4 4 4 2 -0.323019 -0.314189 -0.314861 -0.314976 -0.315173 -0.315444 -0.315808 -0.316279 -0.31686 -0.31754 -0.31829 -0.319058 -0.319774 -0.320362 -0.320749 -0.320885 -0.320749 -0.320362 -0.319774 -0.319058 -0.31829 -0.31754 -0.31686 -0.316279 -0.315808 -0.315444 -0.315173 -0.314976 -0.314861 -0.314189 -0.323019 
0.1 -9.84736 0.0368647 2 4 4 4 4 4 4 4 4 4 4 4 4 4 4 4 4 4 4 4 4 4 4 4 4 4 4 4 4 4 2 -0.323023 -0.314194 -0.314868 -0.314987 -0.315188 -0.315466 -0.315839 -0.316321 -0.316914 -0.317609 -0.318373 -0.319155 -0.319884 -0.320481 -0.320875 -0.321012 -0.320875 -0.320481 -0.319884 -0.319155 -0.318373 -0.317609 -0.316914 -0.316321 -0.315839 -0.315466 -0.315188 -0.314987 -0.314868 -0.314194 -0.323022 
0.2 -9.85356 0.0373194 2 4 4 4 4 4 4 4 4 4 4 4 4 4 4 4 4 4 4 4 4 4 4 4 4 4 4 4 4 4 2 -0.323035 -0.314211 -0.314893 -0.315025 -0.315244 -0.315546 -0.31595 -0.316471 -0.31711 -0.317856 -0.318674 -0.319507 -0.320281 -0.320913 -0.321328 -0.321473 -0.321328 -0.320913 -0.320281 -0.319507 -0.318674 -0.317856 -0.31711 -0.316471 -0.31595 -0.315546 -0.315244 -0.315025 -0.314893 -0.314211 -0.323034 
0.3 -9.86536 0.0382017 2 4 4 4 4 4 4 4 4 4 4 4 4 4 4 4 4 4 4 4 4 4 4 4 4 4 4 4 4 4 2 -0.323058 -0.314242 -0.31494 -0.315095 -0.315347 -0.315694 -0.316158 -0.316753 -0.317481 -0.318325 -0.319246 -0.320179 -0.32104 -0.321741 -0.3222 -0.322359 -0.3222 -0.321741 -0.321041 -0.320179 -0.319246 -0.318325 -0.317481 -0.316753 -0.316158 -0.315694 -0.315347 -0.315095 -0.31494 -0.314242 -0.323056 
0.4 -9.88187 0.0394682 2 4 4 4 4 4 4 4 4 4 4 4 4 4 4 4 4 4 4 4 4 4 4 4 4 4 4 4 4 4 2 -0.323089 -0.314282 -0.315003 -0.31519 -0.315487 -0.315896 -0.316442 -0.31714 -0.317991 -0.318976 -0.320045 -0.321122 -0.322112 -0.322914 -0.323437 -0.323619 -0.323437 -0.322914 -0.322112 -0.321122 -0.320045 -0.318976 -0.317992 -0.31714 -0.316442 -0.315896 -0.315487 -0.31519 -0.315003 -0.314282 -0.323087 
0.5 -9.90073 0.0409643 2 4 4 4 4 4 4 4 4 4 4 4 4 4 4 4 4 4 4 4 4 4 4 4 4 4 4 4 4 4 2 -0.323125 -0.314324 -0.315069 -0.315291 -0.315637 -0.316115 -0.316752 -0.317566 -0.31856 -0.319708 -0.320952 -0.322204 -0.323352 -0.32428 -0.324885 -0.325094 -0.324885 -0.32428 -0.323352 -0.322204 -0.320952 -0.319708 -0.31856 -0.317567 -0.316752 -0.316115 -0.315637 -0.315291 -0.315069 -0.314324 -0.323123 
0.6 -9.9192 0.042494 2 4 4 4 4 4 4 4 4 4 4 4 4 4 4 4 4 4 4 4 4 4 4 4 4 4 4 4 4 4 2 -0.323159 -0.31436 -0.315128 -0.315381 -0.315773 -0.316314 -0.317037 -0.317964 -0.319096 -0.320407 -0.321832 -0.323268 -0.324587 -0.325653 -0.326347 -0.326588 -0.326347 -0.325653 -0.324587 -0.323268 -0.321832 -0.320408 -0.319096 -0.317964 -0.317037 -0.316314 -0.315773 -0.315381 -0.315128 -0.31436 -0.323157 
0.7 -9.93529 0.0438964 2 4 4 4 4 4 4 4 4 4 4 4 4 4 4 4 4 4 4 4 4 4 4 4 4 4 4 4 4 4 2 -0.323187 -0.314387 -0.315174 -0.315452 -0.315881 -0.316473 -0.317267 -0.318288 -0.319542 -0.320999 -0.322589 -0.324199 -0.325682 -0.326885 -0.327669 -0.327942 -0.327669 -0.326885 -0.325682 -0.324199 -0.322589 -0.320999 -0.319542 -0.318288 -0.317267 -0.316473 -0.315881 -0.315452 -0.315174 -0.314388 -0.323186 
0.8 -9.94854 0.0451012 2 4 4 4 4 4 4 4 4 4 4 4 4 4 4 4 4 4 4 4 4 4 4 4 4 4 4 4 4 4 2 -0.32321 -0.314409 -0.31521 -0.315508 -0.315965 -0.316598 -0.317448 -0.318545 -0.319896 -0.321473 -0.323203 -0.324963 -0.326593 -0.327919 -0.328786 -0.329088 -0.328786 -0.327919 -0.326593 -0.324963 -0.323203 -0.321473 -0.319896 -0.318545 -0.317448 -0.316598 -0.315965 -0.315508 -0.31521 -0.314409 -0.323209 
0.9 -9.96009 0.0461466 2 4 4 4 4 4 4 4 4 4 4 4 4 4 4 4 4 4 4 4 4 4 4 4 4 4 4 4 4 4 2 -0.32323 -0.314432 -0.315247 -0.315563 -0.316048 -0.316719 -0.317619 -0.318782 -0.320215 -0.321892 -0.323736 -0.32562 -0.327371 -0.328801 -0.329739 -0.330066 -0.329739 -0.328801 -0.327371 -0.32562 -0.323736 -0.321892 -0.320215 -0.318782 -0.317619 -0.316719 -0.316048 -0.315563 -0.315247 -0.314432 -0.32323 
1 -9.97214 0.0471614 2 4 4 4 4 4 4 4 4 4 4 4 4 4 4 4 4 4 4 4 4 4 4 4 4 4 4 4 4 4 2 -0.323252 -0.314465 -0.315298 -0.315639 -0.316158 -0.316875 -0.317835 -0.319069 -0.320586 -0.322357 -0.324303 -0.326291 -0.328141 -0.329655 -0.330649 -0.330996 -0.330649 -0.329655 -0.328141 -0.326291 -0.324303 -0.322357 -0.320586 -0.319069 -0.317835 -0.316875 -0.316158 -0.315639 -0.315298 -0.314465 -0.323252 
1.1 -9.98704 0.0483208 2 4 4 4 4 4 4 4 4 4 4 4 4 4 4 4 4 4 4 4 4 4 4 4 4 4 4 4 4 4 2 -0.323283 -0.314514 -0.315372 -0.315749 -0.316318 -0.3171 -0.318141 -0.319471 -0.321093 -0.322973 -0.325025 -0.327112 -0.329049 -0.330632 -0.331672 -0.332035 -0.331672 -0.330632 -0.329049 -0.327112 -0.325025 -0.322973 -0.321093 -0.319471 -0.318141 -0.3171 -0.316318 -0.315749 -0.315372 -0.314514 -0.323283 
1.2 -10.0065 0.0497934 2 4 4 4 4 4 4 4 4 4 4 4 4 4 4 4 4 4 4 4 4 4 4 4 4 4 4 4 4 4 2 -0.323327 -0.314578 -0.315471 -0.315897 -0.316533 -0.317405 -0.318558 -0.320018 -0.321783 -0.323806 -0.32599 -0.32819 -0.330218 -0.331867 -0.332947 -0.333323 -0.332947 -0.331867 -0.330218 -0.32819 -0.32599 -0.323806 -0.321783 -0.320018 -0.318558 -0.317405 -0.316533 -0.315897 -0.315471 -0.314579 -0.323326 
1.3 -10.0311 0.0516962 2 4 4 4 4 4 4 4 4 4 4 4 4 4 4 4 4 4 4 4 4 4 4 4 4 4 4 4 4 4 2 -0.323383 -0.314654 -0.315588 -0.316074 -0.316793 -0.317776 -0.319071 -0.3207 -0.322651 -0.324864 -0.327224 -0.329571 -0.33171 -0.333435 -0.334559 -0.33495 -0.334559 -0.333435 -0.33171 -0.329571 -0.327224 -0.324864 -0.322652 -0.3207 -0.319071 -0.317777 -0.316793 -0.316074 -0.315588 -0.314654 -0.323381 
1.4 -10.0601 0.0540717 2 4 4 4 4 4 4 4 4 4 4 4 4 4 4 4 4 4 4 4 4 4 4 4 4 4 4 4 4 4 2 -0.32345 -0.314733 -0.315714 -0.316264 -0.317075 -0.318184 -0.319641 -0.321471 -0.323651 -0.326104 -0.328692 -0.331233 -0.33352 -0.335344 -0.336524 -0.336932 -0.336524 -0.335344 -0.33352 -0.331233 -0.328692 -0.326104 -0.323652 -0.321471 -0.319641 -0.318184 -0.317075 -0.316264 -0.315714 -0.314734 -0.323448 
1.5 -10.0924 0.0568897 2 4 4 4 4 4 4 4 4 4 4 4 4 4 4 4 4 4 4 4 4 4 4 4 4 4 4 4 4 4 2 -0.323521 -0.314809 -0.315837 -0.316452 -0.317357 -0.318595 -0.320226 -0.322275 -0.324716 -0.327451 -0.330318 -0.333105 -0.335585 -0.337542 -0.338797 -0.339229 -0.338797 -0.337542 -0.335585 -0.333105 -0.330318 -0.327451 -0.324716 -0.322275 -0.320226 -0.318595 -0.317357 -0.316452 -0.315837 -0.314809 -0.323519 
1.6 -10.1264 0.0600695 2 4 4 4 4 4 4 4 4 4 4 4 4 4 4 4 4 4 4 4 4 4 4 4 4 4 4 4 4 4 2 -0.323594 -0.314881 -0.315954 -0.316631 -0.317627 -0.318992 -0.320796 -0.323069 -0.325785 -0.328831 -0.332018 -0.335098 -0.337817 -0.339942 -0.341295 -0.341759 -0.341295 -0.339942 -0.337817 -0.335098 -0.332018 -0.328831 -0.325785 -0.32307 -0.320796 -0.318992 -0.317627 -0.316632 -0.315954 -0.314881 -0.323592 
1.7 -10.1611 0.0635112 2 4 4 4 4 4 4 4 4 4 4 4 4 4 4 4 4 4 4 4 4 4 4 4 4 4 4 4 4 4 2 -0.323664 -0.314952 -0.31607 -0.316808 -0.317891 -0.319379 -0.32135 -0.323842 -0.326831 -0.330198 -0.333725 -0.337132 -0.340126 -0.342452 -0.343924 -0.344427 -0.343924 -0.342452 -0.340126 -0.337132 -0.333725 -0.330198 -0.326831 -0.323842 -0.32135 -0.31938 -0.317891 -0.316808 -0.31607 -0.314952 -0.323663 
1.8 -10.1961 0.0671265 2 4 4 4 4 4 4 4 4 4 4 4 4 4 4 4 4 4 4 4 4 4 4 4 4 4 4 4 4 4 2 -0.323734 -0.315031 -0.316197 -0.316999 -0.318171 -0.319782 -0.321915 -0.324617 -0.327867 -0.331544 -0.335413 -0.339159 -0.342449 -0.344998 -0.346605 -0.347153 -0.346605 -0.344998 -0.342449 -0.339159 -0.335414 -0.331544 -0.327867 -0.324617 -0.321915 -0.319782 -0.318171 -0.316999 -0.316197 -0.315032 -0.323734 
1.9 -10.2317 0.0708589 2 4 4 4 4 4 4 4 4 4 4 4 4 4 4 4 4 4 4 4 4 4 4 4 4 4 4 4 4 4 2 -0.323808 -0.315129 -0.316347 -0.317222 -0.318494 -0.320236 -0.322534 -0.325441 -0.328938 -0.332905 -0.337097 -0.341171 -0.344758 -0.347538 -0.349288 -0.349885 -0.349288 -0.347538 -0.344758 -0.341171 -0.337097 -0.332905 -0.328938 -0.325441 -0.322535 -0.320236 -0.318494 -0.317222 -0.316347 -0.315129 -0.323808 
2 -10.2686 0.074694 2 4 4 4 4 4 4 4 4 4 4 4 4 4 4 4 4 4 4 4 4 4 4 4 4 4 4 4 4 4 2 -0.323893 -0.315249 -0.316531 -0.317492 -0.318882 -0.320774 -0.323254 -0.326371 -0.330106 -0.334338 -0.338821 -0.343196 -0.347062 -0.350064 -0.351956 -0.352601 -0.351956 -0.350065 -0.347062 -0.343196 -0.338821 -0.334338 -0.330106 -0.326371 -0.323254 -0.320774 -0.318883 -0.317493 -0.316531 -0.315249 -0.323893 
2.1 -10.3076 0.0786574 2 4 4 4 4 4 4 4 4 4 4 4 4 4 4 4 4 4 4 4 4 4 4 4 4 4 4 4 4 4 2 -0.323994 -0.315391 -0.316749 -0.317815 -0.319346 -0.321415 -0.324104 -0.327452 -0.331429 -0.335909 -0.340648 -0.345284 -0.349395 -0.352599 -0.354621 -0.35531 -0.354621 -0.352599 -0.349396 -0.345284 -0.340648 -0.335909 -0.331429 -0.327452 -0.324105 -0.321415 -0.319346 -0.317815 -0.316749 -0.315391 -0.323993 
2.2 -10.3495 0.0828065 2 4 4 4 4 4 4 4 4 4 4 4 4 4 4 4 4 4 4 4 4 4 4 4 4 4 4 4 4 4 2 -0.324115 -0.315552 -0.316996 -0.318184 -0.319878 -0.322156 -0.325092 -0.328706 -0.332945 -0.33767 -0.342639 -0.347493 -0.351807 -0.355179 -0.357312 -0.35804 -0.357312 -0.355179 -0.351807 -0.347493 -0.342639 -0.33767 -0.332945 -0.328706 -0.325092 -0.322156 -0.319878 -0.318184 -0.316996 -0.315552 -0.324113 
2.3 -10.3946 0.0872168 2 4 4 4 4 4 4 4 4 4 4 4 4 4 4 4 4 4 4 4 4 4 4 4 4 4 4 4 4 4 2 -0.324255 -0.315722 -0.317264 -0.318586 -0.320465 -0.322981 -0.326203 -0.330127 -0.334666 -0.339652 -0.344835 -0.349871 -0.354344 -0.357847 -0.360067 -0.360825 -0.360067 -0.357847 -0.354344 -0.349871 -0.344835 -0.339652 -0.334666 -0.330127 -0.326203 -0.322981 -0.320465 -0.318586 -0.317264 -0.315723 -0.324253 
2.4 -10.443 0.0919688 2 4 4 4 4 4 4 4 4 4 4 4 4 4 4 4 4 4 4 4 4 4 4 4 4 4 4 4 4 4 2 -0.324413 -0.315899 -0.317545 -0.31901 -0.321087 -0.323866 -0.327411 -0.331692 -0.336579 -0.341857 -0.347258 -0.352451 -0.357043 -0.360638 -0.36292 -0.3637 -0.36292 -0.360638 -0.357043 -0.352451 -0.347258 -0.341857 -0.336579 -0.331692 -0.327411 -0.323866 -0.321087 -0.31901 -0.317545 -0.315899 -0.324411 
2.5 -10.4947 0.0971355 2 4 4 4 4 4 4 4 4 4 4 4 4 4 4 4 4 4 4 4 4 4 4 4 4 4 4 4 4 4 2 -0.324583 -0.316081 -0.317837 -0.31945 -0.321736 -0.324793 -0.328688 -0.333368 -0.338652 -0.344267 -0.349905 -0.355243 -0.359924 -0.363577 -0.365895 -0.366688 -0.365895 -0.363577 -0.359924 -0.355243 -0.349905 -0.344267 -0.338653 -0.333368 -0.328688 -0.324794 -0.321736 -0.31945 -0.317837 -0.316081 -0.324581 
2.6 -10.5493 0.102775 2 4 4 4 4 4 4 4 4 4 4 4 4 4 4 4 4 4 4 4 4 4 4 4 4 4 4 4 4 4 2 -0.324763 -0.316274 -0.318145 -0.319911 -0.322412 -0.325758 -0.330018 -0.335126 -0.340852 -0.346848 -0.352752 -0.358238 -0.362987 -0.36667 -0.369003 -0.369801 -0.369003 -0.36667 -0.362987 -0.358238 -0.352752 -0.346848 -0.340852 -0.335126 -0.330018 -0.325758 -0.322412 -0.319912 -0.318145 -0.316274 -0.324762 
2.7 -10.6067 0.108924 2 4 4 4 4 4 4 4 4 4 4 4 4 4 5 5 5 4 4 4 4 4 4 4 4 4 4 4 4 4 2 -0.324953 -0.316488 -0.318482 -0.320409 -0.323132 -0.32677 -0.331402 -0.336952 -0.343147 -0.349563 -0.355766 -0.361412 -0.366218 -0.369911 -0.372239 -0.373035 -0.372239 -0.369911 -0.366218 -0.361412 -0.355766 -0.349563 -0.343147 -0.336952 -0.331402 -0.32677 -0.323132 -0.320409 -0.318482 -0.316488 -0.324952 
2.8 -10.6667 0.115599 2 4 4 4 4 4 4 4 4 4 4 4 4 5 5 5 5 5 4 4 4 4 4 4 4 4 4 4 4 4 2 -0.325155 -0.316733 -0.31886 -0.320962 -0.323917 -0.327854 -0.332856 -0.338845 -0.345518 -0.352377 -0.358907 -0.364728 -0.36959 -0.373278 -0.375588 -0.376376 -0.375588 -0.373278 -0.36959 -0.364728 -0.358907 -0.352377 -0.345518 -0.338845 -0.332856 -0.327854 -0.323917 -0.320962 -0.31886 -0.316733 -0.325155 
2.9 -10.7291 0.122796 2 4 4 4 4 4 4 4 4 4 4 4 5 5 5 5 5 5 5 4 4 4 4 4 4 4 4 4 4 4 2 -0.325376 -0.317016 -0.319291 -0.321586 -0.324792 -0.329037 -0.334406 -0.340821 -0.34796 -0.355266 -0.362138 -0.368149 -0.373068 -0.376742 -0.379024 -0.3798 -0.379024 -0.376742 -0.373068 -0.368149 -0.362138 -0.355266 -0.34796 -0.340821 -0.334406 -0.329038 -0.324792 -0.321586 -0.319291 -0.317016 -0.325376 
3 -10.7939 0.130496 2 4 4 4 4 4 4 4 4 4 4 5 5 5 5 5 5 5 5 5 4 4 4 4 4 4 4 4 4 4 2 -0.325624 -0.317337 -0.319779 -0.322292 -0.325774 -0.330346 -0.336083 -0.342903 -0.350479 -0.358214 -0.365427 -0.371634 -0.376613 -0.380269 -0.382516 -0.383276 -0.382516 -0.380269 -0.376613 -0.371634 -0.365427 -0.358214 -0.350479 -0.342903 -0.336083 -0.330346 -0.325774 -0.322292 -0.319779 -0.317337 -0.325624 
3.1 -10.8606 0.138667 2 4 4 4 4 4 4 4 4 4 5 5 5 5 5 5 5 5 5 5 5 4 4 4 4 4 4 4 4 4 2 -0.325905 -0.317693 -0.320322 -0.32308 -0.326869 -0.331796 -0.33791 -0.345116 -0.353089 -0.361213 -0.36875 -0.375149 -0.380187 -0.383822 -0.386029 -0.386771 -0.386029 -0.383822 -0.380187 -0.375149 -0.36875 -0.361214 -0.353089 -0.345116 -0.33791 -0.331796 -0.326869 -0.32308 -0.320322 -0.317693 -0.325905 
3.2 -10.9292 0.147269 2 4 4 4 4 4 4 4 4 4 5 5 5 5 5 5 5 5 5 5 5 4 4 4 4 4 4 4 4 4 2 -0.326224 -0.31808 -0.320917 -0.323945 -0.328076 -0.333392 -0.339903 -0.347482 -0.355804 -0.364265 -0.372086 -0.378662 -0.383755 -0.387365 -0.389529 -0.390251 -0.389529 -0.387365 -0.383755 -0.378662 -0.372086 -0.364265 -0.355804 -0.347482 -0.339903 -0.333392 -0.328076 -0.323945 -0.320917 -0.31808 -0.326223 
3.3 -10.9993 0.156257 2 4 4 4 4 4 4 4 4 4 5 5 5 5 5 5 5 5 5 5 5 4 4 4 4 4 4 4 4 4 2 -0.326582 -0.318493 -0.321557 -0.32488 -0.329385 -0.335129 -0.342064 -0.350011 -0.358639 -0.367371 -0.375424 -0.382148 -0.387285 -0.390865 -0.392983 -0.393686 -0.392983 -0.390865 -0.387285 -0.382148 -0.375424 -0.367371 -0.358639 -0.350011 -0.342064 -0.335129 -0.329385 -0.32488 -0.321558 -0.318493 -0.32658 
3.4 -11.0706 0.165587 2 4 4 4 4 4 4 4 4 5 5 5 5 5 5 5 5 5 5 5 5 5 4 4 4 4 4 4 4 4 2 -0.326977 -0.318934 -0.322244 -0.325881 -0.330789 -0.336995 -0.344387 -0.352706 -0.3616 -0.370533 -0.378754 -0.385587 -0.390749 -0.394294 -0.396363 -0.397045 -0.396363 -0.394294 -0.390749 -0.385587 -0.378754 -0.370533 -0.3616 -0.352706 -0.344387 -0.336995 -0.330789 -0.325881 -0.322244 -0.318935 -0.326975 
3.5 -11.1429 0.175213 2 4 4 4 4 4 4 4 4 5 5 5 5 5 6 6 6 5 5 5 5 5 4 4 4 4 4 4 4 4 2 -0.327409 -0.319409 -0.32298 -0.326948 -0.33228 -0.338979 -0.346858 -0.355559 -0.364685 -0.373752 -0.382068 -0.388961 -0.394126 -0.397627 -0.399645 -0.400304 -0.399645 -0.397627 -0.394126 -0.388961 -0.382068 -0.373752 -0.364685 -0.355559 -0.346858 -0.33898 -0.33228 -0.326948 -0.32298 -0.31941 -0.327407 
3.6 -11.2158 0.185093 2 4 4 4 4 4 4 4 4 5 5 5 5 6 6 6 6 6 5 5 5 5 4 4 4 4 4 4 4 4 2 -0.327876 -0.319929 -0.323777 -0.328089 -0.333861 -0.341072 -0.349461 -0.358554 -0.367887 -0.377021 -0.385359 -0.392257 -0.397397 -0.400844 -0.402807 -0.403444 -0.402807 -0.400844 -0.397397 -0.392257 -0.385359 -0.377021 -0.367887 -0.358554 -0.349461 -0.341072 -0.333862 -0.328089 -0.323777 -0.319929 -0.327875 
3.7 -11.2893 0.195187 2 4 4 4 4 4 4 4 5 5 5 5 5 6 7 7 7 6 5 5 5 5 5 4 4 4 4 4 4 4 2 -0.328382 -0.320503 -0.324647 -0.329318 -0.33554 -0.343268 -0.352178 -0.361671 -0.371188 -0.380333 -0.388618 -0.395464 -0.400548 -0.403928 -0.405834 -0.406448 -0.405834 -0.403928 -0.400548 -0.395464 -0.388618 -0.380333 -0.371188 -0.361671 -0.352178 -0.343268 -0.33554 -0.329319 -0.324647 -0.320504 -0.328382 
3.8 -11.3631 0.205461 2 4 4 4 4 4 4 4 5 5 5 5 6 7 7 7 7 7 6 5 5 5 5 4 4 4 4 4 4 4 2 -0.328932 -0.321143 -0.325603 -0.330651 -0.337328 -0.34557 -0.354995 -0.364884 -0.374569 -0.383671 -0.391835 -0.398572 -0.403567 -0.406868 -0.408712 -0.409303 -0.408712 -0.406868 -0.403567 -0.398572 -0.391835 -0.383671 -0.374569 -0.364884 -0.354995 -0.34557 -0.337328 -0.330651 -0.325603 -0.321143 -0.328932 
3.9 -11.4371 0.215882 2 4 4 4 4 4 4 5 5 5 5 6 7 7 7 7 7 7 7 6 5 5 5 5 4 4 4 4 4 4 2 -0.329535 -0.321852 -0.326654 -0.332101 -0.339239 -0.347982 -0.357901 -0.368172 -0.378002 -0.387019 -0.395001 -0.401574 -0.406447 -0.409656 -0.411435 -0.412002 -0.411435 -0.409656 -0.406447 -0.401574 -0.395001 -0.387019 -0.378002 -0.368172 -0.357901 -0.347982 -0.33924 -0.332101 -0.326654 -0.321852 -0.329535 
4 -11.5113 0.226422 2 4 4 4 4 4 4 5 5 5 5 6 7 7 8 8 8 7 7 6 5 5 5 5 4 4 4 4 4 4 2 -0.330199 -0.322633 -0.327807 -0.333677 -0.341287 -0.350511 -0.360889 -0.37151 -0.381462 -0.390356 -0.398101 -0.404461 -0.409182 -0.412285 -0.413997 -0.414539 -0.413997 -0.412285 -0.409182 -0.404461 -0.398101 -0.390356 -0.381462 -0.37151 -0.360889 -0.350511 -0.341287 -0.333678 -0.327807 -0.322633 -0.330199 
4.1 -11.5853 0.237055 2 4 4 4 4 4 4 5 5 5 6 7 7 8 8 8 8 8 7 7 6 5 5 5 4 4 4 4 4 4 2 -0.330935 -0.323484 -0.329062 -0.335386 -0.343479 -0.353163 -0.363951 -0.374877 -0.384921 -0.393659 -0.401125 -0.407227 -0.411767 -0.414753 -0.416395 -0.416913 -0.416395 -0.414753 -0.411767 -0.407227 -0.401125 -0.393659 -0.384921 -0.374877 -0.363951 -0.353163 -0.343479 -0.335387 -0.329063 -0.323484 -0.330935 
4.2 -11.6591 0.24776 2 4 4 4 4 4 4 5 5 5 6 7 7 8 8 8 8 8 7 7 6 5 5 5 4 4 4 4 4 4 2 -0.331751 -0.324403 -0.33042 -0.337228 -0.345818 -0.355941 -0.367082 -0.378254 -0.388352 -0.396906 -0.404058 -0.409866 -0.414201 -0.41706 -0.418629 -0.419123 -0.418629 -0.41706 -0.414201 -0.409866 -0.404058 -0.396906 -0.388352 -0.378254 -0.367082 -0.355941 -0.345818 -0.337228 -0.330421 -0.324403 -0.33175 
4.3 -11.7324 0.258518 2 4 4 4 4 4 5 5 5 6 6 7 8 8 8 8 8 8 8 7 6 6 5 5 5 4 4 4 4 4 2 -0.332651 -0.325391 -0.33188 -0.339199 -0.348302 -0.358844 -0.370275 -0.381624 -0.391729 -0.400076 -0.406888 -0.412374 -0.416484 -0.419207 -0.420702 -0.421173 -0.420702 -0.419207 -0.416484 -0.412374 -0.406888 -0.400076 -0.391729 -0.381624 -0.370275 -0.358844 -0.348302 -0.339199 -0.33188 -0.325392 -0.33265 
4.4 -11.8052 0.269313 2 4 4 4 4 4 5 5 5 6 7 7 8 8 8 8 8 8 8 7 7 6 5 5 5 4 4 4 4 4 2 -0.333641 -0.326453 -0.333443 -0.341294 -0.350925 -0.361865 -0.373523 -0.384969 -0.395031 -0.403148 -0.409603 -0.414748 -0.418616 -0.421196 -0.422618 -0.423066 -0.422618 -0.421196 -0.418616 -0.414748 -0.409603 -0.403148 -0.395031 -0.384969 -0.373523 -0.361865 -0.350925 -0.341294 -0.333443 -0.326453 -0.33364 
4.5 -11.8773 0.280129 2 4 4 4 4 4 5 5 5 6 7 8 8 8 8 8 8 8 8 8 7 6 5 5 5 4 4 4 4 4 2 -0.334724 -0.327595 -0.335111 -0.343511 -0.353675 -0.364993 -0.376815 -0.388274 -0.398238 -0.406104 -0.412194 -0.416985 -0.4206 -0.423034 -0.424382 -0.424807 -0.424382 -0.423034 -0.4206 -0.416985 -0.412194 -0.406104 -0.398238 -0.388274 -0.376815 -0.364994 -0.353675 -0.343511 -0.335111 -0.327595 -0.334722 
4.6 -11.9485 0.290956 2 4 4 4 4 5 5 5 6 7 7 8 8 8 9 9 9 8 8 8 7 7 6 5 5 5 4 4 4 4 2 -0.335904 -0.328827 -0.336892 -0.345845 -0.356542 -0.368215 -0.380136 -0.391526 -0.401332 -0.408929 -0.414652 -0.419084 -0.422441 -0.424724 -0.426 -0.426404 -0.426 -0.424724 -0.422441 -0.419084 -0.414652 -0.408929 -0.401332 -0.391526 -0.380136 -0.368215 -0.356542 -0.345845 -0.336892 -0.328827 -0.335902 
4.7 -12.0188 0.301782 2 4 4 4 4 5 5 5 6 7 8 8 8 9 9 9 9 9 8 8 8 7 6 5 5 5 4 4 4 4 2 -0.337186 -0.330159 -0.338791 -0.348296 -0.359511 -0.37151 -0.383473 -0.394711 -0.4043 -0.41161 -0.41697 -0.421046 -0.424142 -0.426274 -0.42748 -0.427863 -0.42748 -0.426274 -0.424142 -0.421046 -0.41697 -0.411611 -0.4043 -0.394711 -0.383473 -0.371511 -0.359511 -0.348296 -0.338791 -0.330159 -0.337185 
4.8 -12.0881 0.312598 2 4 4 4 4 5 5 5 7 7 8 8 9 9 10 10 10 9 9 8 8 7 7 5 5 5 4 4 4 4 2 -0.338579 -0.331599 -0.340817 -0.350863 -0.362571 -0.374861 -0.386805 -0.397817 -0.407131 -0.41414 -0.419145 -0.422873 -0.42571 -0.427692 -0.428828 -0.429192 -0.428828 -0.427692 -0.42571 -0.422873 -0.419145 -0.41414 -0.407131 -0.397817 -0.386805 -0.374861 -0.362571 -0.350863 -0.340817 -0.331599 -0.338579 
4.9 -12.1562 0.323397 2 4 4 4 4 5 5 6 7 8 8 8 9 10 10 10 10 10 9 8 8 8 7 6 5 5 4 4 4 4 2 -0.340093 -0.333154 -0.342975 -0.353545 -0.365707 -0.378243 -0.390116 -0.400831 -0.409817 -0.416511 -0.421174 -0.424568 -0.427151 -0.428985 -0.430054 -0.4304 -0.430054 -0.428985 -0.427151 -0.424568 -0.421174 -0.416511 -0.409817 -0.400831 -0.390116 -0.378243 -0.365707 -0.353545 -0.342975 -0.333154 -0.340094 
5 -12.2233 0.334173 2 4 4 4 5 5 5 6 7 8 8 9 10 10 10 10 10 10 10 9 8 8 7 6 5 5 5 4 4 4 2 -0.34174 -0.334825 -0.345269 -0.35634 -0.368907 -0.381636 -0.393384 -0.403742 -0.412353 -0.41872 -0.423058 -0.426135 -0.428472 -0.430161 -0.431166 -0.431494 -0.431166 -0.430161 -0.428472 -0.426135 -0.423058 -0.41872 -0.412353 -0.403742 -0.393384 -0.381636 -0.368907 -0.35634 -0.345269 -0.334825 -0.34174 
5.1 -12.2892 0.344921 2 4 4 4 5 5 5 7 8 8 8 9 10 10 10 10 10 10 10 9 8 8 8 7 5 5 5 4 4 4 2 -0.343531 -0.336614 -0.347699 -0.359244 -0.372158 -0.385017 -0.39659 -0.40654 -0.414735 -0.420766 -0.424798 -0.427579 -0.429681 -0.431229 -0.432171 -0.432483 -0.432171 -0.431229 -0.429681 -0.427579 -0.424798 -0.420766 -0.414735 -0.40654 -0.39659 -0.385017 -0.372158 -0.359244 -0.3477 -0.336614 -0.343531 
5.2 -12.3538 0.355636 2 4 4 4 5 5 6 7 8 8 9 10 10 10 10 10 10 10 10 10 9 8 8 7 6 5 5 4 4 4 2 -0.34548 -0.338517 -0.350264 -0.362252 -0.375446 -0.388365 -0.399715 -0.409218 -0.416963 -0.422653 -0.426397 -0.428905 -0.430786 -0.432197 -0.433078 -0.433375 -0.433078 -0.432197 -0.430786 -0.428905 -0.426398 -0.422653 -0.416963 -0.409218 -0.399715 -0.388365 -0.375446 -0.362252 -0.350264 -0.338517 -0.34548 
5.3 -12.4172 0.366314 2 4 4 4 5 5 6 7 8 8 9 10 10 10 10 10 10 10 10 10 9 8 8 7 6 5 5 4 4 4 2 -0.347597 -0.340532 -0.352958 -0.365355 -0.378757 -0.39166 -0.402742 -0.411767 -0.419038 -0.424383 -0.427861 -0.43012 -0.431793 -0.433074 -0.433896 -0.434177 -0.433896 -0.433074 -0.431793 -0.43012 -0.427861 -0.424383 -0.419038 -0.411767 -0.402742 -0.39166 -0.378757 -0.365355 -0.352958 -0.340532 -0.347597 
5.4 -12.4793 0.376952 2 4 4 5 5 5 6 8 8 9 10 10 10 10 10 10 10 10 10 10 10 9 8 8 6 5 5 5 4 4 2 -0.349893 -0.342654 -0.355774 -0.36854 -0.382074 -0.394884 -0.405655 -0.414182 -0.420963 -0.425963 -0.429194 -0.431231 -0.432711 -0.433867 -0.434632 -0.434898 -0.434632 -0.433867 -0.432711 -0.431231 -0.429194 -0.425963 -0.420963 -0.414182 -0.405655 -0.394884 -0.382074 -0.36854 -0.355774 -0.342655 -0.349893 
5.5 -12.5401 0.387549 2 4 4 5 5 5 7 8 8 9 10 10 10 10 10 10 10 10 10 10 10 9 8 8 7 6 5 5 4 4 2 -0.352379 -0.344882 -0.358703 -0.371793 -0.385383 -0.39802 -0.40844 -0.416458 -0.422743 -0.427401 -0.430405 -0.432244 -0.433548 -0.434584 -0.435292 -0.435544 -0.435292 -0.434584 -0.433548 -0.432244 -0.430405 -0.427401 -0.422743 -0.416458 -0.40844 -0.39802 -0.385383 -0.371793 -0.358703 -0.344882 -0.352378 
5.6 -12.5995 0.398101 2 4 4 5 5 6 7 8 8 9 10 10 10 10 10 10 10 10 10 10 10 10 8 8 7 6 5 5 4 4 2 -0.355061 -0.347209 -0.361734 -0.375098 -0.388666 -0.401053 -0.411087 -0.418594 -0.424384 -0.428703 -0.431499 -0.433165 -0.434309 -0.435232 -0.435885 -0.436122 -0.435885 -0.435232 -0.434309 -0.433165 -0.431499 -0.428703 -0.424384 -0.418594 -0.411087 -0.401053 -0.388666 -0.375098 -0.361734 -0.34721 -0.35506 
5.7 -12.6575 0.408607 2 4 5 5 5 6 7 8 9 10 10 10 10 10 11 11 11 10 10 10 10 10 9 8 7 6 5 5 5 4 2 -0.357948 -0.349634 -0.364856 -0.378435 -0.391908 -0.403971 -0.413587 -0.420589 -0.425892 -0.429881 -0.432485 -0.434002 -0.435003 -0.435819 -0.436416 -0.436638 -0.436416 -0.435819 -0.435003 -0.434002 -0.432485 -0.42988 -0.425892 -0.420589 -0.413587 -0.403971 -0.391908 -0.378435 -0.364856 -0.349634 -0.357947 
5.8 -12.7141 0.419067 2 4 5 5 5 7 8 8 9 10 10 10 10 11 11 11 11 11 10 10 10 10 9 8 8 7 5 5 5 4 2 -0.361047 -0.352148 -0.368056 -0.381784 -0.395091 -0.406762 -0.415934 -0.422443 -0.427275 -0.430942 -0.433371 -0.434761 -0.435635 -0.43635 -0.436892 -0.437098 -0.436892 -0.43635 -0.435635 -0.434761 -0.433372 -0.430942 -0.427275 -0.422443 -0.415934 -0.406762 -0.395091 -0.381784 -0.368056 -0.352149 -0.361045 
5.9 -12.7693 0.429479 2 4 5 5 6 7 8 8 10 10 10 10 11 11 12 12 12 11 11 10 10 10 10 8 8 7 6 5 5 4 2 -0.364363 -0.354746 -0.371321 -0.385125 -0.398199 -0.409419 -0.418125 -0.424159 -0.428541 -0.431898 -0.434165 -0.435448 -0.436212 -0.436832 -0.437319 -0.437508 -0.437319 -0.436832 -0.436212 -0.435448 -0.434166 -0.431897 -0.428541 -0.424159 -0.418125 -0.40942 -0.398199 -0.385125 -0.371321 -0.354747 -0.364362 
6 -12.823 0.439843 2 4 5 5 6 7 8 9 10 10 10 10 11 12 12 12 12 12 11 10 10 10 10 9 8 7 6 5 5 4 2 -0.367904 -0.357418 -0.374636 -0.388437 -0.401218 -0.411936 -0.42016 -0.42574 -0.429697 -0.432757 -0.434875 -0.436069 -0.436737 -0.437269 -0.437701 -0.437873 -0.437701 -0.437269 -0.436737 -0.436069 -0.434875 -0.432757 -0.429697 -0.42574 -0.42016 -0.411936 -0.401218 -0.388437 -0.374636 -0.357418 -0.367903 
6.1 -12.8753 0.450158 2 4 5 5 6 8 8 9 10 10 10 11 12 12 12 13 12 12 12 11 10 10 10 9 8 8 6 5 5 4 2 -0.371674 -0.360151 -0.377986 -0.3917 -0.404133 -0.414308 -0.42204 -0.427191 -0.430753 -0.433529 -0.435508 -0.436629 -0.437217 -0.437667 -0.438043 -0.438197 -0.438043 -0.437667 -0.437217 -0.436629 -0.435508 -0.433529 -0.430753 -0.427191 -0.42204 -0.414308 -0.404133 -0.3917 -0.377986 -0.360151 -0.371674 
6.2 -12.9261 0.460425 2 4 5 5 7 8 8 10 10 10 10 11 12 13 14 14 14 13 12 11 10 10 10 10 8 8 7 5 5 4 2 -0.375678 -0.362929 -0.381356 -0.394895 -0.406932 -0.416532 -0.423768 -0.428518 -0.431716 -0.434224 -0.436072 -0.437134 -0.437656 -0.438029 -0.43835 -0.438485 -0.43835 -0.438029 -0.437656 -0.437134 -0.436072 -0.434224 -0.431716 -0.428518 -0.423768 -0.416532 -0.406932 -0.394895 -0.381356 -0.36293 -0.375678 
6.3 -12.9754 0.470644 2 4 5 6 7 8 9 10 10 10 11 12 13 14 14 14 14 14 12 12 11 10 10 10 9 8 7 6 5 4 2 -0.379918 -0.365736 -0.384729 -0.398005 -0.409604 -0.41861 -0.425349 -0.429726 -0.432594 -0.434849 -0.436574 -0.437587 -0.438056 -0.43836 -0.438626 -0.43874 -0.438626 -0.43836 -0.438056 -0.437587 -0.436574 -0.434849 -0.432594 -0.429726 -0.425349 -0.418609 -0.409605 -0.398005 -0.384729 -0.365736 -0.379919 
6.4 -13.0232 0.480815 2 4 5 6 7 8 9 10 10 10 11 12 14 14 15 15 15 14 14 12 11 10 10 10 9 8 7 6 5 4 2 -0.384396 -0.368551 -0.388089 -0.401012 -0.412142 -0.420541 -0.426791 -0.430823 -0.433393 -0.435414 -0.43702 -0.437993 -0.438422 -0.438663 -0.438874 -0.438967 -0.438874 -0.438663 -0.438422 -0.437993 -0.43702 -0.435414 -0.433393 -0.430823 -0.426792 -0.420541 -0.412142 -0.401012 -0.388089 -0.368551 -0.384397 
6.5 -13.0695 0.490939 2 4 5 6 8 8 9 10 10 11 12 13 14 15 15 15 15 15 14 13 12 11 10 10 9 8 8 6 5 4 2 -0.38911 -0.371349 -0.391421 -0.403902 -0.414538 -0.422331 -0.428101 -0.431816 -0.434122 -0.435924 -0.437417 -0.438357 -0.438756 -0.438941 -0.439098 -0.439169 -0.439098 -0.438941 -0.438756 -0.438357 -0.437417 -0.435924 -0.434122 -0.431816 -0.428102 -0.42233 -0.414539 -0.403902 -0.391421 -0.371349 -0.389111 
6.6 -13.1143 0.501017 2 4 5 7 8 8 10 10 10 11 12 14 15 15 15 16 15 15 15 14 12 11 10 10 10 8 8 7 5 4 2 -0.394058 -0.374108 -0.394709 -0.406663 -0.416789 -0.423982 -0.429288 -0.432712 -0.434785 -0.436387 -0.43777 -0.438681 -0.43906 -0.439196 -0.439301 -0.43935 -0.439301 -0.439196 -0.43906 -0.438681 -0.43777 -0.436387 -0.434785 -0.432712 -0.429288 -0.423981 -0.41679 -0.406663 -0.394709 -0.374108 -0.394059 
6.7 -13.1576 0.511049 2 4 6 7 8 9 10 10 10 12 13 14 15 16 17 17 17 16 15 14 13 12 10 10 10 9 8 7 6 4 2 -0.399233 -0.376801 -0.397939 -0.409284 -0.418892 -0.4255 -0.43036 -0.433519 -0.43539 -0.436808 -0.438085 -0.43897 -0.439337 -0.439431 -0.439485 -0.439511 -0.439485 -0.439431 -0.439337 -0.43897 -0.438085 -0.436808 -0.43539 -0.433519 -0.430361 -0.425499 -0.418893 -0.409284 -0.397939 -0.376801 -0.399233 
6.8 -13.1993 0.521036 2 4 7 7 8 9 10 10 11 12 14 15 16 17 17 17 17 17 16 15 14 12 11 10 10 9 8 7 7 4 2 -0.404626 -0.379402 -0.401098 -0.411757 -0.420848 -0.426891 -0.431328 -0.434244 -0.43594 -0.437194 -0.438366 -0.439227 -0.439589 -0.439648 -0.439653 -0.439657 -0.439653 -0.439648 -0.439589 -0.439227 -0.438366 -0.437193 -0.43594 -0.434244 -0.431328 -0.426891 -0.420848 -0.411757 -0.401098 -0.379402 -0.404627 
6.9 -13.2394 0.530978 2 4 7 8 8 10 10 10 11 12 14 15 17 17 17 17 17 17 17 15 14 12 11 10 10 10 8 8 7 4 2 -0.410228 -0.381884 -0.404173 -0.414076 -0.422658 -0.428163 -0.432199 -0.434894 -0.436441 -0.437547 -0.438618 -0.439454 -0.439817 -0.439847 -0.439808 -0.43979 -0.439808 -0.439847 -0.439817 -0.439454 -0.438618 -0.437547 -0.436442 -0.434894 -0.432199 -0.428163 -0.422658 -0.414076 -0.404173 -0.381884 -0.410228 
7 -13.2779 0.540877 2 4 7 8 8 10 10 10 12 14 15 17 17 17 19 19 19 17 17 17 15 14 12 10 10 10 8 8 7 4 2 -0.416023 -0.384221 -0.407155 -0.416236 -0.424325 -0.429323 -0.432984 -0.435476 -0.436898 -0.437872 -0.438845 -0.439654 -0.440023 -0.440031 -0.439951 -0.439911 -0.439951 -0.440031 -0.440023 -0.439654 -0.438845 -0.437872 -0.436898 -0.435476 -0.432984 -0.429323 -0.424326 -0.416237 -0.407155 -0.384221 -0.416024 
7.1 -13.3149 0.550731 2 4 8 8 9 10 10 11 12 14 15 17 17 19 19 19 19 19 17 17 15 14 12 11 10 10 9 8 8 4 2 -0.421996 -0.386389 -0.410036 -0.418236 -0.425856 -0.430379 -0.43369 -0.435996 -0.437313 -0.438173 -0.43905 -0.439831 -0.440208 -0.440201 -0.440083 -0.440024 -0.440083 -0.440201 -0.440208 -0.439831 -0.43905 -0.438173 -0.437314 -0.435996 -0.43369 -0.430379 -0.425856 -0.418237 -0.410036 -0.386388 -0.421996 
7.2 -13.3502 0.560541 2 4 8 8 9 10 10 11 13 14 17 17 19 19 19 19 19 19 19 17 17 14 13 11 10 10 9 8 8 4 2 -0.428128 -0.388363 -0.412809 -0.420076 -0.427255 -0.431337 -0.434327 -0.436461 -0.43769 -0.438452 -0.439237 -0.439986 -0.440373 -0.440357 -0.440207 -0.44013 -0.440207 -0.440357 -0.440373 -0.439987 -0.439237 -0.438452 -0.437691 -0.436461 -0.434327 -0.431337 -0.427255 -0.420077 -0.412809 -0.388363 -0.428128 
7.3 -13.384 0.570306 2 4 8 9 10 10 10 12 14 16 17 18 19 19 19 19 19 19 19 18 17 16 14 12 10 10 10 9 8 4 2 -0.434398 -0.390122 -0.41547 -0.421756 -0.428531 -0.432206 -0.434902 -0.436876 -0.438033 -0.438712 -0.439409 -0.440123 -0.440519 -0.440501 -0.440324 -0.440231 -0.440324 -0.440501 -0.440519 -0.440123 -0.439409 -0.438712 -0.438034 -0.436876 -0.434901 -0.432206 -0.42853 -0.421757 -0.41547 -0.390122 -0.434398 
7.4 -13.4161 0.580026 2 4 8 9 10 10 10 12 14 16 17 19 19 19 21 21 21 19 19 19 17 16 14 12 11 10 10 9 8 4 2 -0.440785 -0.391648 -0.418017 -0.423279 -0.429691 -0.432992 -0.435421 -0.437247 -0.438344 -0.438955 -0.439568 -0.440243 -0.440648 -0.440632 -0.440435 -0.440329 -0.440436 -0.440632 -0.440648 -0.440243 -0.439568 -0.438954 -0.438345 -0.437246 -0.435421 -0.432993 -0.42969 -0.42328 -0.418017 -0.391648 -0.440785 
7.5 -13.4467 0.589698 2 4 8 10 10 10 11 13 14 17 18 19 21 21 21 21 21 21 19 19 18 17 14 13 11 10 10 10 8 4 2 -0.447264 -0.392924 -0.420451 -0.424649 -0.430743 -0.433703 -0.435892 -0.437578 -0.438625 -0.439181 -0.439716 -0.440349 -0.440761 -0.440753 -0.440542 -0.440424 -0.440542 -0.440753 -0.440761 -0.440349 -0.439716 -0.43918 -0.438626 -0.437578 -0.435891 -0.433704 -0.430741 -0.424651 -0.420451 -0.392924 -0.447263 
7.6 -13.4756 0.599321 2 4 8 10 10 10 12 14 16 17 19 19 21 21 21 21 21 21 21 19 19 17 16 14 12 10 10 10 8 4 2 -0.45381 -0.393938 -0.422772 -0.425871 -0.431697 -0.434344 -0.43632 -0.437874 -0.43888 -0.439392 -0.439855 -0.440443 -0.440858 -0.440862 -0.440643 -0.440519 -0.440643 -0.440862 -0.440858 -0.440443 -0.439856 -0.439392 -0.438881 -0.437875 -0.436319 -0.434346 -0.431695 -0.425872 -0.422772 -0.393938 -0.453809 
7.7 -13.503 0.608893 2 4 8 10 10 10 12 14 16 17 19 20 21 21 22 22 22 21 21 20 19 17 17 14 12 10 10 10 8 4 2 -0.460398 -0.39468 -0.424985 -0.426949 -0.43256 -0.434922 -0.436711 -0.43814 -0.43911 -0.43959 -0.439988 -0.440526 -0.440941 -0.440961 -0.440742 -0.440613 -0.440742 -0.440961 -0.440941 -0.440526 -0.439988 -0.43959 -0.439111 -0.438141 -0.436709 -0.434924 -0.432557 -0.42695 -0.424985 -0.39468 -0.460397 
7.8 -13.5288 0.618412 2 4 8 10 10 11 12 14 17 19 19 21 21 22 22 22 22 22 21 21 19 19 17 14 12 11 10 10 8 4 2 -0.467003 -0.395144 -0.427095 -0.427889 -0.433341 -0.435441 -0.437068 -0.438379 -0.439318 -0.439775 -0.440114 -0.440601 -0.44101 -0.441049 -0.440837 -0.440709 -0.440837 -0.441049 -0.441011 -0.4406 -0.440114 -0.439775 -0.439318 -0.43838 -0.437066 -0.435444 -0.433339 -0.42789 -0.427095 -0.395144 -0.467002 
7.9 -13.5531 0.627874 2 4 8 10 10 11 14 16 17 19 20 21 22 22 22 23 22 22 22 21 20 19 17 16 14 11 10 10 8 4 2 -0.473598 -0.395328 -0.429107 -0.428697 -0.43405 -0.435907 -0.437396 -0.438595 -0.439504 -0.439948 -0.440235 -0.440668 -0.441068 -0.441129 -0.44093 -0.440805 -0.44093 -0.441128 -0.441069 -0.440668 -0.440235 -0.439947 -0.439505 -0.438596 -0.437394 -0.43591 -0.434047 -0.428698 -0.429107 -0.395328 -0.473598 
8 -13.5759 0.637277 2 4 8 10 10 12 14 16 18 20 21 22 22 23 23 23 23 23 22 22 21 20 18 16 14 12 10 10 8 4 2 -0.48016 -0.395234 -0.431028 -0.429378 -0.434692 -0.436324 -0.437698 -0.438791 -0.439673 -0.440109 -0.440352 -0.440731 -0.441116 -0.441199 -0.44102 -0.440902 -0.44102 -0.441199 -0.441117 -0.44073 -0.440352 -0.440108 -0.439673 -0.438792 -0.437696 -0.436327 -0.43469 -0.429379 -0.431028 -0.395235 -0.480159 
8.1 -13.5972 0.646616 2 4 8 10 10 12 14 17 19 20 21 22 23 23 23 23 23 23 23 22 21 20 19 17 14 12 10 10 8 4 2 -0.486663 -0.394868 -0.432867 -0.429938 -0.435277 -0.436696 -0.437977 -0.438969 -0.439824 -0.440258 -0.440465 -0.440789 -0.441155 -0.441261 -0.441108 -0.441001 -0.441108 -0.44126 -0.441155 -0.440788 -0.440465 -0.440258 -0.439824 -0.43897 -0.437975 -0.436699 -0.435275 -0.429939 -0.432867 -0.394868 -0.486662 
8.2 -13.6171 0.65589 2 4 8 10 11 13 15 17 19 21 22 22 23 23 23 24 23 23 23 22 22 21 19 17 15 13 11 10 8 4 2 -0.493085 -0.394237 -0.434631 -0.430381 -0.435811 -0.437026 -0.438236 -0.439132 -0.43996 -0.440396 -0.440574 -0.440843 -0.441185 -0.441314 -0.441194 -0.4411 -0.441194 -0.441314 -0.441186 -0.440843 -0.440574 -0.440397 -0.43996 -0.439134 -0.438234 -0.437029 -0.435809 -0.430382 -0.434631 -0.394238 -0.493085 
8.3 -13.6356 0.665094 2 4 8 10 12 14 16 17 20 21 22 23 23 24 25 25 25 24 23 23 22 21 20 18 16 14 12 10 8 4 2 -0.499405 -0.393354 -0.436329 -0.430713 -0.436301 -0.437317 -0.438477 -0.439283 -0.440083 -0.440524 -0.44068 -0.440896 -0.441209 -0.441361 -0.441278 -0.441201 -0.441278 -0.44136 -0.44121 -0.440895 -0.44068 -0.440524 -0.440082 -0.439284 -0.438475 -0.437319 -0.436299 -0.430713 -0.436329 -0.393355 -0.499404 
8.4 -13.6528 0.674224 2 4 8 11 12 14 17 19 20 21 22 23 24 25 25 25 25 25 24 23 22 22 20 19 17 14 12 11 8 4 2 -0.505602 -0.392234 -0.437969 -0.430938 -0.436752 -0.437571 -0.438701 -0.439422 -0.440194 -0.440641 -0.440782 -0.440947 -0.441228 -0.4414 -0.441359 -0.441302 -0.441359 -0.4414 -0.441229 -0.440946 -0.440782 -0.440642 -0.440193 -0.439424 -0.4387 -0.437573 -0.436751 -0.430938 -0.437969 -0.392235 -0.505601 
8.5 -13.6687 0.683277 2 4 8 11 12 14 17 19 21 22 23 23 25 26 26 26 26 26 25 23 23 22 21 19 17 14 12 11 8 4 2 -0.511658 -0.390893 -0.439559 -0.43106 -0.43717 -0.437791 -0.438911 -0.439553 -0.440295 -0.440748 -0.44088 -0.440997 -0.441243 -0.441434 -0.441438 -0.441403 -0.441438 -0.441434 -0.441244 -0.440997 -0.44088 -0.440749 -0.440293 -0.439555 -0.43891 -0.437792 -0.437169 -0.431059 -0.439559 -0.390894 -0.511657 
8.6 -13.6833 0.69225 2 4 8 11 14 16 17 20 21 22 23 25 25 26 27 27 27 26 25 25 23 22 21 20 17 16 14 11 8 4 2 -0.517558 -0.389352 -0.441106 -0.431081 -0.43756 -0.437978 -0.439107 -0.439675 -0.440387 -0.440845 -0.440974 -0.441048 -0.441256 -0.441463 -0.441514 -0.441502 -0.441515 -0.441463 -0.441257 -0.441047 -0.440974 -0.440847 -0.440384 -0.439677 -0.439106 -0.437979 -0.43756 -0.43108 -0.441107 -0.389352 -0.517557 
8.7 -13.6968 0.701139 2 4 8 11 14 16 19 20 21 23 23 25 26 27 27 28 27 27 26 25 23 23 22 20 19 16 15 11 8 4 2 -0.523287 -0.38763 -0.442619 -0.431006 -0.437927 -0.438134 -0.439291 -0.439791 -0.44047 -0.440933 -0.441063 -0.441098 -0.441267 -0.441488 -0.441588 -0.4416 -0.441588 -0.441488 -0.441268 -0.441096 -0.441063 -0.440935 -0.440468 -0.439793 -0.43929 -0.438134 -0.437927 -0.431005 -0.44262 -0.38763 -0.523287 
8.8 -13.7091 0.70994 2 4 8 13 15 17 19 21 22 23 25 26 27 28 29 30 29 28 27 26 25 23 22 21 19 17 15 13 8 4 2 -0.528834 -0.38575 -0.444104 -0.430837 -0.438273 -0.43826 -0.439463 -0.4399 -0.440548 -0.441012 -0.441148 -0.441148 -0.441278 -0.44151 -0.441657 -0.441696 -0.441658 -0.441509 -0.44128 -0.441147 -0.441148 -0.441014 -0.440545 -0.439902 -0.439463 -0.43826 -0.438274 -0.430835 -0.444105 -0.38575 -0.528834 
8.9 -13.7204 0.718651 2 4 8 13 16 17 19 21 22 23 25 26 28 30 31 31 31 30 28 26 25 23 22 21 19 17 16 13 8 4 2 -0.534189 -0.383734 -0.445567 -0.430577 -0.438603 -0.438358 -0.439625 -0.440004 -0.440619 -0.441082 -0.441227 -0.441198 -0.441291 -0.441529 -0.441724 -0.441788 -0.441724 -0.441529 -0.441292 -0.441197 -0.441227 -0.441084 -0.440616 -0.440006 -0.439625 -0.438356 -0.438605 -0.430575 -0.445567 -0.383735 -0.534188 
9 -13.7307 0.72727 2 4 8 13 16 19 20 21 23 24 26 27 29 31 31 32 31 31 29 27 26 25 23 22 20 19 16 13 8 4 2 -0.539343 -0.381607 -0.447013 -0.430229 -0.43892 -0.438427 -0.439777 -0.440102 -0.440687 -0.441144 -0.441301 -0.441249 -0.441305 -0.441547 -0.441786 -0.441875 -0.441787 -0.441547 -0.441306 -0.441248 -0.4413 -0.441147 -0.440683 -0.440105 -0.439777 -0.438425 -0.438923 -0.430227 -0.447014 -0.381607 -0.539343 
9.1 -13.7401 0.735794 2 4 8 13 17 19 20 22 23 25 26 29 31 32 32 32 32 32 31 29 26 25 23 22 20 19 17 13 8 4 2 -0.544292 -0.37939 -0.448447 -0.429795 -0.439226 -0.438468 -0.439919 -0.440196 -0.44075 -0.441199 -0.441369 -0.4413 -0.441322 -0.441565 -0.441845 -0.441958 -0.441845 -0.441564 -0.441323 -0.441299 -0.441368 -0.441202 -0.440746 -0.440198 -0.439919 -0.438466 -0.439229 -0.429793 -0.448448 -0.379391 -0.544291 
9.2 -13.7486 0.744221 2 4 8 14 18 19 21 22 24 26 27 31 32 32 32 32 32 32 32 31 27 26 24 22 21 19 18 14 8 4 2 -0.549029 -0.377108 -0.449874 -0.429279 -0.439524 -0.438482 -0.440052 -0.440284 -0.44081 -0.441247 -0.44143 -0.441351 -0.441342 -0.441583 -0.441899 -0.442034 -0.4419 -0.441582 -0.441343 -0.44135 -0.44143 -0.44125 -0.440807 -0.440286 -0.440053 -0.43848 -0.439527 -0.429276 -0.449874 -0.377108 -0.549029 
9.3 -13.7563 0.75255 2 4 8 14 18 21 21 23 25 26 29 31 32 33 34 34 34 33 32 31 29 26 25 23 21 21 18 14 8 4 2 -0.553555 -0.374781 -0.451296 -0.428683 -0.439815 -0.438469 -0.440176 -0.440367 -0.440868 -0.441289 -0.441486 -0.441401 -0.441367 -0.441602 -0.441949 -0.442104 -0.44195 -0.441602 -0.441368 -0.4414 -0.441485 -0.441292 -0.440865 -0.440369 -0.440177 -0.438466 -0.439819 -0.42868 -0.451296 -0.374781 -0.553555 
9.4 -13.7632 0.76078 2 4 8 14 18 21 21 23 25 27 31 32 32 35 35 35 35 35 32 32 31 27 26 23 21 21 18 14 8 4 2 -0.557866 -0.372431 -0.452716 -0.42801 -0.440101 -0.438429 -0.440292 -0.440445 -0.440925 -0.441326 -0.441535 -0.441451 -0.441395 -0.441623 -0.441995 -0.442166 -0.441995 -0.441623 -0.441396 -0.44145 -0.441535 -0.441328 -0.440921 -0.440447 -0.440293 -0.438426 -0.440105 -0.428007 -0.452716 -0.372431 -0.557866 
9.5 -13.7695 0.768911 2 4 8 15 19 21 23 24 26 29 31 32 34 35 35 35 35 35 34 32 31 29 26 23 23 21 19 15 8 4 2 -0.561964 -0.370078 -0.454136 -0.427265 -0.440383 -0.438362 -0.4404 -0.440516 -0.440979 -0.441357 -0.441579 -0.4415 -0.441429 -0.441647 -0.442036 -0.44222 -0.442036 -0.441647 -0.44143 -0.4415 -0.441578 -0.441359 -0.440976 -0.440518 -0.440401 -0.438359 -0.440387 -0.427263 -0.454137 -0.370078 -0.561964 
9.6 -13.7751 0.776943 2 4 8 15 19 22 23 25 26 30 32 33 35 35 37 38 37 35 35 33 32 30 26 25 23 22 19 15 8 4 2 -0.565851 -0.36774 -0.455559 -0.426452 -0.440663 -0.438267 -0.4405 -0.440581 -0.441032 -0.441384 -0.441616 -0.441548 -0.441467 -0.441674 -0.442073 -0.442267 -0.442073 -0.441674 -0.441468 -0.441548 -0.441615 -0.441386 -0.44103 -0.440582 -0.4405 -0.438264 -0.440667 -0.426449 -0.455559 -0.36774 -0.565851 
9.7 -13.7801 0.784876 2 4 8 15 19 22 23 25 28 31 32 35 35 38 38 39 38 38 35 35 32 31 28 25 23 22 19 15 8 4 2 -0.569528 -0.365434 -0.456984 -0.425575 -0.440942 -0.438144 -0.440591 -0.440638 -0.441085 -0.441407 -0.441648 -0.441595 -0.441511 -0.441704 -0.442105 -0.442304 -0.442105 -0.441704 -0.44151 -0.441595 -0.441647 -0.441408 -0.441083 -0.440639 -0.440592 -0.438141 -0.440945 -0.425573 -0.456985 -0.365433 -0.569529 
9.8 -13.7846 0.792713 2 4 8 16 19 22 24 26 29 31 33 35 37 39 39 40 39 39 37 35 33 32 29 26 24 22 19 16 8 4 2 -0.573001 -0.363175 -0.458414 -0.424639 -0.441219 -0.437993 -0.440675 -0.440687 -0.441136 -0.441427 -0.441674 -0.44164 -0.441558 -0.441737 -0.442133 -0.442334 -0.442133 -0.441738 -0.441558 -0.441641 -0.441674 -0.441427 -0.441135 -0.440688 -0.440676 -0.437991 -0.441222 -0.424637 -0.458414 -0.363174 -0.573002 
9.9 -13.7885 0.800455 2 4 8 16 20 23 24 26 31 32 35 36 39 40 41 41 41 40 39 36 35 32 31 26 24 23 21 16 8 4 2 -0.576273 -0.360977 -0.459846 -0.42365 -0.441497 -0.437813 -0.440752 -0.440728 -0.441186 -0.441443 -0.441696 -0.441683 -0.44161 -0.441775 -0.442157 -0.442354 -0.442157 -0.441775 -0.441609 -0.441685 -0.441695 -0.441444 -0.441186 -0.440728 -0.440752 -0.437811 -0.441499 -0.423649 -0.459846 -0.360976 -0.576274 
10 -13.7921 0.808103 2 4 8 16 21 23 26 28 31 34 35 38 39 41 42 42 42 41 39 38 35 34 31 28 26 23 21 16 8 4 2 -0.579351 -0.35885 -0.461282 -0.422614 -0.441775 -0.437604 -0.44082 -0.440758 -0.441235 -0.441458 -0.441713 -0.441725 -0.441666 -0.441816 -0.442177 -0.442367 -0.442177 -0.441817 -0.441665 -0.441727 -0.441713 -0.441458 -0.441236 -0.440757 -0.440821 -0.437603 -0.441776 -0.422613 -0.461282 -0.358849 -0.579352 
10.1 -13.7952 0.815662 2 4 8 16 21 23 26 29 32 35 37 38 41 42 42 42 42 42 41 39 36 35 32 29 27 23 21 16 8 4 2 -0.582239 -0.356806 -0.462721 -0.421537 -0.442054 -0.437366 -0.440882 -0.440778 -0.441283 -0.44147 -0.441727 -0.441765 -0.441725 -0.44186 -0.442194 -0.442372 -0.442193 -0.441861 -0.441723 -0.441767 -0.441726 -0.44147 -0.441284 -0.440777 -0.440882 -0.437365 -0.442055 -0.421536 -0.462721 -0.356804 -0.58224 
10.2 -13.7979 0.823134 2 4 8 16 22 25 28 31 32 35 38 41 42 42 43 43 43 42 42 41 38 35 33 31 28 25 22 16 8 4 2 -0.584945 -0.354851 -0.464162 -0.420424 -0.442335 -0.437097 -0.440936 -0.440786 -0.441328 -0.441481 -0.441738 -0.441803 -0.441787 -0.441907 -0.442207 -0.44237 -0.442207 -0.441909 -0.441784 -0.441806 -0.441737 -0.44148 -0.441331 -0.440784 -0.440936 -0.437097 -0.442335 -0.420424 -0.464162 -0.354849 -0.584946 
10.3 -13.8004 0.830523 2 4 8 16 22 25 29 31 34 36 39 41 42 44 45 44 45 44 42 41 39 36 34 31 29 25 22 16 8 4 2 -0.587476 -0.352992 -0.465603 -0.419284 -0.442618 -0.436799 -0.440983 -0.440781 -0.441372 -0.44149 -0.441746 -0.441839 -0.44185 -0.441957 -0.442218 -0.442362 -0.442217 -0.441959 -0.441847 -0.441842 -0.441745 -0.441489 -0.441375 -0.440779 -0.440984 -0.436799 -0.442618 -0.419284 -0.465603 -0.35299 -0.587477 
10.4 -13.8025 0.837832 2 4 8 16 22 26 30 31 35 37 41 42 44 45 46 46 46 45 44 42 41 38 35 31 30 26 22 16 8 4 2 -0.589838 -0.351233 -0.467044 -0.418121 -0.442906 -0.436469 -0.441023 -0.440762 -0.441414 -0.441498 -0.441753 -0.441873 -0.441915 -0.442008 -0.442227 -0.442348 -0.442226 -0.442011 -0.441912 -0.441877 -0.441751 -0.441496 -0.441417 -0.44076 -0.441024 -0.43647 -0.442905 -0.418122 -0.467044 -0.351231 -0.589839 
10.5 -13.8044 0.845066 2 4 8 16 23 27 31 32 35 39 41 43 45 46 46 47 46 46 45 43 41 39 35 32 31 27 23 16 8 4 2 -0.59204 -0.349578 -0.468483 -0.416944 -0.443197 -0.436109 -0.441057 -0.440729 -0.441452 -0.441504 -0.441758 -0.441906 -0.44198 -0.442062 -0.442233 -0.44233 -0.442232 -0.442064 -0.441977 -0.44191 -0.441757 -0.441502 -0.441456 -0.440726 -0.441057 -0.43611 -0.443196 -0.416945 -0.468483 -0.349576 -0.592041 
10.6 -13.806 0.852228 2 4 8 16 23 27 32 34 37 40 42 45 46 47 49 49 49 47 46 45 42 40 37 34 32 27 23 16 8 4 2 -0.594088 -0.348027 -0.469919 -0.415758 -0.443495 -0.435719 -0.441084 -0.440679 -0.441488 -0.441509 -0.441763 -0.441937 -0.442045 -0.442115 -0.442239 -0.442308 -0.442238 -0.442118 -0.442041 -0.441941 -0.441762 -0.441507 -0.441492 -0.440676 -0.441085 -0.43572 -0.443493 -0.41576 -0.469918 -0.348025 -0.594089 
10.7 -13.8075 0.859323 2 4 8 16 23 28 33 35 38 41 43 46 47 49 49 49 49 49 47 46 44 41 38 35 33 28 23 16 8 4 2 -0.595992 -0.34658 -0.471349 -0.41457 -0.4438 -0.435298 -0.441105 -0.440613 -0.441519 -0.441512 -0.441769 -0.441966 -0.442109 -0.442169 -0.442243 -0.442284 -0.442242 -0.442171 -0.442105 -0.441971 -0.441767 -0.441511 -0.441523 -0.44061 -0.441106 -0.435299 -0.443798 -0.414572 -0.471349 -0.346578 -0.595993 
10.8 -13.8087 0.866355 2 4 8 16 24 29 34 36 39 41 45 46 49 50 50 50 50 50 49 46 45 41 39 36 34 29 24 16 8 4 2 -0.597759 -0.345236 -0.472774 -0.413385 -0.444113 -0.434846 -0.44112 -0.44053 -0.441547 -0.441514 -0.441775 -0.441995 -0.442171 -0.442221 -0.442246 -0.442259 -0.442245 -0.442224 -0.442166 -0.441999 -0.441773 -0.441513 -0.44155 -0.440527 -0.441121 -0.434848 -0.444111 -0.413387 -0.472773 -0.345235 -0.59776 
10.9 -13.8098 0.873329 2 4 8 16 25 29 34 37 40 43 46 48 50 51 52 53 52 51 50 48 46 43 40 37 34 29 25 16 8 4 2 -0.599398 -0.343993 -0.474191 -0.412209 -0.444437 -0.434365 -0.44113 -0.440427 -0.441569 -0.441514 -0.441782 -0.442022 -0.44223 -0.442272 -0.44225 -0.442234 -0.442249 -0.442275 -0.442226 -0.442026 -0.44178 -0.441513 -0.441572 -0.440424 -0.441131 -0.434366 -0.444435 -0.412212 -0.47419 -0.343991 -0.599398 
11 -13.8108 0.880247 2 4 8 16 25 30 35 38 41 44 46 50 51 52 54 54 54 52 51 50 47 45 41 39 35 30 25 16 8 4 2 -0.600916 -0.342845 -0.475599 -0.411047 -0.444774 -0.433855 -0.441135 -0.440306 -0.441586 -0.441512 -0.441791 -0.442048 -0.442285 -0.44232 -0.442253 -0.44221 -0.442252 -0.442323 -0.442281 -0.442052 -0.441789 -0.441511 -0.441589 -0.440303 -0.441136 -0.433856 -0.444771 -0.41105 -0.475598 -0.342844 -0.600917 
11.1 -13.8116 0.887114 2 4 8 16 25 31 37 41 42 46 48 50 53 54 54 55 54 54 53 50 48 46 42 41 37 31 25 16 8 4 2 -0.602323 -0.341789 -0.476997 -0.409904 -0.445125 -0.433317 -0.441135 -0.440164 -0.441598 -0.441507 -0.441802 -0.442073 -0.442337 -0.442366 -0.442257 -0.442189 -0.442256 -0.442368 -0.442333 -0.442077 -0.441799 -0.441507 -0.4416 -0.440161 -0.441137 -0.433318 -0.445122 -0.409907 -0.476996 -0.341788 -0.602323 
11.2 -13.8123 0.893933 2 4 8 16 26 32 37 41 44 47 50 51 54 56 56 57 56 56 54 51 50 47 44 41 37 32 26 16 8 4 2 -0.603625 -0.340819 -0.478384 -0.408784 -0.445492 -0.432751 -0.441132 -0.440001 -0.441603 -0.441499 -0.441814 -0.442097 -0.442384 -0.442408 -0.442261 -0.44217 -0.44226 -0.44241 -0.442381 -0.442101 -0.441812 -0.441499 -0.441604 -0.439999 -0.441133 -0.432752 -0.445489 -0.408787 -0.478383 -0.340819 -0.603625 
11.3 -13.8129 0.900706 2 4 8 16 26 32 39 43 46 48 50 54 56 57 58 58 58 57 56 54 50 49 46 43 39 32 26 16 8 4 2 -0.604832 -0.339929 -0.479759 -0.40769 -0.445878 -0.43216 -0.441126 -0.439817 -0.441601 -0.441488 -0.441829 -0.442121 -0.442427 -0.442445 -0.442266 -0.442155 -0.442266 -0.442447 -0.442424 -0.442124 -0.441827 -0.441489 -0.441602 -0.439816 -0.441127 -0.432161 -0.445876 -0.407692 -0.479758 -0.339928 -0.604832 
11.4 -13.8134 0.907437 2 4 8 16 26 32 39 43 46 50 52 55 57 58 60 60 60 58 57 55 53 50 46 43 39 32 26 16 8 4 2 -0.605952 -0.339111 -0.48112 -0.406625 -0.446285 -0.431545 -0.441118 -0.439611 -0.441593 -0.441472 -0.441846 -0.442143 -0.442464 -0.442478 -0.442273 -0.442145 -0.442272 -0.44248 -0.442461 -0.442146 -0.441844 -0.441473 -0.441593 -0.43961 -0.441119 -0.431546 -0.446283 -0.406628 -0.48112 -0.339111 -0.605952 
11.5 -13.8139 0.914127 2 4 8 16 26 34 41 44 47 50 54 56 59 60 60 60 60 60 58 56 54 50 48 44 41 34 26 16 8 4 2 -0.606992 -0.33836 -0.482468 -0.405592 -0.446714 -0.430908 -0.441108 -0.439383 -0.441577 -0.441452 -0.441865 -0.442164 -0.442495 -0.442507 -0.442281 -0.442141 -0.44228 -0.442508 -0.442493 -0.442166 -0.441863 -0.441454 -0.441576 -0.439383 -0.441109 -0.430909 -0.446712 -0.405594 -0.482468 -0.33836 -0.606992 
11.6 -13.8143 0.920778 2 4 8 16 27 35 41 46 49 52 56 57 60 60 62 62 62 61 60 57 56 51 50 46 41 35 27 16 8 4 2 -0.607961 -0.337666 -0.483801 -0.404593 -0.447167 -0.430252 -0.441098 -0.439134 -0.441554 -0.441426 -0.441885 -0.442183 -0.442521 -0.44253 -0.44229 -0.442142 -0.442289 -0.442531 -0.44252 -0.442185 -0.441884 -0.441428 -0.441551 -0.439134 -0.441099 -0.430252 -0.447166 -0.404595 -0.483801 -0.337667 -0.60796 
11.7 -13.8146 0.927391 2 4 8 16 27 35 43 47 50 55 57 59 61 63 63 63 63 62 61 59 57 55 50 47 43 35 27 16 8 4 2 -0.608865 -0.337024 -0.485119 -0.403628 -0.447647 -0.429577 -0.441089 -0.438862 -0.441522 -0.441394 -0.441907 -0.442201 -0.442541 -0.442548 -0.4423 -0.442148 -0.4423 -0.442548 -0.44254 -0.442203 -0.441905 -0.441396 -0.441519 -0.438863 -0.441089 -0.429578 -0.447645 -0.40363 -0.485119 -0.337025 -0.608864 
11.8 -13.8149 0.933966 2 4 8 16 27 35 43 48 52 55 59 60 63 64 65 65 65 64 63 60 59 55 52 48 44 35 27 16 8 4 2 -0.609712 -0.336426 -0.486421 -0.4027 -0.448153 -0.428889 -0.441081 -0.438568 -0.441482 -0.441354 -0.441929 -0.442217 -0.442556 -0.44256 -0.442312 -0.442161 -0.442312 -0.442561 -0.442555 -0.442218 -0.441928 -0.441357 -0.441479 -0.43857 -0.441081 -0.428889 -0.448152 -0.402701 -0.486421 -0.336427 -0.609711 
11.9 -13.8151 0.940504 2 4 8 16 27 36 45 50 54 57 61 62 64 65 65 67 65 65 64 62 61 57 55 50 44 36 27 16 8 4 2 -0.610509 -0.335864 -0.487707 -0.401808 -0.448687 -0.428188 -0.441077 -0.438253 -0.441435 -0.441307 -0.441952 -0.442231 -0.442565 -0.442568 -0.442326 -0.442179 -0.442326 -0.442569 -0.442564 -0.442231 -0.441951 -0.44131 -0.441431 -0.438256 -0.441076 -0.428188 -0.448686 -0.401809 -0.487707 -0.335865 -0.610507 
12 -13.8153 0.947003 2 4 8 16 27 36 46 50 56 59 62 64 66 67 67 68 67 67 65 64 62 60 56 50 46 36 27 16 8 4 2 -0.611262 -0.335332 -0.488975 -0.400953 -0.44925 -0.427478 -0.441076 -0.437918 -0.441379 -0.441251 -0.441974 -0.442242 -0.442568 -0.442571 -0.442341 -0.442203 -0.442341 -0.442572 -0.442568 -0.442242 -0.441973 -0.441254 -0.441374 -0.437921 -0.441075 -0.427479 -0.449249 -0.400953 -0.488975 -0.335334 -0.61126 
12.1 -13.8155 0.953465 2 4 8 16 27 37 47 53 56 60 63 65 66 68 69 70 69 69 66 65 63 61 56 53 47 37 27 16 8 4 2 -0.611978 -0.334823 -0.490225 -0.400134 -0.449842 -0.426763 -0.441081 -0.437562 -0.441315 -0.441185 -0.441995 -0.442249 -0.442566 -0.44257 -0.442357 -0.442232 -0.442357 -0.44257 -0.442567 -0.442249 -0.441994 -0.441188 -0.44131 -0.437566 -0.44108 -0.426764 -0.449841 -0.400134 -0.490225 -0.334825 -0.611976 
12.2 -13.8157 0.959886 2 4 8 16 27 37 47 55 58 62 64 67 68 71 71 71 71 70 68 67 64 62 59 55 47 37 27 16 8 4 2 -0.612662 -0.334332 -0.491456 -0.399351 -0.450462 -0.426045 -0.441093 -0.437188 -0.441243 -0.441108 -0.442013 -0.442253 -0.44256 -0.442565 -0.442375 -0.442265 -0.442375 -0.442565 -0.44256 -0.442252 -0.442013 -0.441111 -0.441238 -0.437191 -0.441091 -0.426046 -0.450462 -0.39935 -0.491456 -0.334335 -0.61266 
12.3 -13.8158 0.966267 2 4 8 16 28 37 48 56 60 64 66 68 70 72 72 72 72 72 69 68 66 64 60 56 48 37 28 16 8 4 2 -0.61332 -0.333853 -0.492667 -0.398602 -0.451111 -0.425329 -0.441113 -0.436795 -0.441164 -0.44102 -0.442029 -0.442252 -0.442549 -0.442555 -0.442394 -0.442302 -0.442393 -0.442556 -0.44255 -0.442251 -0.442029 -0.441022 -0.441159 -0.436799 -0.441111 -0.425329 -0.451112 -0.398601 -0.492667 -0.333856 -0.613317 
12.4 -13.8159 0.972605 2 4 8 16 29 37 49 56 61 64 67 68 72 72 73 73 73 72 72 69 67 64 62 56 49 37 29 16 8 4 2 -0.613956 -0.333381 -0.493858 -0.397887 -0.451788 -0.424616 -0.441143 -0.436385 -0.441078 -0.440919 -0.442041 -0.442246 -0.442534 -0.442543 -0.442413 -0.442342 -0.442413 -0.442543 -0.442535 -0.442246 -0.44204 -0.440921 -0.441074 -0.436389 -0.441141 -0.424617 -0.451789 -0.397885 -0.493858 -0.333384 -0.613954 
12.5 -13.816 0.978899 2 4 8 16 29 39 50 59 63 66 68 72 73 74 75 75 75 74 73 72 68 67 63 58 51 39 29 16 8 4 2 -0.614575 -0.332913 -0.495028 -0.397204 -0.452492 -0.42391 -0.441185 -0.43596 -0.440986 -0.440804 -0.442048 -0.442234 -0.442516 -0.442528 -0.442434 -0.442384 -0.442433 -0.442529 -0.442516 -0.442234 -0.442047 -0.440806 -0.440982 -0.435964 -0.441182 -0.423911 -0.452493 -0.397202 -0.495028 -0.332916 -0.614573 
12.6 -13.8161 0.985147 2 4 8 16 29 39 51 60 64 68 69 74 75 76 77 77 78 76 75 73 70 68 64 60 51 39 29 16 8 4 2 -0.615181 -0.332444 -0.496175 -0.396551 -0.453221 -0.423213 -0.44124 -0.435521 -0.440888 -0.440675 -0.442049 -0.442216 -0.442494 -0.442512 -0.442455 -0.442427 -0.442454 -0.442512 -0.442494 -0.442216 -0.442048 -0.440677 -0.440885 -0.435525 -0.441237 -0.423215 -0.453222 -0.396549 -0.496175 -0.332447 -0.615179 
12.7 -13.8162 0.991347 2 4 8 16 29 39 51 61 65 70 72 75 76 79 79 79 79 79 75 75 73 70 65 61 51 39 29 16 8 4 2 -0.615778 -0.331971 -0.4973 -0.395926 -0.453974 -0.42253 -0.441311 -0.435069 -0.440786 -0.44053 -0.442043 -0.442192 -0.44247 -0.442493 -0.442476 -0.44247 -0.442476 -0.442493 -0.44247 -0.442192 -0.442043 -0.440532 -0.440784 -0.435072 -0.441308 -0.422531 -0.453975 -0.395924 -0.4973 -0.331974 -0.615775 
12.8 -13.8162 0.997497 2 4 8 16 29 40 52 62 67 72 74 75 78 80 81 81 81 80 78 76 74 73 67 62 52 39 29 16 8 4 2 -0.616368 -0.331493 -0.498402 -0.395328 -0.45475 -0.421861 -0.441398 -0.434606 -0.44068 -0.440369 -0.44203 -0.442159 -0.442443 -0.442473 -0.442497 -0.442513 -0.442497 -0.442473 -0.442443 -0.44216 -0.442029 -0.44037 -0.440679 -0.434609 -0.441395 -0.421863 -0.454751 -0.395326 -0.498401 -0.331496 -0.616365 
12.9 -13.8163 1.0036 2 4 8 16 30 40 53 63 68 74 75 78 80 81 83 83 83 81 80 78 76 74 68 63 53 40 30 16 8 4 2 -0.616953 -0.331007 -0.499479 -0.394753 -0.455546 -0.421209 -0.441504 -0.434134 -0.440573 -0.440191 -0.442008 -0.442119 -0.442414 -0.442452 -0.442518 -0.442555 -0.442518 -0.442453 -0.442414 -0.442119 -0.442007 -0.440192 -0.440572 -0.434136 -0.441501 -0.421211 -0.455547 -0.394751 -0.499478 -0.331011 -0.616951 
13 -13.8163 1.00964 2 4 8 16 30 41 53 65 70 74 77 80 82 83 84 84 84 83 82 80 78 74 70 65 53 40 30 16 8 4 2 -0.617537 -0.330513 -0.500532 -0.394199 -0.456361 -0.420576 -0.441631 -0.433654 -0.440464 -0.439996 -0.441977 -0.442069 -0.442383 -0.442431 -0.442538 -0.442594 -0.442538 -0.442432 -0.442383 -0.44207 -0.441976 -0.439997 -0.440464 -0.433656 -0.441628 -0.420578 -0.456362 -0.394198 -0.500531 -0.330516 -0.617535 
13.1 -13.8164 1.01564 2 4 8 16 30 41 53 65 71 76 80 82 83 85 86 86 86 85 83 82 81 76 71 65 53 41 30 16 8 4 2 -0.618121 -0.33001 -0.501561 -0.393664 -0.457193 -0.419964 -0.44178 -0.433169 -0.440355 -0.439783 -0.441936 -0.442011 -0.442351 -0.44241 -0.442558 -0.44263 -0.442557 -0.44241 -0.442351 -0.442012 -0.441934 -0.439783 -0.440356 -0.433169 -0.441778 -0.419965 -0.457194 -0.393663 -0.50156 -0.330013 -0.618119 
13.2 -13.8164 1.02158 2 4 8 16 30 41 53 66 72 77 81 83 85 87 88 88 87 87 85 83 81 77 72 66 53 41 30 16 8 4 2 -0.618705 -0.329497 -0.502566 -0.393144 -0.458039 -0.419372 -0.441954 -0.432679 -0.440249 -0.439551 -0.441883 -0.441943 -0.442318 -0.442389 -0.442576 -0.442663 -0.442576 -0.442389 -0.442318 -0.441944 -0.441882 -0.439552 -0.44025 -0.432679 -0.441952 -0.419373 -0.45804 -0.393143 -0.502564 -0.3295 -0.618703 
13.3 -13.8164 1.02746 2 4 8 16 30 41 54 68 74 80 82 85 88 88 89 90 89 88 87 85 82 80 74 68 54 41 30 16 8 4 2 -0.619292 -0.328974 -0.503547 -0.392637 -0.458898 -0.418803 -0.442153 -0.432186 -0.440145 -0.439301 -0.44182 -0.441864 -0.442284 -0.442367 -0.442592 -0.442692 -0.442592 -0.442367 -0.442284 -0.441865 -0.441818 -0.439302 -0.440147 -0.432186 -0.442152 -0.418803 -0.458899 -0.392637 -0.503545 -0.328977 -0.61929 
13.4 -13.8164 1.03329 2 4 8 16 30 41 55 69 76 81 85 87 89 91 93 92 92 91 90 87 85 81 76 69 55 41 30 16 8 4 2 -0.619881 -0.328443 -0.504504 -0.392139 -0.459768 -0.418255 -0.44238 -0.431693 -0.440046 -0.439033 -0.441745 -0.441775 -0.442248 -0.442346 -0.442607 -0.442716 -0.442607 -0.442346 -0.442249 -0.441776 -0.441743 -0.439033 -0.440048 -0.431692 -0.442379 -0.418256 -0.459768 -0.39214 -0.504502 -0.328446 -0.619879 
13.5 -13.8165 1.03906 2 4 8 16 30 41 55 69 77 83 87 89 92 93 94 95 94 93 92 89 87 83 77 69 55 41 30 16 8 4 2 -0.620473 -0.327904 -0.505439 -0.391648 -0.460647 -0.41773 -0.442635 -0.431201 -0.439954 -0.438747 -0.441658 -0.441675 -0.442212 -0.442325 -0.442619 -0.442735 -0.442619 -0.442324 -0.442212 -0.441675 -0.441656 -0.438747 -0.439956 -0.431199 -0.442635 -0.41773 -0.460647 -0.391649 -0.505436 -0.327906 -0.620472 
13.6 -13.8165 1.04478 2 4 8 16 30 41 55 69 79 84 88 91 94 95 96 96 95 95 94 91 89 84 79 69 55 41 30 16 8 4 2 -0.621068 -0.327357 -0.506352 -0.39116 -0.461532 -0.417227 -0.44292 -0.430712 -0.439869 -0.438443 -0.441559 -0.441563 -0.442174 -0.442303 -0.442628 -0.442748 -0.442628 -0.442302 -0.442175 -0.441563 -0.441557 -0.438443 -0.439871 -0.43071 -0.442921 -0.417226 -0.461532 -0.391162 -0.506349 -0.327359 -0.621067 
13.7 -13.8165 1.05045 2 4 8 16 30 41 55 70 80 86 90 93 96 96 98 98 98 96 96 93 90 86 80 70 55 42 30 16 8 4 2 -0.621665 -0.326804 -0.507245 -0.390673 -0.462423 -0.416744 -0.443237 -0.430227 -0.439793 -0.438122 -0.441448 -0.441439 -0.442135 -0.44228 -0.442634 -0.442756 -0.442635 -0.442279 -0.442136 -0.441439 -0.441447 -0.438122 -0.439795 -0.430224 -0.443237 -0.416744 -0.462423 -0.390676 -0.507241 -0.326806 -0.621664 
13.8 -13.8165 1.05606 2 4 8 16 30 42 56 71 82 88 93 95 97 98 100 100 100 98 97 95 93 87 82 70 56 42 30 16 8 4 2 -0.622265 -0.326246 -0.508119 -0.390184 -0.463318 -0.416282 -0.443584 -0.429747 -0.439727 -0.437785 -0.441326 -0.441303 -0.442093 -0.442256 -0.442637 -0.442759 -0.442638 -0.442255 -0.442095 -0.441303 -0.441325 -0.437784 -0.43973 -0.429745 -0.443586 -0.416281 -0.463317 -0.390188 -0.508115 -0.326248 -0.622264 
13.9 -13.8165 1.06162 2 4 8 16 30 42 56 71 83 90 95 96 100 101 102 103 102 101 100 96 95 90 83 71 56 42 30 16 8 4 2 -0.622866 -0.325685 -0.508975 -0.389691 -0.464214 -0.415839 -0.443964 -0.429276 -0.439674 -0.437432 -0.441192 -0.441155 -0.44205 -0.44223 -0.442637 -0.442755 -0.442638 -0.442229 -0.442052 -0.441154 -0.441192 -0.437432 -0.439676 -0.429273 -0.443966 -0.415838 -0.464213 -0.389695 -0.508971 -0.325686 -0.622866 
14 -13.8165 1.06714 2 4 8 16 30 42 56 73 84 92 96 100 102 104 104 105 104 104 102 100 97 92 84 73 56 42 30 16 8 4 2 -0.623468 -0.325121 -0.509816 -0.38919 -0.46511 -0.415414 -0.444375 -0.428812 -0.439634 -0.437066 -0.441049 -0.440994 -0.442004 -0.442202 -0.442633 -0.442745 -0.442633 -0.442201 -0.442006 -0.440992 -0.44105 -0.437066 -0.439636 -0.42881 -0.444377 -0.415413 -0.46511 -0.389195 -0.509812 -0.325122 -0.623468 
14.1 -13.8165 1.0726 2 4 8 16 30 42 56 73 86 94 99 102 104 106 106 106 106 106 105 103 99 94 86 73 56 42 30 16 8 4 2 -0.62407 -0.324556 -0.510643 -0.388681 -0.466006 -0.415006 -0.444818 -0.428359 -0.439609 -0.436688 -0.440896 -0.44082 -0.441955 -0.44217 -0.442624 -0.442729 -0.442625 -0.442169 -0.441957 -0.440818 -0.440897 -0.436687 -0.439611 -0.428357 -0.444821 -0.415004 -0.466005 -0.388686 -0.510638 -0.324556 -0.624071 
14.2 -13.8165 1.07802 2 4 8 16 30 42 57 73 87 95 101 105 106 108 108 108 108 108 106 105 102 95 87 74 57 42 30 16 8 4 2 -0.624671 -0.323991 -0.511457 -0.388162 -0.466898 -0.414612 -0.445293 -0.427918 -0.4396 -0.436298 -0.440735 -0.440634 -0.441903 -0.442135 -0.442611 -0.442707 -0.442612 -0.442133 -0.441905 -0.440631 -0.440737 -0.436297 -0.439602 -0.427915 -0.445296 -0.41461 -0.466897 -0.388167 -0.511453 -0.323991 -0.624672 
14.3 -13.8165 1.0834 2 4 8 16 30 42 57 75 88 98 103 106 108 111 111 110 111 109 108 106 103 98 88 74 57 42 30 16 8 4 2 -0.625271 -0.323428 -0.51226 -0.387631 -0.467786 -0.414231 -0.445798 -0.427488 -0.439608 -0.435899 -0.440568 -0.440434 -0.441846 -0.442094 -0.442594 -0.442679 -0.442595 -0.442093 -0.441848 -0.440431 -0.440571 -0.435897 -0.43961 -0.427485 -0.445801 -0.414228 -0.467785 -0.387636 -0.512256 -0.323427 -0.625272 
14.4 -13.8166 1.08875 2 4 8 16 30 42 57 75 89 99 106 108 111 113 114 114 114 114 111 108 106 99 89 75 57 42 30 16 8 4 2 -0.625867 -0.322867 -0.513054 -0.387087 -0.468668 -0.413861 -0.446332 -0.427071 -0.439634 -0.435492 -0.440395 -0.440221 -0.441785 -0.442048 -0.442572 -0.442644 -0.442573 -0.442046 -0.441787 -0.440217 -0.440398 -0.43549 -0.439636 -0.427069 -0.446335 -0.413858 -0.468667 -0.387092 -0.513051 -0.322865 -0.625869 
14.5 -13.8166 1.09405 2 4 8 16 30 42 57 76 90 101 107 111 112 116 116 116 116 116 112 111 106 100 90 76 57 42 30 16 8 4 2 -0.62646 -0.32231 -0.51384 -0.386531 -0.469544 -0.4135 -0.446894 -0.426668 -0.43968 -0.435078 -0.440219 -0.439995 -0.441718 -0.441994 -0.442545 -0.442604 -0.442546 -0.441993 -0.44172 -0.439991 -0.440223 -0.435076 -0.439682 -0.426666 -0.446897 -0.413498 -0.469543 -0.386536 -0.513837 -0.322307 -0.626461 
14.6 -13.8166 1.09933 2 4 8 16 30 42 57 76 91 103 109 115 115 117 116 116 116 116 114 115 110 103 91 77 57 42 30 16 8 4 2 -0.627047 -0.321757 -0.51462 -0.385962 -0.470411 -0.413147 -0.447482 -0.426279 -0.439746 -0.434661 -0.440041 -0.439756 -0.441645 -0.441933 -0.442513 -0.442557 -0.442514 -0.441932 -0.441647 -0.439752 -0.440046 -0.434658 -0.439748 -0.426277 -0.447485 -0.413145 -0.47041 -0.385966 -0.514618 -0.321755 -0.627049 
