time energy SvN bondDim localEnergy 
0 -11.7031 0.121066 2 4 8 8 8 8 8 8 8 8 8 8 8 8 8 8 8 8 8 8 8 8 8 8 8 8 8 8 8 4 2 -0.417645 -0.365824 -0.375785 -0.374222 -0.374519 -0.374477 -0.374497 -0.374517 -0.374559 -0.374636 -0.374783 -0.375055 -0.375582 -0.376483 -0.378733 -0.3805 -0.378733 -0.376483 -0.375582 -0.375055 -0.374783 -0.374636 -0.374559 -0.374517 -0.374497 -0.374477 -0.374519 -0.374222 -0.375785 -0.365824 -0.417645 
0.1 -11.7032 0.121116 2 4 8 7 8 8 8 8 8 8 8 8 8 8 8 8 8 8 8 8 8 8 8 8 8 8 8 7 8 4 2 -0.417645 -0.365824 -0.375785 -0.374222 -0.374519 -0.374477 -0.374497 -0.374518 -0.374559 -0.374637 -0.374784 -0.375058 -0.375588 -0.376494 -0.378754 -0.380528 -0.378754 -0.376494 -0.375588 -0.375058 -0.374784 -0.374637 -0.374559 -0.374518 -0.374497 -0.374477 -0.374519 -0.374222 -0.375785 -0.365824 -0.417645 
0.2 -11.7037 0.121317 2 4 8 7 8 8 8 8 8 8 8 8 8 8 8 8 8 8 8 8 8 8 8 8 8 8 8 7 8 4 2 -0.417645 -0.365824 -0.375785 -0.374222 -0.374519 -0.374477 -0.374498 -0.374519 -0.374561 -0.374641 -0.374791 -0.375071 -0.375611 -0.376536 -0.378837 -0.38064 -0.378837 -0.376536 -0.375611 -0.375071 -0.374791 -0.374641 -0.374561 -0.374519 -0.374498 -0.374477 -0.374519 -0.374222 -0.375785 -0.365824 -0.417645 
0.3 -11.7047 0.121764 2 4 8 7 8 8 8 8 8 8 8 8 8 8 8 8 8 8 8 8 8 8 8 8 8 8 8 7 8 4 2 -0.417645 -0.365824 -0.375785 -0.374222 -0.37452 -0.374478 -0.374499 -0.374521 -0.374566 -0.374649 -0.374807 -0.3751 -0.375664 -0.376631 -0.37902 -0.380885 -0.37902 -0.376631 -0.375664 -0.3751 -0.374807 -0.374649 -0.374566 -0.374521 -0.374499 -0.374478 -0.37452 -0.374222 -0.375785 -0.365824 -0.417645 
0.4 -11.7065 0.122534 2 4 8 7 8 8 8 8 8 8 8 8 8 8 8 8 8 8 8 8 8 8 8 8 8 8 8 7 8 4 2 -0.417645 -0.365824 -0.375785 -0.374222 -0.37452 -0.374479 -0.374501 -0.374525 -0.374573 -0.374663 -0.374833 -0.375149 -0.375755 -0.376793 -0.379332 -0.381303 -0.379332 -0.376793 -0.375755 -0.375149 -0.374833 -0.374663 -0.374573 -0.374525 -0.374501 -0.374479 -0.37452 -0.374222 -0.375785 -0.365824 -0.417645 
0.5 -11.7091 0.123687 2 4 8 7 8 8 8 8 8 8 8 8 8 8 8 8 8 8 8 8 8 8 8 8 8 8 8 7 8 4 2 -0.417645 -0.365824 -0.375786 -0.374223 -0.374521 -0.374481 -0.374505 -0.374531 -0.374585 -0.374685 -0.374873 -0.375223 -0.37589 -0.377034 -0.379794 -0.381922 -0.379794 -0.377034 -0.37589 -0.375223 -0.374873 -0.374685 -0.374585 -0.374531 -0.374505 -0.374481 -0.374521 -0.374223 -0.375786 -0.365824 -0.417645 
0.6 -11.7126 0.125256 2 4 8 7 8 8 8 8 8 8 8 8 8 8 8 8 8 8 8 8 8 8 8 8 8 8 8 7 8 4 2 -0.417645 -0.365824 -0.375786 -0.374223 -0.374523 -0.374483 -0.374509 -0.374539 -0.3746 -0.374713 -0.374927 -0.375323 -0.376074 -0.377359 -0.380416 -0.382756 -0.380416 -0.377359 -0.376074 -0.375323 -0.374927 -0.374713 -0.3746 -0.374539 -0.374509 -0.374483 -0.374523 -0.374223 -0.375786 -0.365824 -0.417645 
0.7 -11.7171 0.127247 2 4 8 7 8 8 8 8 8 8 8 8 8 8 8 8 8 8 8 8 8 8 8 8 8 8 8 7 8 4 2 -0.417645 -0.365825 -0.375786 -0.374224 -0.374524 -0.374486 -0.374514 -0.37455 -0.374619 -0.37475 -0.374995 -0.375449 -0.376305 -0.377766 -0.381194 -0.383802 -0.381194 -0.377766 -0.376305 -0.375449 -0.374995 -0.37475 -0.374619 -0.37455 -0.374514 -0.374486 -0.374524 -0.374224 -0.375786 -0.365825 -0.417645 
0.8 -11.7223 0.12964 2 4 8 7 8 8 8 8 8 8 8 8 8 8 8 8 8 8 8 8 8 8 8 8 8 8 8 7 8 4 2 -0.417646 -0.365825 -0.375787 -0.374225 -0.374526 -0.374489 -0.374521 -0.374562 -0.374643 -0.374793 -0.375077 -0.3756 -0.376581 -0.37825 -0.382117 -0.385046 -0.382117 -0.37825 -0.376581 -0.3756 -0.375077 -0.374793 -0.374643 -0.374562 -0.374521 -0.374489 -0.374526 -0.374225 -0.375787 -0.365825 -0.417645 
0.9 -11.7283 0.132397 2 4 8 7 8 8 8 8 8 8 8 8 8 8 8 8 8 8 8 8 8 8 8 8 8 8 8 7 8 4 2 -0.417646 -0.365825 -0.375788 -0.374226 -0.374528 -0.374493 -0.374528 -0.374576 -0.374669 -0.374843 -0.37517 -0.375773 -0.376897 -0.378801 -0.383164 -0.386464 -0.383164 -0.378801 -0.376897 -0.375773 -0.37517 -0.374843 -0.374669 -0.374576 -0.374528 -0.374493 -0.374528 -0.374226 -0.375788 -0.365825 -0.417646 
1 -11.7349 0.135463 2 4 8 7 8 8 8 8 8 8 8 8 8 8 7 7 7 8 8 8 8 8 8 8 8 8 8 7 8 4 2 -0.417646 -0.365825 -0.375788 -0.374227 -0.37453 -0.374498 -0.374537 -0.374592 -0.374699 -0.374899 -0.375273 -0.375964 -0.377246 -0.379404 -0.384311 -0.388024 -0.384311 -0.379404 -0.377246 -0.375964 -0.375273 -0.374899 -0.374699 -0.374592 -0.374537 -0.374498 -0.37453 -0.374227 -0.375788 -0.365826 -0.417646 
1.1 -11.7419 0.138775 2 4 8 7 8 8 8 8 8 8 8 8 8 8 7 7 7 8 8 8 8 8 8 8 8 8 8 7 8 4 2 -0.417647 -0.365826 -0.375789 -0.374229 -0.374533 -0.374503 -0.374546 -0.374609 -0.37473 -0.374958 -0.375384 -0.376168 -0.37762 -0.380046 -0.385528 -0.389691 -0.385528 -0.380046 -0.37762 -0.376168 -0.375384 -0.374958 -0.37473 -0.374609 -0.374546 -0.374503 -0.374533 -0.374229 -0.375789 -0.365826 -0.417646 
1.2 -11.7492 0.142271 2 4 8 7 8 8 8 8 8 8 8 8 8 8 7 7 7 8 8 8 8 8 8 8 8 8 8 7 8 4 2 -0.417647 -0.365826 -0.37579 -0.37423 -0.374535 -0.374507 -0.374555 -0.374626 -0.374764 -0.375021 -0.375501 -0.376382 -0.378012 -0.380714 -0.386788 -0.391431 -0.386789 -0.380714 -0.378012 -0.376382 -0.375501 -0.375021 -0.374764 -0.374626 -0.374555 -0.374507 -0.374535 -0.37423 -0.37579 -0.365826 -0.417647 
1.3 -11.7567 0.145893 2 4 8 7 8 8 8 8 8 8 8 8 8 8 7 7 7 8 8 8 8 8 8 8 8 8 8 7 8 4 2 -0.417647 -0.365826 -0.37579 -0.374232 -0.374538 -0.374513 -0.374565 -0.374645 -0.374798 -0.375085 -0.375621 -0.376604 -0.378416 -0.381397 -0.38807 -0.39321 -0.38807 -0.381397 -0.378416 -0.376604 -0.375621 -0.375085 -0.374798 -0.374645 -0.374565 -0.374513 -0.374538 -0.374232 -0.37579 -0.365826 -0.417647 
1.4 -11.7643 0.149595 2 4 8 7 8 8 8 8 8 8 8 8 8 8 7 7 7 8 8 8 8 8 8 8 8 8 8 7 8 4 2 -0.417648 -0.365827 -0.375791 -0.374233 -0.374541 -0.374518 -0.374575 -0.374663 -0.374833 -0.375152 -0.375745 -0.37683 -0.37883 -0.382089 -0.389353 -0.395004 -0.389353 -0.382089 -0.37883 -0.37683 -0.375745 -0.375152 -0.374833 -0.374663 -0.374575 -0.374518 -0.374541 -0.374233 -0.375791 -0.365827 -0.417648 
1.5 -11.7718 0.153343 2 4 8 7 8 8 8 8 8 8 8 8 8 8 7 7 7 8 8 8 8 8 8 8 8 8 8 7 8 4 2 -0.417648 -0.365827 -0.375792 -0.374234 -0.374544 -0.374523 -0.374585 -0.374683 -0.37487 -0.37522 -0.375872 -0.377061 -0.379251 -0.382788 -0.390626 -0.396793 -0.390626 -0.382788 -0.379252 -0.377061 -0.375872 -0.37522 -0.37487 -0.374683 -0.374585 -0.374523 -0.374544 -0.374234 -0.375792 -0.365827 -0.417648 
1.6 -11.7794 0.157121 2 4 8 7 8 8 8 8 8 8 8 8 8 8 7 7 7 8 8 8 8 8 8 8 8 8 8 7 8 4 2 -0.417649 -0.365827 -0.375793 -0.374236 -0.374547 -0.374529 -0.374595 -0.374703 -0.374907 -0.37529 -0.376002 -0.377298 -0.379683 -0.383494 -0.391885 -0.398565 -0.391885 -0.383494 -0.379683 -0.377298 -0.376002 -0.37529 -0.374907 -0.374703 -0.374595 -0.374529 -0.374547 -0.374236 -0.375793 -0.365827 -0.417649 
1.7 -11.7871 0.160928 2 4 8 7 8 8 8 8 8 8 8 8 8 8 7 7 7 8 8 8 8 8 8 8 8 8 8 7 8 4 2 -0.417649 -0.365827 -0.375794 -0.374238 -0.37455 -0.374535 -0.374607 -0.374724 -0.374947 -0.375364 -0.376139 -0.377545 -0.380128 -0.384216 -0.39313 -0.400316 -0.39313 -0.384216 -0.380128 -0.377545 -0.376139 -0.375364 -0.374947 -0.374724 -0.374607 -0.374535 -0.37455 -0.374238 -0.375794 -0.365827 -0.417649 
1.8 -11.7949 0.164777 2 4 8 7 8 8 8 8 8 8 8 8 8 8 7 7 7 8 8 8 8 8 8 8 8 8 8 7 8 4 2 -0.41765 -0.365828 -0.375795 -0.374239 -0.374553 -0.374541 -0.374618 -0.374746 -0.374989 -0.375442 -0.376284 -0.377805 -0.380595 -0.384963 -0.39437 -0.402047 -0.39437 -0.384963 -0.380595 -0.377805 -0.376284 -0.375442 -0.374989 -0.374746 -0.374619 -0.374541 -0.374553 -0.374239 -0.375795 -0.365828 -0.41765 
1.9 -11.8029 0.168695 2 4 8 7 8 8 8 8 8 8 8 8 8 8 7 7 7 8 8 8 8 8 8 8 8 8 8 7 8 4 2 -0.417651 -0.365828 -0.375796 -0.374241 -0.374557 -0.374548 -0.374631 -0.37477 -0.375035 -0.375527 -0.376441 -0.378085 -0.38109 -0.385746 -0.395615 -0.403764 -0.395615 -0.385746 -0.38109 -0.378085 -0.376441 -0.375527 -0.375035 -0.37477 -0.374631 -0.374548 -0.374557 -0.374241 -0.375796 -0.365828 -0.41765 
2 -11.8112 0.172718 2 4 8 7 8 8 8 8 8 8 8 8 8 8 7 7 7 8 8 8 8 8 8 8 8 8 8 7 8 4 2 -0.417651 -0.365829 -0.375797 -0.374243 -0.374561 -0.374556 -0.374646 -0.374797 -0.375085 -0.375621 -0.376613 -0.378391 -0.381624 -0.386579 -0.396878 -0.405475 -0.396878 -0.386579 -0.381624 -0.378391 -0.376613 -0.375621 -0.375085 -0.374797 -0.374646 -0.374556 -0.374561 -0.374243 -0.375797 -0.365829 -0.417651 
2.1 -11.82 0.176888 2 4 8 7 8 8 8 8 8 8 8 8 8 8 7 7 7 8 8 8 8 8 8 8 8 8 8 7 8 4 2 -0.417652 -0.365829 -0.375798 -0.374246 -0.374565 -0.374564 -0.374662 -0.374828 -0.375142 -0.375726 -0.376805 -0.378729 -0.382205 -0.387476 -0.398173 -0.40719 -0.398173 -0.387476 -0.382205 -0.378729 -0.376805 -0.375726 -0.375142 -0.374828 -0.374662 -0.374564 -0.374565 -0.374246 -0.375798 -0.365829 -0.417652 
2.2 -11.8293 0.18125 2 4 8 7 8 8 8 8 8 8 8 8 8 8 7 7 7 8 8 8 8 8 8 8 8 8 8 7 8 4 2 -0.417653 -0.36583 -0.3758 -0.374249 -0.374571 -0.374574 -0.37468 -0.374862 -0.375206 -0.375845 -0.377021 -0.379106 -0.382844 -0.388448 -0.399514 -0.408918 -0.399514 -0.388448 -0.382844 -0.379106 -0.377021 -0.375845 -0.375206 -0.374862 -0.37468 -0.374574 -0.374571 -0.374249 -0.3758 -0.36583 -0.417653 
2.3 -11.8393 0.185847 2 4 8 7 8 8 8 8 8 8 8 8 8 8 7 7 7 8 8 8 8 8 8 8 8 8 8 7 8 4 2 -0.417653 -0.365831 -0.375802 -0.374252 -0.374577 -0.374585 -0.374701 -0.374901 -0.375279 -0.375979 -0.377265 -0.379528 -0.383546 -0.389503 -0.40091 -0.410667 -0.40091 -0.389503 -0.383546 -0.379528 -0.377265 -0.375979 -0.375279 -0.374901 -0.374701 -0.374585 -0.374577 -0.374252 -0.375802 -0.365831 -0.417653 
2.4 -11.85 0.19072 2 4 8 7 8 8 8 8 8 8 8 8 8 8 7 7 7 8 8 8 8 8 8 8 8 8 8 7 8 4 2 -0.417654 -0.365832 -0.375804 -0.374255 -0.374583 -0.374598 -0.374725 -0.374946 -0.375362 -0.376131 -0.377539 -0.380001 -0.38432 -0.390649 -0.402371 -0.412441 -0.402371 -0.390649 -0.38432 -0.380001 -0.377539 -0.376131 -0.375362 -0.374946 -0.374725 -0.374598 -0.374583 -0.374255 -0.375804 -0.365832 -0.417654 
2.5 -11.8614 0.195902 2 4 8 7 8 8 8 8 8 8 8 8 8 8 7 7 7 8 8 8 8 8 8 8 8 8 8 7 8 4 2 -0.417655 -0.365833 -0.375806 -0.374259 -0.374591 -0.374612 -0.374752 -0.374996 -0.375456 -0.376303 -0.377848 -0.380528 -0.385168 -0.391889 -0.403899 -0.414243 -0.403899 -0.391889 -0.385168 -0.380528 -0.377848 -0.376303 -0.375456 -0.374996 -0.374752 -0.374612 -0.374591 -0.374259 -0.375806 -0.365833 -0.417655 
2.6 -11.8737 0.201418 2 4 8 7 8 8 8 8 8 8 8 8 8 8 7 7 7 8 8 8 8 8 8 8 8 8 8 7 8 4 2 -0.417656 -0.365834 -0.375808 -0.374264 -0.374599 -0.374628 -0.374782 -0.375053 -0.375561 -0.376496 -0.378192 -0.381113 -0.386093 -0.393221 -0.405496 -0.41607 -0.405496 -0.393221 -0.386093 -0.381113 -0.378192 -0.376496 -0.375561 -0.375053 -0.374782 -0.374628 -0.374599 -0.374264 -0.375808 -0.365834 -0.417656 
2.7 -11.8867 0.207284 2 4 8 7 8 8 8 8 8 8 8 8 8 8 7 7 7 8 8 8 8 8 8 8 8 8 8 7 8 4 2 -0.417658 -0.365835 -0.375811 -0.374269 -0.374609 -0.374646 -0.374816 -0.375116 -0.375679 -0.376711 -0.378574 -0.381756 -0.387095 -0.394643 -0.407156 -0.417918 -0.407156 -0.394643 -0.387095 -0.381756 -0.378574 -0.376711 -0.375679 -0.375116 -0.374816 -0.374646 -0.374609 -0.374269 -0.375811 -0.365835 -0.417658 
2.8 -11.9004 0.213505 2 4 8 7 8 8 8 8 8 8 8 8 8 8 7 7 7 8 8 8 8 8 8 8 8 8 8 7 8 4 2 -0.417659 -0.365836 -0.375814 -0.374274 -0.37462 -0.374666 -0.374854 -0.375187 -0.37581 -0.376949 -0.378994 -0.382459 -0.388172 -0.396148 -0.408874 -0.419779 -0.408874 -0.396148 -0.388172 -0.382459 -0.378995 -0.376949 -0.37581 -0.375187 -0.374854 -0.374666 -0.37462 -0.374274 -0.375814 -0.365836 -0.417659 
2.9 -11.9149 0.220074 2 4 8 7 8 8 8 8 8 8 8 8 8 8 7 7 7 8 8 8 8 8 8 8 8 8 8 7 8 4 2 -0.417661 -0.365838 -0.375818 -0.374281 -0.374632 -0.374689 -0.374896 -0.375266 -0.375955 -0.377212 -0.379455 -0.383222 -0.389322 -0.397727 -0.410639 -0.421643 -0.410639 -0.397727 -0.389322 -0.383222 -0.379455 -0.377212 -0.375955 -0.375266 -0.374896 -0.374689 -0.374632 -0.374281 -0.375818 -0.365838 -0.41766 
3 -11.9299 0.226978 2 4 8 7 8 8 8 8 8 8 8 8 8 7 6 6 6 7 8 8 8 8 8 8 8 8 8 7 8 4 2 -0.417662 -0.365839 -0.375821 -0.374288 -0.374645 -0.374713 -0.374942 -0.375352 -0.376114 -0.377499 -0.379955 -0.384043 -0.390541 -0.399371 -0.41244 -0.423497 -0.41244 -0.399371 -0.390541 -0.384043 -0.379955 -0.377499 -0.376114 -0.375352 -0.374942 -0.374713 -0.374645 -0.374288 -0.375821 -0.365839 -0.417662 
3.1 -11.9456 0.234193 2 4 8 7 8 8 8 8 8 8 8 8 8 7 6 6 6 7 8 8 8 8 8 8 8 8 8 7 8 4 2 -0.417664 -0.365841 -0.375826 -0.374295 -0.374659 -0.37474 -0.374993 -0.375446 -0.376288 -0.377812 -0.380496 -0.384922 -0.391824 -0.40107 -0.414264 -0.425328 -0.414264 -0.40107 -0.391824 -0.384922 -0.380496 -0.377812 -0.376288 -0.375446 -0.374993 -0.37474 -0.374659 -0.374295 -0.375826 -0.365841 -0.417664 
3.2 -11.9618 0.241687 2 4 8 7 8 8 8 8 8 8 8 8 8 7 6 7 6 7 8 8 8 8 8 8 8 8 8 7 8 4 2 -0.417667 -0.365843 -0.37583 -0.374303 -0.374675 -0.37477 -0.375048 -0.37555 -0.376478 -0.378152 -0.381078 -0.385857 -0.393167 -0.402811 -0.416097 -0.427122 -0.416097 -0.402811 -0.393167 -0.385857 -0.381078 -0.378152 -0.376478 -0.37555 -0.375049 -0.37477 -0.374675 -0.374303 -0.37583 -0.365843 -0.417666 
3.3 -11.9784 0.249425 2 4 8 7 8 8 8 8 8 8 8 8 8 7 7 7 7 7 8 8 8 8 8 8 8 8 8 7 8 4 2 -0.417669 -0.365845 -0.375835 -0.374312 -0.374692 -0.374802 -0.375109 -0.375663 -0.376684 -0.37852 -0.381703 -0.386848 -0.394563 -0.404583 -0.417925 -0.428866 -0.417925 -0.404584 -0.394563 -0.386848 -0.381703 -0.37852 -0.376684 -0.375663 -0.375109 -0.374802 -0.374692 -0.374312 -0.375835 -0.365845 -0.417669 
3.4 -11.9954 0.257364 2 4 8 7 8 8 8 8 8 8 8 8 8 8 7 7 7 8 8 8 8 8 8 8 8 8 8 7 8 4 2 -0.417672 -0.365847 -0.375841 -0.374322 -0.374711 -0.374838 -0.375176 -0.375786 -0.376909 -0.378917 -0.382372 -0.387893 -0.396009 -0.406377 -0.419735 -0.430547 -0.419735 -0.406377 -0.396009 -0.387893 -0.382372 -0.378917 -0.376909 -0.375786 -0.375176 -0.374838 -0.374711 -0.374322 -0.375841 -0.365847 -0.417672 
3.5 -12.0127 0.265463 2 4 8 7 8 8 8 8 8 8 8 8 8 8 7 8 7 8 8 8 8 8 8 8 8 8 8 7 8 4 2 -0.417675 -0.36585 -0.375847 -0.374333 -0.374732 -0.374877 -0.375248 -0.37592 -0.377152 -0.379346 -0.383087 -0.388992 -0.397499 -0.408182 -0.421513 -0.432151 -0.421513 -0.408182 -0.397499 -0.388992 -0.383087 -0.379346 -0.377152 -0.37592 -0.375248 -0.374877 -0.374732 -0.374333 -0.375847 -0.36585 -0.417675 
3.6 -12.0302 0.273677 2 4 8 7 8 8 8 8 8 8 8 8 8 8 8 8 8 8 8 8 8 8 8 8 8 8 8 7 8 4 2 -0.417679 -0.365852 -0.375853 -0.374345 -0.374754 -0.374919 -0.375327 -0.376066 -0.377417 -0.37981 -0.383849 -0.390145 -0.399028 -0.409988 -0.423249 -0.433668 -0.423249 -0.409988 -0.399028 -0.390145 -0.383849 -0.37981 -0.377417 -0.376066 -0.375327 -0.374919 -0.374754 -0.374345 -0.375853 -0.365852 -0.417678 
3.7 -12.0481 0.281962 2 4 8 7 8 8 8 8 8 8 8 8 8 8 8 8 8 8 8 8 8 8 8 8 8 8 8 7 8 4 2 -0.417682 -0.365855 -0.375861 -0.374358 -0.374779 -0.374966 -0.375414 -0.376226 -0.377706 -0.38031 -0.384662 -0.39135 -0.400592 -0.411788 -0.424932 -0.435088 -0.424932 -0.411788 -0.400592 -0.39135 -0.384662 -0.38031 -0.377706 -0.376226 -0.375414 -0.374966 -0.374779 -0.374358 -0.37586 -0.365855 -0.417682 
3.8 -12.0661 0.290277 2 4 8 7 8 8 8 8 8 8 8 8 8 8 8 8 8 8 8 8 8 8 8 8 8 8 8 7 8 4 2 -0.417687 -0.365858 -0.375869 -0.374373 -0.374807 -0.375017 -0.37551 -0.376401 -0.37802 -0.38085 -0.385528 -0.392609 -0.402187 -0.413574 -0.426554 -0.436403 -0.426554 -0.413574 -0.402187 -0.392609 -0.385528 -0.38085 -0.37802 -0.376401 -0.37551 -0.375017 -0.374807 -0.374373 -0.375869 -0.365858 -0.417686 
3.9 -12.0843 0.298582 2 4 8 7 8 8 8 8 8 8 8 8 8 8 8 8 8 8 8 8 8 8 8 8 8 8 8 7 8 4 2 -0.417691 -0.365862 -0.375877 -0.374389 -0.374837 -0.375073 -0.375614 -0.376593 -0.378362 -0.381434 -0.38645 -0.393919 -0.403806 -0.415339 -0.428106 -0.437608 -0.428106 -0.415339 -0.403807 -0.393919 -0.38645 -0.381434 -0.378362 -0.376593 -0.375614 -0.375073 -0.374837 -0.374389 -0.375877 -0.365862 -0.417691 
4 -12.1027 0.306841 2 4 8 7 8 8 8 8 8 8 8 8 8 8 8 8 8 8 8 8 8 8 8 8 8 8 8 7 8 4 2 -0.417696 -0.365866 -0.375887 -0.374406 -0.37487 -0.375135 -0.37573 -0.376804 -0.378736 -0.382065 -0.38743 -0.395281 -0.405447 -0.417077 -0.429584 -0.438699 -0.429584 -0.417077 -0.405447 -0.395281 -0.38743 -0.382065 -0.378736 -0.376804 -0.37573 -0.375135 -0.37487 -0.374406 -0.375887 -0.365866 -0.417696 
4.1 -12.1213 0.315021 2 4 8 7 8 8 8 8 8 8 8 8 8 8 8 8 8 8 8 8 8 8 8 8 8 8 8 7 8 4 2 -0.417702 -0.36587 -0.375898 -0.374426 -0.374907 -0.375204 -0.375857 -0.377036 -0.379143 -0.382746 -0.388471 -0.396693 -0.407102 -0.418783 -0.430982 -0.439672 -0.430982 -0.418783 -0.407102 -0.396693 -0.388471 -0.382746 -0.379143 -0.377036 -0.375857 -0.375204 -0.374907 -0.374426 -0.375898 -0.36587 -0.417702 
4.2 -12.1401 0.323095 2 4 8 7 8 8 8 8 8 8 8 8 8 8 8 8 8 8 8 8 8 8 8 8 8 8 8 7 8 4 2 -0.417708 -0.365875 -0.37591 -0.374447 -0.374948 -0.37528 -0.375998 -0.37729 -0.379588 -0.38348 -0.389574 -0.398152 -0.408768 -0.420453 -0.432299 -0.440528 -0.432299 -0.420453 -0.408768 -0.398152 -0.389574 -0.38348 -0.379588 -0.37729 -0.375998 -0.37528 -0.374948 -0.374447 -0.37591 -0.365875 -0.417708 
4.3 -12.159 0.331038 2 4 8 7 8 8 8 8 8 8 8 8 8 8 8 8 8 8 8 8 8 8 8 8 8 8 8 7 8 4 2 -0.417714 -0.365881 -0.375923 -0.374471 -0.374993 -0.375364 -0.376153 -0.37757 -0.380074 -0.384271 -0.390739 -0.399655 -0.410438 -0.422081 -0.433532 -0.441267 -0.433532 -0.422081 -0.410438 -0.399655 -0.390739 -0.384271 -0.380074 -0.37757 -0.376153 -0.375364 -0.374993 -0.374471 -0.375923 -0.365881 -0.417714 
4.4 -12.1781 0.338831 2 4 8 7 8 8 8 8 8 8 8 8 8 8 8 9 8 8 8 8 8 8 8 8 8 8 8 7 8 4 2 -0.417722 -0.365887 -0.375938 -0.374497 -0.375043 -0.375457 -0.376324 -0.377877 -0.380602 -0.38512 -0.391968 -0.4012 -0.412106 -0.423665 -0.43468 -0.441893 -0.43468 -0.423665 -0.412106 -0.4012 -0.391968 -0.38512 -0.380602 -0.377877 -0.376324 -0.375457 -0.375043 -0.374497 -0.375938 -0.365887 -0.417722 
4.5 -12.1973 0.346461 2 4 8 7 8 8 8 8 8 8 8 8 8 8 9 9 9 8 8 8 8 8 8 8 8 8 8 7 8 4 2 -0.41773 -0.365894 -0.375954 -0.374527 -0.375098 -0.37556 -0.376512 -0.378213 -0.381177 -0.386031 -0.393259 -0.40278 -0.413766 -0.425201 -0.435744 -0.44241 -0.435744 -0.425201 -0.413766 -0.40278 -0.393259 -0.386031 -0.381177 -0.378213 -0.376512 -0.37556 -0.375098 -0.374527 -0.375954 -0.365894 -0.41773 
4.6 -12.2167 0.353916 2 4 8 7 8 8 8 8 8 8 8 8 8 8 9 9 9 8 8 8 8 8 8 8 8 8 8 7 8 4 2 -0.417739 -0.365901 -0.375972 -0.374559 -0.37516 -0.375674 -0.37672 -0.378582 -0.3818 -0.387004 -0.394609 -0.404391 -0.415413 -0.426685 -0.436725 -0.442822 -0.436725 -0.426685 -0.415413 -0.404391 -0.394609 -0.387004 -0.3818 -0.378582 -0.37672 -0.375674 -0.37516 -0.374559 -0.375972 -0.365901 -0.417739 
4.7 -12.2362 0.361189 2 4 8 7 8 8 8 8 8 8 8 8 8 8 9 9 9 8 8 8 8 8 8 8 8 8 8 7 8 4 2 -0.417748 -0.36591 -0.375992 -0.374595 -0.375227 -0.375799 -0.376948 -0.378985 -0.382474 -0.38804 -0.396017 -0.406026 -0.417041 -0.428115 -0.437624 -0.443138 -0.437624 -0.428115 -0.417041 -0.406026 -0.396017 -0.38804 -0.382474 -0.378985 -0.376948 -0.375799 -0.375227 -0.374595 -0.375992 -0.36591 -0.417748 
4.8 -12.2559 0.36828 2 4 8 7 8 8 8 8 8 8 8 8 8 9 9 9 9 9 8 8 8 8 8 8 8 8 8 7 8 4 2 -0.417759 -0.365919 -0.376014 -0.374635 -0.375302 -0.375937 -0.377198 -0.379424 -0.383201 -0.389139 -0.397477 -0.407678 -0.418644 -0.429489 -0.438444 -0.443364 -0.438444 -0.429489 -0.418644 -0.407678 -0.397477 -0.389139 -0.383201 -0.379424 -0.377198 -0.375937 -0.375302 -0.374635 -0.376014 -0.365919 -0.417759 
4.9 -12.2757 0.375188 2 4 8 7 8 8 8 8 8 8 8 8 8 9 9 10 9 9 8 8 8 8 8 8 8 8 8 7 8 4 2 -0.417771 -0.365929 -0.376039 -0.374679 -0.375385 -0.376089 -0.377473 -0.379902 -0.383984 -0.390301 -0.398985 -0.409341 -0.420216 -0.430804 -0.439187 -0.443509 -0.439187 -0.430804 -0.420216 -0.409341 -0.398985 -0.390301 -0.383984 -0.379902 -0.377473 -0.376089 -0.375385 -0.374679 -0.376039 -0.365929 -0.417771 
5 -12.2956 0.381919 2 4 8 7 8 8 8 8 8 8 8 8 8 9 10 10 10 9 8 8 8 8 8 8 8 8 8 7 8 4 2 -0.417784 -0.36594 -0.376065 -0.374727 -0.375476 -0.376256 -0.377773 -0.380421 -0.384823 -0.391524 -0.400536 -0.411008 -0.421754 -0.432057 -0.439856 -0.443582 -0.439856 -0.432057 -0.421754 -0.411008 -0.400536 -0.391524 -0.384823 -0.380421 -0.377773 -0.376256 -0.375476 -0.374727 -0.376065 -0.36594 -0.417784 
5.1 -12.3156 0.388479 2 4 8 7 8 8 8 8 8 8 8 8 8 9 10 10 10 9 8 8 8 8 8 8 8 8 8 7 8 4 2 -0.417799 -0.365953 -0.376095 -0.374781 -0.375576 -0.376439 -0.378101 -0.380983 -0.38572 -0.392807 -0.402121 -0.412669 -0.423252 -0.433247 -0.440454 -0.443592 -0.440454 -0.433247 -0.423252 -0.412669 -0.402121 -0.392807 -0.38572 -0.380983 -0.378101 -0.376439 -0.375576 -0.374781 -0.376095 -0.365953 -0.417799 
5.2 -12.3357 0.394878 2 4 8 7 8 8 8 8 8 8 8 8 8 9 10 10 10 9 8 8 8 8 8 8 8 8 8 7 8 4 2 -0.417815 -0.365966 -0.376128 -0.374839 -0.375686 -0.37664 -0.378459 -0.381591 -0.386676 -0.394145 -0.403735 -0.41432 -0.424708 -0.434371 -0.440985 -0.44355 -0.440985 -0.434371 -0.424708 -0.41432 -0.403735 -0.394145 -0.386676 -0.381591 -0.378459 -0.37664 -0.375686 -0.374839 -0.376128 -0.365966 -0.417815 
5.3 -12.3559 0.401127 2 4 8 7 8 8 8 8 8 8 8 8 9 10 10 10 10 10 9 8 8 8 8 8 8 8 8 7 8 4 2 -0.417833 -0.365981 -0.376164 -0.374904 -0.375806 -0.376861 -0.378849 -0.382247 -0.387692 -0.395537 -0.40537 -0.415951 -0.426117 -0.435428 -0.441453 -0.443465 -0.441453 -0.435428 -0.426117 -0.415951 -0.40537 -0.395537 -0.387692 -0.382247 -0.378849 -0.376861 -0.375806 -0.374904 -0.376164 -0.365981 -0.417833 
5.4 -12.3761 0.407241 2 4 8 7 8 8 8 8 8 8 8 8 9 10 10 10 10 10 9 8 8 8 8 8 8 8 8 7 8 4 2 -0.417853 -0.365998 -0.376204 -0.374975 -0.375939 -0.377102 -0.379274 -0.382953 -0.388767 -0.396978 -0.407018 -0.417558 -0.427479 -0.436416 -0.44186 -0.443348 -0.44186 -0.436416 -0.427479 -0.417558 -0.407018 -0.396978 -0.388767 -0.382953 -0.379274 -0.377102 -0.375939 -0.374975 -0.376204 -0.365998 -0.417853 
5.5 -12.3964 0.413232 2 4 8 7 8 8 8 8 8 8 8 8 9 10 10 10 10 10 9 8 8 8 8 8 8 8 8 7 8 4 2 -0.417876 -0.366016 -0.376248 -0.375054 -0.376085 -0.377366 -0.379735 -0.383711 -0.389902 -0.398463 -0.40867 -0.419133 -0.428789 -0.437334 -0.44221 -0.443207 -0.44221 -0.437334 -0.428789 -0.419133 -0.40867 -0.398463 -0.389902 -0.383711 -0.379735 -0.377366 -0.376085 -0.375054 -0.376248 -0.366016 -0.417875 
5.6 -12.4167 0.419118 2 4 8 7 8 8 8 8 8 8 8 8 9 10 10 10 10 10 9 8 8 8 8 8 8 8 8 7 8 4 2 -0.4179 -0.366036 -0.376296 -0.37514 -0.376246 -0.377654 -0.380235 -0.384524 -0.391096 -0.399987 -0.41032 -0.420672 -0.430048 -0.43818 -0.442507 -0.443053 -0.442507 -0.43818 -0.430048 -0.420672 -0.41032 -0.399987 -0.391097 -0.384524 -0.380235 -0.377654 -0.376246 -0.37514 -0.376296 -0.366036 -0.4179 
5.7 -12.4371 0.424912 2 4 8 7 8 8 8 8 8 8 8 8 10 10 10 10 10 10 10 8 8 8 8 8 8 8 8 7 8 4 2 -0.417927 -0.366058 -0.37635 -0.375235 -0.376422 -0.377969 -0.380777 -0.385393 -0.392348 -0.401545 -0.41196 -0.422171 -0.431253 -0.438954 -0.442756 -0.442893 -0.442756 -0.438954 -0.431253 -0.422171 -0.41196 -0.401545 -0.392348 -0.385393 -0.380777 -0.377969 -0.376422 -0.375235 -0.376349 -0.366058 -0.417927 
5.8 -12.4576 0.430632 2 4 8 7 8 8 8 8 8 8 8 9 10 10 10 10 10 10 10 9 8 8 8 8 8 8 8 7 8 4 2 -0.417957 -0.366082 -0.376409 -0.37534 -0.376615 -0.378314 -0.381364 -0.386321 -0.393656 -0.403129 -0.413581 -0.423624 -0.432404 -0.439655 -0.442959 -0.442737 -0.442959 -0.439655 -0.432404 -0.423624 -0.413581 -0.403129 -0.393656 -0.386321 -0.381364 -0.378314 -0.376615 -0.37534 -0.376408 -0.366082 -0.417957 
5.9 -12.478 0.436291 2 4 8 7 8 8 8 8 8 8 8 9 10 10 10 10 10 10 10 9 8 8 8 8 8 8 8 7 8 4 2 -0.41799 -0.366109 -0.376474 -0.375455 -0.376827 -0.378689 -0.381998 -0.387307 -0.395018 -0.404735 -0.415179 -0.425031 -0.433501 -0.440283 -0.44312 -0.442591 -0.44312 -0.440283 -0.433501 -0.425031 -0.415179 -0.404735 -0.395018 -0.387307 -0.381998 -0.378689 -0.376827 -0.375455 -0.376474 -0.366109 -0.41799 
6 -12.4985 0.441904 2 4 8 7 8 8 8 8 8 8 8 9 10 10 10 10 10 10 10 9 8 8 8 8 8 8 8 7 8 4 2 -0.418027 -0.366139 -0.376545 -0.375581 -0.37706 -0.379099 -0.382682 -0.388354 -0.39643 -0.406355 -0.416746 -0.426388 -0.434542 -0.440838 -0.443244 -0.442461 -0.443244 -0.440838 -0.434542 -0.426388 -0.416746 -0.406355 -0.39643 -0.388354 -0.382682 -0.379099 -0.37706 -0.375581 -0.376545 -0.366139 -0.418026 
6.1 -12.519 0.447484 2 4 8 7 8 8 8 8 8 8 8 10 10 10 10 11 10 10 10 10 8 8 8 8 8 8 8 7 8 4 2 -0.418067 -0.366171 -0.376624 -0.375721 -0.377315 -0.379544 -0.383419 -0.389462 -0.397888 -0.407981 -0.418277 -0.427693 -0.435528 -0.441321 -0.443335 -0.442354 -0.443335 -0.441321 -0.435528 -0.427693 -0.418277 -0.407981 -0.397888 -0.389462 -0.383419 -0.379544 -0.377315 -0.375721 -0.376624 -0.366172 -0.418067 
6.2 -12.5396 0.453042 2 4 8 7 8 8 8 8 8 8 8 10 10 10 11 11 11 10 10 10 8 8 8 8 8 8 8 7 8 4 2 -0.418112 -0.366208 -0.376711 -0.375874 -0.377594 -0.380029 -0.38421 -0.39063 -0.399388 -0.409607 -0.419768 -0.428946 -0.436458 -0.441735 -0.443396 -0.442272 -0.443396 -0.441735 -0.436458 -0.428946 -0.419768 -0.409607 -0.399388 -0.39063 -0.38421 -0.380029 -0.377594 -0.375874 -0.376711 -0.366208 -0.418111 
6.3 -12.5602 0.458589 2 4 8 7 8 8 8 8 8 8 9 10 10 10 11 11 11 10 10 10 9 8 8 8 8 8 8 7 8 4 2 -0.418161 -0.366248 -0.376808 -0.376043 -0.3779 -0.380556 -0.385058 -0.391859 -0.400925 -0.411226 -0.421216 -0.430146 -0.437332 -0.44208 -0.443432 -0.44222 -0.443432 -0.44208 -0.437332 -0.430146 -0.421216 -0.411226 -0.400925 -0.391859 -0.385058 -0.380556 -0.3779 -0.376043 -0.376808 -0.366248 -0.41816 
6.4 -12.5808 0.464133 2 4 8 7 8 8 8 8 8 8 9 10 10 10 11 12 11 10 10 10 9 8 8 8 8 8 8 7 8 4 2 -0.418215 -0.366292 -0.376913 -0.376229 -0.378235 -0.381127 -0.385965 -0.393145 -0.402492 -0.412831 -0.422617 -0.431292 -0.438149 -0.442359 -0.443446 -0.4422 -0.443446 -0.442359 -0.438149 -0.431292 -0.422617 -0.412831 -0.402492 -0.393145 -0.385965 -0.381127 -0.378235 -0.376229 -0.376913 -0.366292 -0.418214 
6.5 -12.6015 0.469678 2 4 8 7 8 8 8 8 8 8 9 10 10 11 12 12 12 11 10 10 9 8 8 8 8 8 8 7 8 4 2 -0.418274 -0.366341 -0.37703 -0.376432 -0.3786 -0.381744 -0.386931 -0.394487 -0.404083 -0.414414 -0.42397 -0.432385 -0.438909 -0.442577 -0.443443 -0.442211 -0.443443 -0.442577 -0.438909 -0.432385 -0.42397 -0.414414 -0.404083 -0.394487 -0.386931 -0.381744 -0.3786 -0.376432 -0.37703 -0.366341 -0.418274 
6.6 -12.6221 0.47523 2 4 8 7 8 8 8 8 8 8 9 10 10 11 12 12 12 11 10 10 9 8 8 8 8 8 8 7 8 4 2 -0.41834 -0.366395 -0.377158 -0.376656 -0.378999 -0.382411 -0.387958 -0.395882 -0.405692 -0.415971 -0.425274 -0.433425 -0.439612 -0.442737 -0.443425 -0.442254 -0.443425 -0.442737 -0.439612 -0.433425 -0.425274 -0.415971 -0.405692 -0.395882 -0.387958 -0.382411 -0.378999 -0.376656 -0.377158 -0.366395 -0.41834 
6.7 -12.6428 0.480788 2 4 8 7 8 8 8 8 8 8 10 10 10 11 12 13 12 11 10 10 10 8 8 8 8 8 8 7 8 4 2 -0.418413 -0.366454 -0.377299 -0.376901 -0.379433 -0.38313 -0.389047 -0.397326 -0.40731 -0.417495 -0.426528 -0.434411 -0.440257 -0.442843 -0.443398 -0.442328 -0.443398 -0.442843 -0.440257 -0.434411 -0.426528 -0.417495 -0.40731 -0.397326 -0.389047 -0.38313 -0.379433 -0.376901 -0.377299 -0.366454 -0.418413 
6.8 -12.6635 0.486354 2 4 8 7 8 8 8 8 8 8 10 10 10 11 13 14 13 11 10 10 10 8 8 8 8 8 8 7 8 4 2 -0.418493 -0.36652 -0.377455 -0.37717 -0.379905 -0.383903 -0.390196 -0.398813 -0.408929 -0.418982 -0.427733 -0.435344 -0.440844 -0.442902 -0.443364 -0.44243 -0.443364 -0.442902 -0.440844 -0.435344 -0.427733 -0.418982 -0.408929 -0.398813 -0.390196 -0.383903 -0.379905 -0.37717 -0.377455 -0.36652 -0.418493 
6.9 -12.6843 0.491923 2 4 8 7 8 8 8 8 8 9 10 10 11 12 14 14 14 12 11 10 10 9 8 8 8 8 8 7 8 4 2 -0.418581 -0.366592 -0.377626 -0.377464 -0.380418 -0.384731 -0.391405 -0.40034 -0.410543 -0.420426 -0.428889 -0.436224 -0.441373 -0.442918 -0.443325 -0.442556 -0.443325 -0.442918 -0.441373 -0.436224 -0.428889 -0.420426 -0.410543 -0.40034 -0.391405 -0.384731 -0.380418 -0.377464 -0.377626 -0.366592 -0.418581 
7 -12.705 0.497492 2 4 8 7 8 8 8 8 8 9 10 10 11 12 14 14 14 12 11 10 10 9 8 8 8 8 8 7 8 4 2 -0.418679 -0.366671 -0.377813 -0.377785 -0.380975 -0.385618 -0.392673 -0.401899 -0.412144 -0.421826 -0.429999 -0.43705 -0.441845 -0.442897 -0.443287 -0.442704 -0.443287 -0.442897 -0.441845 -0.43705 -0.429999 -0.421826 -0.412144 -0.401899 -0.392673 -0.385618 -0.380975 -0.377785 -0.377813 -0.366671 -0.418679 
7.1 -12.7258 0.503055 2 4 8 7 8 8 8 8 8 9 10 10 11 13 14 15 14 13 11 10 10 9 8 8 8 8 8 7 8 4 2 -0.418787 -0.366758 -0.37802 -0.378136 -0.381576 -0.386563 -0.393997 -0.403484 -0.413725 -0.423178 -0.431062 -0.437822 -0.442258 -0.442847 -0.44325 -0.442869 -0.44325 -0.442847 -0.442258 -0.437822 -0.431062 -0.423178 -0.413725 -0.403484 -0.393997 -0.386563 -0.381576 -0.378136 -0.37802 -0.366758 -0.418787 
7.2 -12.7466 0.508604 2 4 8 7 8 8 8 8 8 9 10 10 11 13 15 15 15 13 11 10 10 9 8 8 8 8 8 7 8 4 2 -0.418906 -0.366854 -0.378246 -0.378518 -0.382227 -0.387568 -0.395374 -0.405087 -0.415278 -0.42448 -0.432082 -0.43854 -0.442615 -0.442774 -0.443217 -0.443045 -0.443217 -0.442774 -0.442615 -0.43854 -0.432082 -0.42448 -0.415278 -0.405087 -0.395374 -0.387568 -0.382227 -0.378518 -0.378246 -0.366854 -0.418906 
7.3 -12.7674 0.51413 2 4 8 7 8 8 8 8 8 10 10 10 12 14 15 15 15 14 12 10 10 10 8 8 8 8 8 7 8 4 2 -0.419037 -0.366959 -0.378494 -0.378935 -0.382927 -0.388634 -0.3968 -0.406702 -0.416797 -0.425731 -0.433058 -0.439204 -0.442916 -0.442684 -0.443189 -0.443227 -0.443189 -0.442684 -0.442916 -0.439204 -0.433058 -0.425731 -0.416797 -0.406702 -0.3968 -0.388634 -0.382927 -0.378935 -0.378494 -0.366959 -0.419037 
7.4 -12.7882 0.519625 2 4 8 7 8 8 8 8 8 10 10 10 12 14 15 16 15 14 12 11 10 10 8 8 8 8 8 7 8 4 2 -0.419182 -0.367075 -0.378767 -0.379389 -0.383681 -0.38976 -0.398272 -0.40832 -0.418278 -0.426932 -0.433994 -0.439813 -0.443162 -0.442584 -0.44317 -0.443411 -0.44317 -0.442584 -0.443162 -0.439813 -0.433994 -0.426932 -0.418278 -0.40832 -0.398272 -0.38976 -0.383681 -0.379388 -0.378767 -0.367075 -0.419182 
7.5 -12.809 0.525079 2 4 8 7 8 8 8 8 9 10 10 11 12 14 15 17 15 14 12 11 10 10 9 8 8 8 8 7 8 4 2 -0.419342 -0.367202 -0.379065 -0.379881 -0.38449 -0.390946 -0.399783 -0.409934 -0.419715 -0.428083 -0.434889 -0.440367 -0.443357 -0.44248 -0.443158 -0.44359 -0.443158 -0.44248 -0.443357 -0.440367 -0.434889 -0.428083 -0.419715 -0.409934 -0.399783 -0.390946 -0.38449 -0.379881 -0.379065 -0.367202 -0.419342 
7.6 -12.8298 0.530481 2 4 8 7 8 8 8 8 9 10 10 11 13 15 17 17 17 15 13 11 10 10 9 8 8 8 8 7 8 4 2 -0.419518 -0.367341 -0.379391 -0.380415 -0.385356 -0.392191 -0.401328 -0.411535 -0.421106 -0.429184 -0.435744 -0.440865 -0.443502 -0.442378 -0.443156 -0.443759 -0.443156 -0.442378 -0.443502 -0.440865 -0.435744 -0.429184 -0.421106 -0.411535 -0.401328 -0.392191 -0.385356 -0.380415 -0.379391 -0.367341 -0.419518 
7.7 -12.8506 0.535823 2 4 8 7 8 8 8 8 9 10 10 11 14 15 17 17 17 15 14 11 10 10 9 8 8 8 8 7 8 4 2 -0.419713 -0.367494 -0.379747 -0.380993 -0.386281 -0.393492 -0.4029 -0.413118 -0.422446 -0.430237 -0.436561 -0.441308 -0.443601 -0.442283 -0.443164 -0.443915 -0.443164 -0.442283 -0.443601 -0.441308 -0.436561 -0.430237 -0.422446 -0.413118 -0.4029 -0.393492 -0.386281 -0.380993 -0.379747 -0.367494 -0.419713 
7.8 -12.8714 0.541096 2 4 8 7 8 8 8 8 9 10 10 11 14 16 17 18 17 16 14 12 10 10 9 8 8 8 8 7 8 4 2 -0.419927 -0.367661 -0.380136 -0.381618 -0.387265 -0.394848 -0.404493 -0.414673 -0.423736 -0.431243 -0.437339 -0.441696 -0.443658 -0.442201 -0.443181 -0.444052 -0.443181 -0.442201 -0.443658 -0.441696 -0.437339 -0.431243 -0.423736 -0.414673 -0.404493 -0.394848 -0.387265 -0.381618 -0.380136 -0.367662 -0.419927 
7.9 -12.8922 0.546291 2 4 8 7 8 8 8 8 10 10 10 12 14 16 17 18 17 16 14 12 10 10 10 8 8 8 8 7 8 4 2 -0.420163 -0.367845 -0.380561 -0.382292 -0.38831 -0.396254 -0.406099 -0.416196 -0.424972 -0.432204 -0.438078 -0.44203 -0.443675 -0.442136 -0.443207 -0.444167 -0.443207 -0.442136 -0.443675 -0.44203 -0.438078 -0.432204 -0.424972 -0.416196 -0.406099 -0.396254 -0.38831 -0.382292 -0.380561 -0.367845 -0.420163 
8 -12.913 0.551401 2 4 8 7 8 8 8 8 10 10 11 12 14 17 17 19 17 17 15 12 11 10 10 8 8 8 8 7 8 4 2 -0.420423 -0.368046 -0.381023 -0.383018 -0.389416 -0.397707 -0.407711 -0.41768 -0.426157 -0.433122 -0.438777 -0.442311 -0.443658 -0.44209 -0.443242 -0.444256 -0.443242 -0.44209 -0.443658 -0.442311 -0.438777 -0.433122 -0.426157 -0.41768 -0.407711 -0.397707 -0.389416 -0.383018 -0.381023 -0.368046 -0.420423 
8.1 -12.9338 0.556419 2 4 8 7 8 8 8 9 10 10 11 13 15 17 18 19 18 17 15 13 11 10 10 9 8 8 8 7 8 4 2 -0.42071 -0.368265 -0.381526 -0.383797 -0.390582 -0.399201 -0.409319 -0.419121 -0.427291 -0.433998 -0.439435 -0.44254 -0.443612 -0.442067 -0.443285 -0.444319 -0.443285 -0.442067 -0.443612 -0.44254 -0.439435 -0.433998 -0.427291 -0.419121 -0.40932 -0.399201 -0.390582 -0.383797 -0.381526 -0.368265 -0.420709 
8.2 -12.9546 0.561342 2 4 8 7 8 8 8 9 10 10 11 14 16 17 19 19 19 17 16 14 11 10 10 9 8 8 8 7 8 4 2 -0.421025 -0.368504 -0.382072 -0.384631 -0.391808 -0.400732 -0.410918 -0.420514 -0.428374 -0.434834 -0.440052 -0.44272 -0.44354 -0.442068 -0.443334 -0.444352 -0.443334 -0.442068 -0.443541 -0.44272 -0.440052 -0.434834 -0.428374 -0.420514 -0.410918 -0.400732 -0.391808 -0.384631 -0.382072 -0.368505 -0.421024 
8.3 -12.9754 0.566166 2 4 8 7 8 8 8 9 10 10 11 14 16 17 19 20 19 17 16 14 11 10 10 9 8 8 8 7 8 4 2 -0.421371 -0.368766 -0.382665 -0.385523 -0.393092 -0.402292 -0.412499 -0.421856 -0.42941 -0.435632 -0.440625 -0.442852 -0.44345 -0.442094 -0.443388 -0.444357 -0.443388 -0.442094 -0.44345 -0.442852 -0.440625 -0.435632 -0.42941 -0.421856 -0.412499 -0.402292 -0.393093 -0.385523 -0.382665 -0.368766 -0.421371 
8.4 -12.9962 0.570888 2 4 8 7 8 8 8 9 10 10 12 14 16 17 19 20 19 17 17 14 12 10 10 9 8 8 8 7 8 4 2 -0.421752 -0.36905 -0.383306 -0.386473 -0.394432 -0.403876 -0.414056 -0.423145 -0.4304 -0.436391 -0.441153 -0.442941 -0.443345 -0.442146 -0.443446 -0.444332 -0.443446 -0.442146 -0.443345 -0.442941 -0.441153 -0.436391 -0.4304 -0.423145 -0.414056 -0.403876 -0.394432 -0.386474 -0.383306 -0.36905 -0.421752 
8.5 -13.0169 0.575509 2 4 8 7 8 8 8 10 10 10 12 14 17 19 20 20 20 19 17 14 12 10 10 10 8 8 8 7 8 4 2 -0.42217 -0.369359 -0.383999 -0.387483 -0.395825 -0.405475 -0.41558 -0.42438 -0.431347 -0.437113 -0.441635 -0.44299 -0.443231 -0.442221 -0.443506 -0.44428 -0.443506 -0.442221 -0.443231 -0.44299 -0.441635 -0.437113 -0.431347 -0.42438 -0.41558 -0.405475 -0.395825 -0.387483 -0.383999 -0.369359 -0.42217 
8.6 -13.0376 0.58003 2 4 8 7 8 8 8 10 10 11 13 15 17 19 20 20 20 19 17 15 13 11 10 10 8 8 8 7 8 4 2 -0.42263 -0.369695 -0.384747 -0.388552 -0.397266 -0.407082 -0.417067 -0.42556 -0.432253 -0.437798 -0.442069 -0.443003 -0.443113 -0.442319 -0.443567 -0.444202 -0.443567 -0.442319 -0.443113 -0.443003 -0.44207 -0.437798 -0.432253 -0.42556 -0.417067 -0.407082 -0.397266 -0.388552 -0.384747 -0.369695 -0.42263 
8.7 -13.0584 0.584452 2 4 8 7 8 8 8 10 10 11 14 16 17 19 20 20 20 19 17 16 14 11 10 10 8 8 8 7 8 4 2 -0.423134 -0.370059 -0.385552 -0.38968 -0.398751 -0.408689 -0.418511 -0.426686 -0.433122 -0.438445 -0.442455 -0.442984 -0.442996 -0.442438 -0.443626 -0.444101 -0.443626 -0.442437 -0.442996 -0.442984 -0.442455 -0.438445 -0.433122 -0.426686 -0.418511 -0.408689 -0.398751 -0.38968 -0.385552 -0.370059 -0.423134 
8.8 -13.079 0.58878 2 4 8 7 8 8 9 10 10 11 14 16 17 19 20 21 20 19 17 16 14 11 10 10 9 8 8 7 8 4 2 -0.423687 -0.370452 -0.386416 -0.390867 -0.400274 -0.410288 -0.419908 -0.427759 -0.433956 -0.439055 -0.442792 -0.442938 -0.442884 -0.442573 -0.443683 -0.44398 -0.443683 -0.442573 -0.442884 -0.442938 -0.442792 -0.439054 -0.433956 -0.427759 -0.419908 -0.410288 -0.400274 -0.390867 -0.386416 -0.370452 -0.423687 
8.9 -13.0997 0.593019 2 4 8 7 8 8 9 10 10 11 14 16 19 19 20 21 20 19 19 16 14 11 10 10 9 8 8 7 8 4 2 -0.424293 -0.370877 -0.387342 -0.39211 -0.40183 -0.411872 -0.421254 -0.428781 -0.434757 -0.439626 -0.443079 -0.442871 -0.442781 -0.442722 -0.443736 -0.443843 -0.443736 -0.442722 -0.442782 -0.442871 -0.443079 -0.439625 -0.434757 -0.428781 -0.421254 -0.411872 -0.40183 -0.39211 -0.387342 -0.370877 -0.424293 
9 -13.1203 0.597174 2 4 8 7 8 8 9 10 10 12 14 17 19 20 20 21 20 20 19 17 14 12 10 10 9 8 8 7 8 4 2 -0.424957 -0.371334 -0.388331 -0.393408 -0.403413 -0.413432 -0.422546 -0.429755 -0.435526 -0.440157 -0.443316 -0.442788 -0.442691 -0.44288 -0.443783 -0.443693 -0.443783 -0.44288 -0.442692 -0.442787 -0.443317 -0.440157 -0.435527 -0.429755 -0.422546 -0.413432 -0.403413 -0.393408 -0.388331 -0.371334 -0.424957 
9.1 -13.1409 0.601254 2 4 8 7 8 8 10 10 10 12 14 18 19 20 21 22 21 20 19 18 14 12 10 10 10 8 8 7 8 4 2 -0.425683 -0.371825 -0.389385 -0.394757 -0.405014 -0.414962 -0.423784 -0.430682 -0.436266 -0.440648 -0.443505 -0.442693 -0.442617 -0.443044 -0.443824 -0.443536 -0.443824 -0.443044 -0.442618 -0.442692 -0.443506 -0.440648 -0.436266 -0.430682 -0.423784 -0.414962 -0.405013 -0.394757 -0.389385 -0.371825 -0.425683 
9.2 -13.1615 0.605264 2 4 8 7 8 8 10 10 11 13 16 18 19 21 22 22 22 21 19 18 16 13 11 10 10 8 8 7 8 4 2 -0.426477 -0.372351 -0.390506 -0.396153 -0.406626 -0.416456 -0.424967 -0.431565 -0.436977 -0.441098 -0.443646 -0.442592 -0.442561 -0.44321 -0.443857 -0.443376 -0.443857 -0.44321 -0.442561 -0.442592 -0.443647 -0.441098 -0.436977 -0.431565 -0.424967 -0.416456 -0.406626 -0.396153 -0.390506 -0.372351 -0.426477 
9.3 -13.182 0.609213 2 4 8 7 8 8 10 10 11 14 16 18 19 21 22 23 22 21 20 18 16 14 11 10 10 8 8 7 8 4 2 -0.427344 -0.372913 -0.391693 -0.397593 -0.408241 -0.417907 -0.426094 -0.432408 -0.43766 -0.441505 -0.443742 -0.442491 -0.442525 -0.443372 -0.443882 -0.443218 -0.443882 -0.443372 -0.442525 -0.442491 -0.443743 -0.441505 -0.43766 -0.432408 -0.426094 -0.417907 -0.408241 -0.397593 -0.391693 -0.372913 -0.427344 
9.4 -13.2024 0.613109 2 4 8 7 8 9 10 10 11 14 16 19 20 21 22 23 22 21 20 19 16 14 11 10 10 9 8 7 8 4 2 -0.428289 -0.373512 -0.392946 -0.39907 -0.409852 -0.41931 -0.427168 -0.433214 -0.438314 -0.441869 -0.443796 -0.442394 -0.44251 -0.443526 -0.443898 -0.443065 -0.443898 -0.443527 -0.44251 -0.442394 -0.443796 -0.441869 -0.438314 -0.433214 -0.427168 -0.41931 -0.409852 -0.39907 -0.392946 -0.373512 -0.428289 
9.5 -13.2228 0.616959 2 4 8 7 8 9 10 10 11 14 16 19 21 22 22 23 22 22 21 19 16 14 11 10 10 9 8 7 8 4 2 -0.429319 -0.374147 -0.394266 -0.400578 -0.411451 -0.420662 -0.42819 -0.433985 -0.43894 -0.442189 -0.443809 -0.442305 -0.442516 -0.44367 -0.443905 -0.442922 -0.443905 -0.44367 -0.442515 -0.442306 -0.443809 -0.44219 -0.438939 -0.433985 -0.42819 -0.420662 -0.411451 -0.400578 -0.394266 -0.374147 -0.429319 
9.6 -13.2431 0.620772 2 4 8 7 8 9 10 10 12 14 18 19 21 22 23 24 23 22 21 19 18 14 12 10 10 9 8 7 8 4 2 -0.43044 -0.374818 -0.39565 -0.402111 -0.413029 -0.42196 -0.429162 -0.434724 -0.439535 -0.442465 -0.443786 -0.442229 -0.442542 -0.443798 -0.443903 -0.442793 -0.443903 -0.443799 -0.442541 -0.44223 -0.443786 -0.442466 -0.439534 -0.434724 -0.429162 -0.42196 -0.413029 -0.402111 -0.39565 -0.374818 -0.43044 
9.7 -13.2633 0.624554 2 4 8 8 8 10 10 10 12 15 18 20 21 22 23 24 23 22 21 20 18 15 12 10 10 10 8 8 8 4 2 -0.431657 -0.375525 -0.397098 -0.403661 -0.414581 -0.4232 -0.430087 -0.435432 -0.440099 -0.442697 -0.443732 -0.442168 -0.442589 -0.443909 -0.443892 -0.442681 -0.443892 -0.44391 -0.442588 -0.44217 -0.443731 -0.442698 -0.440098 -0.435432 -0.430087 -0.4232 -0.414581 -0.403661 -0.397098 -0.375525 -0.431657 
9.8 -13.2835 0.628312 2 4 8 8 8 10 10 11 13 16 18 20 21 22 23 25 23 22 21 20 18 16 13 11 10 10 8 8 8 4 2 -0.432978 -0.376266 -0.398605 -0.40522 -0.416098 -0.424383 -0.430969 -0.436112 -0.44063 -0.442886 -0.44365 -0.442126 -0.442654 -0.443998 -0.443873 -0.442588 -0.443872 -0.443999 -0.442653 -0.442128 -0.443649 -0.442887 -0.440629 -0.436113 -0.430969 -0.424383 -0.416098 -0.40522 -0.398605 -0.376266 -0.432978 
9.9 -13.3035 0.632051 2 4 8 8 8 10 10 11 14 16 19 20 22 22 24 25 24 22 22 20 19 16 14 11 10 10 8 8 8 4 2 -0.434408 -0.377039 -0.400169 -0.40678 -0.417575 -0.425508 -0.431811 -0.436766 -0.441126 -0.443032 -0.443546 -0.442105 -0.442736 -0.444065 -0.443845 -0.442517 -0.443845 -0.444067 -0.442735 -0.442107 -0.443544 -0.443034 -0.441125 -0.436766 -0.431811 -0.425508 -0.417575 -0.40678 -0.400169 -0.377039 -0.434408 
10 -13.3235 0.635776 2 4 8 8 8 10 10 11 14 16 19 21 22 22 24 25 24 22 22 21 19 16 14 11 10 10 8 8 8 4 2 -0.435954 -0.377841 -0.401786 -0.408334 -0.419007 -0.426576 -0.432616 -0.437393 -0.441587 -0.443138 -0.443425 -0.442105 -0.442833 -0.444109 -0.443811 -0.44247 -0.443811 -0.44411 -0.442831 -0.442108 -0.443422 -0.44314 -0.441585 -0.437393 -0.432616 -0.426576 -0.419007 -0.408334 -0.401786 -0.377841 -0.435954 
10.1 -13.3433 0.639491 2 4 8 8 9 10 10 12 14 17 19 21 22 23 24 25 24 23 22 21 19 17 14 12 10 10 9 8 8 4 2 -0.437622 -0.37867 -0.40345 -0.409871 -0.42039 -0.427588 -0.433387 -0.437994 -0.442008 -0.443205 -0.443292 -0.442128 -0.442941 -0.444127 -0.443771 -0.442446 -0.443771 -0.444128 -0.442938 -0.442131 -0.443289 -0.443208 -0.442007 -0.437994 -0.433387 -0.427588 -0.42039 -0.409871 -0.40345 -0.37867 -0.437621 
10.2 -13.363 0.643198 2 4 8 8 9 10 10 12 14 18 20 21 22 23 24 25 24 23 22 21 20 18 14 12 10 10 9 8 8 4 2 -0.439417 -0.37952 -0.405156 -0.411385 -0.42172 -0.428546 -0.434129 -0.438569 -0.44239 -0.443237 -0.443152 -0.442173 -0.443057 -0.444121 -0.443725 -0.442446 -0.443725 -0.444122 -0.443055 -0.442176 -0.443149 -0.443239 -0.442389 -0.438569 -0.434129 -0.428546 -0.42172 -0.411385 -0.405156 -0.37952 -0.439417 
10.3 -13.3826 0.646899 2 4 8 8 9 10 10 12 16 18 20 21 23 23 24 25 24 23 23 21 20 18 16 12 10 10 9 8 8 4 2 -0.441347 -0.380386 -0.406899 -0.412867 -0.422995 -0.429453 -0.434843 -0.439118 -0.44273 -0.443236 -0.443011 -0.442239 -0.44318 -0.44409 -0.443676 -0.44247 -0.443676 -0.444091 -0.443177 -0.442243 -0.443007 -0.443239 -0.442729 -0.439118 -0.434843 -0.429453 -0.422995 -0.412867 -0.406899 -0.380386 -0.441347 
10.4 -13.402 0.650593 2 4 8 8 10 10 11 13 16 18 20 22 23 24 24 25 24 24 23 22 20 19 16 14 11 10 10 8 8 4 2 -0.443415 -0.381263 -0.408671 -0.414309 -0.424214 -0.430312 -0.435531 -0.43964 -0.443028 -0.443206 -0.442873 -0.442326 -0.443304 -0.444037 -0.443625 -0.442515 -0.443625 -0.444038 -0.443302 -0.442329 -0.442869 -0.443209 -0.443027 -0.43964 -0.435531 -0.430312 -0.424214 -0.414309 -0.408671 -0.381263 -0.443415 
10.5 -13.4213 0.654279 2 4 8 9 10 10 11 14 16 19 21 22 23 25 25 26 25 25 23 22 21 19 16 14 11 10 10 9 8 4 2 -0.445627 -0.382143 -0.410466 -0.415705 -0.425376 -0.431126 -0.436197 -0.440133 -0.443282 -0.443152 -0.442742 -0.44243 -0.443428 -0.443963 -0.443572 -0.442582 -0.443572 -0.443963 -0.443427 -0.442433 -0.442738 -0.443155 -0.443281 -0.440133 -0.436197 -0.431126 -0.425376 -0.415705 -0.410466 -0.382143 -0.445626 
10.6 -13.4403 0.657957 2 4 8 10 10 10 11 14 16 19 21 22 23 25 25 26 25 25 23 22 21 19 16 14 11 10 10 10 8 4 2 -0.447985 -0.383019 -0.412277 -0.417048 -0.426482 -0.431899 -0.436842 -0.440596 -0.443492 -0.443077 -0.442623 -0.44255 -0.443549 -0.44387 -0.443518 -0.442666 -0.443519 -0.44387 -0.443547 -0.442553 -0.44262 -0.44308 -0.443491 -0.440596 -0.436842 -0.431899 -0.426482 -0.417048 -0.412277 -0.383019 -0.447985 
10.7 -13.4592 0.661623 2 4 8 10 10 10 12 14 18 20 21 23 24 25 25 26 25 25 24 23 21 20 18 14 12 10 10 10 8 4 2 -0.450494 -0.383882 -0.414096 -0.418333 -0.427533 -0.432634 -0.437466 -0.441028 -0.443658 -0.442987 -0.442519 -0.442683 -0.443662 -0.443762 -0.443467 -0.442765 -0.443467 -0.443761 -0.443661 -0.442685 -0.442516 -0.442989 -0.443657 -0.441028 -0.437466 -0.432634 -0.427533 -0.418333 -0.414096 -0.383882 -0.450494 
10.8 -13.4778 0.665274 2 4 8 10 10 10 12 14 18 20 21 23 25 25 26 27 26 25 25 23 21 20 18 15 12 10 10 10 8 4 2 -0.453155 -0.384723 -0.415916 -0.419556 -0.428532 -0.433334 -0.438069 -0.441428 -0.443781 -0.442886 -0.442433 -0.442824 -0.443766 -0.443641 -0.443417 -0.442877 -0.443418 -0.44364 -0.443766 -0.442826 -0.442431 -0.442888 -0.44378 -0.441427 -0.438069 -0.433334 -0.428532 -0.419556 -0.415916 -0.384723 -0.453154 
10.9 -13.4962 0.668905 2 4 8 10 10 10 12 16 18 20 22 23 25 26 26 28 26 26 25 23 22 20 18 16 12 10 10 10 8 4 2 -0.455968 -0.385532 -0.41773 -0.420712 -0.429482 -0.434003 -0.438653 -0.441792 -0.443862 -0.442779 -0.442368 -0.442972 -0.443859 -0.443511 -0.44337 -0.442997 -0.443371 -0.44351 -0.443859 -0.442972 -0.442367 -0.44278 -0.443862 -0.441792 -0.438653 -0.434003 -0.429482 -0.420712 -0.41773 -0.385532 -0.455968 
11 -13.5143 0.672514 2 4 8 10 10 11 14 16 18 20 22 23 26 26 27 28 27 26 26 23 22 20 18 16 14 11 10 10 8 4 2 -0.458933 -0.386299 -0.419532 -0.4218 -0.430385 -0.434644 -0.439216 -0.442121 -0.443904 -0.44267 -0.442325 -0.443121 -0.443937 -0.443376 -0.443328 -0.443122 -0.443329 -0.443374 -0.443939 -0.443121 -0.442325 -0.44267 -0.443904 -0.442121 -0.439216 -0.434644 -0.430385 -0.4218 -0.419532 -0.3863 -0.458933 
11.1 -13.5321 0.676093 2 4 8 10 10 11 14 16 19 21 23 25 26 26 27 29 27 26 26 25 23 21 19 16 14 11 10 10 8 4 2 -0.462049 -0.387014 -0.421316 -0.422817 -0.431245 -0.435258 -0.439757 -0.442413 -0.443908 -0.442564 -0.442305 -0.443269 -0.444 -0.44324 -0.443291 -0.443249 -0.443292 -0.443237 -0.444003 -0.443267 -0.442306 -0.442563 -0.443909 -0.442412 -0.439757 -0.435258 -0.431245 -0.422817 -0.421316 -0.387014 -0.462049 
11.2 -13.5497 0.67964 2 4 8 10 10 11 14 17 19 21 23 25 26 26 28 29 28 26 26 25 23 21 19 17 14 11 10 10 8 4 2 -0.465311 -0.387666 -0.423076 -0.423763 -0.432066 -0.435849 -0.440276 -0.442666 -0.443879 -0.442464 -0.442308 -0.443411 -0.444047 -0.443105 -0.443259 -0.443374 -0.44326 -0.443102 -0.44405 -0.443409 -0.442311 -0.442463 -0.44388 -0.442666 -0.440275 -0.435849 -0.432067 -0.423763 -0.423075 -0.387666 -0.465311 
11.3 -13.5669 0.683148 2 4 8 10 10 11 14 18 20 21 23 25 26 27 28 29 28 27 26 25 23 21 20 18 14 11 10 10 8 4 2 -0.468715 -0.388244 -0.424807 -0.424638 -0.432853 -0.436418 -0.440769 -0.442881 -0.443819 -0.442376 -0.442335 -0.443545 -0.444076 -0.442976 -0.443234 -0.443493 -0.443235 -0.442973 -0.44408 -0.443541 -0.442339 -0.442373 -0.443821 -0.44288 -0.440769 -0.436418 -0.432853 -0.424638 -0.424807 -0.388244 -0.468715 
11.4 -13.5837 0.686614 2 4 8 10 10 12 15 18 20 21 24 26 26 28 30 30 29 28 26 26 24 21 20 18 15 12 10 10 8 4 2 -0.472254 -0.388738 -0.426506 -0.425442 -0.433609 -0.436965 -0.441236 -0.443057 -0.443732 -0.442301 -0.442385 -0.443667 -0.444088 -0.442856 -0.443214 -0.443604 -0.443215 -0.442853 -0.444093 -0.443662 -0.442389 -0.442297 -0.443735 -0.443057 -0.441236 -0.436965 -0.433609 -0.425442 -0.426506 -0.388738 -0.472254 
11.5 -13.6002 0.690032 2 4 8 10 11 12 16 18 20 22 24 26 28 28 30 31 30 28 28 26 24 22 20 18 16 12 11 10 8 4 2 -0.475918 -0.389139 -0.428169 -0.426177 -0.434338 -0.437491 -0.441675 -0.443195 -0.443624 -0.442242 -0.442455 -0.443773 -0.444083 -0.442748 -0.443201 -0.443703 -0.443202 -0.442746 -0.444088 -0.443767 -0.44246 -0.442237 -0.443627 -0.443195 -0.441674 -0.437491 -0.434338 -0.426177 -0.428169 -0.38914 -0.475918 
11.6 -13.6162 0.693398 2 4 8 10 11 14 16 18 20 23 25 26 28 28 30 31 30 29 28 26 25 23 21 18 16 14 11 10 8 4 2 -0.479699 -0.389439 -0.429795 -0.426846 -0.435044 -0.437997 -0.442082 -0.443296 -0.443499 -0.442202 -0.442544 -0.443863 -0.444061 -0.442655 -0.443194 -0.443788 -0.443194 -0.442653 -0.444066 -0.443856 -0.442551 -0.442196 -0.443502 -0.443295 -0.442082 -0.437997 -0.435044 -0.426846 -0.429795 -0.389439 -0.479699 
11.7 -13.6318 0.69671 2 4 8 10 12 14 16 19 21 23 25 26 28 30 31 31 31 30 28 27 25 23 21 19 16 14 12 10 8 4 2 -0.483584 -0.389629 -0.431382 -0.427449 -0.435729 -0.438482 -0.442457 -0.443361 -0.443361 -0.442182 -0.44265 -0.443933 -0.444023 -0.442579 -0.443193 -0.443857 -0.443193 -0.442577 -0.444029 -0.443925 -0.442657 -0.442175 -0.443365 -0.44336 -0.442457 -0.438482 -0.435729 -0.427449 -0.431382 -0.389629 -0.483584 
11.8 -13.647 0.699964 2 4 8 10 12 14 17 20 21 23 25 28 29 30 31 31 31 30 28 28 25 23 21 20 17 14 12 10 8 4 2 -0.48756 -0.389704 -0.43293 -0.427991 -0.436397 -0.438946 -0.442797 -0.443391 -0.443216 -0.442182 -0.442769 -0.443982 -0.443971 -0.442521 -0.443198 -0.443907 -0.443197 -0.442519 -0.443977 -0.443974 -0.442777 -0.442175 -0.443219 -0.44339 -0.442797 -0.438945 -0.436397 -0.427991 -0.432929 -0.389704 -0.48756 
11.9 -13.6617 0.703157 2 4 8 11 12 14 18 20 21 24 26 28 29 30 31 31 31 30 28 28 25 24 21 20 18 14 12 11 8 4 2 -0.491613 -0.389658 -0.434438 -0.428474 -0.437051 -0.439385 -0.443101 -0.44339 -0.443067 -0.442204 -0.442899 -0.44401 -0.443907 -0.442483 -0.443208 -0.443939 -0.443207 -0.442482 -0.443912 -0.444002 -0.442908 -0.442197 -0.443071 -0.443389 -0.443101 -0.439385 -0.437051 -0.428474 -0.434438 -0.389658 -0.491613 
12 -13.6759 0.706289 2 4 8 11 12 15 18 20 21 24 26 28 29 31 31 32 31 31 29 28 26 24 21 20 18 15 12 11 8 4 2 -0.495727 -0.389488 -0.435909 -0.428901 -0.437691 -0.4398 -0.443367 -0.44336 -0.442921 -0.442246 -0.443037 -0.444015 -0.443832 -0.442466 -0.443222 -0.443951 -0.443221 -0.442465 -0.443837 -0.444007 -0.443046 -0.442238 -0.442925 -0.443359 -0.443367 -0.439799 -0.437691 -0.428901 -0.435909 -0.389488 -0.495727 
12.1 -13.6896 0.709359 2 4 8 11 14 16 19 20 23 25 28 29 31 32 31 32 31 32 31 29 28 25 23 20 19 16 14 11 8 4 2 -0.499885 -0.389192 -0.437343 -0.429274 -0.438321 -0.440188 -0.443595 -0.443304 -0.44278 -0.442307 -0.443179 -0.443999 -0.443749 -0.442468 -0.44324 -0.443944 -0.443239 -0.442468 -0.443754 -0.443992 -0.443188 -0.4423 -0.442784 -0.443303 -0.443595 -0.440187 -0.438321 -0.429274 -0.437343 -0.389192 -0.499885 
12.2 -13.7027 0.712366 2 4 8 11 14 16 19 21 23 25 28 30 31 33 32 34 32 33 31 30 28 25 23 21 19 16 14 11 8 4 2 -0.50407 -0.388771 -0.438743 -0.429596 -0.43894 -0.440546 -0.443784 -0.443226 -0.442651 -0.442387 -0.443322 -0.443962 -0.44366 -0.442491 -0.443261 -0.443917 -0.44326 -0.442491 -0.443664 -0.443955 -0.44333 -0.44238 -0.442654 -0.443225 -0.443784 -0.440545 -0.43894 -0.429596 -0.438743 -0.388771 -0.50407 
12.3 -13.7153 0.715313 2 4 8 11 15 16 19 21 23 25 29 30 32 33 33 35 33 33 32 30 29 25 23 21 19 16 15 11 8 4 2 -0.508264 -0.388227 -0.440112 -0.42987 -0.439549 -0.440872 -0.443934 -0.44313 -0.442535 -0.442482 -0.443461 -0.443905 -0.443568 -0.442532 -0.443285 -0.443872 -0.443283 -0.442532 -0.44357 -0.443899 -0.443469 -0.442476 -0.442538 -0.443129 -0.443935 -0.440872 -0.439549 -0.42987 -0.440112 -0.388227 -0.508264 
12.4 -13.7273 0.718201 2 4 8 11 15 18 20 21 24 26 29 30 33 33 34 36 34 33 33 30 29 26 24 21 20 18 15 11 8 4 2 -0.512451 -0.387562 -0.441453 -0.430096 -0.440148 -0.441164 -0.444047 -0.443019 -0.442437 -0.44259 -0.443595 -0.443831 -0.443474 -0.44259 -0.44331 -0.443809 -0.443308 -0.442591 -0.443475 -0.443826 -0.443602 -0.442585 -0.44244 -0.443018 -0.444048 -0.441163 -0.440148 -0.430097 -0.441453 -0.387562 -0.512451 
12.5 -13.7388 0.721033 2 4 8 13 16 18 20 21 24 27 29 31 33 34 35 36 35 34 33 31 29 27 24 21 20 18 16 13 8 4 2 -0.516612 -0.386782 -0.442769 -0.430278 -0.440738 -0.441419 -0.444124 -0.442897 -0.442358 -0.442709 -0.44372 -0.443741 -0.443381 -0.442664 -0.443335 -0.443732 -0.443334 -0.442665 -0.443382 -0.443737 -0.443725 -0.442704 -0.442361 -0.442896 -0.444125 -0.441418 -0.440738 -0.430278 -0.442769 -0.386782 -0.516612 
12.6 -13.7496 0.723812 2 4 8 13 16 18 20 23 24 28 30 32 33 34 35 36 35 34 33 32 30 28 24 23 20 18 16 13 8 4 2 -0.520732 -0.385894 -0.444064 -0.430415 -0.441317 -0.441635 -0.444165 -0.442769 -0.442302 -0.442835 -0.443833 -0.443638 -0.443291 -0.442751 -0.443361 -0.443642 -0.44336 -0.442752 -0.443291 -0.443636 -0.443837 -0.442832 -0.442304 -0.442768 -0.444166 -0.441634 -0.441317 -0.430415 -0.444064 -0.385894 -0.520732 
12.7 -13.7599 0.726542 2 4 8 13 16 18 20 23 25 28 30 33 34 35 35 37 35 35 34 33 30 28 25 23 20 18 16 13 8 4 2 -0.524794 -0.384905 -0.445342 -0.430507 -0.441884 -0.441809 -0.444175 -0.442638 -0.442269 -0.442965 -0.443933 -0.443525 -0.443207 -0.442848 -0.443386 -0.443541 -0.443386 -0.44285 -0.443206 -0.443524 -0.443935 -0.442963 -0.442271 -0.442637 -0.444176 -0.441808 -0.441884 -0.430507 -0.445342 -0.384905 -0.524794 
12.8 -13.7696 0.729227 2 4 8 13 16 20 20 23 26 29 31 33 34 35 36 37 36 35 34 33 31 29 26 23 20 20 16 13 8 4 2 -0.528783 -0.383825 -0.446607 -0.430556 -0.442438 -0.441939 -0.444155 -0.442507 -0.442261 -0.443096 -0.444016 -0.443406 -0.443129 -0.442953 -0.44341 -0.443433 -0.44341 -0.442955 -0.443127 -0.443406 -0.444017 -0.443095 -0.442261 -0.442506 -0.444156 -0.441938 -0.442438 -0.430555 -0.446607 -0.383825 -0.528783 
12.9 -13.7787 0.731873 2 4 8 14 18 20 21 23 27 29 32 33 35 36 36 38 36 36 35 33 32 29 27 23 21 20 18 14 8 4 2 -0.532686 -0.382663 -0.447862 -0.430558 -0.442978 -0.442024 -0.44411 -0.442381 -0.442277 -0.443224 -0.444081 -0.443283 -0.44306 -0.443063 -0.443431 -0.443319 -0.443432 -0.443065 -0.443057 -0.443284 -0.444081 -0.443224 -0.442277 -0.44238 -0.444111 -0.442023 -0.442978 -0.430558 -0.447862 -0.382663 -0.532686 
13 -13.7872 0.734483 2 4 8 14 18 20 22 24 27 29 33 34 35 36 37 38 37 36 35 34 33 29 27 24 22 20 18 14 8 4 2 -0.536493 -0.381429 -0.449112 -0.430515 -0.443502 -0.442061 -0.444042 -0.442262 -0.442317 -0.443347 -0.444128 -0.443159 -0.443 -0.443175 -0.44345 -0.443204 -0.443451 -0.443176 -0.442997 -0.443162 -0.444127 -0.443348 -0.442316 -0.442262 -0.444043 -0.442061 -0.443502 -0.430514 -0.449112 -0.381429 -0.536493 
13.1 -13.7951 0.737065 2 4 8 14 18 21 22 24 27 30 33 34 36 36 37 38 37 36 36 34 34 30 27 24 22 21 18 14 8 4 2 -0.540192 -0.380134 -0.45036 -0.430422 -0.44401 -0.442051 -0.443956 -0.442153 -0.44238 -0.44346 -0.444156 -0.443039 -0.442952 -0.443286 -0.443466 -0.44309 -0.443467 -0.443287 -0.442949 -0.443043 -0.444153 -0.443462 -0.442378 -0.442153 -0.443957 -0.44205 -0.44401 -0.430422 -0.45036 -0.380134 -0.540192 
13.2 -13.8025 0.739623 2 4 8 14 18 21 23 25 29 31 34 35 36 36 38 38 38 36 36 35 34 32 29 25 23 21 18 15 8 4 2 -0.543776 -0.378788 -0.451611 -0.430278 -0.444499 -0.441992 -0.443856 -0.442056 -0.442464 -0.443562 -0.444164 -0.442924 -0.442915 -0.443393 -0.443477 -0.442979 -0.443479 -0.443393 -0.442911 -0.442929 -0.44416 -0.443565 -0.442462 -0.442055 -0.443858 -0.441992 -0.444499 -0.430278 -0.451611 -0.378788 -0.543776 
13.3 -13.8093 0.742162 2 4 8 15 19 21 23 26 30 32 34 35 36 36 38 38 38 36 36 35 34 32 30 26 23 21 19 15 8 4 2 -0.547239 -0.377402 -0.452867 -0.430081 -0.444969 -0.441885 -0.443748 -0.441972 -0.442567 -0.44365 -0.444152 -0.442818 -0.44289 -0.443493 -0.443485 -0.442876 -0.443487 -0.443493 -0.442886 -0.442823 -0.444147 -0.443654 -0.442565 -0.441972 -0.443749 -0.441884 -0.44497 -0.43008 -0.452868 -0.377402 -0.547239 
13.4 -13.8156 0.744687 2 4 8 15 19 22 24 26 30 32 34 35 36 38 38 39 38 38 36 35 34 32 30 26 24 22 19 15 8 4 2 -0.550578 -0.375986 -0.454134 -0.429826 -0.44542 -0.441729 -0.443634 -0.441903 -0.442687 -0.443721 -0.444122 -0.442723 -0.442877 -0.443584 -0.443489 -0.442781 -0.443491 -0.443583 -0.442873 -0.442729 -0.444117 -0.443726 -0.442684 -0.441903 -0.443636 -0.441728 -0.44542 -0.429825 -0.454134 -0.375986 -0.550578 
13.5 -13.8214 0.747203 2 4 8 15 19 22 24 27 31 33 34 36 36 38 38 39 38 38 36 36 34 33 31 27 24 22 19 15 8 4 2 -0.553789 -0.374548 -0.455414 -0.42951 -0.44585 -0.441525 -0.443521 -0.441849 -0.44282 -0.443774 -0.444075 -0.442642 -0.442876 -0.443663 -0.443489 -0.442698 -0.443491 -0.443662 -0.442872 -0.442648 -0.444069 -0.443779 -0.442818 -0.441849 -0.443522 -0.441524 -0.44585 -0.42951 -0.455415 -0.374548 -0.553789 
13.6 -13.8267 0.749714 2 4 8 15 19 22 25 28 31 33 35 36 38 39 38 40 38 39 38 36 35 34 31 28 25 22 19 16 8 4 2 -0.556875 -0.373096 -0.456712 -0.429131 -0.44626 -0.441274 -0.443411 -0.44181 -0.442964 -0.443809 -0.444012 -0.442576 -0.442886 -0.443729 -0.443484 -0.442629 -0.443487 -0.443728 -0.442883 -0.442581 -0.444005 -0.443814 -0.442962 -0.441809 -0.443413 -0.441273 -0.44626 -0.42913 -0.456712 -0.373096 -0.556875 
13.7 -13.8315 0.752224 2 4 8 16 20 22 25 29 32 35 35 37 38 39 39 40 39 39 38 37 36 35 32 29 25 23 20 16 8 4 2 -0.559835 -0.371638 -0.45803 -0.428683 -0.446649 -0.440978 -0.443311 -0.441785 -0.443115 -0.443823 -0.443935 -0.442526 -0.442907 -0.44378 -0.443476 -0.442575 -0.443478 -0.443779 -0.442905 -0.442532 -0.443928 -0.443828 -0.443113 -0.441784 -0.443313 -0.440978 -0.44665 -0.428682 -0.45803 -0.371638 -0.559835 
13.8 -13.8359 0.754736 2 4 8 16 21 23 27 29 32 35 36 37 39 40 39 41 39 40 39 37 36 35 32 29 27 23 21 16 8 4 2 -0.562675 -0.370177 -0.459372 -0.428164 -0.44702 -0.440639 -0.443222 -0.441773 -0.443271 -0.443817 -0.443846 -0.442494 -0.442938 -0.443814 -0.443464 -0.442536 -0.443466 -0.443813 -0.442936 -0.442499 -0.443839 -0.443822 -0.443269 -0.441772 -0.443224 -0.440638 -0.447021 -0.428163 -0.459372 -0.370177 -0.562675 
13.9 -13.8399 0.757252 2 4 8 16 21 23 27 30 33 35 37 37 40 40 40 42 40 40 40 37 37 35 33 30 27 23 21 16 8 4 2 -0.565399 -0.36872 -0.460741 -0.427569 -0.447373 -0.440259 -0.44315 -0.441772 -0.443427 -0.443791 -0.443747 -0.442479 -0.442978 -0.443832 -0.443448 -0.442515 -0.44345 -0.443831 -0.442976 -0.442484 -0.443741 -0.443795 -0.443426 -0.441771 -0.443152 -0.440258 -0.447374 -0.427568 -0.460741 -0.36872 -0.5654 
14 -13.8435 0.759773 2 4 8 16 21 23 28 31 34 35 37 37 40 41 40 42 40 41 40 37 37 35 34 31 28 23 21 16 8 4 2 -0.568015 -0.367267 -0.462141 -0.426896 -0.447711 -0.43984 -0.443097 -0.44178 -0.44358 -0.443744 -0.443642 -0.442482 -0.443026 -0.443832 -0.44343 -0.442511 -0.443431 -0.443832 -0.443024 -0.442487 -0.443636 -0.443749 -0.443579 -0.441778 -0.4431 -0.439838 -0.447712 -0.426896 -0.462141 -0.367267 -0.568015 
14.1 -13.8467 0.762301 2 4 8 16 21 25 29 31 34 36 38 38 40 41 41 42 41 41 40 38 38 37 34 31 29 25 21 16 8 4 2 -0.57053 -0.365821 -0.463574 -0.426142 -0.448036 -0.439384 -0.443066 -0.441793 -0.443727 -0.443679 -0.443533 -0.442503 -0.443079 -0.443816 -0.443409 -0.442524 -0.44341 -0.443815 -0.443078 -0.442507 -0.443527 -0.443683 -0.443727 -0.441791 -0.443069 -0.439383 -0.448037 -0.426141 -0.463574 -0.365821 -0.57053 
14.2 -13.8496 0.764836 2 4 8 16 22 25 29 32 35 37 38 39 41 42 41 42 41 42 41 39 38 37 35 32 29 25 22 16 8 4 2 -0.572953 -0.364381 -0.465043 -0.425304 -0.448351 -0.438894 -0.44306 -0.441809 -0.443865 -0.443596 -0.443422 -0.442539 -0.443137 -0.443782 -0.443387 -0.442553 -0.443387 -0.443782 -0.443136 -0.442543 -0.443418 -0.443599 -0.443867 -0.441806 -0.443062 -0.438893 -0.448352 -0.425304 -0.465043 -0.364381 -0.572953 
14.3 -13.8522 0.767376 2 4 8 16 22 26 30 32 35 37 38 40 41 43 41 43 41 43 41 40 38 37 35 32 30 26 22 16 8 4 2 -0.575295 -0.362946 -0.46655 -0.424381 -0.44866 -0.438373 -0.443079 -0.441824 -0.443993 -0.443497 -0.443313 -0.44259 -0.443198 -0.443732 -0.443363 -0.442598 -0.443363 -0.443733 -0.443197 -0.442593 -0.443309 -0.443499 -0.443995 -0.441821 -0.443081 -0.438371 -0.448661 -0.42438 -0.46655 -0.362946 -0.575295 
14.4 -13.8545 0.76992 2 4 8 16 22 26 31 33 36 38 38 40 42 43 41 43 41 43 42 40 38 38 36 33 31 26 22 16 8 4 2 -0.577565 -0.361511 -0.468099 -0.423371 -0.448967 -0.437823 -0.443125 -0.441835 -0.444107 -0.443384 -0.443209 -0.442654 -0.44326 -0.443669 -0.443339 -0.442657 -0.443338 -0.44367 -0.443259 -0.442657 -0.443205 -0.443385 -0.444109 -0.441831 -0.443128 -0.437821 -0.448968 -0.42337 -0.468099 -0.361511 -0.577565 
14.5 -13.8565 0.772467 2 4 8 16 22 27 32 34 36 38 39 41 42 43 43 43 43 43 42 41 39 38 36 34 32 27 22 16 8 4 2 -0.579775 -0.360074 -0.46969 -0.422273 -0.449276 -0.437246 -0.4432 -0.441836 -0.444205 -0.443257 -0.44311 -0.442729 -0.443322 -0.443592 -0.443315 -0.442728 -0.443313 -0.443594 -0.443322 -0.442731 -0.443107 -0.443258 -0.444208 -0.441833 -0.443202 -0.437245 -0.449277 -0.422272 -0.46969 -0.360074 -0.579775 
14.6 -13.8583 0.775012 2 4 8 16 23 27 32 34 36 38 40 41 43 43 44 44 43 43 43 41 40 38 36 34 32 27 23 16 8 4 2 -0.581935 -0.35863 -0.471325 -0.421088 -0.449592 -0.436645 -0.443303 -0.441825 -0.444287 -0.443121 -0.443021 -0.442812 -0.443382 -0.443505 -0.443291 -0.442809 -0.443288 -0.443507 -0.443382 -0.442814 -0.443019 -0.443121 -0.44429 -0.441822 -0.443304 -0.436644 -0.449594 -0.421087 -0.471325 -0.35863 -0.581935 
14.7 -13.8599 0.777555 2 4 8 16 24 27 33 35 36 39 40 42 43 45 44 45 44 45 43 42 40 39 36 36 33 28 24 16 8 4 2 -0.584056 -0.357172 -0.473005 -0.419817 -0.449921 -0.436022 -0.443433 -0.441797 -0.444352 -0.442976 -0.442943 -0.442901 -0.443439 -0.44341 -0.443268 -0.442898 -0.443265 -0.443412 -0.443439 -0.442902 -0.442941 -0.442976 -0.444355 -0.441794 -0.443434 -0.436021 -0.449922 -0.419816 -0.473005 -0.357172 -0.584056 
14.8 -13.8613 0.78009 2 4 8 16 24 28 34 36 38 39 40 42 43 45 44 45 44 45 44 42 41 39 38 36 34 28 24 16 8 4 2 -0.586149 -0.355695 -0.474732 -0.418462 -0.450267 -0.435378 -0.443591 -0.441749 -0.444398 -0.442826 -0.442878 -0.442992 -0.443491 -0.443309 -0.443246 -0.442993 -0.443243 -0.443312 -0.443491 -0.442993 -0.442877 -0.442825 -0.444401 -0.441746 -0.443592 -0.435377 -0.450268 -0.418461 -0.474732 -0.355695 -0.58615 
14.9 -13.8625 0.782613 2 4 8 16 24 29 34 37 38 39 42 42 44 46 44 45 44 46 44 42 42 39 38 37 34 29 24 16 8 4 2 -0.588225 -0.354192 -0.476504 -0.417025 -0.450635 -0.434715 -0.443775 -0.441675 -0.444426 -0.442672 -0.442827 -0.443084 -0.443537 -0.443205 -0.443226 -0.443091 -0.443223 -0.443208 -0.443537 -0.443084 -0.442826 -0.442671 -0.444429 -0.441674 -0.443775 -0.434714 -0.450636 -0.417025 -0.476505 -0.354192 -0.588225 
15 -13.8636 0.785121 2 4 8 16 25 29 35 38 39 39 42 43 45 47 46 46 46 47 45 43 42 40 39 38 35 29 25 16 8 4 2 -0.590293 -0.352656 -0.478323 -0.415511 -0.451032 -0.434033 -0.443984 -0.441574 -0.444437 -0.442517 -0.442791 -0.443172 -0.443577 -0.443101 -0.443209 -0.44319 -0.443205 -0.443103 -0.443577 -0.443172 -0.442791 -0.442516 -0.444439 -0.441573 -0.443983 -0.434033 -0.451032 -0.415511 -0.478323 -0.352655 -0.590293 
15.1 -13.8645 0.78761 2 4 8 16 25 30 35 39 39 40 42 43 46 47 46 46 46 47 46 43 42 41 39 39 35 30 25 16 8 4 2 -0.592361 -0.35108 -0.480187 -0.413924 -0.451462 -0.433334 -0.444217 -0.44144 -0.444431 -0.442362 -0.442771 -0.443255 -0.443609 -0.442998 -0.443193 -0.443287 -0.44319 -0.443 -0.443609 -0.443255 -0.442771 -0.442362 -0.444432 -0.441441 -0.444215 -0.433335 -0.451462 -0.413924 -0.480187 -0.35108 -0.592361 
15.2 -13.8653 0.790076 2 4 8 16 25 30 36 39 40 41 43 44 47 47 46 47 46 47 47 44 43 41 40 39 36 31 25 16 8 4 2 -0.594437 -0.34946 -0.482095 -0.412269 -0.45193 -0.432618 -0.444471 -0.441272 -0.44441 -0.442209 -0.442768 -0.44333 -0.443632 -0.4429 -0.44318 -0.443379 -0.443177 -0.442902 -0.443633 -0.443329 -0.442768 -0.44221 -0.444409 -0.441274 -0.444468 -0.432619 -0.451929 -0.412269 -0.482095 -0.349459 -0.594437 
15.3 -13.866 0.792514 2 4 8 16 25 31 36 40 41 42 44 45 47 48 46 47 46 48 47 45 44 42 41 40 36 32 25 16 8 4 2 -0.596528 -0.347788 -0.484046 -0.410552 -0.452441 -0.431885 -0.444745 -0.441066 -0.444375 -0.442061 -0.442779 -0.443394 -0.443647 -0.442809 -0.44317 -0.443464 -0.443167 -0.442811 -0.443648 -0.443393 -0.44278 -0.442062 -0.444373 -0.44107 -0.444741 -0.431886 -0.45244 -0.410552 -0.484046 -0.347788 -0.596528 
15.4 -13.8666 0.794921 2 4 8 16 26 32 37 40 41 42 45 46 47 49 46 48 47 49 47 46 45 42 41 40 37 32 26 16 8 4 2 -0.59864 -0.346061 -0.486036 -0.40878 -0.452999 -0.431133 -0.445037 -0.440821 -0.444329 -0.441917 -0.442807 -0.443446 -0.443654 -0.442726 -0.443163 -0.443541 -0.443161 -0.442728 -0.443655 -0.443444 -0.442807 -0.441918 -0.444326 -0.440826 -0.445032 -0.431136 -0.452998 -0.40878 -0.486036 -0.346061 -0.59864 
15.5 -13.8672 0.797295 2 4 8 16 26 32 38 40 41 42 45 46 48 49 48 49 47 49 48 46 45 43 41 40 38 32 26 16 8 4 2 -0.600777 -0.344275 -0.488064 -0.406959 -0.453609 -0.430363 -0.445345 -0.440534 -0.444274 -0.44178 -0.442848 -0.443483 -0.443651 -0.442655 -0.443159 -0.443607 -0.443157 -0.442656 -0.443652 -0.443481 -0.442849 -0.441781 -0.444269 -0.44054 -0.44534 -0.430366 -0.453608 -0.40696 -0.488064 -0.344275 -0.600777 
15.6 -13.8676 0.799632 2 4 8 16 26 32 38 40 42 44 45 47 49 49 48 50 48 49 49 47 45 44 42 40 38 33 26 16 8 4 2 -0.602941 -0.342428 -0.490126 -0.405097 -0.454274 -0.429573 -0.445669 -0.440203 -0.444213 -0.441648 -0.442903 -0.443504 -0.443641 -0.442596 -0.443157 -0.44366 -0.443156 -0.442596 -0.443641 -0.443502 -0.442904 -0.44165 -0.444207 -0.440211 -0.445663 -0.429576 -0.454272 -0.405099 -0.490126 -0.342428 -0.602941 
15.7 -13.868 0.801931 2 4 8 16 26 33 38 41 43 44 46 47 49 49 49 51 49 49 49 47 46 44 43 41 38 33 26 16 8 4 2 -0.605135 -0.340518 -0.492219 -0.403203 -0.454997 -0.428761 -0.446006 -0.439828 -0.444149 -0.441522 -0.442969 -0.443507 -0.443622 -0.44255 -0.443159 -0.443699 -0.443158 -0.44255 -0.443623 -0.443505 -0.44297 -0.441524 -0.444142 -0.439837 -0.445999 -0.428765 -0.454995 -0.403204 -0.492218 -0.340518 -0.605134 
15.8 -13.8683 0.804189 2 4 8 16 26 33 39 41 44 45 47 47 49 49 49 51 49 49 49 48 47 45 44 41 39 33 26 16 8 4 2 -0.607357 -0.338546 -0.494339 -0.401283 -0.455781 -0.427926 -0.446356 -0.439408 -0.444085 -0.441401 -0.443045 -0.443493 -0.443596 -0.442518 -0.443163 -0.443724 -0.443163 -0.442518 -0.443597 -0.443491 -0.443046 -0.441404 -0.444076 -0.439417 -0.446348 -0.42793 -0.455779 -0.401284 -0.494338 -0.338547 -0.607356 
15.9 -13.8686 0.806406 2 4 8 16 26 33 39 42 44 45 48 48 50 50 50 51 50 50 50 48 49 46 44 42 39 33 26 16 8 4 2 -0.609606 -0.336514 -0.496481 -0.399345 -0.456629 -0.427064 -0.446718 -0.438942 -0.444024 -0.441284 -0.44313 -0.443459 -0.443563 -0.4425 -0.44317 -0.443733 -0.44317 -0.4425 -0.443564 -0.443458 -0.443131 -0.441287 -0.444015 -0.438953 -0.44671 -0.427069 -0.456626 -0.399347 -0.49648 -0.336515 -0.609606 
16 -13.8688 0.808581 2 4 8 16 26 33 40 43 45 46 49 49 50 50 50 51 50 50 50 49 49 46 45 43 40 33 27 16 8 4 2 -0.611881 -0.334426 -0.498642 -0.397398 -0.457541 -0.426174 -0.447091 -0.438432 -0.443969 -0.44117 -0.44322 -0.443407 -0.443525 -0.442497 -0.443179 -0.443726 -0.44318 -0.442496 -0.443526 -0.443406 -0.443222 -0.441173 -0.44396 -0.438443 -0.447083 -0.426179 -0.457538 -0.3974 -0.49864 -0.334426 -0.61188 
16.1 -13.869 0.810715 2 4 8 16 27 33 40 43 46 46 49 49 50 51 51 52 51 51 50 49 49 46 46 43 40 33 27 16 8 4 2 -0.614175 -0.332286 -0.500816 -0.395448 -0.458519 -0.425252 -0.447477 -0.437877 -0.443924 -0.441057 -0.443316 -0.443337 -0.443483 -0.442507 -0.44319 -0.443704 -0.443192 -0.442507 -0.443484 -0.443335 -0.443318 -0.44106 -0.443915 -0.437888 -0.447469 -0.425257 -0.458516 -0.39545 -0.500814 -0.332287 -0.614175 
16.2 -13.8692 0.812809 2 4 8 16 27 33 41 43 46 47 49 50 51 52 52 52 51 52 51 49 49 47 46 43 41 33 27 16 8 4 2 -0.616485 -0.330101 -0.502999 -0.393502 -0.459565 -0.424296 -0.447876 -0.437278 -0.443893 -0.440941 -0.443413 -0.443248 -0.443438 -0.442531 -0.443203 -0.443667 -0.443205 -0.44253 -0.443438 -0.443246 -0.443415 -0.440944 -0.443884 -0.437289 -0.447868 -0.424301 -0.459561 -0.393505 -0.502997 -0.330102 -0.616484 
16.3 -13.8694 0.814864 2 4 8 16 27 33 42 43 48 47 49 50 52 54 53 53 52 54 52 51 49 47 48 44 42 33 27 16 8 4 2 -0.618802 -0.32788 -0.505186 -0.391567 -0.460677 -0.423302 -0.448289 -0.436637 -0.443877 -0.440822 -0.443512 -0.443142 -0.443391 -0.442566 -0.443218 -0.443616 -0.44322 -0.442565 -0.443391 -0.44314 -0.443514 -0.440824 -0.443868 -0.436647 -0.448282 -0.423307 -0.460674 -0.39157 -0.505184 -0.327882 -0.618801 
16.4 -13.8695 0.816882 2 4 8 16 27 33 42 45 49 47 49 52 54 54 53 53 53 54 54 52 49 47 49 45 42 33 27 16 8 4 2 -0.621119 -0.325633 -0.507372 -0.389647 -0.461858 -0.422267 -0.448719 -0.435955 -0.443881 -0.440695 -0.443609 -0.443019 -0.443344 -0.442611 -0.443234 -0.443552 -0.443236 -0.442611 -0.443343 -0.443018 -0.443611 -0.440697 -0.443873 -0.435964 -0.448712 -0.422272 -0.461854 -0.389651 -0.50737 -0.325634 -0.621119 
16.5 -13.8696 0.818866 2 4 8 16 27 33 42 45 50 48 50 52 55 54 53 53 54 54 55 52 50 48 50 45 42 33 27 16 8 4 2 -0.623428 -0.32337 -0.509553 -0.387749 -0.463105 -0.421188 -0.449167 -0.435234 -0.443906 -0.440557 -0.443703 -0.442881 -0.443297 -0.442665 -0.44325 -0.443476 -0.443252 -0.442665 -0.443296 -0.44288 -0.443706 -0.440559 -0.443899 -0.435242 -0.449161 -0.421193 -0.463101 -0.387752 -0.509551 -0.323371 -0.623428 
16.6 -13.8697 0.82082 2 4 8 16 27 33 42 46 51 49 51 53 55 55 54 54 54 55 55 53 51 50 50 46 42 33 27 16 8 4 2 -0.625719 -0.321103 -0.511724 -0.385875 -0.464419 -0.420062 -0.449636 -0.434475 -0.443955 -0.440406 -0.443794 -0.442729 -0.443253 -0.442725 -0.443267 -0.44339 -0.443269 -0.442725 -0.443251 -0.442728 -0.443796 -0.440407 -0.443949 -0.434482 -0.449631 -0.420067 -0.464415 -0.385879 -0.511721 -0.321104 -0.625718 
16.7 -13.8697 0.822747 2 4 8 16 27 33 42 46 51 50 52 54 55 56 54 55 54 56 56 54 52 51 51 46 42 33 27 16 8 4 2 -0.627981 -0.318845 -0.51388 -0.384029 -0.465799 -0.418886 -0.45013 -0.433681 -0.44403 -0.440237 -0.443879 -0.442564 -0.443212 -0.442788 -0.443283 -0.443297 -0.443285 -0.442789 -0.443209 -0.442564 -0.443881 -0.440238 -0.444026 -0.433686 -0.450125 -0.41889 -0.465795 -0.384033 -0.513878 -0.318847 -0.62798 
16.8 -13.8698 0.824651 2 4 8 16 27 33 43 46 51 51 53 54 57 57 55 55 55 57 57 54 53 51 51 46 43 33 27 16 8 4 2 -0.630203 -0.316611 -0.516019 -0.382213 -0.467243 -0.417657 -0.450651 -0.432854 -0.444134 -0.440048 -0.443957 -0.442389 -0.443175 -0.442854 -0.4433 -0.443198 -0.443301 -0.442855 -0.443172 -0.44239 -0.443959 -0.440048 -0.44413 -0.432858 -0.450648 -0.417661 -0.467239 -0.382217 -0.516016 -0.316612 -0.630203 
16.9 -13.8699 0.826537 2 4 8 16 27 33 43 46 52 52 54 54 57 57 55 57 55 57 58 55 53 52 52 46 44 33 27 16 8 4 2 -0.632376 -0.314414 -0.518135 -0.380428 -0.468751 -0.416373 -0.451203 -0.431996 -0.444267 -0.439834 -0.444029 -0.442204 -0.443144 -0.442918 -0.443315 -0.443096 -0.443316 -0.442919 -0.44314 -0.442205 -0.44403 -0.439834 -0.444265 -0.431998 -0.451201 -0.416377 -0.468747 -0.380432 -0.518133 -0.314415 -0.632375 
17 -13.8699 0.828408 2 4 8 16 27 33 44 47 53 53 54 55 58 58 55 57 55 58 58 56 54 53 53 47 44 33 27 16 8 4 2 -0.634487 -0.312268 -0.520226 -0.378674 -0.470321 -0.415033 -0.45179 -0.431109 -0.44443 -0.439593 -0.444093 -0.442011 -0.443119 -0.442979 -0.443328 -0.442992 -0.443329 -0.44298 -0.443115 -0.442013 -0.444093 -0.439592 -0.44443 -0.431109 -0.451789 -0.415036 -0.470317 -0.378678 -0.520223 -0.312269 -0.634486 
17.1 -13.87 0.83027 2 4 8 16 27 33 44 47 53 53 55 56 58 58 57 58 57 58 58 56 55 53 53 47 44 33 27 16 8 4 2 -0.636526 -0.310188 -0.522288 -0.376951 -0.471951 -0.413635 -0.452415 -0.430195 -0.444626 -0.439321 -0.44415 -0.441812 -0.443101 -0.443033 -0.443341 -0.442889 -0.443341 -0.443035 -0.443097 -0.441815 -0.444149 -0.439321 -0.444626 -0.430194 -0.452415 -0.413638 -0.471946 -0.376955 -0.522286 -0.31019 -0.636525 
17.2 -13.87 0.832127 2 4 8 16 27 33 44 47 54 54 55 56 59 58 57 58 57 58 59 57 55 54 54 47 44 33 27 16 8 4 2 -0.638482 -0.308188 -0.524319 -0.375258 -0.473638 -0.412178 -0.453082 -0.429256 -0.444854 -0.439015 -0.444199 -0.441608 -0.443091 -0.443079 -0.443351 -0.442789 -0.443351 -0.443081 -0.443087 -0.441611 -0.444197 -0.439015 -0.444855 -0.429255 -0.453083 -0.412181 -0.473634 -0.375261 -0.524317 -0.308189 -0.638481 
17.3 -13.87 0.833984 2 4 8 16 27 34 44 47 54 54 57 58 59 59 58 59 58 59 59 58 56 54 54 49 44 34 27 16 8 4 2 -0.640345 -0.306281 -0.526317 -0.373592 -0.475382 -0.410664 -0.453795 -0.428295 -0.445115 -0.438673 -0.444242 -0.441399 -0.443089 -0.443114 -0.44336 -0.442693 -0.443359 -0.443116 -0.443085 -0.441403 -0.444239 -0.438674 -0.445117 -0.428293 -0.453795 -0.410666 -0.475378 -0.373595 -0.526315 -0.306282 -0.640345 
17.4 -13.87 0.835845 2 4 8 16 27 34 44 48 54 55 57 59 59 59 58 59 59 59 59 59 57 55 54 49 44 34 27 16 8 4 2 -0.642106 -0.30448 -0.528279 -0.371951 -0.477178 -0.409092 -0.454555 -0.427314 -0.445409 -0.438293 -0.444279 -0.441188 -0.443095 -0.443135 -0.443366 -0.442604 -0.443366 -0.443137 -0.443091 -0.441192 -0.444275 -0.438294 -0.445411 -0.42731 -0.454556 -0.409094 -0.477174 -0.371954 -0.528278 -0.304481 -0.642106 
17.5 -13.8701 0.837713 2 4 8 16 27 34 44 48 54 57 58 59 59 59 58 60 59 59 59 60 58 57 54 49 45 34 27 16 8 4 2 -0.643756 -0.302796 -0.530205 -0.370334 -0.479024 -0.407465 -0.455366 -0.426313 -0.445735 -0.437871 -0.444311 -0.440973 -0.443109 -0.443141 -0.44337 -0.442523 -0.44337 -0.443143 -0.443106 -0.440977 -0.444306 -0.437873 -0.445738 -0.426309 -0.455367 -0.407467 -0.479021 -0.370335 -0.530204 -0.302796 -0.643756 
17.6 -13.8701 0.839594 2 4 8 16 27 34 45 49 54 57 60 60 60 60 59 61 60 60 60 60 60 57 54 49 45 34 27 16 8 4 2 -0.645288 -0.301238 -0.532092 -0.368735 -0.480917 -0.405786 -0.45623 -0.425295 -0.446095 -0.437408 -0.444341 -0.440755 -0.443131 -0.44313 -0.443373 -0.44245 -0.443372 -0.443132 -0.443129 -0.44076 -0.444335 -0.43741 -0.446098 -0.42529 -0.456231 -0.405788 -0.480914 -0.368737 -0.532092 -0.301238 -0.645288 
17.7 -13.8701 0.841489 2 4 8 16 27 34 45 49 55 58 61 62 62 62 60 62 60 61 62 62 61 58 55 49 45 34 27 16 8 4 2 -0.646695 -0.299816 -0.533941 -0.367154 -0.482853 -0.404059 -0.457147 -0.424261 -0.446488 -0.436901 -0.444369 -0.440535 -0.443162 -0.443101 -0.443373 -0.442387 -0.443372 -0.443102 -0.44316 -0.44054 -0.444362 -0.436904 -0.446491 -0.424256 -0.457149 -0.40406 -0.482851 -0.367155 -0.533941 -0.299816 -0.646695 
17.8 -13.8701 0.843401 2 4 8 16 27 34 45 49 57 58 61 62 63 62 62 62 60 61 62 62 61 58 57 49 45 34 27 16 8 4 2 -0.647973 -0.298536 -0.53575 -0.365587 -0.484828 -0.402287 -0.458121 -0.423211 -0.446912 -0.436349 -0.444399 -0.440311 -0.4432 -0.443051 -0.443372 -0.442333 -0.443371 -0.443052 -0.443199 -0.440317 -0.444391 -0.436353 -0.446915 -0.423207 -0.458122 -0.402289 -0.484826 -0.365587 -0.535751 -0.298535 -0.647973 
17.9 -13.8701 0.845333 2 4 8 16 27 34 45 49 57 58 62 63 63 62 62 64 62 62 63 62 62 58 57 49 45 34 27 16 8 4 2 -0.649118 -0.297403 -0.537519 -0.364032 -0.486836 -0.400477 -0.45915 -0.422147 -0.44737 -0.435752 -0.444432 -0.440083 -0.443246 -0.44298 -0.44337 -0.442289 -0.443368 -0.442981 -0.443245 -0.440089 -0.444423 -0.435756 -0.447372 -0.422143 -0.459151 -0.400479 -0.486835 -0.364032 -0.53752 -0.297402 -0.649118 
18 -13.8701 0.847286 2 4 8 16 27 34 45 49 57 59 63 64 64 63 64 64 63 63 64 63 63 59 57 49 45 34 27 16 8 4 2 -0.650127 -0.296421 -0.539247 -0.362487 -0.488873 -0.398636 -0.460235 -0.421068 -0.447859 -0.43511 -0.444471 -0.43985 -0.443299 -0.442888 -0.443366 -0.442254 -0.443365 -0.442889 -0.443298 -0.439855 -0.444462 -0.435115 -0.447861 -0.421065 -0.460236 -0.398637 -0.488873 -0.362486 -0.539249 -0.29642 -0.650127 
18.1 -13.8701 0.849263 2 4 8 16 27 34 45 49 57 60 64 64 64 64 64 64 64 64 64 64 64 60 57 49 45 34 27 16 8 4 2 -0.651001 -0.29559 -0.540934 -0.360952 -0.490934 -0.396769 -0.461375 -0.419976 -0.44838 -0.434424 -0.444518 -0.439609 -0.443357 -0.442774 -0.443362 -0.442228 -0.443361 -0.442774 -0.443357 -0.439614 -0.444509 -0.434429 -0.448381 -0.419973 -0.461376 -0.39677 -0.490934 -0.36095 -0.540936 -0.295588 -0.651001 
18.2 -13.8701 0.851263 2 4 8 16 27 34 45 49 59 60 64 64 64 64 64 65 64 64 64 64 64 61 59 49 45 34 27 16 8 4 2 -0.65174 -0.294909 -0.54258 -0.359425 -0.493011 -0.394885 -0.46257 -0.418868 -0.448933 -0.433693 -0.444577 -0.439359 -0.443422 -0.442638 -0.443358 -0.442208 -0.443356 -0.442638 -0.443422 -0.439364 -0.444568 -0.433698 -0.448934 -0.418866 -0.46257 -0.394886 -0.493012 -0.359422 -0.542582 -0.294907 -0.65174 
18.3 -13.8701 0.853286 2 4 8 16 27 34 45 50 59 61 65 65 65 65 65 66 65 65 65 66 65 61 59 50 45 34 27 16 8 4 2 -0.652347 -0.294375 -0.544184 -0.357907 -0.495098 -0.392993 -0.463817 -0.417745 -0.449519 -0.432919 -0.444651 -0.439098 -0.443491 -0.44248 -0.443355 -0.442195 -0.443352 -0.44248 -0.443492 -0.439103 -0.444642 -0.432924 -0.44952 -0.417743 -0.463817 -0.392993 -0.4951 -0.357904 -0.544187 -0.294374 -0.652347 
18.4 -13.8702 0.855335 2 4 8 16 27 34 45 50 59 61 66 67 65 67 66 67 66 67 66 66 66 61 59 50 45 34 27 16 8 4 2 -0.652825 -0.293984 -0.545746 -0.356399 -0.497189 -0.3911 -0.465115 -0.416605 -0.450138 -0.432103 -0.444741 -0.438824 -0.443565 -0.4423 -0.443351 -0.442185 -0.443349 -0.4423 -0.443566 -0.438828 -0.444734 -0.432108 -0.450138 -0.416604 -0.465114 -0.3911 -0.497191 -0.356396 -0.545748 -0.293982 -0.652825 
18.5 -13.8702 0.857407 2 4 8 16 27 34 45 50 59 62 66 67 66 67 67 68 67 67 66 67 66 62 59 50 45 34 27 16 8 4 2 -0.65318 -0.293729 -0.547264 -0.354905 -0.499275 -0.389216 -0.466461 -0.415447 -0.45079 -0.431247 -0.444852 -0.438533 -0.443643 -0.4421 -0.443349 -0.442176 -0.443347 -0.4421 -0.443644 -0.438537 -0.444845 -0.431252 -0.45079 -0.415447 -0.46646 -0.389215 -0.499278 -0.354902 -0.547266 -0.293727 -0.65318 
18.6 -13.8702 0.859503 2 4 8 16 27 34 45 50 59 62 66 67 67 68 68 69 67 68 66 68 66 63 59 50 45 34 27 16 8 4 2 -0.653419 -0.293601 -0.548737 -0.353427 -0.501349 -0.38735 -0.467853 -0.414269 -0.451477 -0.430353 -0.444986 -0.438224 -0.443725 -0.44188 -0.443349 -0.442167 -0.443346 -0.441881 -0.443725 -0.438227 -0.44498 -0.430357 -0.451477 -0.414269 -0.467852 -0.387348 -0.501352 -0.353424 -0.548739 -0.2936 -0.653419 
18.7 -13.8702 0.861623 2 4 8 16 27 34 45 50 60 63 67 68 67 68 68 70 68 68 67 69 67 63 60 50 45 34 27 16 8 4 2 -0.653549 -0.293591 -0.550164 -0.35197 -0.503404 -0.38551 -0.469287 -0.41307 -0.452199 -0.429423 -0.445145 -0.437894 -0.443809 -0.441641 -0.44335 -0.442155 -0.443347 -0.441642 -0.443809 -0.437896 -0.445141 -0.429425 -0.452199 -0.41307 -0.469287 -0.385508 -0.503407 -0.351967 -0.550166 -0.29359 -0.653549 
18.8 -13.8702 0.863765 2 4 8 16 27 34 45 51 60 63 67 70 68 68 68 70 69 69 68 69 67 63 60 50 45 34 27 16 8 4 2 -0.65358 -0.293687 -0.551544 -0.35054 -0.50543 -0.383705 -0.470762 -0.411846 -0.452958 -0.428458 -0.445333 -0.437539 -0.443896 -0.441385 -0.443353 -0.442137 -0.443351 -0.441386 -0.443896 -0.437541 -0.44533 -0.42846 -0.452958 -0.411847 -0.470762 -0.383703 -0.505434 -0.350536 -0.551545 -0.293686 -0.65358 
18.9 -13.8702 0.865931 2 4 8 16 27 34 45 51 60 64 67 71 69 69 69 71 69 69 69 70 68 64 60 50 45 34 27 16 8 4 2 -0.653521 -0.293878 -0.552873 -0.349141 -0.507422 -0.381944 -0.472274 -0.410597 -0.453755 -0.427462 -0.445551 -0.437158 -0.443985 -0.441112 -0.443359 -0.44211 -0.443357 -0.441113 -0.443985 -0.437159 -0.445549 -0.427462 -0.453755 -0.410598 -0.472274 -0.381941 -0.507425 -0.349138 -0.552874 -0.293877 -0.653521 
19 -13.8702 0.868119 2 4 8 16 27 34 45 51 60 65 70 71 69 69 70 71 70 70 69 71 70 65 60 50 45 34 27 16 8 4 2 -0.653383 -0.294149 -0.55415 -0.347782 -0.509369 -0.380233 -0.473819 -0.40932 -0.454591 -0.426437 -0.445801 -0.436748 -0.444076 -0.440823 -0.443368 -0.442072 -0.443366 -0.440825 -0.444076 -0.436748 -0.445801 -0.426436 -0.454591 -0.409321 -0.47382 -0.38023 -0.509373 -0.347779 -0.554151 -0.294149 -0.653383 
19.1 -13.8702 0.87033 2 4 8 16 27 34 45 51 60 65 70 72 70 70 71 72 70 70 70 71 70 65 60 50 45 34 27 16 8 4 2 -0.653178 -0.294488 -0.555372 -0.346469 -0.511267 -0.378581 -0.475395 -0.408014 -0.455467 -0.425385 -0.446086 -0.436306 -0.44417 -0.440521 -0.44338 -0.44202 -0.443378 -0.440523 -0.444169 -0.436305 -0.446088 -0.425383 -0.455468 -0.408015 -0.475396 -0.378577 -0.51127 -0.346467 -0.555372 -0.294488 -0.653178 
19.2 -13.8702 0.872565 2 4 8 16 27 34 45 51 60 65 70 73 71 71 71 73 71 72 71 73 70 66 60 50 45 34 27 16 8 4 2 -0.652916 -0.29488 -0.556536 -0.345211 -0.513106 -0.376992 -0.476998 -0.406677 -0.456385 -0.424309 -0.446407 -0.43583 -0.444267 -0.440205 -0.443395 -0.44195 -0.443393 -0.440207 -0.444265 -0.435829 -0.44641 -0.424307 -0.456386 -0.406677 -0.476999 -0.376988 -0.51311 -0.34521 -0.556536 -0.294881 -0.652916 
19.3 -13.8702 0.874824 2 4 8 16 27 34 45 51 60 66 71 74 72 73 72 74 72 73 72 73 70 66 60 50 45 34 27 16 8 4 2 -0.65261 -0.295311 -0.55764 -0.344015 -0.514882 -0.375472 -0.478625 -0.405308 -0.457345 -0.423212 -0.446765 -0.435318 -0.444366 -0.439877 -0.443413 -0.44186 -0.443412 -0.439879 -0.444364 -0.435316 -0.446769 -0.423209 -0.457346 -0.405308 -0.478627 -0.375468 -0.514885 -0.344014 -0.557639 -0.295312 -0.65261 
19.4 -13.8702 0.877109 2 4 8 16 27 34 45 51 60 66 71 74 73 73 73 75 73 74 73 74 72 66 60 50 45 34 27 16 8 4 2 -0.652271 -0.295766 -0.558679 -0.342889 -0.516587 -0.374025 -0.480274 -0.403906 -0.458348 -0.422097 -0.447162 -0.434768 -0.44447 -0.439537 -0.443436 -0.441748 -0.443435 -0.43954 -0.444468 -0.434766 -0.447167 -0.422092 -0.458349 -0.403906 -0.480276 -0.374022 -0.51659 -0.342889 -0.558677 -0.295768 -0.652271 
19.5 -13.8702 0.879423 2 4 8 16 27 34 45 51 60 67 72 75 73 74 74 75 74 75 73 74 72 66 60 50 45 34 27 16 8 4 2 -0.651911 -0.296233 -0.55965 -0.341842 -0.518218 -0.372655 -0.48194 -0.402472 -0.459394 -0.420965 -0.447599 -0.434179 -0.444578 -0.439186 -0.443462 -0.441611 -0.443462 -0.439189 -0.444576 -0.434177 -0.447605 -0.42096 -0.459395 -0.402472 -0.481942 -0.372651 -0.51822 -0.341842 -0.559648 -0.296235 -0.651911 
19.6 -13.8702 0.881767 2 4 8 16 27 34 45 51 60 67 72 75 74 75 75 77 75 75 74 74 72 66 60 50 45 34 27 16 8 4 2 -0.651542 -0.296699 -0.560551 -0.340879 -0.519769 -0.371362 -0.48362 -0.401008 -0.460483 -0.419819 -0.448075 -0.43355 -0.444692 -0.438824 -0.443492 -0.441447 -0.443492 -0.438826 -0.44469 -0.433548 -0.448082 -0.419814 -0.460485 -0.401007 -0.483623 -0.371359 -0.519771 -0.340881 -0.560548 -0.2967 -0.651541 
19.7 -13.8702 0.884146 2 4 8 16 27 34 45 51 60 67 73 75 75 76 75 77 75 77 76 75 73 66 60 50 45 34 27 16 8 4 2 -0.651173 -0.29715 -0.561378 -0.340009 -0.521238 -0.370149 -0.485312 -0.399514 -0.461615 -0.418662 -0.448593 -0.43288 -0.444814 -0.438451 -0.443527 -0.441253 -0.443528 -0.438453 -0.444811 -0.432878 -0.448599 -0.418657 -0.461617 -0.399512 -0.485315 -0.370146 -0.521239 -0.340011 -0.561375 -0.297151 -0.651173 
19.8 -13.8702 0.886563 2 4 8 16 27 34 45 51 60 67 73 76 77 77 76 79 75 78 77 76 73 66 60 50 45 34 27 16 8 4 2 -0.650815 -0.297576 -0.562129 -0.339237 -0.522621 -0.369015 -0.487011 -0.397993 -0.462789 -0.417495 -0.449151 -0.432168 -0.444944 -0.438067 -0.443566 -0.441029 -0.443568 -0.438068 -0.444942 -0.432166 -0.449158 -0.41749 -0.462791 -0.397991 -0.487015 -0.369012 -0.522621 -0.339239 -0.562126 -0.297577 -0.650815 
19.9 -13.8702 0.889022 2 4 8 16 27 34 46 51 60 67 73 77 78 79 77 79 77 79 78 76 73 66 60 50 45 34 27 16 8 4 2 -0.650477 -0.297966 -0.562801 -0.338567 -0.523917 -0.36796 -0.488715 -0.396449 -0.464003 -0.41632 -0.44975 -0.431415 -0.445086 -0.437669 -0.44361 -0.440771 -0.443612 -0.43767 -0.445083 -0.431413 -0.449757 -0.416315 -0.464005 -0.396447 -0.488719 -0.367957 -0.523917 -0.33857 -0.562798 -0.297968 -0.650477 
20 -13.8702 0.89153 2 4 8 16 27 34 46 51 60 67 73 78 78 79 78 79 78 80 78 77 73 66 60 50 46 34 27 16 8 4 2 -0.650167 -0.298314 -0.563392 -0.338004 -0.525125 -0.366981 -0.49042 -0.394886 -0.465255 -0.415139 -0.450391 -0.43062 -0.445239 -0.437259 -0.443659 -0.44048 -0.443662 -0.437259 -0.445237 -0.430618 -0.450397 -0.415134 -0.465257 -0.394884 -0.490424 -0.366978 -0.525125 -0.338007 -0.563389 -0.298315 -0.650167 
20.1 -13.8702 0.894091 2 4 8 16 27 34 46 51 60 67 73 78 78 80 79 80 79 80 78 77 73 66 60 50 46 34 27 16 8 4 2 -0.649892 -0.29861 -0.563901 -0.33755 -0.526246 -0.366076 -0.492122 -0.393311 -0.466544 -0.413953 -0.451072 -0.429784 -0.445407 -0.436834 -0.443713 -0.440154 -0.443716 -0.436834 -0.445406 -0.429782 -0.451077 -0.413949 -0.466546 -0.393308 -0.492126 -0.366074 -0.526245 -0.337553 -0.563899 -0.298611 -0.649892 
