time energy SvN bondDim localEnergy 
0 -11.6822 0.112148 2 4 8 8 8 8 8 8 8 8 8 8 8 8 8 8 8 8 8 8 8 8 8 8 8 8 8 8 8 4 2 -0.417644 -0.365823 -0.375783 -0.374218 -0.374512 -0.374464 -0.374473 -0.374471 -0.374472 -0.374472 -0.374474 -0.37448 -0.374507 -0.374587 -0.375013 -0.375383 -0.375013 -0.374587 -0.374507 -0.37448 -0.374474 -0.374472 -0.374472 -0.374471 -0.374473 -0.374464 -0.374512 -0.374218 -0.375783 -0.365823 -0.417644 
0.1 -11.6822 0.112165 2 4 8 7 8 8 8 8 8 8 8 8 8 8 8 8 8 8 8 8 8 8 8 8 8 8 8 7 8 4 2 -0.417644 -0.365823 -0.375783 -0.374218 -0.374512 -0.374464 -0.374473 -0.374471 -0.374472 -0.374472 -0.374474 -0.37448 -0.374507 -0.374588 -0.375019 -0.375394 -0.375019 -0.374588 -0.374507 -0.37448 -0.374474 -0.374472 -0.374472 -0.374471 -0.374473 -0.374464 -0.374512 -0.374218 -0.375783 -0.365823 -0.417644 
0.2 -11.6823 0.112235 2 4 8 7 8 8 8 8 8 8 8 8 8 8 8 8 8 8 8 8 8 8 8 8 8 8 8 7 8 4 2 -0.417644 -0.365823 -0.375783 -0.374218 -0.374512 -0.374464 -0.374473 -0.374471 -0.374472 -0.374472 -0.374474 -0.374481 -0.374509 -0.374594 -0.375046 -0.375438 -0.375046 -0.374594 -0.374509 -0.374481 -0.374474 -0.374472 -0.374472 -0.374471 -0.374473 -0.374464 -0.374512 -0.374218 -0.375783 -0.365823 -0.417644 
0.3 -11.6826 0.112397 2 4 8 7 8 8 8 8 8 8 8 8 8 8 8 8 8 8 8 8 8 8 8 8 8 8 8 7 8 4 2 -0.417644 -0.365823 -0.375783 -0.374218 -0.374512 -0.374464 -0.374473 -0.374471 -0.374472 -0.374472 -0.374474 -0.374482 -0.374512 -0.374608 -0.375107 -0.375538 -0.375107 -0.374608 -0.374512 -0.374482 -0.374474 -0.374472 -0.374472 -0.374471 -0.374473 -0.374464 -0.374512 -0.374218 -0.375783 -0.365823 -0.417644 
0.4 -11.683 0.112689 2 4 8 7 8 8 8 8 8 8 8 8 8 8 8 8 8 8 8 8 8 8 8 8 8 8 8 7 8 4 2 -0.417644 -0.365823 -0.375783 -0.374218 -0.374512 -0.374464 -0.374473 -0.374471 -0.374472 -0.374472 -0.374475 -0.374483 -0.374518 -0.374632 -0.375216 -0.375718 -0.375216 -0.374632 -0.374518 -0.374483 -0.374475 -0.374472 -0.374472 -0.374471 -0.374473 -0.374464 -0.374512 -0.374218 -0.375783 -0.365823 -0.417644 
0.5 -11.6838 0.113147 2 4 8 7 8 7 8 8 8 8 8 8 8 8 8 8 8 8 8 8 8 8 8 8 8 7 8 7 8 4 2 -0.417644 -0.365823 -0.375783 -0.374218 -0.374512 -0.374464 -0.374473 -0.374471 -0.374472 -0.374473 -0.374476 -0.374486 -0.374528 -0.374669 -0.375386 -0.375998 -0.375386 -0.374669 -0.374528 -0.374486 -0.374476 -0.374473 -0.374472 -0.374471 -0.374473 -0.374464 -0.374512 -0.374218 -0.375783 -0.365823 -0.417644 
0.6 -11.6848 0.113803 2 4 8 7 8 7 8 8 8 8 8 8 8 8 8 8 8 8 8 8 8 8 8 8 8 7 8 7 8 4 2 -0.417644 -0.365823 -0.375783 -0.374218 -0.374512 -0.374464 -0.374473 -0.374472 -0.374472 -0.374473 -0.374477 -0.37449 -0.374542 -0.374723 -0.375628 -0.376397 -0.375628 -0.374723 -0.374542 -0.37449 -0.374477 -0.374473 -0.374472 -0.374472 -0.374473 -0.374464 -0.374512 -0.374218 -0.375783 -0.365823 -0.417644 
0.7 -11.6862 0.114685 2 4 8 7 8 7 8 8 8 8 8 8 8 8 8 8 8 8 8 8 8 8 8 8 8 7 8 7 8 4 2 -0.417644 -0.365823 -0.375783 -0.374218 -0.374512 -0.374464 -0.374473 -0.374472 -0.374472 -0.374473 -0.374478 -0.374495 -0.37456 -0.374795 -0.375952 -0.37693 -0.375952 -0.374795 -0.374561 -0.374495 -0.374478 -0.374473 -0.374472 -0.374472 -0.374473 -0.374464 -0.374512 -0.374218 -0.375783 -0.365823 -0.417644 
0.8 -11.6879 0.115819 2 4 8 7 8 7 8 8 8 8 8 8 8 8 7 7 7 8 8 8 8 8 8 8 8 7 8 7 8 4 2 -0.417644 -0.365823 -0.375783 -0.374218 -0.374512 -0.374464 -0.374473 -0.374472 -0.374472 -0.374474 -0.37448 -0.374501 -0.374585 -0.374887 -0.376364 -0.37761 -0.376364 -0.374887 -0.374585 -0.374501 -0.37448 -0.374474 -0.374472 -0.374472 -0.374473 -0.374464 -0.374512 -0.374218 -0.375783 -0.365823 -0.417644 
0.9 -11.6901 0.117227 2 4 8 7 8 7 8 8 8 8 8 8 8 7 7 7 7 7 8 8 8 8 8 8 8 7 8 7 8 4 2 -0.417644 -0.365823 -0.375783 -0.374218 -0.374512 -0.374464 -0.374473 -0.374472 -0.374473 -0.374475 -0.374482 -0.374509 -0.374617 -0.375002 -0.376871 -0.378445 -0.376871 -0.375002 -0.374617 -0.374509 -0.374482 -0.374475 -0.374473 -0.374472 -0.374473 -0.374464 -0.374512 -0.374218 -0.375783 -0.365823 -0.417644 
1 -11.6927 0.11893 2 4 8 7 8 7 8 8 8 8 8 8 8 7 7 7 7 7 8 8 8 8 8 8 8 7 8 7 8 4 2 -0.417644 -0.365823 -0.375783 -0.374218 -0.374512 -0.374464 -0.374473 -0.374472 -0.374473 -0.374475 -0.374485 -0.37452 -0.374656 -0.375141 -0.377477 -0.379446 -0.377477 -0.375141 -0.374656 -0.37452 -0.374485 -0.374475 -0.374473 -0.374472 -0.374473 -0.374464 -0.374512 -0.374218 -0.375783 -0.365823 -0.417644 
1.1 -11.6957 0.120955 2 4 8 7 8 7 8 8 8 8 8 8 8 7 7 7 7 7 8 8 8 8 8 8 8 7 8 7 8 4 2 -0.417644 -0.365823 -0.375783 -0.374218 -0.374512 -0.374464 -0.374473 -0.374472 -0.374473 -0.374476 -0.374488 -0.374532 -0.374704 -0.375308 -0.378189 -0.380622 -0.378189 -0.375308 -0.374704 -0.374532 -0.374488 -0.374476 -0.374473 -0.374472 -0.374473 -0.374464 -0.374512 -0.374218 -0.375783 -0.365823 -0.417644 
1.2 -11.6993 0.123332 2 4 8 7 8 7 8 8 8 8 8 8 8 7 7 7 7 7 8 8 8 8 8 8 8 7 8 7 8 4 2 -0.417644 -0.365823 -0.375783 -0.374218 -0.374512 -0.374464 -0.374473 -0.374472 -0.374473 -0.374477 -0.374493 -0.374547 -0.374763 -0.375506 -0.379014 -0.381982 -0.379014 -0.375506 -0.374763 -0.374547 -0.374493 -0.374477 -0.374473 -0.374472 -0.374473 -0.374464 -0.374512 -0.374218 -0.375783 -0.365823 -0.417644 
1.3 -11.7034 0.126101 2 4 8 7 8 7 8 8 8 8 8 8 8 7 7 7 7 7 8 8 8 8 8 8 8 7 8 7 8 4 2 -0.417644 -0.365823 -0.375783 -0.374218 -0.374512 -0.374464 -0.374473 -0.374472 -0.374474 -0.374479 -0.374498 -0.374565 -0.374833 -0.375739 -0.379959 -0.383541 -0.379959 -0.375739 -0.374833 -0.374565 -0.374498 -0.374479 -0.374474 -0.374472 -0.374473 -0.374464 -0.374512 -0.374218 -0.375783 -0.365823 -0.417644 
1.4 -11.7081 0.129313 2 4 8 7 8 7 8 8 8 8 8 8 8 7 7 7 7 7 8 8 8 8 8 8 8 7 8 7 8 4 2 -0.417644 -0.365823 -0.375783 -0.374218 -0.374512 -0.374464 -0.374473 -0.374472 -0.374474 -0.37448 -0.374503 -0.374586 -0.374917 -0.376016 -0.381037 -0.385312 -0.381037 -0.376016 -0.374917 -0.374586 -0.374503 -0.37448 -0.374474 -0.374472 -0.374473 -0.374464 -0.374512 -0.374218 -0.375783 -0.365823 -0.417644 
1.5 -11.7135 0.133029 2 4 8 7 8 7 8 8 8 8 8 8 8 7 7 7 7 7 8 8 8 8 8 8 8 7 8 7 8 4 2 -0.417644 -0.365823 -0.375783 -0.374218 -0.374512 -0.374464 -0.374473 -0.374472 -0.374475 -0.374482 -0.374511 -0.374612 -0.375017 -0.376343 -0.382258 -0.387313 -0.382258 -0.376343 -0.375017 -0.374612 -0.374511 -0.374482 -0.374475 -0.374472 -0.374473 -0.374464 -0.374512 -0.374218 -0.375783 -0.365823 -0.417644 
1.6 -11.7196 0.137321 2 4 8 7 8 7 8 8 8 8 8 8 8 7 7 7 7 7 8 8 8 8 8 8 8 7 8 7 8 4 2 -0.417644 -0.365823 -0.375783 -0.374218 -0.374512 -0.374464 -0.374473 -0.374472 -0.374475 -0.374485 -0.374519 -0.374643 -0.375138 -0.376731 -0.383637 -0.389561 -0.383637 -0.376731 -0.375138 -0.374643 -0.374519 -0.374485 -0.374475 -0.374472 -0.374473 -0.374464 -0.374512 -0.374218 -0.375783 -0.365823 -0.417644 
1.7 -11.7265 0.142268 2 4 8 7 8 7 8 8 8 8 8 8 8 7 7 7 7 7 8 8 8 8 8 8 8 7 8 7 8 4 2 -0.417644 -0.365823 -0.375783 -0.374218 -0.374512 -0.374464 -0.374473 -0.374473 -0.374476 -0.374488 -0.37453 -0.37468 -0.375282 -0.377194 -0.385188 -0.392069 -0.385188 -0.377194 -0.375282 -0.37468 -0.37453 -0.374488 -0.374476 -0.374473 -0.374473 -0.374464 -0.374512 -0.374218 -0.375783 -0.365823 -0.417644 
1.8 -11.7343 0.147955 2 4 8 7 8 7 8 8 8 8 8 8 8 7 7 7 7 7 8 8 8 8 8 8 8 7 8 7 8 4 2 -0.417644 -0.365823 -0.375783 -0.374218 -0.374512 -0.374464 -0.374473 -0.374473 -0.374477 -0.374491 -0.374543 -0.374725 -0.375456 -0.377745 -0.386921 -0.394847 -0.386921 -0.377745 -0.375456 -0.374725 -0.374543 -0.374491 -0.374477 -0.374473 -0.374473 -0.374464 -0.374512 -0.374218 -0.375783 -0.365823 -0.417644 
1.9 -11.7431 0.154465 2 4 8 7 8 7 8 8 8 8 8 8 8 7 7 7 7 7 8 8 8 8 8 8 8 7 8 7 8 4 2 -0.417644 -0.365823 -0.375783 -0.374218 -0.374512 -0.374464 -0.374473 -0.374473 -0.374478 -0.374495 -0.374558 -0.374779 -0.375665 -0.3784 -0.388845 -0.397895 -0.388845 -0.3784 -0.375665 -0.374779 -0.374558 -0.374495 -0.374478 -0.374473 -0.374473 -0.374464 -0.374512 -0.374218 -0.375783 -0.365823 -0.417644 
2 -11.7529 0.161873 2 4 8 7 8 7 8 8 8 8 8 8 8 7 7 7 7 7 8 8 8 8 8 8 8 7 8 7 8 4 2 -0.417644 -0.365823 -0.375783 -0.374218 -0.374512 -0.374464 -0.374473 -0.374474 -0.37448 -0.3745 -0.374577 -0.374846 -0.375916 -0.379178 -0.390961 -0.401201 -0.390961 -0.379178 -0.375916 -0.374846 -0.374577 -0.3745 -0.37448 -0.374474 -0.374473 -0.374464 -0.374512 -0.374218 -0.375783 -0.365823 -0.417644 
2.1 -11.7637 0.170239 2 4 8 7 8 7 8 8 8 8 8 8 8 7 7 7 7 7 8 8 8 8 8 8 8 7 8 7 8 4 2 -0.417644 -0.365823 -0.375783 -0.374218 -0.374512 -0.374464 -0.374474 -0.374474 -0.374481 -0.374507 -0.3746 -0.374927 -0.376218 -0.380094 -0.393263 -0.404742 -0.393263 -0.380094 -0.376218 -0.374927 -0.3746 -0.374507 -0.374481 -0.374474 -0.374474 -0.374464 -0.374512 -0.374218 -0.375783 -0.365823 -0.417644 
2.2 -11.7755 0.179601 2 4 8 7 8 7 8 8 8 8 8 8 8 7 7 7 7 7 8 8 8 8 8 8 8 7 8 7 8 4 2 -0.417644 -0.365823 -0.375783 -0.374218 -0.374512 -0.374464 -0.374474 -0.374475 -0.374484 -0.374514 -0.374628 -0.375026 -0.376582 -0.381167 -0.395737 -0.40848 -0.395737 -0.381167 -0.376582 -0.375026 -0.374628 -0.374514 -0.374484 -0.374475 -0.374474 -0.374464 -0.374512 -0.374218 -0.375783 -0.365823 -0.417644 
2.3 -11.7884 0.18997 2 4 8 7 8 7 8 8 8 8 8 8 8 7 7 7 7 7 8 8 8 8 8 8 8 7 8 7 8 4 2 -0.417644 -0.365823 -0.375783 -0.374218 -0.374512 -0.374464 -0.374474 -0.374475 -0.374486 -0.374524 -0.374663 -0.375147 -0.377019 -0.382409 -0.398362 -0.412369 -0.398362 -0.382409 -0.377019 -0.375147 -0.374663 -0.374524 -0.374486 -0.374475 -0.374474 -0.374464 -0.374512 -0.374218 -0.375783 -0.365823 -0.417644 
2.4 -11.8022 0.201327 2 4 8 7 8 7 8 8 8 8 8 8 8 7 7 7 7 7 8 8 8 8 8 8 8 7 8 7 8 4 2 -0.417644 -0.365823 -0.375783 -0.374218 -0.374513 -0.374464 -0.374474 -0.374476 -0.37449 -0.374535 -0.374705 -0.375295 -0.377542 -0.383834 -0.401109 -0.416348 -0.401109 -0.383834 -0.377542 -0.375295 -0.374705 -0.374535 -0.37449 -0.374476 -0.374474 -0.374464 -0.374513 -0.374218 -0.375783 -0.365823 -0.417644 
2.5 -11.8168 0.213619 2 4 8 7 8 7 8 8 8 8 8 8 8 7 7 7 7 7 8 8 8 8 8 8 8 7 8 7 8 4 2 -0.417644 -0.365823 -0.375783 -0.374218 -0.374513 -0.374465 -0.374475 -0.374477 -0.374493 -0.374549 -0.374756 -0.375477 -0.378165 -0.385447 -0.403942 -0.420354 -0.403942 -0.385447 -0.378165 -0.375477 -0.374756 -0.374549 -0.374493 -0.374477 -0.374475 -0.374465 -0.374513 -0.374218 -0.375783 -0.365823 -0.417644 
2.6 -11.8322 0.226761 2 4 8 7 8 7 8 8 8 8 8 8 8 7 7 7 7 7 8 8 8 8 8 8 8 7 8 7 8 4 2 -0.417644 -0.365823 -0.375783 -0.374218 -0.374513 -0.374465 -0.374475 -0.374479 -0.374498 -0.374567 -0.374819 -0.375698 -0.378903 -0.38725 -0.406826 -0.42432 -0.406826 -0.38725 -0.378903 -0.375698 -0.374819 -0.374567 -0.374498 -0.374479 -0.374475 -0.374465 -0.374513 -0.374218 -0.375783 -0.365823 -0.417644 
2.7 -11.8484 0.240642 2 4 8 7 8 7 8 8 8 8 8 8 8 7 7 7 7 7 8 8 8 8 8 8 8 7 8 7 8 4 2 -0.417644 -0.365823 -0.375783 -0.374218 -0.374513 -0.374465 -0.374475 -0.374481 -0.374504 -0.374588 -0.374896 -0.375967 -0.379769 -0.389239 -0.409721 -0.428179 -0.409721 -0.389239 -0.379769 -0.375967 -0.374896 -0.374588 -0.374504 -0.374481 -0.374475 -0.374465 -0.374513 -0.374218 -0.375783 -0.365823 -0.417644 
2.8 -11.865 0.255127 2 4 8 7 8 7 8 8 8 8 8 8 8 7 7 7 7 7 8 8 8 8 8 8 8 7 8 7 8 4 2 -0.417644 -0.365823 -0.375783 -0.374218 -0.374513 -0.374465 -0.374476 -0.374483 -0.374511 -0.374613 -0.37499 -0.376294 -0.380779 -0.391403 -0.412592 -0.431869 -0.412592 -0.391403 -0.380779 -0.376294 -0.37499 -0.374613 -0.374511 -0.374483 -0.374476 -0.374465 -0.374513 -0.374218 -0.375783 -0.365823 -0.417644 
2.9 -11.8822 0.270067 2 4 8 7 8 7 8 8 8 8 8 8 8 7 7 7 7 7 8 8 8 8 8 8 8 7 8 7 8 4 2 -0.417644 -0.365823 -0.375783 -0.374218 -0.374513 -0.374465 -0.374477 -0.374485 -0.37452 -0.374645 -0.375104 -0.37669 -0.381943 -0.393726 -0.415407 -0.435334 -0.415407 -0.393726 -0.381943 -0.37669 -0.375104 -0.374645 -0.37452 -0.374485 -0.374477 -0.374465 -0.374513 -0.374218 -0.375783 -0.365823 -0.417644 
3 -11.8998 0.285307 2 4 8 7 8 7 8 8 8 8 8 8 8 7 7 7 7 7 8 8 8 8 8 8 8 7 8 7 8 4 2 -0.417644 -0.365823 -0.375783 -0.374218 -0.374513 -0.374465 -0.374478 -0.374488 -0.374531 -0.374684 -0.375244 -0.377166 -0.383269 -0.396189 -0.41814 -0.438526 -0.41814 -0.396189 -0.383269 -0.377166 -0.375244 -0.374684 -0.374531 -0.374488 -0.374478 -0.374465 -0.374513 -0.374218 -0.375783 -0.365823 -0.417644 
3.1 -11.9177 0.300691 2 4 8 7 8 7 8 8 8 8 8 8 8 7 7 7 7 7 8 8 8 8 8 8 8 7 8 7 8 4 2 -0.417644 -0.365823 -0.375783 -0.374218 -0.374513 -0.374466 -0.374479 -0.374492 -0.374544 -0.374731 -0.375414 -0.377735 -0.384763 -0.398766 -0.42077 -0.441406 -0.42077 -0.398766 -0.384763 -0.377735 -0.375414 -0.374731 -0.374544 -0.374492 -0.374479 -0.374466 -0.374513 -0.374218 -0.375783 -0.365823 -0.417644 
3.2 -11.9358 0.316073 2 4 8 7 8 7 8 8 8 8 8 8 8 7 7 7 7 7 8 8 8 8 8 8 8 7 8 7 8 4 2 -0.417644 -0.365823 -0.375783 -0.374218 -0.374513 -0.374466 -0.37448 -0.374496 -0.37456 -0.374789 -0.375621 -0.378412 -0.386422 -0.401431 -0.423283 -0.443944 -0.423283 -0.401431 -0.386422 -0.378412 -0.375621 -0.374789 -0.37456 -0.374496 -0.37448 -0.374466 -0.374513 -0.374218 -0.375783 -0.365823 -0.417644 
3.3 -11.9542 0.331319 2 4 8 7 8 7 8 8 8 8 8 8 8 7 7 8 7 7 8 8 8 8 8 8 8 7 8 7 8 4 2 -0.417644 -0.365823 -0.375783 -0.374218 -0.374513 -0.374466 -0.374481 -0.374502 -0.37458 -0.37486 -0.375873 -0.379211 -0.38824 -0.404157 -0.42567 -0.44612 -0.42567 -0.404157 -0.38824 -0.379211 -0.375873 -0.37486 -0.37458 -0.374502 -0.374481 -0.374466 -0.374513 -0.374218 -0.375783 -0.365823 -0.417644 
3.4 -11.9727 0.346312 2 4 8 7 8 7 8 8 8 8 8 8 8 7 8 8 8 7 8 8 8 8 8 8 8 7 8 7 8 4 2 -0.417644 -0.365823 -0.375783 -0.374218 -0.374513 -0.374467 -0.374483 -0.374508 -0.374604 -0.374947 -0.376177 -0.380146 -0.390203 -0.40692 -0.427928 -0.447922 -0.427928 -0.40692 -0.390203 -0.380146 -0.376177 -0.374947 -0.374604 -0.374508 -0.374483 -0.374467 -0.374513 -0.374218 -0.375783 -0.365823 -0.417644 
3.5 -11.9913 0.360955 2 4 8 7 8 7 8 8 8 8 8 8 8 8 8 8 8 8 8 8 8 8 8 8 8 7 8 7 8 4 2 -0.417644 -0.365823 -0.375783 -0.374218 -0.374513 -0.374467 -0.374485 -0.374516 -0.374634 -0.375053 -0.376545 -0.381229 -0.392292 -0.409696 -0.430056 -0.449347 -0.430056 -0.409696 -0.392292 -0.381229 -0.376545 -0.375053 -0.374634 -0.374516 -0.374485 -0.374467 -0.374513 -0.374218 -0.375783 -0.365823 -0.417644 
3.6 -12.01 0.375171 2 4 8 7 8 7 8 8 8 8 8 8 8 8 8 8 8 8 8 8 8 8 8 8 8 7 8 7 8 4 2 -0.417644 -0.365823 -0.375783 -0.374218 -0.374514 -0.374468 -0.374488 -0.374526 -0.37467 -0.375182 -0.376987 -0.382469 -0.394485 -0.412465 -0.432055 -0.4504 -0.432055 -0.412465 -0.394485 -0.382469 -0.376987 -0.375182 -0.37467 -0.374526 -0.374488 -0.374468 -0.374514 -0.374218 -0.375783 -0.365823 -0.417644 
3.7 -12.0287 0.3889 2 4 8 7 8 7 8 8 8 8 8 8 8 8 8 8 8 8 8 8 8 8 8 8 8 7 8 7 8 4 2 -0.417644 -0.365823 -0.375783 -0.374218 -0.374514 -0.374469 -0.374492 -0.374539 -0.374714 -0.37534 -0.377516 -0.383873 -0.396754 -0.415211 -0.433927 -0.451092 -0.433927 -0.415211 -0.396754 -0.383873 -0.377516 -0.37534 -0.374714 -0.374539 -0.374492 -0.374469 -0.374514 -0.374218 -0.375783 -0.365823 -0.417644 
3.8 -12.0476 0.4021 2 4 8 7 8 7 8 8 8 8 8 8 8 8 8 8 8 8 8 8 8 8 8 8 8 7 8 7 8 4 2 -0.417644 -0.365823 -0.375783 -0.374218 -0.374514 -0.37447 -0.374496 -0.374554 -0.374768 -0.375532 -0.378147 -0.38544 -0.399071 -0.417921 -0.435675 -0.451442 -0.435675 -0.417921 -0.399071 -0.38544 -0.378147 -0.375532 -0.374768 -0.374554 -0.374496 -0.37447 -0.374514 -0.374218 -0.375783 -0.365823 -0.417644 
3.9 -12.0664 0.414744 2 4 8 7 8 7 8 8 8 8 8 8 8 8 8 8 8 8 8 8 8 8 8 8 8 7 8 7 8 4 2 -0.417644 -0.365823 -0.375783 -0.374219 -0.374515 -0.374472 -0.374501 -0.374572 -0.374834 -0.375765 -0.378891 -0.387167 -0.40141 -0.420585 -0.437298 -0.451473 -0.437298 -0.420585 -0.40141 -0.387167 -0.378891 -0.375765 -0.374834 -0.374572 -0.374501 -0.374472 -0.374515 -0.374219 -0.375783 -0.365823 -0.417644 
4 -12.0853 0.426818 2 4 8 7 8 7 8 8 8 8 8 8 8 8 8 8 8 8 8 8 8 8 8 8 8 7 8 7 8 4 2 -0.417644 -0.365823 -0.375783 -0.374219 -0.374515 -0.374474 -0.374507 -0.374594 -0.374914 -0.376049 -0.379764 -0.389042 -0.403746 -0.423196 -0.438797 -0.451213 -0.438797 -0.423196 -0.403746 -0.389042 -0.379764 -0.376049 -0.374914 -0.374594 -0.374507 -0.374474 -0.374515 -0.374219 -0.375783 -0.365823 -0.417644 
4.1 -12.1043 0.438319 2 4 8 7 8 7 8 8 8 8 8 8 8 8 8 8 8 8 8 8 8 8 8 8 8 7 8 7 8 4 2 -0.417644 -0.365823 -0.375783 -0.374219 -0.374516 -0.374476 -0.374515 -0.374622 -0.375012 -0.376392 -0.380777 -0.391048 -0.406058 -0.425746 -0.440171 -0.450695 -0.440171 -0.425746 -0.406058 -0.391048 -0.380777 -0.376392 -0.375012 -0.374622 -0.374515 -0.374476 -0.374516 -0.374219 -0.375783 -0.365823 -0.417644 
4.2 -12.1233 0.449256 2 4 8 7 8 7 8 8 8 8 8 8 8 8 9 9 9 8 8 8 8 8 8 8 8 7 8 7 8 4 2 -0.417644 -0.365823 -0.375783 -0.374219 -0.374516 -0.374478 -0.374524 -0.374655 -0.375133 -0.376805 -0.381939 -0.393164 -0.40833 -0.428229 -0.441419 -0.449956 -0.441419 -0.428229 -0.40833 -0.393164 -0.38194 -0.376805 -0.375133 -0.374655 -0.374524 -0.374478 -0.374516 -0.374219 -0.375783 -0.365823 -0.417644 
4.3 -12.1423 0.459644 2 4 8 7 8 7 8 8 8 8 8 8 8 8 9 9 9 8 8 8 8 8 8 8 8 7 8 7 8 4 2 -0.417644 -0.365823 -0.375783 -0.374219 -0.374517 -0.374482 -0.374536 -0.374696 -0.375279 -0.377301 -0.383257 -0.395365 -0.410553 -0.430637 -0.442537 -0.449032 -0.442537 -0.430637 -0.410553 -0.395365 -0.383257 -0.377301 -0.375279 -0.374696 -0.374536 -0.374482 -0.374517 -0.374219 -0.375783 -0.365823 -0.417644 
4.4 -12.1613 0.469512 2 4 8 7 8 7 8 8 8 8 8 8 8 9 9 10 9 9 8 8 8 8 8 8 8 7 8 7 8 4 2 -0.417644 -0.365823 -0.375784 -0.37422 -0.374518 -0.374486 -0.374549 -0.374746 -0.375458 -0.377894 -0.384732 -0.397623 -0.412724 -0.432961 -0.443522 -0.447965 -0.443522 -0.432961 -0.412724 -0.397623 -0.384732 -0.377894 -0.375458 -0.374746 -0.374549 -0.374486 -0.374518 -0.37422 -0.375784 -0.365823 -0.417644 
4.5 -12.1804 0.478896 2 4 8 7 8 7 8 8 8 8 8 8 8 9 10 10 10 9 8 8 8 8 8 8 8 7 8 7 8 4 2 -0.417644 -0.365823 -0.375784 -0.37422 -0.37452 -0.37449 -0.374566 -0.374808 -0.375675 -0.378596 -0.386358 -0.399911 -0.414842 -0.435191 -0.444373 -0.446794 -0.444373 -0.435191 -0.414842 -0.399911 -0.386358 -0.378596 -0.375675 -0.374808 -0.374566 -0.37449 -0.37452 -0.37422 -0.375784 -0.365823 -0.417644 
4.6 -12.1995 0.48784 2 4 8 7 8 7 8 8 8 8 8 8 8 9 10 10 10 9 8 8 8 8 8 8 8 7 8 7 8 4 2 -0.417644 -0.365823 -0.375784 -0.374221 -0.374521 -0.374496 -0.374587 -0.374883 -0.375939 -0.379422 -0.388124 -0.402204 -0.416913 -0.437314 -0.445087 -0.44556 -0.445087 -0.437314 -0.416913 -0.402204 -0.388124 -0.379422 -0.375939 -0.374883 -0.374587 -0.374496 -0.374521 -0.374221 -0.375784 -0.365823 -0.417644 
4.7 -12.2186 0.496396 2 4 8 7 8 7 8 8 8 8 8 8 8 10 10 10 10 10 8 8 8 8 8 8 8 7 8 7 8 4 2 -0.417644 -0.365823 -0.375784 -0.374221 -0.374523 -0.374503 -0.374613 -0.374974 -0.376258 -0.380384 -0.390014 -0.404478 -0.418946 -0.439315 -0.445665 -0.444303 -0.445665 -0.439315 -0.418946 -0.404478 -0.390014 -0.380384 -0.376258 -0.374974 -0.374613 -0.374503 -0.374523 -0.374221 -0.375784 -0.365823 -0.417644 
4.8 -12.2377 0.504621 2 4 8 7 8 7 8 8 8 8 8 8 9 10 10 10 10 10 9 8 8 8 8 8 8 7 8 7 8 4 2 -0.417644 -0.365824 -0.375784 -0.374222 -0.374526 -0.374512 -0.374644 -0.375086 -0.376644 -0.381494 -0.392005 -0.406717 -0.420948 -0.441179 -0.446107 -0.443059 -0.446107 -0.441179 -0.420948 -0.406717 -0.392005 -0.381494 -0.376644 -0.375086 -0.374644 -0.374512 -0.374526 -0.374222 -0.375784 -0.365823 -0.417644 
4.9 -12.2569 0.512578 2 4 8 7 8 7 8 8 8 8 8 8 9 10 10 10 10 10 9 8 8 8 8 8 8 7 8 7 8 4 2 -0.417644 -0.365824 -0.375784 -0.374223 -0.374529 -0.374522 -0.374682 -0.375223 -0.377107 -0.382757 -0.39407 -0.40891 -0.422927 -0.442889 -0.446418 -0.441864 -0.446418 -0.44289 -0.422927 -0.40891 -0.39407 -0.382757 -0.377107 -0.375223 -0.374682 -0.374522 -0.374529 -0.374223 -0.375784 -0.365824 -0.417644 
5 -12.2761 0.520328 2 4 8 7 8 7 8 8 8 8 8 8 9 10 10 11 10 10 9 8 8 8 8 8 8 7 8 7 8 4 2 -0.417644 -0.365824 -0.375785 -0.374224 -0.374532 -0.374535 -0.374729 -0.375389 -0.377661 -0.384178 -0.396182 -0.411049 -0.424891 -0.44443 -0.446602 -0.440749 -0.446602 -0.44443 -0.424891 -0.411049 -0.396182 -0.384178 -0.377662 -0.375389 -0.374729 -0.374535 -0.374532 -0.374224 -0.375785 -0.365824 -0.417644 
5.1 -12.2953 0.52793 2 4 8 7 8 7 8 8 8 8 8 8 9 10 11 11 11 10 9 8 8 8 8 8 8 7 8 7 8 4 2 -0.417644 -0.365824 -0.375785 -0.374225 -0.374537 -0.374551 -0.374786 -0.375592 -0.37832 -0.385752 -0.39831 -0.413134 -0.426843 -0.445786 -0.446668 -0.43974 -0.446668 -0.445786 -0.426843 -0.413134 -0.39831 -0.385752 -0.37832 -0.375592 -0.374786 -0.374551 -0.374537 -0.374225 -0.375785 -0.365824 -0.417644 
5.2 -12.3145 0.53544 2 4 8 7 8 7 8 8 8 8 8 8 10 10 11 12 11 10 10 8 8 8 8 8 8 7 8 7 8 4 2 -0.417644 -0.365824 -0.375785 -0.374226 -0.374542 -0.37457 -0.374855 -0.375839 -0.379096 -0.387472 -0.400427 -0.41517 -0.428784 -0.446943 -0.446625 -0.438863 -0.446625 -0.446943 -0.428784 -0.41517 -0.400427 -0.387472 -0.379096 -0.375839 -0.374855 -0.37457 -0.374542 -0.374226 -0.375785 -0.365824 -0.417644 
5.3 -12.3337 0.542905 2 4 8 7 8 7 8 8 8 8 8 8 10 10 11 12 11 10 10 8 8 8 8 8 8 7 8 7 8 4 2 -0.417644 -0.365824 -0.375786 -0.374228 -0.374549 -0.374594 -0.374941 -0.376138 -0.380002 -0.389321 -0.402508 -0.417163 -0.43071 -0.44789 -0.446483 -0.438133 -0.446483 -0.447891 -0.43071 -0.417163 -0.402508 -0.389321 -0.380002 -0.376138 -0.374941 -0.374594 -0.374549 -0.374228 -0.375786 -0.365824 -0.417644 
5.4 -12.3529 0.550368 2 4 8 7 8 7 8 8 8 8 8 9 10 10 12 13 12 10 10 9 8 8 8 8 8 7 8 7 8 4 2 -0.417644 -0.365824 -0.375787 -0.37423 -0.374557 -0.374623 -0.375045 -0.376499 -0.38105 -0.391279 -0.404535 -0.419124 -0.432615 -0.44862 -0.446256 -0.437567 -0.446256 -0.448621 -0.432615 -0.419124 -0.404535 -0.391279 -0.38105 -0.376499 -0.375045 -0.374623 -0.374557 -0.37423 -0.375787 -0.365824 -0.417644 
5.5 -12.3722 0.557858 2 4 8 7 8 7 8 8 8 8 8 9 10 11 13 13 13 11 10 9 8 8 8 8 8 7 8 7 8 4 2 -0.417645 -0.365824 -0.375787 -0.374233 -0.374567 -0.374659 -0.375172 -0.376934 -0.382247 -0.393321 -0.406495 -0.421061 -0.434487 -0.44913 -0.445957 -0.437171 -0.445956 -0.44913 -0.434487 -0.421061 -0.406495 -0.393321 -0.382247 -0.376934 -0.375172 -0.374659 -0.374567 -0.374233 -0.375787 -0.365824 -0.417644 
5.6 -12.3915 0.5654 2 4 8 7 8 7 8 8 8 8 8 9 10 11 13 13 13 11 10 9 8 8 8 8 8 7 8 7 8 4 2 -0.417645 -0.365824 -0.375788 -0.374236 -0.374579 -0.374702 -0.375327 -0.377455 -0.383598 -0.395418 -0.408381 -0.422984 -0.436312 -0.449419 -0.445599 -0.436951 -0.445599 -0.449419 -0.436312 -0.422984 -0.408381 -0.395418 -0.383598 -0.377455 -0.375327 -0.374702 -0.374579 -0.374236 -0.375788 -0.365824 -0.417645 
5.7 -12.4108 0.573009 2 4 8 7 8 7 8 8 8 8 8 10 10 11 13 15 13 11 10 10 8 8 8 8 8 7 8 7 8 4 2 -0.417645 -0.365824 -0.37579 -0.374241 -0.374593 -0.374755 -0.375515 -0.378076 -0.385099 -0.397539 -0.410195 -0.424899 -0.438075 -0.449492 -0.445199 -0.436904 -0.445199 -0.449492 -0.438074 -0.424899 -0.410195 -0.397539 -0.385099 -0.378076 -0.375515 -0.374755 -0.374593 -0.374241 -0.375789 -0.365825 -0.417645 
5.8 -12.4301 0.580695 2 4 8 7 8 7 8 8 8 8 8 10 10 12 14 15 14 12 10 10 8 8 8 8 8 7 8 7 8 4 2 -0.417645 -0.365825 -0.375791 -0.374245 -0.374611 -0.37482 -0.375745 -0.37881 -0.386745 -0.399655 -0.411941 -0.42681 -0.439756 -0.44936 -0.444769 -0.437027 -0.444769 -0.44936 -0.439756 -0.42681 -0.411941 -0.399655 -0.386745 -0.37881 -0.375745 -0.37482 -0.374611 -0.374246 -0.375791 -0.365825 -0.417645 
5.9 -12.4494 0.58846 2 4 8 7 8 7 8 8 8 8 9 10 10 13 15 15 15 13 10 10 9 8 8 8 8 7 8 7 8 4 2 -0.417646 -0.365825 -0.375793 -0.374252 -0.374634 -0.374899 -0.376024 -0.379671 -0.388519 -0.401741 -0.413632 -0.428716 -0.441337 -0.449036 -0.444323 -0.43731 -0.444323 -0.449036 -0.441337 -0.428716 -0.413633 -0.401741 -0.38852 -0.379671 -0.376024 -0.374899 -0.374634 -0.374252 -0.375793 -0.365825 -0.417645 
6 -12.4687 0.596304 2 4 8 7 8 7 8 8 8 8 9 10 11 13 15 17 15 13 11 10 9 8 8 8 8 7 8 7 8 4 2 -0.417646 -0.365826 -0.375795 -0.374259 -0.374661 -0.374996 -0.376361 -0.38067 -0.390404 -0.403773 -0.415282 -0.430615 -0.4428 -0.448538 -0.443875 -0.437739 -0.443875 -0.448538 -0.442801 -0.430615 -0.415283 -0.403773 -0.390404 -0.38067 -0.376361 -0.374996 -0.37466 -0.374259 -0.375795 -0.365826 -0.417646 
6.1 -12.4881 0.60422 2 4 8 7 8 7 8 8 8 8 9 10 11 14 17 17 17 14 11 10 9 8 8 8 8 7 8 7 8 4 2 -0.417646 -0.365826 -0.375798 -0.374268 -0.374694 -0.375115 -0.376767 -0.381817 -0.392373 -0.405735 -0.416908 -0.432497 -0.444128 -0.447887 -0.443436 -0.438299 -0.443436 -0.447887 -0.444128 -0.432497 -0.416908 -0.405735 -0.392373 -0.381817 -0.376768 -0.375115 -0.374694 -0.374268 -0.375798 -0.365826 -0.417646 
6.2 -12.5074 0.612197 2 4 8 7 8 7 8 8 8 8 9 10 11 14 17 18 17 14 11 10 9 8 8 8 8 7 8 7 8 4 2 -0.417647 -0.365827 -0.375801 -0.374279 -0.374734 -0.375259 -0.377255 -0.383116 -0.394397 -0.407618 -0.418524 -0.434352 -0.445305 -0.447109 -0.443016 -0.438969 -0.443016 -0.447108 -0.445305 -0.434351 -0.418524 -0.407618 -0.394397 -0.383116 -0.377255 -0.375259 -0.374734 -0.374279 -0.375801 -0.365827 -0.417646 
6.3 -12.5268 0.62022 2 4 8 7 8 7 8 8 8 8 10 10 11 15 17 19 17 15 11 10 10 8 8 8 8 7 8 7 8 4 2 -0.417647 -0.365828 -0.375805 -0.374293 -0.374783 -0.375435 -0.377838 -0.384568 -0.396446 -0.409417 -0.420148 -0.436163 -0.446317 -0.446229 -0.442624 -0.439731 -0.442624 -0.446229 -0.446318 -0.436162 -0.420148 -0.409417 -0.396446 -0.384568 -0.377838 -0.375435 -0.374783 -0.374293 -0.375805 -0.365828 -0.417647 
6.4 -12.5462 0.628268 2 4 8 7 8 7 8 8 8 8 10 10 13 15 19 19 19 15 13 10 10 8 8 8 8 7 8 7 8 4 2 -0.417648 -0.365829 -0.37581 -0.37431 -0.374844 -0.375649 -0.378528 -0.386168 -0.398488 -0.411138 -0.421791 -0.437914 -0.447157 -0.445277 -0.442268 -0.440559 -0.442269 -0.445276 -0.447158 -0.437913 -0.421791 -0.411138 -0.398488 -0.386168 -0.378528 -0.375649 -0.374844 -0.37431 -0.37581 -0.365829 -0.417648 
6.5 -12.5656 0.636314 2 4 8 7 8 7 8 8 8 9 10 10 13 16 19 20 19 16 13 10 10 9 8 8 8 7 8 7 8 4 2 -0.417649 -0.365831 -0.375815 -0.37433 -0.374918 -0.37591 -0.379339 -0.387904 -0.400496 -0.412787 -0.423463 -0.439585 -0.447817 -0.44428 -0.441954 -0.441431 -0.441955 -0.444278 -0.447818 -0.439584 -0.423463 -0.412787 -0.400496 -0.387904 -0.379339 -0.37591 -0.374918 -0.37433 -0.375815 -0.365831 -0.417649 
6.6 -12.585 0.644329 2 4 8 7 8 7 8 8 8 9 10 11 14 17 19 20 19 17 14 11 10 9 8 8 8 7 8 7 8 4 2 -0.41765 -0.365832 -0.375823 -0.374355 -0.375008 -0.376225 -0.380284 -0.389757 -0.402444 -0.414378 -0.42517 -0.441156 -0.448296 -0.443268 -0.441687 -0.442322 -0.441688 -0.443266 -0.448297 -0.441155 -0.42517 -0.414378 -0.402444 -0.389757 -0.380284 -0.376225 -0.375008 -0.374355 -0.375823 -0.365832 -0.41765 
6.7 -12.6044 0.652278 2 4 8 7 8 7 8 8 8 9 10 11 14 17 20 20 20 17 14 11 10 9 8 8 8 7 8 7 8 4 2 -0.417651 -0.365835 -0.375831 -0.374386 -0.375118 -0.376606 -0.381372 -0.391704 -0.404314 -0.415926 -0.426912 -0.442607 -0.448594 -0.442268 -0.441469 -0.443208 -0.441471 -0.442266 -0.448596 -0.442606 -0.426912 -0.415926 -0.404314 -0.391704 -0.381372 -0.376606 -0.375118 -0.374386 -0.375831 -0.365835 -0.417651 
6.8 -12.6238 0.660126 2 4 8 7 8 7 8 8 8 9 10 11 15 17 20 20 20 17 15 11 10 9 8 8 8 7 8 7 8 4 2 -0.417653 -0.365837 -0.375842 -0.374423 -0.375253 -0.377064 -0.38261 -0.393716 -0.406093 -0.417448 -0.428686 -0.443919 -0.448719 -0.441308 -0.441303 -0.444066 -0.441304 -0.441306 -0.448721 -0.443919 -0.428686 -0.417448 -0.406093 -0.393716 -0.38261 -0.377064 -0.375253 -0.374423 -0.375842 -0.365837 -0.417653 
6.9 -12.6432 0.667838 2 4 8 7 8 7 8 8 8 10 10 13 15 19 20 21 20 19 15 13 10 10 8 8 8 7 8 7 8 4 2 -0.417655 -0.36584 -0.375855 -0.374469 -0.375417 -0.377612 -0.384 -0.395764 -0.407776 -0.41896 -0.430484 -0.445076 -0.448678 -0.440411 -0.441188 -0.444873 -0.441189 -0.440409 -0.44868 -0.445075 -0.430484 -0.418961 -0.407775 -0.395764 -0.384 -0.377612 -0.375417 -0.374469 -0.375855 -0.36584 -0.417655 
7 -12.6627 0.675378 2 4 8 7 8 7 8 8 8 10 10 13 15 19 21 21 21 19 15 13 10 10 8 8 8 7 8 7 8 4 2 -0.417657 -0.365844 -0.375871 -0.374525 -0.375617 -0.378263 -0.385538 -0.397814 -0.409364 -0.420478 -0.432294 -0.446062 -0.448484 -0.4396 -0.441124 -0.44561 -0.441125 -0.439598 -0.448486 -0.446061 -0.432294 -0.420479 -0.409364 -0.397814 -0.385538 -0.378263 -0.375617 -0.374525 -0.375871 -0.365844 -0.417657 
7.1 -12.6821 0.682718 2 4 8 7 8 7 8 8 9 10 10 13 17 20 21 23 21 20 17 13 10 10 9 8 8 7 8 7 8 4 2 -0.41766 -0.365848 -0.375891 -0.374593 -0.375859 -0.37903 -0.387214 -0.399838 -0.410866 -0.422014 -0.434101 -0.446866 -0.448152 -0.438892 -0.441108 -0.446257 -0.44111 -0.43889 -0.448154 -0.446865 -0.4341 -0.422014 -0.410866 -0.399838 -0.387214 -0.37903 -0.375859 -0.374593 -0.375891 -0.365848 -0.41766 
7.2 -12.7016 0.68983 2 4 8 7 8 7 8 8 9 10 11 14 17 20 22 23 22 20 17 14 11 10 9 8 8 7 8 7 8 4 2 -0.417664 -0.365854 -0.375915 -0.374677 -0.376154 -0.379927 -0.38901 -0.401807 -0.412294 -0.423577 -0.435885 -0.447481 -0.4477 -0.438304 -0.441138 -0.446799 -0.44114 -0.438301 -0.447701 -0.447481 -0.435885 -0.423578 -0.412294 -0.401807 -0.389011 -0.379928 -0.376154 -0.374676 -0.375915 -0.365854 -0.417664 
7.3 -12.721 0.696694 2 4 8 7 8 7 8 8 9 10 11 15 18 20 23 24 23 20 18 15 11 10 9 8 8 7 8 7 8 4 2 -0.417668 -0.365861 -0.375944 -0.374779 -0.37651 -0.380965 -0.390906 -0.4037 -0.413665 -0.425173 -0.437629 -0.447903 -0.447145 -0.437845 -0.441211 -0.447224 -0.441213 -0.437843 -0.447146 -0.447903 -0.437628 -0.425173 -0.413665 -0.4037 -0.390906 -0.380965 -0.37651 -0.374779 -0.375944 -0.365861 -0.417668 
7.4 -12.7405 0.703296 2 4 8 7 8 7 8 8 9 10 11 15 18 20 24 25 24 20 18 15 11 10 9 8 8 7 8 7 8 4 2 -0.417674 -0.365869 -0.37598 -0.374903 -0.376939 -0.382151 -0.392874 -0.405501 -0.414998 -0.426802 -0.439309 -0.448133 -0.44651 -0.437525 -0.441321 -0.447523 -0.441323 -0.437523 -0.44651 -0.448134 -0.439309 -0.426802 -0.414998 -0.405501 -0.392874 -0.382151 -0.376939 -0.374903 -0.37598 -0.365869 -0.417674 
7.5 -12.76 0.709624 2 4 8 7 8 7 8 8 10 10 13 15 19 21 24 25 25 21 19 15 13 10 10 8 8 7 8 7 8 4 2 -0.41768 -0.365879 -0.376024 -0.375055 -0.377452 -0.383489 -0.394882 -0.4072 -0.416314 -0.428461 -0.440906 -0.448176 -0.445813 -0.437346 -0.441464 -0.447689 -0.441466 -0.437344 -0.445813 -0.448177 -0.440905 -0.428461 -0.416314 -0.4072 -0.394882 -0.383489 -0.377452 -0.375055 -0.376024 -0.365879 -0.41768 
7.6 -12.7795 0.715673 2 4 8 7 8 7 8 8 10 10 13 17 19 22 25 27 25 22 19 17 13 10 10 8 8 7 8 7 8 4 2 -0.417688 -0.365891 -0.376078 -0.37524 -0.378064 -0.384978 -0.396899 -0.408796 -0.41763 -0.430143 -0.442398 -0.448041 -0.445077 -0.437308 -0.441634 -0.44772 -0.441636 -0.437307 -0.445077 -0.448042 -0.442397 -0.430143 -0.41763 -0.408796 -0.396899 -0.384978 -0.378064 -0.37524 -0.376078 -0.365891 -0.417688 
7.7 -12.7989 0.721441 2 4 8 7 8 7 8 9 10 11 13 17 20 22 26 28 26 22 20 17 13 11 10 9 8 7 8 7 8 4 2 -0.417698 -0.365906 -0.376144 -0.375466 -0.378788 -0.386608 -0.398892 -0.410293 -0.418965 -0.431837 -0.443765 -0.447741 -0.444322 -0.437409 -0.441826 -0.447617 -0.441827 -0.437408 -0.444321 -0.447743 -0.443764 -0.431837 -0.418965 -0.410293 -0.398892 -0.386609 -0.378788 -0.375466 -0.376144 -0.365906 -0.417698 
7.8 -12.8184 0.72693 2 4 8 7 8 7 8 9 10 11 14 18 20 22 26 28 26 22 20 18 14 11 10 9 8 7 8 7 8 4 2 -0.41771 -0.365925 -0.376224 -0.375739 -0.379637 -0.388367 -0.400834 -0.411702 -0.420334 -0.433529 -0.444992 -0.447292 -0.443566 -0.43764 -0.442033 -0.447386 -0.442034 -0.43764 -0.443565 -0.447294 -0.44499 -0.433529 -0.420334 -0.411702 -0.400834 -0.388368 -0.379637 -0.375739 -0.376224 -0.365925 -0.41771 
7.9 -12.8379 0.732146 2 4 8 7 8 7 8 9 10 11 15 18 20 24 28 29 28 24 20 18 15 11 10 9 8 7 8 7 8 4 2 -0.417725 -0.365948 -0.376323 -0.376071 -0.380621 -0.390234 -0.402699 -0.413036 -0.421747 -0.435202 -0.446062 -0.446713 -0.44283 -0.437992 -0.44225 -0.447033 -0.44225 -0.437993 -0.442828 -0.446715 -0.446061 -0.435202 -0.421747 -0.413036 -0.402699 -0.390234 -0.380622 -0.376071 -0.376323 -0.365948 -0.417725 
8 -12.8574 0.737101 2 4 8 7 8 7 8 9 10 11 15 19 21 24 28 31 28 24 21 19 15 11 10 9 8 7 8 7 8 4 2 -0.417743 -0.365976 -0.376442 -0.37647 -0.381752 -0.392183 -0.404468 -0.414313 -0.423212 -0.436837 -0.446964 -0.446026 -0.442128 -0.438451 -0.44247 -0.44657 -0.44247 -0.438453 -0.442126 -0.446028 -0.446963 -0.436837 -0.423212 -0.414313 -0.404468 -0.392183 -0.381752 -0.37647 -0.376442 -0.365976 -0.417743 
8.1 -12.877 0.741808 2 4 8 7 8 7 8 10 10 13 16 19 21 25 30 31 30 25 21 19 16 13 10 10 8 7 8 7 8 4 2 -0.417765 -0.36601 -0.376589 -0.37695 -0.383033 -0.394183 -0.40613 -0.415553 -0.424733 -0.438415 -0.447691 -0.445254 -0.441476 -0.439004 -0.442687 -0.446011 -0.442687 -0.439005 -0.441474 -0.445256 -0.447689 -0.438415 -0.424733 -0.415553 -0.40613 -0.394183 -0.383033 -0.37695 -0.376589 -0.36601 -0.417765 
8.2 -12.8965 0.74629 2 4 8 7 8 8 8 10 10 13 16 19 21 25 31 32 31 25 21 19 16 13 10 10 8 8 8 7 8 4 2 -0.417792 -0.366052 -0.376767 -0.377522 -0.384465 -0.396203 -0.40768 -0.416775 -0.426309 -0.439916 -0.448237 -0.444422 -0.440887 -0.439631 -0.442897 -0.445371 -0.442896 -0.439633 -0.440884 -0.444424 -0.448236 -0.439916 -0.426309 -0.416775 -0.40768 -0.396203 -0.384465 -0.377522 -0.376767 -0.366052 -0.417792 
8.3 -12.916 0.750571 2 4 8 7 8 8 8 10 10 14 17 20 23 26 31 33 31 26 23 20 17 14 10 10 8 8 8 7 8 4 2 -0.417825 -0.366103 -0.376984 -0.378201 -0.386042 -0.398209 -0.40912 -0.417997 -0.427933 -0.44132 -0.448602 -0.443553 -0.440369 -0.440316 -0.443093 -0.444669 -0.443092 -0.440319 -0.440367 -0.443555 -0.448601 -0.44132 -0.427933 -0.417998 -0.40912 -0.398209 -0.386042 -0.378201 -0.376984 -0.366103 -0.417825 
8.4 -12.9355 0.754681 2 4 8 7 8 8 9 10 11 14 18 20 23 28 32 34 32 28 23 20 18 14 11 10 9 8 8 7 8 4 2 -0.417865 -0.366165 -0.377248 -0.379 -0.387751 -0.400173 -0.410459 -0.419237 -0.429597 -0.442608 -0.448788 -0.442674 -0.439933 -0.441039 -0.443272 -0.443923 -0.44327 -0.441042 -0.43993 -0.442676 -0.448787 -0.442608 -0.429597 -0.419237 -0.410459 -0.400173 -0.387751 -0.379 -0.377248 -0.366165 -0.417865 
8.5 -12.9551 0.758654 2 4 8 7 8 8 9 10 11 15 18 20 25 28 33 36 33 28 25 20 18 15 11 10 9 8 8 7 8 4 2 -0.417914 -0.366241 -0.377567 -0.379931 -0.389574 -0.402065 -0.411709 -0.420507 -0.431289 -0.443764 -0.448803 -0.441807 -0.439582 -0.44178 -0.443429 -0.443152 -0.443427 -0.441783 -0.439579 -0.441808 -0.448802 -0.443765 -0.431289 -0.420508 -0.411709 -0.402065 -0.389574 -0.379931 -0.377567 -0.366241 -0.417913 
8.6 -12.9746 0.762526 2 4 8 7 8 8 9 10 11 15 19 21 25 29 34 37 34 29 25 21 19 15 11 10 9 8 8 7 8 4 2 -0.417973 -0.366335 -0.377953 -0.381003 -0.391487 -0.403866 -0.412889 -0.421819 -0.432994 -0.444774 -0.448656 -0.440975 -0.439321 -0.442519 -0.443561 -0.442378 -0.443559 -0.442522 -0.439318 -0.440976 -0.448655 -0.444774 -0.432994 -0.421819 -0.412889 -0.403866 -0.391487 -0.381003 -0.377953 -0.366335 -0.417973 
8.7 -12.9942 0.766334 2 4 8 7 8 8 10 10 13 16 19 21 25 30 36 38 36 30 25 21 19 16 13 10 10 8 8 7 8 4 2 -0.418046 -0.366449 -0.378416 -0.382224 -0.393461 -0.405558 -0.414018 -0.423179 -0.434694 -0.445625 -0.44836 -0.440198 -0.43915 -0.443237 -0.443666 -0.44162 -0.443663 -0.44324 -0.439148 -0.440199 -0.448359 -0.445625 -0.434694 -0.423179 -0.414018 -0.405558 -0.393461 -0.382224 -0.378416 -0.366449 -0.418046 
8.8 -13.0137 0.770117 2 4 8 7 8 8 10 10 13 16 19 23 27 31 37 39 37 31 27 23 19 16 13 10 10 8 8 7 8 4 2 -0.418135 -0.366588 -0.378971 -0.383596 -0.395463 -0.407135 -0.415117 -0.42459 -0.43637 -0.446309 -0.44793 -0.439495 -0.439069 -0.443916 -0.443741 -0.440897 -0.443739 -0.44392 -0.439067 -0.439496 -0.44793 -0.446309 -0.436369 -0.42459 -0.415117 -0.407135 -0.395463 -0.383596 -0.378971 -0.366588 -0.418135 
8.9 -13.0333 0.773912 2 4 8 7 8 8 10 10 14 17 20 23 27 32 38 40 38 32 27 23 20 17 14 10 10 8 8 7 8 4 2 -0.418244 -0.366757 -0.37963 -0.385114 -0.39746 -0.408595 -0.416206 -0.426051 -0.438002 -0.446822 -0.447384 -0.438881 -0.439075 -0.44454 -0.443787 -0.440226 -0.443784 -0.444543 -0.439073 -0.438881 -0.447385 -0.446821 -0.438002 -0.426051 -0.416206 -0.408595 -0.39746 -0.385114 -0.37963 -0.366757 -0.418243 
9 -13.0529 0.777751 2 4 8 7 8 9 10 11 14 18 20 25 29 33 39 41 39 33 29 25 20 18 14 11 10 9 8 7 8 4 2 -0.418376 -0.366963 -0.380408 -0.386768 -0.399421 -0.409943 -0.417304 -0.427558 -0.43957 -0.44716 -0.446742 -0.438367 -0.439164 -0.445093 -0.443803 -0.439623 -0.4438 -0.445095 -0.439162 -0.438367 -0.446742 -0.44716 -0.43957 -0.427558 -0.417304 -0.409943 -0.399421 -0.386768 -0.380408 -0.366963 -0.418376 
9.1 -13.0725 0.781668 2 4 8 7 8 9 10 11 15 18 21 25 29 34 40 42 40 34 29 25 21 18 15 11 10 9 8 7 8 4 2 -0.418537 -0.367213 -0.381317 -0.388543 -0.401316 -0.41119 -0.41843 -0.429101 -0.441054 -0.447327 -0.446023 -0.437965 -0.439329 -0.445561 -0.44379 -0.439103 -0.443787 -0.445564 -0.439328 -0.437964 -0.446024 -0.447327 -0.441054 -0.429101 -0.418429 -0.41119 -0.401316 -0.388543 -0.381318 -0.367213 -0.418537 
9.2 -13.0921 0.785688 2 4 8 7 8 9 10 11 15 19 21 25 30 35 41 43 41 35 30 25 21 19 15 11 10 9 8 7 8 4 2 -0.418733 -0.367515 -0.38237 -0.390415 -0.403122 -0.412351 -0.419596 -0.430671 -0.442436 -0.447328 -0.445249 -0.437679 -0.439562 -0.445935 -0.443749 -0.438676 -0.443746 -0.445938 -0.439562 -0.437678 -0.44525 -0.447328 -0.442436 -0.430671 -0.419596 -0.412351 -0.403122 -0.390415 -0.38237 -0.367515 -0.418733 
9.3 -13.1117 0.789834 2 4 8 7 8 10 10 13 16 19 21 27 31 37 41 45 41 37 31 27 21 19 16 13 10 10 8 7 8 4 2 -0.418972 -0.367879 -0.383574 -0.392356 -0.40482 -0.413444 -0.420814 -0.432253 -0.443698 -0.447173 -0.444441 -0.437513 -0.439856 -0.446207 -0.443682 -0.438351 -0.44368 -0.446209 -0.439856 -0.437512 -0.444441 -0.447173 -0.443698 -0.432253 -0.420814 -0.413444 -0.40482 -0.392356 -0.383574 -0.367879 -0.418972 
9.4 -13.1313 0.794123 2 4 8 8 8 10 10 13 16 20 23 27 32 38 42 45 42 38 32 27 23 20 16 13 10 10 8 8 8 4 2 -0.419262 -0.368315 -0.384933 -0.394336 -0.406399 -0.41449 -0.422091 -0.433831 -0.444825 -0.446873 -0.443618 -0.437467 -0.440201 -0.446371 -0.443593 -0.438134 -0.443591 -0.446373 -0.440201 -0.437466 -0.443618 -0.446873 -0.444825 -0.433832 -0.422091 -0.41449 -0.406399 -0.394336 -0.384933 -0.368315 -0.419262 
9.5 -13.151 0.798566 2 4 8 8 8 10 10 13 17 20 23 29 32 39 44 48 44 39 32 29 24 20 18 14 10 10 8 8 8 4 2 -0.419613 -0.368834 -0.386447 -0.396321 -0.407855 -0.415507 -0.423431 -0.43539 -0.445803 -0.446444 -0.4428 -0.437537 -0.440586 -0.446425 -0.443485 -0.438028 -0.443483 -0.446426 -0.440586 -0.437537 -0.4428 -0.446444 -0.445803 -0.43539 -0.423431 -0.415507 -0.407855 -0.396321 -0.386447 -0.368834 -0.419613 
9.6 -13.1706 0.80317 2 4 8 8 9 10 11 14 18 20 24 29 33 41 45 48 45 41 33 29 24 20 18 14 11 10 9 8 8 4 2 -0.420039 -0.369447 -0.388107 -0.398279 -0.409191 -0.416517 -0.424833 -0.43691 -0.446624 -0.445902 -0.442006 -0.437719 -0.441001 -0.446369 -0.44336 -0.438032 -0.443358 -0.44637 -0.441001 -0.437719 -0.442007 -0.445903 -0.446624 -0.43691 -0.424833 -0.416517 -0.40919 -0.398279 -0.388107 -0.369447 -0.420038 
9.7 -13.1903 0.807934 2 4 8 8 9 10 11 15 18 21 25 30 35 41 47 51 47 41 36 30 25 21 18 15 11 10 9 8 8 4 2 -0.420552 -0.370164 -0.389899 -0.400178 -0.410415 -0.417537 -0.426294 -0.438372 -0.447279 -0.445268 -0.441253 -0.438004 -0.441435 -0.446206 -0.443224 -0.438146 -0.443222 -0.446207 -0.441435 -0.438004 -0.441253 -0.445268 -0.447279 -0.438373 -0.426294 -0.417537 -0.410415 -0.400178 -0.389899 -0.370164 -0.420552 
9.8 -13.21 0.812852 2 4 8 8 9 10 11 15 19 21 26 30 38 43 48 52 49 43 38 30 27 21 19 15 13 10 9 8 8 4 2 -0.421171 -0.370995 -0.391803 -0.401991 -0.411541 -0.418583 -0.427807 -0.43976 -0.447765 -0.444561 -0.440555 -0.438382 -0.441876 -0.445943 -0.443079 -0.438362 -0.443078 -0.445944 -0.441876 -0.438382 -0.440555 -0.444561 -0.447765 -0.43976 -0.427807 -0.418583 -0.411541 -0.401991 -0.391804 -0.370995 -0.421171 
9.9 -13.2297 0.817915 2 4 8 9 9 10 13 16 19 21 27 32 38 43 49 54 49 43 38 32 27 21 19 16 13 10 9 9 8 4 2 -0.421912 -0.371945 -0.393793 -0.403699 -0.412586 -0.419667 -0.429362 -0.441056 -0.448082 -0.443803 -0.439925 -0.43884 -0.442314 -0.445588 -0.44293 -0.438673 -0.442929 -0.445588 -0.442314 -0.43884 -0.439925 -0.443803 -0.448082 -0.441056 -0.429362 -0.419667 -0.412586 -0.403699 -0.393793 -0.371945 -0.421912 
10 -13.2494 0.823106 2 4 8 9 10 10 13 16 20 22 28 32 40 44 50 55 50 44 40 32 28 22 20 16 13 10 10 9 8 4 2 -0.422798 -0.373015 -0.395838 -0.405287 -0.41357 -0.4208 -0.430946 -0.442242 -0.448232 -0.443015 -0.439374 -0.439365 -0.442738 -0.445151 -0.442781 -0.439069 -0.44278 -0.445151 -0.442738 -0.439366 -0.439373 -0.443016 -0.448232 -0.442242 -0.430946 -0.4208 -0.41357 -0.405287 -0.395838 -0.373015 -0.422798 
10.1 -13.2691 0.828407 2 4 8 9 10 10 13 17 20 24 29 33 41 46 53 56 53 46 41 33 29 24 20 18 14 10 10 9 8 4 2 -0.423849 -0.374203 -0.397903 -0.406748 -0.414514 -0.421989 -0.432546 -0.443306 -0.448222 -0.442219 -0.43891 -0.439942 -0.44314 -0.444646 -0.442634 -0.439538 -0.442634 -0.444646 -0.443139 -0.439943 -0.438909 -0.442219 -0.448222 -0.443306 -0.432546 -0.421989 -0.414514 -0.406748 -0.397903 -0.374203 -0.423849 
10.2 -13.2888 0.833797 2 4 8 10 10 11 14 18 20 24 29 35 41 47 54 59 54 47 42 35 29 24 20 18 14 11 10 10 8 4 2 -0.42509 -0.375498 -0.399955 -0.408081 -0.415437 -0.423235 -0.434144 -0.444234 -0.448061 -0.441433 -0.438539 -0.440556 -0.443509 -0.444086 -0.442494 -0.440067 -0.442495 -0.444085 -0.443508 -0.440557 -0.438538 -0.441434 -0.448061 -0.444234 -0.434145 -0.423234 -0.415437 -0.408081 -0.399955 -0.375499 -0.42509 
10.3 -13.3085 0.839251 2 4 8 10 10 11 15 18 21 25 29 37 43 48 55 60 55 48 43 37 30 25 21 18 15 11 10 10 8 4 2 -0.426544 -0.376887 -0.401961 -0.409293 -0.41636 -0.424538 -0.435725 -0.445016 -0.44776 -0.440679 -0.438265 -0.441189 -0.443838 -0.443486 -0.442363 -0.440641 -0.442364 -0.443486 -0.443837 -0.441191 -0.438264 -0.440679 -0.44776 -0.445016 -0.435725 -0.424538 -0.41636 -0.409293 -0.401961 -0.376887 -0.426544 
10.4 -13.3281 0.844745 2 4 8 10 10 11 15 19 21 27 31 38 45 50 56 61 57 50 45 38 32 27 21 19 15 11 10 10 8 4 2 -0.428232 -0.378345 -0.403891 -0.410394 -0.4173 -0.425895 -0.437269 -0.445646 -0.447333 -0.439972 -0.43809 -0.441827 -0.444121 -0.442864 -0.442245 -0.441245 -0.442246 -0.442863 -0.44412 -0.441829 -0.438089 -0.439972 -0.447333 -0.445646 -0.437269 -0.425895 -0.4173 -0.410394 -0.403891 -0.378345 -0.428232 
10.5 -13.3477 0.850252 2 4 8 10 10 13 16 19 21 27 32 39 45 52 58 63 58 52 46 39 32 27 21 19 16 13 10 10 8 4 2 -0.430173 -0.379846 -0.40572 -0.411401 -0.418273 -0.4273 -0.438759 -0.446119 -0.446796 -0.439329 -0.438012 -0.442453 -0.444352 -0.442234 -0.44214 -0.441862 -0.442142 -0.442233 -0.444351 -0.442454 -0.438012 -0.439329 -0.446797 -0.446119 -0.438759 -0.427299 -0.418273 -0.411401 -0.40572 -0.379846 -0.430172 
10.6 -13.3672 0.855748 2 4 8 10 10 13 16 20 22 28 33 41 46 54 59 65 60 54 46 41 33 28 22 20 16 13 10 10 8 4 2 -0.432379 -0.381357 -0.40743 -0.41233 -0.41929 -0.428742 -0.440177 -0.446435 -0.446168 -0.438762 -0.438031 -0.443052 -0.444527 -0.441614 -0.442052 -0.442477 -0.442054 -0.441612 -0.444527 -0.443053 -0.43803 -0.438762 -0.446168 -0.446435 -0.440177 -0.428742 -0.41929 -0.41233 -0.40743 -0.381357 -0.432379 
10.7 -13.3865 0.861207 2 4 8 10 10 13 17 20 24 29 34 41 47 54 62 67 61 54 47 41 35 29 24 20 18 13 10 10 8 4 2 -0.434857 -0.382843 -0.409009 -0.413203 -0.420363 -0.430212 -0.441505 -0.446595 -0.445466 -0.438282 -0.43814 -0.443609 -0.444645 -0.441018 -0.44198 -0.443075 -0.441982 -0.441016 -0.444645 -0.44361 -0.43814 -0.438282 -0.445466 -0.446595 -0.441506 -0.430211 -0.420363 -0.413203 -0.409009 -0.382843 -0.434857 
10.8 -13.4057 0.866606 2 4 8 10 11 13 18 20 24 29 37 42 49 57 63 68 63 57 49 42 37 29 24 20 18 13 11 10 8 4 2 -0.437603 -0.384268 -0.410451 -0.414038 -0.421495 -0.431695 -0.442729 -0.446605 -0.444709 -0.437898 -0.438335 -0.444112 -0.444704 -0.440462 -0.441926 -0.443641 -0.441929 -0.44046 -0.444704 -0.444113 -0.438335 -0.437898 -0.444709 -0.446605 -0.442729 -0.431694 -0.421495 -0.414038 -0.410451 -0.384269 -0.437603 
10.9 -13.4246 0.87192 2 4 8 10 11 15 18 21 25 30 38 44 51 58 64 71 65 58 51 45 38 30 25 21 18 15 11 10 8 4 2 -0.440602 -0.3856 -0.411758 -0.414855 -0.422692 -0.433177 -0.443833 -0.446473 -0.443917 -0.437614 -0.438607 -0.444549 -0.444706 -0.439959 -0.441891 -0.44416 -0.441894 -0.439956 -0.444706 -0.44455 -0.438608 -0.437614 -0.443918 -0.446472 -0.443833 -0.433176 -0.422692 -0.414855 -0.411758 -0.3856 -0.440602 
11 -13.4432 0.877129 2 4 8 10 11 15 19 21 27 32 38 45 53 59 66 72 65 59 53 45 38 32 27 21 19 15 11 10 8 4 2 -0.443829 -0.386808 -0.412935 -0.415672 -0.423953 -0.434642 -0.444805 -0.446208 -0.443109 -0.437435 -0.438949 -0.444911 -0.444651 -0.43952 -0.441874 -0.444621 -0.441878 -0.439517 -0.444652 -0.444911 -0.43895 -0.437434 -0.44311 -0.446208 -0.444806 -0.434641 -0.423953 -0.415673 -0.412935 -0.386808 -0.443829 
11.1 -13.4614 0.882213 2 4 8 10 12 16 19 22 27 32 40 45 55 62 67 73 67 62 54 45 40 32 27 22 19 16 12 10 8 4 2 -0.447244 -0.387867 -0.413995 -0.416505 -0.425275 -0.436073 -0.445636 -0.445826 -0.442304 -0.43736 -0.43935 -0.44519 -0.444544 -0.439155 -0.441876 -0.445012 -0.441879 -0.439152 -0.444546 -0.445189 -0.43935 -0.437359 -0.442304 -0.445825 -0.445637 -0.436073 -0.425274 -0.416505 -0.413995 -0.387867 -0.447243 
11.2 -13.4791 0.887156 2 4 8 10 14 16 20 22 28 34 42 48 56 62 69 74 69 62 58 48 42 34 28 23 20 16 14 10 8 4 2 -0.450797 -0.388761 -0.414951 -0.417367 -0.426652 -0.437454 -0.446318 -0.445339 -0.441518 -0.437387 -0.439798 -0.44538 -0.444389 -0.438872 -0.441894 -0.445326 -0.441898 -0.438868 -0.444391 -0.445378 -0.439799 -0.437387 -0.441518 -0.445339 -0.446318 -0.437454 -0.426651 -0.417367 -0.414951 -0.388761 -0.450797 
11.3 -13.4961 0.891943 2 4 8 11 14 16 20 24 29 35 42 48 58 64 70 76 71 64 58 48 42 36 29 24 20 16 14 11 8 4 2 -0.454429 -0.389479 -0.415819 -0.418266 -0.428077 -0.438767 -0.446846 -0.444766 -0.440767 -0.437514 -0.440284 -0.445478 -0.444192 -0.438676 -0.441929 -0.445556 -0.441932 -0.438672 -0.444195 -0.445476 -0.440285 -0.437513 -0.440767 -0.444766 -0.446846 -0.438768 -0.428076 -0.418267 -0.415819 -0.38948 -0.454429 
11.4 -13.5125 0.896564 2 4 8 11 14 18 20 24 30 37 44 49 59 66 73 78 73 67 59 49 44 37 30 24 20 18 14 11 8 4 2 -0.458073 -0.390022 -0.416616 -0.419211 -0.42954 -0.439998 -0.447219 -0.444123 -0.440066 -0.437732 -0.440794 -0.445484 -0.443959 -0.43857 -0.441978 -0.445696 -0.441981 -0.438567 -0.443962 -0.445482 -0.440795 -0.437732 -0.440065 -0.444123 -0.447218 -0.439999 -0.429538 -0.419212 -0.416616 -0.390022 -0.458073 
11.5 -13.528 0.901013 2 4 8 11 14 18 21 25 30 38 44 53 61 69 74 79 74 69 61 52 44 38 31 25 21 18 14 11 8 4 2 -0.461659 -0.390395 -0.417359 -0.420204 -0.431028 -0.44113 -0.447437 -0.443429 -0.439427 -0.438036 -0.441317 -0.445399 -0.443697 -0.438556 -0.442041 -0.445745 -0.442044 -0.438552 -0.443701 -0.445396 -0.441318 -0.438036 -0.439426 -0.44343 -0.447436 -0.441132 -0.431026 -0.420205 -0.417359 -0.390395 -0.461659 
11.6 -13.5426 0.905287 2 4 8 13 16 19 21 27 32 39 46 54 62 70 75 80 75 70 63 54 47 39 32 27 21 19 16 12 8 4 2 -0.465116 -0.390612 -0.418064 -0.421246 -0.432529 -0.44215 -0.447504 -0.442703 -0.438862 -0.438414 -0.44184 -0.445227 -0.443414 -0.43863 -0.442114 -0.445703 -0.442117 -0.438627 -0.443418 -0.445224 -0.441842 -0.438414 -0.438861 -0.442704 -0.447503 -0.442153 -0.432527 -0.421247 -0.418064 -0.390612 -0.465116 
11.7 -13.5561 0.909388 2 4 8 13 16 19 22 28 32 41 47 56 65 72 77 81 77 72 65 56 47 42 32 28 22 19 16 13 8 4 2 -0.468379 -0.390693 -0.418747 -0.422332 -0.434028 -0.443046 -0.447428 -0.441963 -0.438378 -0.438856 -0.442352 -0.444973 -0.443117 -0.438791 -0.442197 -0.445573 -0.442199 -0.438788 -0.443121 -0.44497 -0.442354 -0.438857 -0.438377 -0.441964 -0.447426 -0.44305 -0.434025 -0.422333 -0.418747 -0.390693 -0.468379 
11.8 -13.5686 0.91332 2 4 8 13 18 19 22 28 34 42 48 57 66 74 79 83 79 75 66 57 48 43 34 28 22 19 18 13 8 4 2 -0.47139 -0.390661 -0.41942 -0.423457 -0.435508 -0.443809 -0.447217 -0.441226 -0.437983 -0.439351 -0.442842 -0.444646 -0.442814 -0.439032 -0.442286 -0.445358 -0.442288 -0.439029 -0.442818 -0.444643 -0.442844 -0.439351 -0.437982 -0.441228 -0.447214 -0.443812 -0.435505 -0.423457 -0.41942 -0.390661 -0.47139 
11.9 -13.58 0.917093 2 4 8 13 18 20 24 29 35 43 50 59 68 76 80 84 80 76 68 59 50 43 35 29 24 20 18 13 8 4 2 -0.474103 -0.390542 -0.420097 -0.42461 -0.436955 -0.444429 -0.446881 -0.440511 -0.437681 -0.439884 -0.443299 -0.444256 -0.442512 -0.439345 -0.44238 -0.445067 -0.44238 -0.439343 -0.442516 -0.444252 -0.443301 -0.439885 -0.43768 -0.440512 -0.446878 -0.444433 -0.436952 -0.424611 -0.420097 -0.390542 -0.474103 
12 -13.5903 0.920719 2 4 8 14 18 20 24 30 37 44 52 60 70 78 83 85 83 78 70 60 52 44 37 30 24 20 18 14 8 4 2 -0.476485 -0.390363 -0.420787 -0.425781 -0.438353 -0.444902 -0.446435 -0.439831 -0.437476 -0.440444 -0.443714 -0.443812 -0.442219 -0.439722 -0.442475 -0.444706 -0.442475 -0.43972 -0.442223 -0.443808 -0.443715 -0.440445 -0.437474 -0.439833 -0.446432 -0.444907 -0.438349 -0.425781 -0.420787 -0.390363 -0.476485 
12.1 -13.5994 0.924213 2 4 8 14 19 21 25 31 38 45 54 63 71 80 84 88 84 81 71 63 54 46 38 31 25 21 19 14 8 4 2 -0.47852 -0.390151 -0.4215 -0.426953 -0.439684 -0.445226 -0.445893 -0.4392 -0.437366 -0.441015 -0.444079 -0.443328 -0.441941 -0.440152 -0.442569 -0.444287 -0.442568 -0.440151 -0.441945 -0.443324 -0.44408 -0.441016 -0.437365 -0.439203 -0.445889 -0.445231 -0.439681 -0.426954 -0.4215 -0.390151 -0.47852 
12.2 -13.6075 0.927592 2 4 8 15 20 22 27 32 39 47 56 63 73 81 86 91 86 81 73 64 56 47 39 32 27 22 20 15 8 4 2 -0.480204 -0.389931 -0.422245 -0.428112 -0.440935 -0.4454 -0.445271 -0.438632 -0.437353 -0.441585 -0.444387 -0.442816 -0.441684 -0.440623 -0.442659 -0.443821 -0.442659 -0.440623 -0.441687 -0.442813 -0.444387 -0.441586 -0.437351 -0.438635 -0.445267 -0.445405 -0.440932 -0.428112 -0.422245 -0.389931 -0.480204 
12.3 -13.6145 0.930876 2 4 8 15 20 22 28 33 41 47 56 65 77 84 88 93 88 84 77 66 57 47 41 34 28 22 20 15 8 4 2 -0.481551 -0.389722 -0.423028 -0.429237 -0.44209 -0.445426 -0.444586 -0.438136 -0.437432 -0.44214 -0.444632 -0.44229 -0.441454 -0.441124 -0.442745 -0.44332 -0.442743 -0.441124 -0.441457 -0.442287 -0.444632 -0.442141 -0.43743 -0.438138 -0.444582 -0.445431 -0.442088 -0.429237 -0.423029 -0.389723 -0.481551 
12.4 -13.6205 0.934087 2 4 8 15 20 23 28 34 42 49 59 67 77 85 89 96 89 85 77 67 59 49 42 34 28 23 20 15 8 4 2 -0.482585 -0.389544 -0.423858 -0.430309 -0.443137 -0.44531 -0.443854 -0.437719 -0.437598 -0.442667 -0.444811 -0.441763 -0.441255 -0.44164 -0.442822 -0.442798 -0.44282 -0.441641 -0.441257 -0.44176 -0.444811 -0.442669 -0.437597 -0.437722 -0.44385 -0.445315 -0.443135 -0.430308 -0.423858 -0.389544 -0.482585 
12.5 -13.6257 0.937247 2 4 8 16 21 25 28 36 43 51 61 68 79 87 91 97 92 87 79 68 61 52 43 36 29 25 21 16 8 4 2 -0.483339 -0.389406 -0.42474 -0.431307 -0.444065 -0.445059 -0.443093 -0.437388 -0.437847 -0.443155 -0.444922 -0.441248 -0.44109 -0.44216 -0.442889 -0.442267 -0.442887 -0.442161 -0.441091 -0.441247 -0.444922 -0.443156 -0.437845 -0.437391 -0.443089 -0.445063 -0.444064 -0.431306 -0.42474 -0.389407 -0.483339 
12.6 -13.63 0.940381 2 4 8 16 21 25 30 37 45 52 62 69 82 89 94 99 94 90 82 70 63 53 45 37 30 25 21 16 8 4 2 -0.483858 -0.389317 -0.425682 -0.432211 -0.444864 -0.444682 -0.442319 -0.437147 -0.438169 -0.443593 -0.444964 -0.440759 -0.440962 -0.44267 -0.442945 -0.441742 -0.442943 -0.442672 -0.440963 -0.440758 -0.444964 -0.443594 -0.438168 -0.437149 -0.442316 -0.444685 -0.444863 -0.432209 -0.425682 -0.389317 -0.483858 
12.7 -13.6336 0.943511 2 4 8 16 21 27 30 39 46 54 63 74 83 90 97 101 97 91 83 74 63 54 46 39 31 27 22 16 8 4 2 -0.48419 -0.389275 -0.42669 -0.432997 -0.445526 -0.444189 -0.441549 -0.436997 -0.438556 -0.443971 -0.444938 -0.440307 -0.440874 -0.443158 -0.442989 -0.441236 -0.442986 -0.44316 -0.440874 -0.440306 -0.444938 -0.443972 -0.438556 -0.436999 -0.441546 -0.444191 -0.445526 -0.432995 -0.42669 -0.389275 -0.48419 
12.8 -13.6366 0.946664 2 4 8 16 22 27 32 40 47 56 65 75 85 93 98 102 98 93 85 75 65 57 47 40 32 27 22 16 8 4 2 -0.484387 -0.389276 -0.42777 -0.433646 -0.446046 -0.443593 -0.440797 -0.436938 -0.438999 -0.444282 -0.444848 -0.439902 -0.440825 -0.443612 -0.443019 -0.440761 -0.443016 -0.443615 -0.440825 -0.439902 -0.444848 -0.444282 -0.438999 -0.436939 -0.440796 -0.443594 -0.446048 -0.433643 -0.42777 -0.389276 -0.484387 
12.9 -13.6391 0.949862 2 4 8 16 23 29 34 41 48 57 68 77 86 95 100 105 100 96 86 78 68 57 49 41 34 29 23 16 8 4 2 -0.484504 -0.389308 -0.42893 -0.434137 -0.446423 -0.442908 -0.440078 -0.436968 -0.439486 -0.444518 -0.444697 -0.439555 -0.440816 -0.444021 -0.443035 -0.440328 -0.443032 -0.444024 -0.440815 -0.439555 -0.444697 -0.444518 -0.439487 -0.436968 -0.440078 -0.442906 -0.446426 -0.434134 -0.42893 -0.389308 -0.484504 
13 -13.6411 0.953129 2 4 8 16 23 29 35 43 50 60 69 79 88 98 103 108 103 98 88 79 69 60 50 43 35 29 23 16 8 4 2 -0.484594 -0.389354 -0.430174 -0.434452 -0.446655 -0.442146 -0.439404 -0.437081 -0.440007 -0.444677 -0.444491 -0.439271 -0.440845 -0.444377 -0.443037 -0.439947 -0.443034 -0.444379 -0.440843 -0.439272 -0.444491 -0.444676 -0.440008 -0.43708 -0.439406 -0.442144 -0.446659 -0.434449 -0.430175 -0.389354 -0.484595 
13.1 -13.6427 0.956483 2 4 8 16 25 30 36 44 52 62 71 81 90 99 105 110 105 100 90 81 71 62 52 44 36 30 25 16 8 4 2 -0.484714 -0.389394 -0.431511 -0.434576 -0.446746 -0.441323 -0.438787 -0.437272 -0.440549 -0.444754 -0.444236 -0.439059 -0.440911 -0.44467 -0.443025 -0.439628 -0.443022 -0.444672 -0.440909 -0.43906 -0.444237 -0.444753 -0.44055 -0.437271 -0.43879 -0.441319 -0.446751 -0.434572 -0.431511 -0.389394 -0.484714 
13.2 -13.6439 0.959943 2 4 8 16 25 32 38 45 53 63 73 85 91 102 107 113 108 103 92 85 74 63 53 46 38 32 25 16 8 4 2 -0.484913 -0.389399 -0.432943 -0.434493 -0.446699 -0.440453 -0.438236 -0.437534 -0.4411 -0.444751 -0.443941 -0.43892 -0.44101 -0.444894 -0.443 -0.439377 -0.442997 -0.444897 -0.441008 -0.438921 -0.443941 -0.444749 -0.441102 -0.437532 -0.43824 -0.440447 -0.446705 -0.434489 -0.432944 -0.389399 -0.484914 
13.3 -13.645 0.963521 2 4 8 16 26 32 39 46 54 64 75 86 94 104 110 115 110 105 94 87 75 64 55 46 39 32 26 16 8 4 2 -0.485244 -0.389342 -0.434477 -0.434193 -0.446522 -0.439549 -0.437757 -0.437858 -0.441649 -0.444667 -0.443613 -0.438858 -0.441141 -0.445045 -0.442962 -0.439199 -0.442961 -0.445048 -0.441138 -0.438859 -0.443613 -0.444665 -0.441651 -0.437855 -0.437763 -0.439542 -0.44653 -0.434188 -0.434478 -0.389341 -0.485245 
13.4 -13.6457 0.967227 2 4 8 16 26 33 41 48 57 66 76 88 96 107 112 117 112 109 97 88 77 66 57 48 41 33 26 16 8 4 2 -0.485753 -0.389187 -0.436116 -0.433668 -0.446226 -0.438625 -0.437359 -0.438233 -0.442183 -0.444507 -0.443261 -0.438872 -0.441298 -0.44512 -0.442914 -0.439097 -0.442913 -0.445122 -0.441295 -0.438874 -0.443262 -0.444504 -0.442186 -0.438229 -0.437365 -0.438616 -0.446234 -0.433663 -0.436117 -0.389187 -0.485754 
13.5 -13.6463 0.971066 2 4 8 16 26 35 42 49 58 68 79 89 98 109 114 120 114 110 98 89 80 69 58 50 42 35 26 16 8 4 2 -0.486484 -0.388902 -0.437862 -0.432913 -0.445819 -0.437692 -0.437043 -0.438648 -0.442692 -0.444275 -0.442894 -0.438962 -0.441477 -0.445118 -0.442857 -0.439073 -0.442856 -0.44512 -0.441474 -0.438963 -0.442895 -0.444272 -0.442695 -0.438644 -0.437051 -0.437682 -0.445828 -0.432908 -0.437863 -0.388901 -0.486485 
13.6 -13.6468 0.975038 2 4 8 16 27 36 45 51 61 70 82 91 101 111 117 122 117 112 102 92 82 71 61 51 45 36 27 16 8 4 2 -0.487477 -0.388448 -0.439717 -0.431927 -0.445317 -0.436762 -0.436813 -0.439091 -0.443165 -0.443978 -0.442521 -0.439122 -0.441673 -0.44504 -0.442792 -0.439126 -0.442792 -0.445041 -0.441671 -0.439124 -0.442522 -0.443975 -0.443168 -0.439087 -0.436821 -0.436751 -0.445326 -0.431922 -0.439718 -0.388447 -0.487478 
13.7 -13.6472 0.97914 2 4 8 16 27 38 45 53 62 72 85 94 104 114 119 125 119 115 105 94 85 72 62 53 45 38 27 16 8 4 2 -0.488769 -0.387789 -0.441682 -0.430712 -0.444733 -0.435844 -0.436669 -0.439549 -0.443593 -0.443625 -0.442152 -0.439349 -0.441881 -0.444889 -0.442722 -0.439253 -0.442722 -0.44489 -0.441879 -0.439351 -0.442153 -0.443622 -0.443595 -0.439545 -0.436677 -0.435834 -0.444743 -0.430707 -0.441683 -0.387788 -0.48877 
13.8 -13.6474 0.983365 2 4 8 16 27 38 46 54 63 75 86 97 107 116 122 127 123 117 107 97 86 75 64 54 46 38 27 16 8 4 2 -0.490393 -0.386889 -0.443756 -0.429273 -0.444084 -0.434948 -0.43661 -0.44001 -0.443966 -0.443223 -0.441794 -0.439636 -0.442096 -0.44467 -0.442647 -0.43945 -0.442648 -0.44467 -0.442094 -0.439637 -0.441795 -0.44322 -0.443969 -0.440006 -0.436618 -0.434937 -0.444093 -0.429268 -0.443757 -0.386887 -0.490394 
13.9 -13.6476 0.987701 2 4 8 16 28 40 48 56 65 76 87 98 109 119 125 131 125 119 109 98 89 76 66 56 48 40 28 16 8 4 2 -0.492375 -0.385712 -0.445936 -0.427619 -0.443385 -0.434079 -0.436632 -0.44046 -0.444279 -0.442785 -0.441456 -0.439974 -0.442312 -0.444388 -0.442571 -0.439711 -0.442573 -0.444388 -0.44231 -0.439975 -0.441457 -0.442782 -0.444281 -0.440457 -0.43664 -0.434069 -0.443394 -0.427615 -0.445938 -0.38571 -0.492376 
14 -13.6478 0.992135 2 4 8 16 29 41 49 58 67 78 91 100 111 122 129 134 128 122 111 101 91 79 68 58 49 41 29 16 8 4 2 -0.49474 -0.384225 -0.44822 -0.425762 -0.442655 -0.433243 -0.436732 -0.440886 -0.444525 -0.442319 -0.441144 -0.440354 -0.442524 -0.444053 -0.442495 -0.440029 -0.442497 -0.444052 -0.442523 -0.440355 -0.441145 -0.442317 -0.444527 -0.440883 -0.436739 -0.433234 -0.442662 -0.425757 -0.448223 -0.384223 -0.494741 
14.1 -13.6479 0.996652 2 4 8 16 29 42 50 59 69 81 92 104 114 124 131 137 131 125 114 104 93 81 70 60 50 42 29 16 8 4 2 -0.497506 -0.382399 -0.450605 -0.423714 -0.44191 -0.432444 -0.436903 -0.441276 -0.444701 -0.441839 -0.440866 -0.440766 -0.442727 -0.443672 -0.442421 -0.440394 -0.442423 -0.443671 -0.442726 -0.440767 -0.440867 -0.441837 -0.444702 -0.441273 -0.43691 -0.432436 -0.441917 -0.42371 -0.450608 -0.382396 -0.497507 
14.2 -13.648 1.00123 2 4 8 16 29 43 52 61 71 83 95 106 117 126 134 139 134 127 117 106 96 83 71 62 52 43 29 16 8 4 2 -0.500686 -0.380207 -0.453084 -0.421493 -0.441169 -0.431684 -0.43714 -0.441616 -0.444804 -0.441354 -0.440626 -0.4412 -0.442916 -0.443255 -0.442351 -0.440797 -0.442353 -0.443254 -0.442915 -0.441201 -0.440627 -0.441352 -0.444804 -0.441614 -0.437144 -0.431677 -0.441175 -0.421489 -0.453088 -0.380204 -0.500688 
14.3 -13.648 1.00586 2 4 8 16 30 44 53 63 74 86 96 108 119 130 139 142 139 130 119 109 97 86 74 64 54 44 30 16 8 4 2 -0.50429 -0.377629 -0.455653 -0.419115 -0.440449 -0.430963 -0.437433 -0.441895 -0.444832 -0.440876 -0.440429 -0.441644 -0.443087 -0.442815 -0.442285 -0.441228 -0.442288 -0.442813 -0.443086 -0.441645 -0.44043 -0.440875 -0.444832 -0.441894 -0.437436 -0.430959 -0.440454 -0.419111 -0.455657 -0.377625 -0.504291 
14.4 -13.6481 1.01052 2 4 8 16 30 46 56 66 76 87 100 112 121 134 141 144 141 134 121 112 100 87 77 66 56 46 30 16 8 4 2 -0.508318 -0.374648 -0.458306 -0.416601 -0.439767 -0.430282 -0.437773 -0.442103 -0.444788 -0.440416 -0.440278 -0.442088 -0.443235 -0.442361 -0.442226 -0.441675 -0.442229 -0.44236 -0.443235 -0.442088 -0.440279 -0.440416 -0.444787 -0.442103 -0.437775 -0.430279 -0.43977 -0.416597 -0.45831 -0.374644 -0.50832 
14.5 -13.6481 1.01518 2 4 8 16 30 46 57 67 78 89 102 114 124 137 143 147 143 137 125 115 102 90 78 68 57 46 30 16 8 4 2 -0.51277 -0.371255 -0.461034 -0.413969 -0.439139 -0.429637 -0.438153 -0.44223 -0.444674 -0.439983 -0.440175 -0.44252 -0.443359 -0.441906 -0.442175 -0.442127 -0.442177 -0.441905 -0.443358 -0.44252 -0.440176 -0.439983 -0.444672 -0.442231 -0.438153 -0.429636 -0.439141 -0.413966 -0.461039 -0.37125 -0.512771 
14.6 -13.6481 1.01983 2 4 8 16 31 47 59 70 80 92 105 115 129 139 145 150 145 139 129 116 105 92 81 70 59 47 31 16 8 4 2 -0.517635 -0.367445 -0.46383 -0.411242 -0.438581 -0.429025 -0.438562 -0.442268 -0.444492 -0.439587 -0.440121 -0.442929 -0.443454 -0.441461 -0.442132 -0.442574 -0.442134 -0.44146 -0.443454 -0.442929 -0.440121 -0.439587 -0.44449 -0.44227 -0.43856 -0.429026 -0.438582 -0.411238 -0.463836 -0.367441 -0.517637 
14.7 -13.6481 1.02446 2 4 8 16 31 47 60 71 83 94 107 119 131 144 149 153 149 143 131 120 107 95 83 71 60 47 31 16 8 4 2 -0.522901 -0.363224 -0.466687 -0.408439 -0.438108 -0.42844 -0.43899 -0.44221 -0.444248 -0.439233 -0.440115 -0.443305 -0.44352 -0.441037 -0.442098 -0.443002 -0.4421 -0.441035 -0.443521 -0.443305 -0.440115 -0.439234 -0.444247 -0.442212 -0.438987 -0.428443 -0.438107 -0.408435 -0.466693 -0.363219 -0.522902 
14.8 -13.6481 1.02903 2 4 8 16 31 48 62 73 85 96 110 121 133 146 151 158 152 147 133 122 110 97 85 74 62 48 31 16 8 4 2 -0.528546 -0.358601 -0.469594 -0.405581 -0.437731 -0.427877 -0.439427 -0.442051 -0.44395 -0.438929 -0.440157 -0.44364 -0.443556 -0.440643 -0.442074 -0.443404 -0.442075 -0.440642 -0.443557 -0.44364 -0.440157 -0.43893 -0.443948 -0.442054 -0.439423 -0.427882 -0.43773 -0.405577 -0.469601 -0.358596 -0.528547 
14.9 -13.6481 1.03353 2 4 8 16 31 50 64 75 87 98 112 124 136 149 156 160 156 149 136 125 113 98 88 75 64 50 31 16 8 4 2 -0.534545 -0.353596 -0.472543 -0.40269 -0.437463 -0.427328 -0.439865 -0.441788 -0.443603 -0.438679 -0.440243 -0.443925 -0.443561 -0.44029 -0.44206 -0.443768 -0.44206 -0.440289 -0.443562 -0.443925 -0.440243 -0.43868 -0.443601 -0.441791 -0.43986 -0.427334 -0.437461 -0.402686 -0.472549 -0.353592 -0.534546 
15 -13.6481 1.03796 2 4 8 16 32 50 64 78 91 102 115 128 141 153 157 164 158 152 141 128 116 102 91 78 64 50 32 16 8 4 2 -0.540866 -0.348235 -0.475522 -0.399784 -0.437313 -0.426783 -0.440296 -0.441418 -0.443216 -0.438486 -0.44037 -0.444153 -0.443536 -0.439986 -0.442055 -0.444086 -0.442055 -0.439985 -0.443537 -0.444152 -0.44037 -0.438487 -0.443214 -0.441421 -0.44029 -0.42679 -0.437311 -0.39978 -0.475528 -0.348231 -0.540867 
15.1 -13.6481 1.04228 2 4 8 16 32 50 66 80 92 104 118 130 143 155 162 166 162 156 144 130 118 105 92 80 67 50 32 16 8 4 2 -0.547474 -0.342552 -0.47852 -0.396883 -0.437292 -0.426233 -0.440711 -0.440943 -0.442797 -0.43835 -0.440534 -0.444319 -0.443482 -0.439737 -0.44206 -0.44435 -0.44206 -0.439737 -0.443484 -0.444318 -0.440533 -0.438351 -0.442796 -0.440945 -0.440705 -0.426241 -0.437289 -0.396879 -0.478527 -0.342548 -0.547475 
15.2 -13.6481 1.04651 2 4 8 16 32 51 68 83 96 109 120 134 146 159 165 170 165 160 148 135 121 109 96 84 68 51 32 16 8 4 2 -0.554327 -0.336587 -0.481527 -0.394004 -0.437406 -0.425667 -0.441105 -0.440362 -0.442355 -0.438272 -0.44073 -0.444418 -0.443402 -0.439549 -0.442074 -0.444556 -0.442074 -0.439549 -0.443403 -0.444417 -0.440729 -0.438273 -0.442355 -0.440364 -0.441099 -0.425675 -0.437403 -0.393999 -0.481533 -0.336584 -0.554327 
15.3 -13.6481 1.05061 2 4 8 16 32 52 70 84 98 110 123 138 150 162 168 174 168 163 150 138 124 110 98 84 70 52 32 16 8 4 2 -0.561379 -0.33039 -0.484529 -0.391163 -0.437662 -0.425073 -0.441473 -0.43968 -0.4419 -0.438248 -0.440951 -0.444448 -0.443297 -0.439425 -0.442097 -0.444698 -0.442096 -0.439425 -0.443298 -0.444447 -0.44095 -0.438249 -0.4419 -0.439682 -0.441467 -0.425081 -0.437659 -0.391159 -0.484535 -0.330387 -0.561379 
15.4 -13.6481 1.0546 2 4 8 16 32 52 71 87 100 114 127 142 153 166 172 177 171 166 154 142 128 114 100 87 71 52 32 16 8 4 2 -0.568581 -0.324012 -0.487513 -0.388376 -0.438063 -0.424437 -0.441811 -0.438902 -0.44144 -0.438275 -0.441192 -0.444409 -0.443171 -0.439368 -0.442127 -0.444773 -0.442126 -0.439368 -0.443172 -0.444408 -0.441191 -0.438275 -0.441441 -0.438903 -0.441806 -0.424445 -0.438061 -0.388371 -0.487519 -0.324011 -0.568581 
15.5 -13.6481 1.05846 2 4 8 16 32 53 72 89 103 116 130 144 157 169 176 180 176 168 158 145 131 116 103 89 72 53 32 16 8 4 2 -0.57588 -0.317515 -0.490467 -0.385655 -0.438614 -0.423746 -0.442118 -0.438034 -0.440983 -0.438346 -0.441446 -0.4443 -0.443027 -0.439378 -0.442164 -0.44478 -0.442162 -0.439378 -0.443029 -0.444299 -0.441445 -0.438347 -0.440985 -0.438034 -0.442113 -0.423753 -0.438612 -0.38565 -0.490472 -0.317514 -0.575879 
15.6 -13.6481 1.0622 2 4 8 16 32 53 73 91 105 119 134 148 159 171 180 185 181 172 159 148 135 119 106 92 73 53 32 16 8 4 2 -0.583219 -0.310962 -0.493376 -0.383011 -0.439318 -0.422987 -0.442394 -0.437083 -0.440538 -0.438456 -0.441706 -0.444125 -0.44287 -0.439453 -0.442206 -0.44472 -0.442205 -0.439453 -0.442871 -0.444124 -0.441704 -0.438457 -0.44054 -0.437082 -0.44239 -0.422993 -0.439316 -0.383007 -0.493381 -0.310962 -0.583218 
15.7 -13.6481 1.06581 2 4 8 16 32 53 75 95 108 121 137 152 163 176 182 188 182 176 163 153 138 121 109 95 75 53 32 16 8 4 2 -0.590544 -0.304419 -0.496229 -0.380453 -0.440175 -0.422143 -0.44264 -0.436058 -0.440112 -0.438596 -0.441964 -0.443886 -0.442702 -0.43959 -0.442253 -0.444594 -0.442252 -0.439591 -0.442703 -0.443886 -0.441963 -0.438596 -0.440115 -0.436057 -0.442637 -0.422149 -0.440174 -0.380449 -0.496232 -0.30442 -0.590542 
15.8 -13.6481 1.0693 2 4 8 16 32 54 76 96 111 126 140 156 167 179 186 191 186 180 167 156 140 125 111 96 76 54 32 16 8 4 2 -0.597794 -0.297956 -0.499011 -0.377988 -0.441188 -0.421202 -0.442859 -0.434969 -0.439712 -0.438756 -0.442215 -0.44359 -0.442529 -0.439786 -0.442303 -0.444407 -0.442302 -0.439786 -0.44253 -0.443589 -0.442214 -0.438756 -0.439715 -0.434967 -0.442857 -0.421206 -0.441187 -0.377984 -0.499014 -0.297957 -0.597792 
