time energy SvN bondDim localEnergy 
0 -10.5126 0.0678953 2 4 5 5 5 5 5 5 5 5 5 5 5 5 5 5 5 5 5 5 5 5 5 5 5 5 5 5 5 4 2 -0.352082 -0.334105 -0.335916 -0.335837 -0.335905 -0.335992 -0.336125 -0.336327 -0.336635 -0.337102 -0.337808 -0.338865 -0.340439 -0.34273 -0.346225 -0.348461 -0.346225 -0.34273 -0.340439 -0.338865 -0.337808 -0.337102 -0.336635 -0.336327 -0.336125 -0.335992 -0.335905 -0.335837 -0.335916 -0.334105 -0.352082 
0.1 -10.5132 0.0679958 2 4 5 5 5 5 5 5 5 5 5 5 5 5 5 5 5 5 5 5 5 5 5 5 5 5 5 5 5 4 2 -0.352083 -0.334105 -0.335917 -0.335838 -0.335907 -0.335994 -0.336128 -0.336333 -0.336644 -0.337114 -0.337825 -0.338891 -0.340476 -0.342781 -0.346292 -0.348538 -0.346292 -0.342781 -0.340476 -0.338891 -0.337825 -0.337114 -0.336644 -0.336333 -0.336128 -0.335994 -0.335907 -0.335838 -0.335917 -0.334105 -0.352083 
0.2 -10.5153 0.0683823 2 4 5 5 5 5 5 5 5 5 5 5 5 5 5 5 5 5 5 5 5 5 5 5 5 5 5 5 5 4 2 -0.352084 -0.334107 -0.33592 -0.335842 -0.335913 -0.336003 -0.336142 -0.336353 -0.336674 -0.33716 -0.337893 -0.33899 -0.340616 -0.342973 -0.346548 -0.348829 -0.346548 -0.342973 -0.340616 -0.33899 -0.337893 -0.33716 -0.336674 -0.336353 -0.336142 -0.336003 -0.335913 -0.335842 -0.33592 -0.334107 -0.352084 
0.3 -10.5195 0.0691927 2 4 5 5 5 5 5 5 5 5 5 5 5 5 5 5 5 5 5 5 5 5 5 5 5 5 5 5 5 4 2 -0.352087 -0.334111 -0.335925 -0.335851 -0.335925 -0.336022 -0.33617 -0.336395 -0.336737 -0.337254 -0.338032 -0.339192 -0.340904 -0.343369 -0.347078 -0.349433 -0.347078 -0.343369 -0.340904 -0.339192 -0.338032 -0.337254 -0.336737 -0.336395 -0.33617 -0.336022 -0.335925 -0.335851 -0.335925 -0.334111 -0.352087 
0.4 -10.5262 0.070493 2 4 5 5 5 5 5 5 5 5 5 5 5 5 5 5 5 5 5 5 5 5 5 5 5 5 5 5 5 4 2 -0.352092 -0.334116 -0.335933 -0.335863 -0.335944 -0.33605 -0.336213 -0.33646 -0.336835 -0.3374 -0.338248 -0.339507 -0.341354 -0.343992 -0.347915 -0.350392 -0.347915 -0.343992 -0.341354 -0.339508 -0.338248 -0.3374 -0.336835 -0.33646 -0.336213 -0.33605 -0.335944 -0.335863 -0.335933 -0.334116 -0.352091 
0.5 -10.5351 0.0722685 2 4 5 5 5 5 5 5 5 5 5 5 5 5 5 5 5 5 5 5 5 5 5 5 5 5 5 5 5 4 2 -0.352097 -0.334123 -0.335944 -0.335879 -0.335968 -0.336086 -0.336268 -0.336544 -0.336961 -0.33759 -0.33853 -0.339921 -0.341947 -0.344819 -0.349042 -0.351692 -0.349042 -0.344819 -0.341947 -0.339921 -0.33853 -0.33759 -0.336961 -0.336544 -0.336268 -0.336086 -0.335968 -0.335879 -0.335944 -0.334123 -0.352097 
0.6 -10.5456 0.0744325 2 4 5 5 5 5 5 5 5 5 5 5 5 5 5 5 5 5 5 5 5 5 5 5 5 5 5 5 5 4 2 -0.352104 -0.33413 -0.335955 -0.335897 -0.335995 -0.336127 -0.336331 -0.336639 -0.337105 -0.337806 -0.338853 -0.340398 -0.342639 -0.345794 -0.350391 -0.353267 -0.350392 -0.345794 -0.342639 -0.340398 -0.338853 -0.337806 -0.337105 -0.336639 -0.336331 -0.336127 -0.335995 -0.335897 -0.335955 -0.33413 -0.352103 
0.7 -10.5568 0.0768484 2 4 5 5 5 5 5 5 5 5 5 5 5 5 5 5 5 5 5 5 5 5 5 5 5 5 5 5 5 4 2 -0.352112 -0.334137 -0.335967 -0.335914 -0.336022 -0.336169 -0.336394 -0.336735 -0.337251 -0.338028 -0.339187 -0.340895 -0.343368 -0.346837 -0.35187 -0.355015 -0.35187 -0.346837 -0.343368 -0.340895 -0.339187 -0.338028 -0.337251 -0.336735 -0.336394 -0.336169 -0.336022 -0.335914 -0.335967 -0.334137 -0.352111 
0.8 -10.5678 0.0793588 2 4 5 5 5 5 5 5 5 5 5 5 5 5 5 5 5 5 5 5 5 5 5 5 5 5 5 5 5 4 2 -0.352119 -0.334143 -0.335978 -0.33593 -0.336047 -0.336207 -0.336452 -0.336824 -0.337387 -0.338235 -0.3395 -0.341367 -0.344073 -0.347867 -0.353372 -0.356824 -0.353372 -0.347867 -0.344073 -0.341367 -0.3395 -0.338235 -0.337387 -0.336824 -0.336452 -0.336207 -0.336047 -0.33593 -0.335978 -0.334144 -0.352118 
0.9 -10.578 0.0818153 2 4 5 5 5 5 5 5 5 5 5 5 5 5 5 5 5 5 5 5 5 5 5 5 5 5 5 5 5 4 2 -0.352126 -0.334148 -0.335987 -0.335944 -0.336068 -0.336239 -0.336502 -0.3369 -0.337503 -0.338412 -0.339773 -0.341783 -0.344706 -0.348814 -0.354803 -0.358585 -0.354804 -0.348814 -0.344706 -0.341784 -0.339773 -0.338412 -0.337503 -0.3369 -0.336502 -0.336239 -0.336068 -0.335944 -0.335987 -0.334149 -0.352125 
1 -10.5869 0.0841028 2 4 5 5 5 5 5 5 5 5 5 5 5 5 5 5 5 5 5 5 5 5 5 5 5 5 5 5 5 4 2 -0.352132 -0.334152 -0.335994 -0.335955 -0.336084 -0.336265 -0.336541 -0.336961 -0.337597 -0.338557 -0.339996 -0.34213 -0.345244 -0.349639 -0.356097 -0.360218 -0.356097 -0.349639 -0.345244 -0.34213 -0.339996 -0.338557 -0.337597 -0.336961 -0.336541 -0.336265 -0.336084 -0.335955 -0.335994 -0.334152 -0.352131 
1.1 -10.5945 0.0861552 2 4 5 5 5 5 5 5 5 5 5 5 5 5 5 5 5 5 5 5 5 5 5 5 5 5 5 5 5 4 2 -0.352137 -0.334155 -0.335999 -0.335964 -0.336098 -0.336286 -0.336574 -0.337011 -0.337674 -0.338676 -0.34018 -0.342415 -0.34569 -0.350332 -0.357221 -0.361673 -0.357221 -0.350332 -0.34569 -0.342415 -0.34018 -0.338676 -0.337674 -0.337011 -0.336574 -0.336286 -0.336098 -0.335964 -0.335999 -0.334155 -0.352136 
1.2 -10.6011 0.0879619 2 4 5 5 5 5 5 5 5 5 5 5 5 5 5 5 5 5 5 5 5 5 5 5 5 5 5 5 5 4 2 -0.352141 -0.334159 -0.336005 -0.335972 -0.336112 -0.336306 -0.336605 -0.337058 -0.337746 -0.338785 -0.340345 -0.342666 -0.346074 -0.35092 -0.358183 -0.362942 -0.358183 -0.35092 -0.346074 -0.342666 -0.340345 -0.338785 -0.337746 -0.337058 -0.336605 -0.336306 -0.336112 -0.335972 -0.336005 -0.334159 -0.352141 
1.3 -10.6073 0.0895656 2 4 5 5 5 5 5 5 5 5 5 5 5 5 5 5 5 5 5 5 5 5 5 5 5 5 5 5 5 4 2 -0.352145 -0.334163 -0.336012 -0.335983 -0.336127 -0.33633 -0.336641 -0.337112 -0.337827 -0.338905 -0.340522 -0.342922 -0.346445 -0.351455 -0.359022 -0.364053 -0.359022 -0.351455 -0.346445 -0.342922 -0.340522 -0.338905 -0.337827 -0.337112 -0.336641 -0.33633 -0.336127 -0.335983 -0.336012 -0.334163 -0.352145 
1.4 -10.6137 0.0910525 2 4 5 5 5 5 5 5 5 5 5 5 5 5 5 5 5 5 5 5 5 5 5 5 5 5 5 5 5 4 2 -0.352149 -0.334169 -0.336021 -0.335997 -0.336148 -0.336362 -0.336688 -0.337183 -0.337932 -0.339058 -0.34074 -0.343226 -0.346859 -0.352004 -0.359805 -0.365061 -0.359805 -0.352004 -0.346859 -0.343226 -0.34074 -0.339058 -0.337932 -0.337183 -0.336688 -0.336362 -0.336148 -0.335997 -0.336021 -0.334169 -0.352149 
1.5 -10.6212 0.0925374 2 4 5 5 5 5 5 5 5 5 5 5 5 5 5 5 5 5 5 5 5 5 5 5 5 5 5 5 5 4 2 -0.352154 -0.334177 -0.336034 -0.336015 -0.336176 -0.336404 -0.336752 -0.337278 -0.338071 -0.33926 -0.341025 -0.343615 -0.347367 -0.352634 -0.360605 -0.366037 -0.360605 -0.352635 -0.347367 -0.343615 -0.341025 -0.33926 -0.338071 -0.337278 -0.336752 -0.336404 -0.336176 -0.336015 -0.336034 -0.334177 -0.352154 
1.6 -10.6301 0.0941459 2 4 5 5 5 5 5 5 5 5 5 5 5 5 5 5 5 5 5 5 5 5 5 5 5 5 5 5 5 4 2 -0.352161 -0.334188 -0.336049 -0.336039 -0.336212 -0.336458 -0.336832 -0.337398 -0.338249 -0.339518 -0.34139 -0.344111 -0.348007 -0.353405 -0.361499 -0.367057 -0.361499 -0.353405 -0.348008 -0.344111 -0.34139 -0.339518 -0.338249 -0.337398 -0.336832 -0.336458 -0.336212 -0.336039 -0.336049 -0.334188 -0.352161 
1.7 -10.6408 0.0959979 2 4 5 5 5 5 5 5 5 5 5 5 5 5 5 5 5 5 5 5 5 5 5 5 5 5 5 5 5 4 2 -0.35217 -0.3342 -0.336067 -0.336066 -0.336254 -0.336521 -0.336928 -0.337542 -0.338462 -0.339829 -0.341833 -0.344719 -0.348798 -0.354352 -0.362548 -0.368192 -0.362548 -0.354352 -0.348798 -0.344719 -0.341833 -0.339829 -0.338462 -0.337542 -0.336928 -0.336521 -0.336254 -0.336066 -0.336067 -0.3342 -0.352169 
1.8 -10.6532 0.0981913 2 4 5 5 5 5 5 5 5 5 5 5 5 5 5 5 5 5 5 5 5 5 5 5 5 5 5 5 5 4 2 -0.35218 -0.334212 -0.336087 -0.336097 -0.3363 -0.336592 -0.337035 -0.337702 -0.338701 -0.340182 -0.342342 -0.345428 -0.349734 -0.355489 -0.363794 -0.369496 -0.363794 -0.355489 -0.349734 -0.345428 -0.342342 -0.340182 -0.338701 -0.337702 -0.337035 -0.336592 -0.3363 -0.336097 -0.336087 -0.334213 -0.352179 
1.9 -10.6673 0.100792 2 4 5 5 5 5 5 5 5 5 5 5 5 5 5 5 5 5 5 5 5 5 5 5 5 5 5 5 5 4 2 -0.352192 -0.334225 -0.336108 -0.336128 -0.336348 -0.336665 -0.337146 -0.337871 -0.338955 -0.340559 -0.342893 -0.346211 -0.35079 -0.356805 -0.365256 -0.371006 -0.365256 -0.356805 -0.35079 -0.346211 -0.342893 -0.340559 -0.338955 -0.337871 -0.337146 -0.336665 -0.336348 -0.336128 -0.336108 -0.334225 -0.352192 
2 -10.6826 0.10383 2 4 5 5 5 5 5 5 5 5 5 5 5 5 5 5 5 5 5 5 5 5 5 5 5 5 5 5 5 4 2 -0.352206 -0.334237 -0.336128 -0.336159 -0.336396 -0.336738 -0.337257 -0.338039 -0.339209 -0.340941 -0.343462 -0.347034 -0.351929 -0.358269 -0.366927 -0.372732 -0.366927 -0.358269 -0.351929 -0.347034 -0.343462 -0.340942 -0.339209 -0.338039 -0.337257 -0.336738 -0.336396 -0.336159 -0.336128 -0.334238 -0.352205 
2.1 -10.6987 0.107295 2 4 5 5 5 5 5 5 5 5 5 5 5 5 5 5 5 5 5 5 5 5 5 5 5 5 5 5 5 4 2 -0.352221 -0.334249 -0.336148 -0.336189 -0.336441 -0.336807 -0.337362 -0.3382 -0.339456 -0.341315 -0.344024 -0.347863 -0.353108 -0.359835 -0.368783 -0.374669 -0.368783 -0.359835 -0.353108 -0.347863 -0.344024 -0.341315 -0.339456 -0.3382 -0.337362 -0.336807 -0.336441 -0.336189 -0.336148 -0.334249 -0.35222 
2.2 -10.7151 0.111148 2 4 5 5 5 5 5 5 5 5 5 5 5 5 5 5 5 5 5 5 5 5 5 5 5 5 5 5 5 4 2 -0.352235 -0.334259 -0.336166 -0.336217 -0.336484 -0.336872 -0.337463 -0.338354 -0.33969 -0.341673 -0.344565 -0.348675 -0.354288 -0.361453 -0.370783 -0.376792 -0.370783 -0.361453 -0.354288 -0.348675 -0.344566 -0.341673 -0.33969 -0.338354 -0.337463 -0.336872 -0.336484 -0.336217 -0.336166 -0.334259 -0.352234 
2.3 -10.7317 0.115325 2 4 5 5 5 5 5 5 5 5 5 5 5 5 5 5 5 5 5 5 5 5 5 5 5 5 5 5 5 4 2 -0.35225 -0.334269 -0.336184 -0.336244 -0.336525 -0.336936 -0.33756 -0.338502 -0.339915 -0.342014 -0.345083 -0.349454 -0.355439 -0.363078 -0.372879 -0.379062 -0.372879 -0.363078 -0.355439 -0.349454 -0.345083 -0.342014 -0.339915 -0.338502 -0.33756 -0.336936 -0.336525 -0.336244 -0.336184 -0.334269 -0.352249 
2.4 -10.7483 0.119748 2 4 5 5 5 5 5 5 5 5 5 5 5 5 5 5 5 5 5 5 5 5 5 5 5 5 5 5 5 4 2 -0.352263 -0.33428 -0.336203 -0.336272 -0.336568 -0.337001 -0.337658 -0.338651 -0.340139 -0.34235 -0.345585 -0.350203 -0.356548 -0.364672 -0.375021 -0.381437 -0.375022 -0.364672 -0.356548 -0.350204 -0.345585 -0.34235 -0.340139 -0.338651 -0.337658 -0.337001 -0.336568 -0.336272 -0.336203 -0.33428 -0.352263 
2.5 -10.7648 0.124336 2 4 5 5 5 5 5 5 5 5 5 5 5 5 5 5 5 5 5 5 5 5 5 5 5 5 5 5 5 4 2 -0.352277 -0.334292 -0.336223 -0.336303 -0.336615 -0.337072 -0.337765 -0.33881 -0.340375 -0.342697 -0.34609 -0.350936 -0.357615 -0.366211 -0.377164 -0.38387 -0.377164 -0.366211 -0.357616 -0.350936 -0.34609 -0.342697 -0.340375 -0.33881 -0.337765 -0.337072 -0.336615 -0.336303 -0.336223 -0.334292 -0.352277 
2.6 -10.7813 0.129012 2 4 5 5 5 5 5 5 5 5 5 5 5 5 5 5 5 5 5 5 5 5 5 5 5 5 5 5 5 4 2 -0.35229 -0.334307 -0.336247 -0.336338 -0.336669 -0.337153 -0.337886 -0.338989 -0.340636 -0.343072 -0.34662 -0.351678 -0.358657 -0.367687 -0.37927 -0.386317 -0.37927 -0.367687 -0.358657 -0.351678 -0.34662 -0.343072 -0.340636 -0.338989 -0.337886 -0.337153 -0.336669 -0.336338 -0.336247 -0.334307 -0.35229 
2.7 -10.7981 0.133712 2 4 5 5 5 5 5 5 5 5 5 5 5 5 5 5 5 5 5 5 5 5 5 5 5 5 5 5 5 4 2 -0.352304 -0.334325 -0.336274 -0.33638 -0.336731 -0.337247 -0.338026 -0.339195 -0.340934 -0.343494 -0.3472 -0.352457 -0.359699 -0.369108 -0.381312 -0.388739 -0.381312 -0.369108 -0.359699 -0.352457 -0.3472 -0.343494 -0.340935 -0.339195 -0.338026 -0.337247 -0.336731 -0.33638 -0.336274 -0.334325 -0.352304 
2.8 -10.8153 0.138386 2 4 5 5 5 5 5 5 5 5 5 5 5 5 5 5 5 5 5 5 5 5 5 5 5 5 5 5 5 4 2 -0.35232 -0.334345 -0.336306 -0.336428 -0.336804 -0.337355 -0.338187 -0.339432 -0.341277 -0.343974 -0.347851 -0.353302 -0.360774 -0.370491 -0.383275 -0.391106 -0.383275 -0.370491 -0.360774 -0.353302 -0.347851 -0.343974 -0.341277 -0.339432 -0.338187 -0.337355 -0.336804 -0.336428 -0.336306 -0.334345 -0.35232 
2.9 -10.8332 0.143002 2 4 5 5 5 5 5 5 5 5 5 5 5 5 5 5 5 5 5 5 5 5 5 5 5 5 5 5 5 4 2 -0.352337 -0.334369 -0.336342 -0.336482 -0.336885 -0.337477 -0.33837 -0.339701 -0.341665 -0.34452 -0.348584 -0.354237 -0.361913 -0.371864 -0.385154 -0.393395 -0.385154 -0.371864 -0.361913 -0.354237 -0.348584 -0.34452 -0.341665 -0.339701 -0.33837 -0.337477 -0.336885 -0.336482 -0.336342 -0.334369 -0.352337 
3 -10.8518 0.147549 2 4 5 5 5 5 5 5 5 5 5 5 5 5 5 5 5 5 5 5 5 5 5 5 5 5 5 5 5 4 2 -0.352357 -0.334394 -0.33638 -0.33654 -0.336974 -0.337611 -0.33857 -0.339997 -0.342096 -0.345127 -0.349404 -0.355275 -0.363143 -0.373258 -0.386954 -0.395591 -0.386954 -0.373258 -0.363143 -0.355275 -0.349404 -0.345127 -0.342096 -0.339997 -0.33857 -0.337611 -0.336974 -0.33654 -0.33638 -0.334394 -0.352356 
3.1 -10.8711 0.152029 2 4 5 5 5 5 5 5 5 5 5 5 5 5 5 5 5 5 5 5 5 5 5 5 5 5 5 5 5 4 2 -0.352379 -0.334419 -0.336421 -0.336602 -0.337068 -0.337753 -0.338784 -0.340315 -0.34256 -0.345788 -0.350305 -0.356422 -0.364484 -0.374701 -0.38869 -0.397689 -0.38869 -0.374701 -0.364484 -0.356422 -0.350305 -0.345788 -0.34256 -0.340315 -0.338784 -0.337753 -0.337068 -0.336602 -0.336421 -0.334419 -0.352379 
3.2 -10.8911 0.15646 2 4 5 5 5 5 5 5 5 5 5 5 5 5 5 5 5 5 5 5 5 5 5 5 5 5 5 5 5 4 2 -0.352405 -0.334445 -0.336463 -0.336666 -0.337165 -0.3379 -0.339005 -0.340646 -0.343049 -0.346491 -0.351274 -0.357669 -0.365944 -0.376221 -0.390377 -0.399688 -0.390377 -0.376221 -0.365944 -0.357669 -0.351274 -0.346491 -0.343049 -0.340646 -0.339005 -0.3379 -0.337165 -0.336666 -0.336463 -0.334445 -0.352404 
3.3 -10.9119 0.160872 2 4 5 5 5 5 5 5 5 5 5 5 5 5 5 5 5 5 5 5 5 5 5 5 5 5 5 5 5 4 2 -0.352433 -0.334471 -0.336505 -0.33673 -0.337263 -0.33805 -0.339231 -0.340985 -0.343551 -0.347221 -0.352295 -0.359004 -0.367523 -0.377837 -0.392037 -0.401595 -0.392037 -0.377837 -0.367523 -0.359004 -0.352295 -0.347221 -0.343551 -0.340985 -0.339231 -0.33805 -0.337263 -0.33673 -0.336505 -0.334471 -0.352432 
3.4 -10.9332 0.165301 2 4 5 5 5 5 5 5 5 5 5 5 5 5 5 5 5 5 5 5 5 5 5 5 5 5 5 5 5 4 2 -0.352463 -0.334496 -0.336548 -0.336796 -0.337363 -0.338201 -0.339459 -0.341329 -0.344062 -0.347967 -0.35335 -0.360406 -0.369208 -0.379559 -0.393688 -0.403419 -0.393688 -0.379559 -0.369208 -0.360407 -0.35335 -0.347967 -0.344062 -0.341329 -0.339459 -0.338201 -0.337363 -0.336796 -0.336548 -0.334496 -0.352462 
3.5 -10.9551 0.169787 2 4 5 5 5 5 5 5 5 5 5 5 5 5 5 5 5 5 5 5 5 5 5 5 5 5 5 5 5 4 2 -0.352495 -0.334522 -0.336592 -0.336863 -0.337464 -0.338355 -0.339692 -0.341677 -0.344579 -0.348722 -0.354425 -0.361856 -0.370982 -0.38139 -0.39535 -0.405171 -0.39535 -0.38139 -0.370982 -0.361856 -0.354425 -0.348722 -0.344579 -0.341677 -0.339692 -0.338355 -0.337464 -0.336863 -0.336592 -0.334522 -0.352494 
3.6 -10.9775 0.174372 2 4 5 5 5 5 5 5 5 5 5 5 5 5 5 5 5 5 5 5 5 5 5 5 5 5 5 5 5 4 2 -0.352529 -0.33455 -0.336639 -0.336933 -0.337571 -0.338515 -0.339932 -0.342034 -0.345105 -0.349485 -0.355511 -0.363333 -0.372823 -0.383325 -0.397036 -0.406864 -0.397036 -0.383325 -0.372823 -0.363333 -0.355511 -0.349485 -0.345105 -0.342034 -0.339932 -0.338515 -0.337571 -0.336933 -0.336639 -0.33455 -0.352528 
3.7 -11.0004 0.179095 2 4 5 5 5 5 5 5 5 5 5 5 5 5 5 5 5 5 5 5 5 5 5 5 5 5 5 5 5 4 2 -0.352563 -0.33458 -0.33669 -0.337008 -0.337685 -0.338686 -0.340186 -0.342408 -0.345647 -0.350262 -0.356604 -0.364822 -0.374708 -0.385349 -0.398758 -0.40851 -0.398758 -0.385349 -0.374708 -0.364822 -0.356604 -0.350262 -0.345647 -0.342408 -0.340186 -0.338686 -0.337685 -0.337008 -0.33669 -0.33458 -0.352562 
3.8 -11.0239 0.183987 2 4 5 5 5 5 5 5 5 5 5 5 5 5 5 5 5 5 5 5 5 5 5 5 5 5 5 5 5 4 2 -0.352597 -0.334614 -0.336745 -0.337091 -0.337809 -0.338872 -0.34046 -0.342806 -0.346217 -0.351062 -0.357709 -0.366314 -0.376612 -0.387445 -0.400522 -0.410122 -0.400522 -0.387445 -0.376612 -0.366314 -0.357709 -0.351062 -0.346217 -0.342806 -0.34046 -0.338872 -0.337809 -0.337091 -0.336745 -0.334614 -0.352597 
3.9 -11.0479 0.189075 2 4 5 5 5 5 5 5 5 5 5 5 5 5 5 5 5 5 5 5 5 5 5 5 5 5 5 5 5 4 2 -0.352633 -0.334652 -0.336806 -0.337182 -0.337946 -0.339076 -0.34076 -0.343238 -0.346826 -0.351898 -0.358835 -0.367805 -0.378516 -0.389591 -0.402328 -0.411708 -0.402328 -0.389591 -0.378516 -0.367805 -0.358835 -0.351899 -0.346826 -0.343238 -0.34076 -0.339076 -0.337947 -0.337182 -0.336806 -0.334652 -0.352633 
4 -11.0725 0.194375 2 4 5 5 5 5 5 5 5 5 5 5 5 5 5 5 5 5 5 5 5 5 5 5 5 5 5 5 5 4 2 -0.352671 -0.334695 -0.336874 -0.337284 -0.338098 -0.339301 -0.341089 -0.34371 -0.347483 -0.352784 -0.359994 -0.369299 -0.380406 -0.391762 -0.404173 -0.413277 -0.404173 -0.391762 -0.380406 -0.369299 -0.359994 -0.352784 -0.347483 -0.34371 -0.341089 -0.339301 -0.338098 -0.337284 -0.336874 -0.334695 -0.352671 
4.1 -11.0978 0.199896 2 4 5 5 5 5 5 5 5 5 5 5 5 5 6 6 6 5 5 5 5 5 5 5 5 5 5 5 5 4 2 -0.352711 -0.334742 -0.336948 -0.337395 -0.338265 -0.339548 -0.34145 -0.344225 -0.348196 -0.353731 -0.361201 -0.370803 -0.38227 -0.393935 -0.40605 -0.414835 -0.40605 -0.393935 -0.38227 -0.370803 -0.361201 -0.353731 -0.348196 -0.344225 -0.34145 -0.339548 -0.338265 -0.337395 -0.336948 -0.334742 -0.352711 
4.2 -11.1236 0.205636 2 4 5 5 5 5 5 5 5 5 5 5 5 5 6 6 6 5 5 5 5 5 5 5 5 5 5 5 5 4 2 -0.352754 -0.334793 -0.337027 -0.337515 -0.338445 -0.339815 -0.341841 -0.344784 -0.348968 -0.354748 -0.362469 -0.372327 -0.384104 -0.396088 -0.407948 -0.416384 -0.407948 -0.396088 -0.384104 -0.372327 -0.362469 -0.354748 -0.348968 -0.344784 -0.341841 -0.339815 -0.338445 -0.337515 -0.337027 -0.334793 -0.352754 
4.3 -11.1501 0.211586 2 4 5 5 5 5 5 5 5 5 5 5 5 6 6 6 6 6 5 5 5 5 5 5 5 5 5 5 5 4 2 -0.352801 -0.334847 -0.337111 -0.337642 -0.338636 -0.340101 -0.34226 -0.345385 -0.349799 -0.355838 -0.363808 -0.373884 -0.385907 -0.398201 -0.409855 -0.417925 -0.409855 -0.398201 -0.385907 -0.373884 -0.363808 -0.355838 -0.349799 -0.345385 -0.34226 -0.340101 -0.338636 -0.337642 -0.337111 -0.334847 -0.352801 
4.4 -11.177 0.217728 2 4 5 5 5 5 5 5 5 5 5 5 5 6 7 7 7 6 5 5 5 5 5 5 5 5 5 5 5 4 2 -0.352853 -0.334902 -0.3372 -0.337777 -0.338838 -0.340402 -0.342703 -0.346022 -0.350683 -0.357001 -0.365224 -0.375485 -0.387683 -0.400258 -0.411757 -0.419456 -0.411757 -0.400258 -0.387683 -0.375485 -0.365225 -0.357001 -0.350683 -0.346022 -0.342703 -0.340402 -0.338838 -0.337777 -0.3372 -0.334902 -0.352853 
4.5 -11.2044 0.224039 2 4 5 5 5 5 5 5 5 5 5 5 5 6 7 7 7 6 5 5 5 5 5 5 5 5 5 5 5 4 2 -0.352911 -0.33496 -0.337293 -0.337917 -0.339049 -0.340717 -0.343166 -0.346691 -0.351616 -0.358232 -0.36672 -0.377139 -0.389438 -0.402246 -0.413638 -0.420975 -0.413638 -0.402246 -0.389438 -0.377139 -0.36672 -0.358232 -0.351616 -0.346691 -0.343166 -0.340717 -0.339049 -0.337917 -0.337293 -0.33496 -0.35291 
4.6 -11.2322 0.230491 2 4 5 5 5 5 5 5 5 5 5 5 5 6 7 7 7 6 5 5 5 5 5 5 5 5 5 5 5 4 2 -0.352973 -0.335019 -0.337389 -0.338062 -0.339269 -0.341044 -0.343648 -0.347387 -0.352589 -0.359523 -0.368292 -0.378854 -0.39118 -0.404158 -0.415486 -0.422476 -0.415486 -0.404158 -0.39118 -0.378854 -0.368292 -0.359523 -0.352589 -0.347387 -0.343649 -0.341044 -0.339269 -0.338062 -0.337389 -0.335019 -0.352972 
4.7 -11.2603 0.23705 2 4 5 5 5 5 5 5 5 5 5 5 5 7 7 7 7 7 5 5 5 5 5 5 5 5 5 5 5 4 2 -0.353041 -0.33508 -0.337491 -0.338214 -0.339497 -0.341384 -0.344149 -0.348108 -0.353598 -0.360865 -0.369933 -0.380631 -0.392919 -0.405988 -0.417285 -0.423953 -0.417285 -0.405988 -0.392919 -0.380631 -0.369933 -0.360865 -0.353598 -0.348108 -0.344149 -0.341384 -0.339497 -0.338214 -0.337491 -0.335081 -0.35304 
4.8 -11.2887 0.243685 2 4 5 5 5 5 5 5 5 5 5 5 5 7 7 8 7 7 5 5 5 5 5 5 5 5 5 5 5 4 2 -0.353113 -0.335145 -0.337599 -0.338375 -0.339738 -0.34174 -0.344669 -0.348853 -0.354637 -0.362249 -0.371634 -0.38247 -0.394661 -0.407737 -0.419023 -0.425399 -0.419023 -0.407737 -0.394661 -0.38247 -0.371634 -0.362249 -0.354637 -0.348853 -0.344669 -0.34174 -0.339738 -0.338375 -0.337599 -0.335146 -0.353112 
4.9 -11.3173 0.250359 2 4 5 5 5 5 5 5 5 5 5 5 6 7 8 8 8 7 6 5 5 5 5 5 5 5 5 5 5 4 2 -0.35319 -0.335215 -0.337714 -0.338546 -0.339992 -0.342116 -0.345213 -0.349626 -0.355705 -0.363667 -0.373382 -0.384365 -0.396413 -0.409405 -0.42069 -0.426806 -0.42069 -0.409405 -0.396413 -0.384365 -0.373382 -0.363667 -0.355705 -0.349626 -0.345213 -0.342116 -0.339992 -0.338546 -0.337714 -0.335215 -0.353189 
5 -11.3461 0.25704 2 4 5 5 5 5 5 5 5 5 5 5 6 7 8 8 8 7 6 5 5 5 5 5 5 5 5 5 5 4 2 -0.35327 -0.335291 -0.337838 -0.338729 -0.340265 -0.342514 -0.345786 -0.350431 -0.356805 -0.365114 -0.375167 -0.386308 -0.39818 -0.410997 -0.422278 -0.428165 -0.422278 -0.410997 -0.39818 -0.386308 -0.375167 -0.365114 -0.356805 -0.350431 -0.345786 -0.342514 -0.340265 -0.338729 -0.337838 -0.335291 -0.353269 
5.1 -11.3752 0.263696 2 4 5 5 5 5 5 5 5 5 5 5 6 7 8 8 8 7 6 5 5 5 5 5 5 5 5 5 5 4 2 -0.353354 -0.335374 -0.337972 -0.338928 -0.340559 -0.342941 -0.346394 -0.351274 -0.357939 -0.366587 -0.376976 -0.388287 -0.399964 -0.412519 -0.423779 -0.429468 -0.423779 -0.412519 -0.399964 -0.388287 -0.376976 -0.366587 -0.357939 -0.351274 -0.346394 -0.342941 -0.340559 -0.338928 -0.337972 -0.335374 -0.353353 
5.2 -11.4045 0.270297 2 4 5 5 5 5 5 5 5 5 5 5 6 7 8 8 8 7 6 5 5 5 5 5 5 5 5 5 5 4 2 -0.353442 -0.335465 -0.338117 -0.339143 -0.340875 -0.3434 -0.347042 -0.352163 -0.359114 -0.368086 -0.378799 -0.390292 -0.401765 -0.413979 -0.425191 -0.430708 -0.425191 -0.413979 -0.401765 -0.390292 -0.378799 -0.368086 -0.359115 -0.352163 -0.347042 -0.3434 -0.340875 -0.339143 -0.338117 -0.335465 -0.353442 
5.3 -11.434 0.276818 2 4 5 5 5 5 5 5 5 5 5 5 7 8 8 8 8 8 7 5 5 5 5 5 5 5 5 5 5 4 2 -0.353535 -0.335564 -0.338273 -0.339375 -0.341217 -0.343893 -0.347735 -0.353103 -0.360337 -0.369614 -0.38063 -0.392307 -0.403581 -0.415385 -0.42651 -0.431878 -0.42651 -0.415385 -0.403581 -0.392307 -0.38063 -0.369614 -0.360337 -0.353103 -0.347735 -0.343893 -0.341217 -0.339375 -0.338273 -0.335564 -0.353535 
5.4 -11.4638 0.283237 2 4 5 5 5 5 5 5 5 5 5 6 7 8 8 8 8 8 7 6 5 5 5 5 5 5 5 5 5 4 2 -0.353634 -0.33567 -0.33844 -0.339623 -0.341583 -0.344421 -0.348475 -0.354099 -0.361613 -0.371173 -0.382462 -0.394319 -0.405406 -0.416744 -0.427737 -0.432971 -0.427737 -0.416744 -0.405406 -0.394319 -0.382462 -0.371173 -0.361613 -0.354099 -0.348475 -0.344421 -0.341583 -0.339623 -0.33844 -0.33567 -0.353634 
5.5 -11.4938 0.289535 2 4 5 5 5 5 5 5 5 5 5 6 7 8 8 8 8 8 7 6 5 5 5 5 5 5 5 5 5 4 2 -0.353739 -0.335783 -0.338619 -0.339889 -0.341973 -0.344983 -0.349262 -0.355153 -0.362948 -0.372768 -0.384291 -0.396315 -0.407234 -0.418063 -0.428874 -0.433981 -0.428874 -0.418063 -0.407234 -0.396315 -0.384291 -0.372768 -0.362948 -0.355153 -0.349262 -0.344984 -0.341973 -0.339889 -0.338619 -0.335783 -0.353739 
5.6 -11.524 0.2957 2 4 5 5 5 5 5 5 5 5 5 6 7 8 8 8 8 8 7 6 5 5 5 5 5 5 5 5 5 4 2 -0.353853 -0.335903 -0.338808 -0.34017 -0.342387 -0.34558 -0.350095 -0.356265 -0.364344 -0.374404 -0.386116 -0.398285 -0.409057 -0.41935 -0.429924 -0.434907 -0.429924 -0.41935 -0.409057 -0.398285 -0.386116 -0.374404 -0.364344 -0.356265 -0.350095 -0.34558 -0.342387 -0.34017 -0.338808 -0.335903 -0.353853 
5.7 -11.5544 0.301724 2 4 5 5 5 5 5 5 5 5 5 6 8 8 8 8 8 8 8 6 5 5 5 5 5 5 5 5 5 4 2 -0.353976 -0.336028 -0.339007 -0.340466 -0.342823 -0.346208 -0.350973 -0.357435 -0.365803 -0.376083 -0.387937 -0.400217 -0.410864 -0.420609 -0.430891 -0.435743 -0.430891 -0.420609 -0.410864 -0.400217 -0.387937 -0.376083 -0.365803 -0.357435 -0.350973 -0.346208 -0.342823 -0.340466 -0.339007 -0.336028 -0.353975 
5.8 -11.5849 0.307601 2 4 5 5 5 5 5 5 5 5 5 7 8 8 8 8 8 8 8 7 5 5 5 5 5 5 5 5 5 4 2 -0.354108 -0.33616 -0.339218 -0.340778 -0.343281 -0.346867 -0.351892 -0.358659 -0.367322 -0.377807 -0.389755 -0.402103 -0.412648 -0.421845 -0.43178 -0.436491 -0.43178 -0.421845 -0.412648 -0.402104 -0.389755 -0.377807 -0.367322 -0.358659 -0.351892 -0.346867 -0.343281 -0.340778 -0.339218 -0.33616 -0.354108 
5.9 -11.6156 0.313331 2 4 5 5 5 5 5 5 5 5 5 7 8 8 8 8 8 8 8 7 5 5 5 5 5 5 5 5 5 4 2 -0.354252 -0.336298 -0.33944 -0.341107 -0.343762 -0.347556 -0.35285 -0.359932 -0.368898 -0.379577 -0.391571 -0.403938 -0.414397 -0.42306 -0.432598 -0.43715 -0.432598 -0.42306 -0.414397 -0.403938 -0.391571 -0.379577 -0.368898 -0.359932 -0.35285 -0.347556 -0.343762 -0.341107 -0.33944 -0.336298 -0.354251 
6 -11.6464 0.318919 2 4 5 5 5 5 5 5 5 5 5 7 8 8 8 9 8 8 8 7 5 5 5 5 5 5 5 5 5 4 2 -0.354406 -0.336444 -0.339676 -0.341453 -0.344266 -0.348276 -0.353847 -0.361252 -0.370527 -0.381391 -0.393387 -0.405717 -0.416102 -0.424255 -0.43335 -0.437723 -0.43335 -0.424255 -0.416102 -0.405717 -0.393387 -0.381391 -0.370527 -0.361252 -0.353847 -0.348276 -0.344267 -0.341453 -0.339676 -0.336444 -0.354405 
6.1 -11.6773 0.324372 2 4 5 5 5 5 5 5 5 5 6 7 8 8 9 9 9 8 8 7 6 5 5 5 5 5 5 5 5 4 2 -0.354571 -0.336599 -0.339927 -0.341819 -0.344798 -0.34903 -0.354883 -0.362614 -0.372201 -0.383245 -0.395203 -0.407437 -0.417755 -0.425431 -0.434043 -0.438214 -0.434043 -0.425431 -0.417755 -0.407437 -0.395203 -0.383245 -0.372201 -0.362614 -0.354883 -0.34903 -0.344798 -0.341819 -0.339927 -0.3366 -0.35457 
6.2 -11.7083 0.3297 2 4 5 5 5 5 5 5 5 5 6 7 8 8 9 9 9 8 8 7 6 5 5 5 5 5 5 5 5 4 2 -0.354747 -0.336766 -0.340194 -0.342208 -0.34536 -0.34982 -0.355958 -0.364015 -0.373915 -0.385133 -0.397021 -0.409097 -0.419349 -0.426585 -0.434684 -0.438626 -0.434684 -0.426585 -0.419349 -0.409097 -0.397021 -0.385133 -0.373915 -0.364015 -0.355958 -0.34982 -0.34536 -0.342208 -0.340194 -0.336766 -0.354746 
6.3 -11.7394 0.334917 2 4 5 5 5 5 5 5 5 5 6 8 8 8 9 9 9 8 8 8 6 5 5 5 5 5 5 5 5 4 2 -0.354933 -0.336945 -0.34048 -0.342623 -0.345955 -0.350649 -0.357075 -0.365455 -0.375661 -0.387048 -0.398838 -0.410698 -0.420876 -0.427714 -0.435277 -0.438967 -0.435277 -0.427714 -0.420876 -0.410698 -0.398838 -0.387048 -0.375661 -0.365455 -0.357075 -0.350649 -0.345955 -0.342623 -0.34048 -0.336945 -0.354933 
6.4 -11.7706 0.340038 2 4 5 5 5 5 5 5 5 5 7 8 8 9 9 10 9 9 8 8 7 5 5 5 5 5 5 5 5 4 2 -0.355131 -0.337138 -0.340786 -0.343066 -0.346586 -0.351522 -0.358237 -0.366932 -0.377434 -0.388983 -0.400654 -0.412241 -0.422332 -0.428816 -0.435828 -0.439244 -0.435828 -0.428816 -0.422332 -0.412241 -0.400654 -0.388983 -0.377434 -0.366932 -0.358237 -0.351522 -0.346586 -0.343066 -0.340786 -0.337138 -0.35513 
6.5 -11.8019 0.34508 2 4 5 5 5 5 5 5 5 5 7 8 8 9 10 10 10 9 8 8 7 5 5 5 5 5 5 5 5 4 2 -0.35534 -0.337345 -0.341113 -0.343538 -0.347256 -0.352442 -0.359448 -0.368448 -0.379227 -0.390928 -0.402466 -0.413728 -0.423714 -0.429885 -0.436342 -0.439465 -0.436342 -0.429885 -0.423714 -0.413728 -0.402466 -0.390929 -0.379227 -0.368448 -0.359448 -0.352442 -0.347256 -0.343538 -0.341113 -0.337345 -0.35534 
6.6 -11.8333 0.35006 2 4 5 5 5 5 5 5 5 5 7 8 8 9 10 10 10 9 8 8 7 5 5 5 5 5 5 5 5 4 2 -0.355562 -0.337567 -0.341462 -0.34404 -0.347967 -0.353412 -0.360709 -0.370003 -0.381037 -0.392876 -0.404269 -0.415163 -0.425018 -0.430918 -0.436824 -0.439639 -0.436824 -0.430918 -0.425018 -0.415163 -0.404269 -0.392876 -0.381037 -0.370003 -0.360709 -0.353412 -0.347967 -0.34404 -0.341462 -0.337567 -0.355562 
6.7 -11.8648 0.354997 2 4 5 5 5 5 5 5 5 6 7 8 8 9 10 10 10 9 8 8 7 6 5 5 5 5 5 5 5 4 2 -0.355798 -0.337803 -0.341833 -0.344574 -0.34872 -0.354432 -0.362025 -0.371599 -0.38286 -0.394816 -0.40606 -0.416548 -0.426244 -0.43191 -0.437276 -0.439775 -0.437276 -0.43191 -0.426244 -0.416547 -0.40606 -0.394816 -0.38286 -0.371599 -0.362025 -0.354432 -0.34872 -0.344574 -0.341833 -0.337803 -0.355798 
6.8 -11.8963 0.359909 2 4 5 5 5 5 5 5 5 6 7 8 9 10 10 10 10 10 9 8 7 6 5 5 5 5 5 5 5 4 2 -0.356049 -0.338054 -0.342226 -0.34514 -0.349515 -0.355505 -0.363395 -0.373237 -0.384693 -0.39674 -0.407831 -0.417886 -0.427391 -0.432855 -0.437702 -0.439882 -0.437702 -0.432855 -0.427391 -0.417886 -0.407832 -0.39674 -0.384693 -0.373237 -0.363395 -0.355505 -0.349515 -0.34514 -0.342226 -0.338054 -0.356049 
6.9 -11.9279 0.364813 2 4 5 5 5 5 5 5 5 6 8 8 9 10 10 10 10 10 9 8 8 6 5 5 5 5 5 5 5 4 2 -0.356317 -0.338319 -0.342641 -0.345736 -0.350351 -0.356629 -0.36482 -0.374917 -0.386533 -0.398642 -0.409579 -0.419182 -0.428463 -0.43375 -0.438103 -0.439969 -0.438103 -0.43375 -0.428463 -0.419182 -0.409579 -0.398642 -0.386533 -0.374917 -0.36482 -0.356629 -0.350351 -0.345736 -0.342642 -0.338319 -0.356317 
7 -11.9596 0.369723 2 4 5 5 5 5 5 5 5 6 8 8 9 10 10 10 10 10 9 8 8 6 5 5 5 5 5 5 5 4 2 -0.356604 -0.338599 -0.343081 -0.346364 -0.351229 -0.357803 -0.366299 -0.376638 -0.38838 -0.400513 -0.411297 -0.420438 -0.429459 -0.43459 -0.438482 -0.440045 -0.438482 -0.43459 -0.429459 -0.420438 -0.411297 -0.400513 -0.38838 -0.376638 -0.366299 -0.357803 -0.351229 -0.346364 -0.343081 -0.338599 -0.356604 
7.1 -11.9913 0.374655 2 4 5 5 5 5 5 5 5 7 8 8 9 10 10 10 10 10 9 8 8 7 5 5 5 5 5 5 5 4 2 -0.356911 -0.338895 -0.343545 -0.347025 -0.352148 -0.359026 -0.367829 -0.378399 -0.390231 -0.402349 -0.412977 -0.421657 -0.430385 -0.435373 -0.43884 -0.440118 -0.43884 -0.435373 -0.430385 -0.421657 -0.412977 -0.402349 -0.390231 -0.378399 -0.367829 -0.359026 -0.352148 -0.347025 -0.343545 -0.338895 -0.356911 
7.2 -12.023 0.379619 2 4 5 5 5 5 5 5 5 7 8 8 10 10 10 10 10 10 10 8 8 7 5 5 5 5 5 5 5 4 2 -0.35724 -0.339207 -0.344035 -0.347719 -0.353108 -0.360297 -0.369408 -0.380197 -0.392085 -0.404143 -0.414616 -0.42284 -0.431242 -0.436097 -0.439178 -0.440195 -0.439178 -0.436097 -0.431242 -0.42284 -0.414616 -0.404143 -0.392085 -0.380197 -0.369408 -0.360297 -0.353108 -0.347719 -0.344035 -0.339207 -0.35724 
7.3 -12.0548 0.384626 2 4 5 5 5 5 5 5 6 7 8 9 10 10 10 10 10 10 10 9 8 7 6 5 5 5 5 5 5 4 2 -0.357592 -0.339537 -0.344553 -0.348448 -0.35411 -0.361613 -0.371032 -0.382029 -0.39394 -0.405893 -0.416207 -0.42399 -0.432036 -0.436759 -0.439497 -0.440281 -0.439497 -0.436759 -0.432036 -0.42399 -0.416207 -0.405893 -0.39394 -0.382029 -0.371032 -0.361613 -0.35411 -0.348448 -0.344553 -0.339538 -0.357591 
7.4 -12.0865 0.38968 2 4 5 5 5 5 5 5 6 7 8 9 10 10 10 10 10 10 10 9 8 7 6 5 5 5 5 5 5 4 2 -0.357968 -0.339888 -0.345101 -0.349214 -0.355155 -0.362974 -0.372696 -0.38389 -0.395793 -0.407595 -0.417746 -0.425107 -0.432771 -0.437358 -0.439798 -0.440383 -0.439798 -0.437358 -0.432771 -0.425107 -0.417746 -0.407595 -0.395793 -0.38389 -0.372696 -0.362974 -0.355155 -0.349214 -0.345101 -0.339888 -0.357967 
7.5 -12.1182 0.394786 2 4 5 5 5 5 5 5 6 7 8 9 10 10 10 10 10 10 10 9 8 7 6 5 5 5 5 5 5 4 2 -0.358369 -0.340261 -0.345682 -0.35002 -0.356245 -0.364379 -0.374397 -0.385774 -0.397643 -0.409247 -0.419228 -0.426192 -0.433451 -0.437896 -0.440081 -0.440502 -0.440081 -0.437896 -0.433451 -0.426192 -0.419228 -0.409247 -0.397643 -0.385774 -0.374397 -0.364379 -0.356245 -0.35002 -0.345682 -0.340261 -0.358368 
7.6 -12.15 0.399944 2 4 5 5 5 5 5 5 6 8 8 9 10 10 10 10 10 10 10 9 8 8 6 5 5 5 5 5 5 4 2 -0.358796 -0.340657 -0.346297 -0.350869 -0.357382 -0.365827 -0.376131 -0.387675 -0.399485 -0.410848 -0.420649 -0.427245 -0.434081 -0.438374 -0.440346 -0.440642 -0.440346 -0.438374 -0.434081 -0.427245 -0.420649 -0.410848 -0.399485 -0.387675 -0.376131 -0.365827 -0.357382 -0.350869 -0.346297 -0.340657 -0.358795 
7.7 -12.1817 0.405153 2 4 5 5 5 5 5 5 7 8 8 10 10 10 10 10 10 10 10 10 8 8 7 5 5 5 5 5 5 4 2 -0.35925 -0.341078 -0.346948 -0.351762 -0.358568 -0.367319 -0.377892 -0.389586 -0.401315 -0.412398 -0.422007 -0.428265 -0.434665 -0.438793 -0.440594 -0.440804 -0.440594 -0.438793 -0.434665 -0.428265 -0.422007 -0.412398 -0.401315 -0.389586 -0.377893 -0.36732 -0.358568 -0.351762 -0.346948 -0.341079 -0.359249 
7.8 -12.2134 0.410408 2 4 5 5 5 5 5 5 7 8 8 10 10 10 10 10 10 10 10 10 8 8 7 5 5 5 5 5 5 4 2 -0.359732 -0.341526 -0.347637 -0.3527 -0.359804 -0.368855 -0.37968 -0.391502 -0.403131 -0.413896 -0.4233 -0.429251 -0.435207 -0.439156 -0.440826 -0.440987 -0.440826 -0.439156 -0.435207 -0.429251 -0.4233 -0.413896 -0.403131 -0.391502 -0.37968 -0.368855 -0.359804 -0.352701 -0.347637 -0.341526 -0.359731 
7.9 -12.2451 0.415702 2 4 5 5 5 5 5 5 7 8 9 10 10 10 10 11 10 10 10 10 9 8 7 5 5 5 5 5 5 4 2 -0.360243 -0.342001 -0.348365 -0.353687 -0.361091 -0.370435 -0.381488 -0.393414 -0.404926 -0.415343 -0.424527 -0.430203 -0.435712 -0.439468 -0.441042 -0.44119 -0.441042 -0.439468 -0.435712 -0.430203 -0.424527 -0.415343 -0.404926 -0.393414 -0.381488 -0.370435 -0.361092 -0.353687 -0.348365 -0.342001 -0.360242 
8 -12.2767 0.421026 2 4 5 5 5 5 5 6 7 8 9 10 10 10 10 11 10 10 10 10 9 8 7 6 5 5 5 5 5 4 2 -0.360785 -0.342503 -0.349132 -0.354721 -0.362431 -0.372057 -0.383316 -0.395317 -0.406696 -0.41674 -0.425686 -0.431119 -0.436183 -0.439733 -0.441243 -0.44141 -0.441243 -0.439733 -0.436183 -0.431119 -0.425686 -0.41674 -0.406696 -0.395317 -0.383316 -0.372057 -0.362431 -0.354721 -0.349132 -0.342503 -0.360785 
8.1 -12.3084 0.42637 2 4 5 5 5 5 5 6 7 8 9 10 10 10 10 11 10 10 10 10 9 8 7 6 5 5 5 5 5 4 2 -0.361362 -0.343033 -0.34994 -0.355804 -0.363821 -0.373722 -0.385159 -0.397205 -0.408435 -0.418089 -0.426779 -0.431998 -0.436623 -0.439955 -0.44143 -0.441644 -0.44143 -0.439955 -0.436623 -0.431998 -0.426779 -0.418089 -0.408435 -0.397205 -0.385159 -0.373722 -0.363822 -0.355805 -0.34994 -0.343033 -0.361362 
8.2 -12.3399 0.431723 2 4 5 5 5 5 5 6 8 8 10 10 10 10 11 11 11 10 10 10 10 8 8 6 5 5 5 5 5 4 2 -0.361974 -0.343591 -0.350788 -0.356936 -0.365263 -0.375428 -0.387015 -0.399071 -0.41014 -0.41939 -0.427807 -0.432837 -0.437035 -0.440141 -0.441603 -0.441888 -0.441603 -0.440141 -0.437035 -0.432837 -0.427807 -0.41939 -0.41014 -0.399072 -0.387015 -0.375428 -0.365263 -0.356936 -0.350789 -0.343591 -0.361974 
8.3 -12.3714 0.437072 2 4 5 5 5 5 5 7 8 8 10 10 10 11 11 11 11 11 10 10 10 8 8 7 5 5 5 5 5 4 2 -0.362625 -0.344179 -0.351679 -0.358116 -0.366754 -0.377172 -0.388881 -0.400912 -0.411804 -0.420646 -0.428771 -0.433636 -0.437422 -0.440295 -0.441764 -0.442138 -0.441764 -0.440295 -0.437422 -0.433636 -0.428771 -0.420646 -0.411804 -0.400912 -0.388881 -0.377172 -0.366754 -0.358116 -0.35168 -0.344179 -0.362625 
8.4 -12.4029 0.442404 2 4 5 5 5 5 5 7 8 8 10 10 10 11 11 12 11 11 10 10 10 8 8 7 5 5 5 5 5 4 2 -0.363318 -0.344797 -0.352613 -0.359343 -0.368292 -0.378951 -0.390753 -0.402721 -0.413424 -0.421858 -0.429672 -0.434393 -0.437786 -0.440424 -0.441913 -0.442389 -0.441913 -0.440424 -0.437786 -0.434393 -0.429672 -0.421858 -0.413424 -0.402721 -0.390753 -0.378951 -0.368292 -0.359343 -0.352614 -0.344797 -0.363318 
8.5 -12.4343 0.447708 2 4 5 5 5 5 5 7 8 9 10 10 10 11 12 12 12 11 10 10 10 9 8 7 5 5 5 5 5 4 2 -0.364055 -0.345446 -0.353592 -0.360617 -0.369875 -0.380762 -0.392629 -0.404494 -0.414995 -0.423026 -0.430515 -0.435106 -0.438129 -0.440532 -0.44205 -0.442636 -0.44205 -0.440532 -0.438129 -0.435106 -0.430515 -0.423026 -0.414995 -0.404494 -0.392629 -0.380762 -0.369875 -0.360617 -0.353592 -0.345446 -0.364055 
8.6 -12.4656 0.452971 2 4 5 5 5 5 6 7 8 9 10 10 10 11 12 12 12 11 10 10 10 9 8 7 6 5 5 5 5 4 2 -0.364838 -0.346127 -0.354615 -0.361939 -0.3715 -0.3826 -0.394504 -0.406229 -0.416514 -0.424154 -0.431301 -0.435775 -0.438453 -0.440627 -0.442178 -0.442874 -0.442178 -0.440627 -0.438453 -0.435775 -0.431301 -0.424154 -0.416514 -0.406229 -0.394504 -0.3826 -0.371501 -0.361939 -0.354615 -0.346127 -0.364838 
8.7 -12.4968 0.458182 2 4 5 5 5 5 6 7 8 9 10 10 10 11 12 12 12 11 10 10 10 9 8 7 6 5 5 5 5 4 2 -0.365671 -0.346843 -0.355686 -0.363307 -0.373165 -0.384461 -0.396375 -0.407921 -0.417978 -0.425241 -0.432034 -0.436398 -0.438758 -0.440712 -0.442295 -0.4431 -0.442295 -0.440712 -0.438758 -0.436398 -0.432034 -0.425241 -0.417978 -0.407921 -0.396375 -0.384461 -0.373165 -0.363307 -0.355686 -0.346843 -0.365671 
8.8 -12.5279 0.46333 2 4 5 5 5 5 6 8 8 10 10 10 11 12 13 13 13 12 11 10 10 10 8 8 6 5 5 5 5 4 2 -0.366556 -0.347595 -0.356805 -0.364721 -0.374866 -0.386339 -0.398237 -0.409568 -0.419383 -0.426288 -0.432717 -0.436976 -0.439048 -0.440793 -0.442404 -0.443309 -0.442404 -0.440793 -0.439048 -0.436976 -0.432717 -0.426288 -0.419383 -0.409568 -0.398237 -0.386339 -0.374867 -0.364721 -0.356805 -0.347595 -0.366555 
8.9 -12.5589 0.468407 2 4 5 5 5 5 6 8 8 10 10 10 11 12 13 13 13 12 11 10 10 10 8 8 6 5 5 5 5 4 2 -0.367495 -0.348383 -0.357973 -0.366182 -0.376601 -0.38823 -0.400087 -0.411169 -0.420729 -0.427297 -0.433353 -0.437507 -0.439321 -0.440874 -0.442503 -0.443498 -0.442503 -0.440874 -0.439321 -0.437507 -0.433353 -0.427297 -0.420729 -0.411169 -0.400087 -0.38823 -0.376601 -0.366182 -0.357973 -0.348383 -0.367494 
9 -12.5898 0.473404 2 4 5 5 5 5 7 8 8 10 10 10 11 12 13 13 13 12 11 10 10 10 8 8 7 5 5 5 5 4 2 -0.36849 -0.34921 -0.359192 -0.367688 -0.378367 -0.390127 -0.401918 -0.412722 -0.422014 -0.428267 -0.433947 -0.437993 -0.43958 -0.440959 -0.442594 -0.443665 -0.442594 -0.440959 -0.43958 -0.437993 -0.433947 -0.428267 -0.422014 -0.412722 -0.401918 -0.390127 -0.378367 -0.367688 -0.359192 -0.34921 -0.368489 
9.1 -12.6206 0.478317 2 4 5 5 5 5 7 8 9 10 10 10 12 13 13 13 13 13 12 10 10 10 9 8 7 5 5 5 5 4 2 -0.369544 -0.350076 -0.360463 -0.369239 -0.380159 -0.392026 -0.403727 -0.414225 -0.423237 -0.4292 -0.434502 -0.438433 -0.439826 -0.441051 -0.442677 -0.443806 -0.442677 -0.441051 -0.439826 -0.438433 -0.434502 -0.4292 -0.423237 -0.414225 -0.403727 -0.392026 -0.380159 -0.369239 -0.360463 -0.350076 -0.369543 
9.2 -12.6512 0.48314 2 4 5 5 5 6 7 8 9 10 10 11 12 13 13 13 13 13 12 11 10 10 9 8 7 6 5 5 5 4 2 -0.37066 -0.350981 -0.361785 -0.370834 -0.381976 -0.39392 -0.405508 -0.415679 -0.424398 -0.430096 -0.43502 -0.43883 -0.440058 -0.441152 -0.442752 -0.443921 -0.442752 -0.441152 -0.440058 -0.43883 -0.43502 -0.430096 -0.424398 -0.415679 -0.405508 -0.39392 -0.381976 -0.370834 -0.361785 -0.350981 -0.370659 
9.3 -12.6817 0.48787 2 4 5 5 5 6 7 8 9 10 10 11 12 13 14 14 14 13 12 11 10 10 9 8 7 6 5 5 5 4 2 -0.371839 -0.351926 -0.363159 -0.372471 -0.383814 -0.395805 -0.407257 -0.417082 -0.425498 -0.430954 -0.435506 -0.439184 -0.440279 -0.441264 -0.442819 -0.444009 -0.442819 -0.441264 -0.440279 -0.439184 -0.435506 -0.430954 -0.425498 -0.417082 -0.407257 -0.395805 -0.383814 -0.372471 -0.363159 -0.351926 -0.371839 
9.4 -12.7121 0.492508 2 4 5 5 5 6 7 8 10 10 10 11 13 14 14 15 14 14 13 11 10 10 10 8 7 6 5 5 5 4 2 -0.373086 -0.35291 -0.364584 -0.374148 -0.38567 -0.397674 -0.408969 -0.418436 -0.426537 -0.431775 -0.435961 -0.439498 -0.440488 -0.441389 -0.442879 -0.44407 -0.442879 -0.441388 -0.440488 -0.439498 -0.435961 -0.431775 -0.426537 -0.418436 -0.408969 -0.397674 -0.38567 -0.374148 -0.364584 -0.35291 -0.373085 
9.5 -12.7423 0.497052 2 4 5 5 5 6 8 8 10 10 10 11 13 14 14 15 14 14 13 11 10 10 10 8 8 6 5 5 5 4 2 -0.374402 -0.353933 -0.36606 -0.375864 -0.387539 -0.399524 -0.410639 -0.419739 -0.427517 -0.432559 -0.436389 -0.439775 -0.440687 -0.441525 -0.442931 -0.444106 -0.442931 -0.441525 -0.440687 -0.439775 -0.436389 -0.432559 -0.427517 -0.419739 -0.410639 -0.399525 -0.387539 -0.375864 -0.36606 -0.353933 -0.374402 
9.6 -12.7723 0.501505 2 4 5 5 5 7 8 8 10 10 10 12 13 14 15 15 15 14 13 12 10 10 10 8 8 7 5 5 5 4 2 -0.375792 -0.354994 -0.367585 -0.377614 -0.389419 -0.40135 -0.412264 -0.420994 -0.428439 -0.433306 -0.436792 -0.440016 -0.440876 -0.441672 -0.442976 -0.444117 -0.442976 -0.441672 -0.440876 -0.440016 -0.436792 -0.433306 -0.428439 -0.420994 -0.412264 -0.40135 -0.389419 -0.377614 -0.367585 -0.354994 -0.375792 
9.7 -12.8021 0.50587 2 4 5 5 5 7 8 9 10 10 11 12 14 15 15 15 15 15 14 12 11 10 10 9 8 7 5 5 5 4 2 -0.377258 -0.356093 -0.369159 -0.379396 -0.391304 -0.403148 -0.413839 -0.422199 -0.429307 -0.434015 -0.437173 -0.440226 -0.441055 -0.44183 -0.443015 -0.444104 -0.443015 -0.44183 -0.441055 -0.440226 -0.437173 -0.434015 -0.429307 -0.422199 -0.413839 -0.403148 -0.391304 -0.379396 -0.369159 -0.356093 -0.377259 
9.8 -12.8318 0.510151 2 4 5 5 5 7 8 9 10 10 11 12 14 15 15 15 15 15 14 12 11 10 10 9 8 7 5 5 5 4 2 -0.378805 -0.357228 -0.370779 -0.381205 -0.393191 -0.404912 -0.415363 -0.423357 -0.430121 -0.434687 -0.437532 -0.440408 -0.441225 -0.441997 -0.443046 -0.444072 -0.443046 -0.441997 -0.441225 -0.440408 -0.437532 -0.434687 -0.430121 -0.423357 -0.415363 -0.404912 -0.393191 -0.381205 -0.370779 -0.357228 -0.378805 
9.9 -12.8612 0.514352 2 4 5 5 6 7 8 9 10 10 11 13 14 15 16 15 16 15 14 13 11 10 10 9 8 7 6 5 5 4 2 -0.380435 -0.358398 -0.372444 -0.383038 -0.395076 -0.40664 -0.416832 -0.424468 -0.430886 -0.435322 -0.437871 -0.440565 -0.441387 -0.442171 -0.443072 -0.444021 -0.443072 -0.442171 -0.441387 -0.440565 -0.437871 -0.435322 -0.430886 -0.424468 -0.416832 -0.40664 -0.395076 -0.383038 -0.372444 -0.358398 -0.380435 
10 -12.8905 0.518481 2 4 5 5 6 7 8 9 10 10 11 13 15 15 16 17 16 15 15 13 11 10 10 9 8 7 6 5 5 4 2 -0.382152 -0.359602 -0.374152 -0.384889 -0.396953 -0.408328 -0.418245 -0.425533 -0.431603 -0.435919 -0.438193 -0.440701 -0.44154 -0.442349 -0.443093 -0.443955 -0.443093 -0.442349 -0.44154 -0.440701 -0.438193 -0.435919 -0.431603 -0.425533 -0.418244 -0.408328 -0.396953 -0.384889 -0.374152 -0.359602 -0.382152 
10.1 -12.9195 0.522542 2 4 5 5 6 8 8 10 10 10 12 13 15 15 17 17 17 15 15 13 12 10 10 10 8 8 6 5 5 4 2 -0.383959 -0.36084 -0.3759 -0.386754 -0.398818 -0.409973 -0.419599 -0.426552 -0.432276 -0.436478 -0.438498 -0.44082 -0.441685 -0.442528 -0.443108 -0.443876 -0.443108 -0.442528 -0.441685 -0.44082 -0.438498 -0.436478 -0.432276 -0.426552 -0.419599 -0.409973 -0.398818 -0.386754 -0.3759 -0.360839 -0.38396 
10.2 -12.9482 0.526543 2 4 5 5 7 8 8 10 10 10 12 14 15 16 17 17 17 16 15 14 12 10 10 10 8 8 7 5 5 4 2 -0.38586 -0.362107 -0.377687 -0.388628 -0.400666 -0.411572 -0.420895 -0.427527 -0.432907 -0.437 -0.438788 -0.440925 -0.441822 -0.442706 -0.44312 -0.443789 -0.44312 -0.442706 -0.441822 -0.440925 -0.438788 -0.437 -0.432908 -0.427527 -0.420894 -0.411572 -0.400666 -0.388628 -0.377687 -0.362107 -0.38586 
10.3 -12.9767 0.530492 2 4 5 5 7 8 8 10 10 11 12 14 15 17 17 17 17 17 15 14 12 11 10 10 8 8 7 5 5 4 2 -0.387857 -0.363404 -0.37951 -0.390505 -0.402493 -0.413124 -0.422131 -0.428459 -0.433501 -0.437486 -0.439063 -0.44102 -0.441951 -0.44288 -0.443128 -0.443696 -0.443128 -0.44288 -0.441951 -0.44102 -0.439063 -0.437486 -0.433501 -0.428459 -0.422131 -0.413124 -0.402493 -0.390505 -0.37951 -0.363404 -0.387857 
10.4 -13.005 0.534394 2 4 5 5 7 8 9 10 10 11 13 14 15 17 17 18 17 17 15 14 13 11 10 10 9 8 7 5 5 4 2 -0.389954 -0.364726 -0.381365 -0.392381 -0.404292 -0.414627 -0.423307 -0.429349 -0.434058 -0.437935 -0.439323 -0.441109 -0.442073 -0.443047 -0.443133 -0.4436 -0.443133 -0.443047 -0.442073 -0.441109 -0.439323 -0.437935 -0.434058 -0.429349 -0.423307 -0.414627 -0.404292 -0.392381 -0.381365 -0.364726 -0.389954 
10.5 -13.0329 0.538257 2 4 5 6 7 8 9 10 10 11 13 15 16 17 17 18 17 17 16 15 13 11 10 10 9 8 7 6 5 4 2 -0.392152 -0.366071 -0.383251 -0.39425 -0.40606 -0.416079 -0.424425 -0.430198 -0.434582 -0.438348 -0.439571 -0.441194 -0.442187 -0.443205 -0.443136 -0.443504 -0.443136 -0.443205 -0.442187 -0.441194 -0.439571 -0.438348 -0.434582 -0.430198 -0.424425 -0.416079 -0.40606 -0.39425 -0.383251 -0.366071 -0.392152 
10.6 -13.0606 0.542087 2 4 5 6 7 8 9 10 10 12 13 15 17 18 17 18 17 18 17 15 13 12 10 10 9 8 7 6 5 4 2 -0.394454 -0.367435 -0.385165 -0.396108 -0.407792 -0.417479 -0.425485 -0.431007 -0.435076 -0.438727 -0.439806 -0.441278 -0.442293 -0.44335 -0.443138 -0.443411 -0.443138 -0.44335 -0.442293 -0.441278 -0.439806 -0.438727 -0.435077 -0.431007 -0.425485 -0.417479 -0.407792 -0.396108 -0.385165 -0.367435 -0.394454 
10.7 -13.088 0.545891 2 4 5 6 8 8 10 10 10 12 14 15 17 18 18 18 18 18 17 15 14 12 10 10 10 8 8 6 5 4 2 -0.396863 -0.368814 -0.387102 -0.397949 -0.409484 -0.418827 -0.426489 -0.431777 -0.435542 -0.439072 -0.440029 -0.441364 -0.442392 -0.443482 -0.443139 -0.443324 -0.443139 -0.443482 -0.442392 -0.441364 -0.440029 -0.439072 -0.435542 -0.431778 -0.426489 -0.418827 -0.409484 -0.397949 -0.387102 -0.368814 -0.396862 
10.8 -13.115 0.549674 2 4 6 6 8 8 10 10 10 12 14 15 17 18 19 18 19 18 17 15 14 12 10 10 10 8 8 6 6 4 2 -0.39938 -0.370203 -0.38906 -0.399768 -0.411133 -0.420123 -0.427437 -0.43251 -0.435983 -0.439385 -0.440241 -0.441453 -0.442483 -0.443597 -0.443139 -0.443245 -0.443139 -0.443597 -0.442483 -0.441453 -0.440241 -0.439385 -0.435983 -0.43251 -0.427437 -0.420123 -0.411133 -0.399768 -0.38906 -0.370204 -0.399379 
10.9 -13.1418 0.553441 2 4 6 7 8 8 10 10 11 12 14 16 17 18 19 18 19 18 17 16 15 12 11 10 10 8 8 7 6 4 2 -0.402006 -0.371598 -0.391035 -0.40156 -0.412734 -0.421365 -0.428331 -0.433205 -0.436399 -0.439668 -0.440441 -0.441548 -0.442565 -0.443696 -0.443139 -0.443176 -0.443139 -0.443696 -0.442565 -0.441548 -0.440442 -0.439668 -0.436398 -0.433205 -0.428331 -0.421365 -0.412734 -0.40156 -0.391035 -0.371598 -0.402005 
11 -13.1681 0.557197 2 4 6 7 8 9 10 10 11 13 15 17 18 18 19 18 19 18 18 17 15 13 11 10 10 9 8 7 6 4 2 -0.404743 -0.372992 -0.393024 -0.40332 -0.414285 -0.422556 -0.429175 -0.433865 -0.436792 -0.439922 -0.440632 -0.441649 -0.44264 -0.443776 -0.443139 -0.443118 -0.44314 -0.443776 -0.44264 -0.441649 -0.440632 -0.439922 -0.436792 -0.433865 -0.429175 -0.422556 -0.414285 -0.40332 -0.393023 -0.372993 -0.404743 
11.1 -13.1942 0.560944 2 4 7 7 8 9 10 10 11 13 15 17 18 19 19 18 19 19 18 17 15 13 11 10 10 9 8 7 7 4 2 -0.407593 -0.37438 -0.395022 -0.405045 -0.415784 -0.423694 -0.429969 -0.43449 -0.437165 -0.440149 -0.440812 -0.441756 -0.442708 -0.443837 -0.44314 -0.443074 -0.44314 -0.443837 -0.442708 -0.441756 -0.440812 -0.440149 -0.437165 -0.43449 -0.429969 -0.423694 -0.415784 -0.405045 -0.395022 -0.374381 -0.407592 
11.2 -13.2198 0.564686 2 4 7 7 8 9 10 10 12 14 15 17 18 19 19 19 19 19 18 17 15 14 12 10 10 9 8 7 7 4 2 -0.410555 -0.375755 -0.397025 -0.406729 -0.417229 -0.424781 -0.430718 -0.435081 -0.437518 -0.440352 -0.440982 -0.44187 -0.442767 -0.44388 -0.443141 -0.443044 -0.443141 -0.44388 -0.442767 -0.44187 -0.440983 -0.440352 -0.437518 -0.435081 -0.430718 -0.424781 -0.417229 -0.406729 -0.397025 -0.375756 -0.410555 
11.3 -13.2451 0.568424 2 4 7 8 8 10 10 10 12 14 15 17 18 19 19 19 19 19 18 17 15 14 12 10 10 10 8 8 7 4 2 -0.413631 -0.377111 -0.399031 -0.408369 -0.418618 -0.425818 -0.431422 -0.435639 -0.437853 -0.440533 -0.441144 -0.441991 -0.442819 -0.443905 -0.443143 -0.443028 -0.443143 -0.443905 -0.442819 -0.441991 -0.441144 -0.440533 -0.437853 -0.435639 -0.431422 -0.425818 -0.418618 -0.408369 -0.399031 -0.377111 -0.41363 
11.4 -13.2699 0.572159 2 4 7 8 8 10 10 10 12 14 17 18 18 19 19 19 19 19 18 18 17 14 12 10 10 10 8 8 7 4 2 -0.416819 -0.378439 -0.401035 -0.40996 -0.419952 -0.426805 -0.432085 -0.436165 -0.438171 -0.440695 -0.441297 -0.442118 -0.442863 -0.443912 -0.443145 -0.443028 -0.443145 -0.443912 -0.442863 -0.442118 -0.441297 -0.440694 -0.438171 -0.436165 -0.432085 -0.426805 -0.419952 -0.40996 -0.401035 -0.378439 -0.416819 
11.5 -13.2944 0.57589 2 4 7 8 8 10 10 11 12 15 17 18 18 20 19 20 19 20 18 18 17 15 12 11 10 10 8 8 7 4 2 -0.42012 -0.379734 -0.403034 -0.411499 -0.421229 -0.427744 -0.432709 -0.43666 -0.438473 -0.440838 -0.441442 -0.442249 -0.4429 -0.443904 -0.443147 -0.443043 -0.443147 -0.443904 -0.4429 -0.442249 -0.441442 -0.440838 -0.438473 -0.43666 -0.432709 -0.427744 -0.421229 -0.411499 -0.403033 -0.379734 -0.42012 
11.6 -13.3184 0.579616 2 4 8 8 8 10 10 11 13 15 17 18 19 20 20 20 20 20 19 18 17 15 13 11 10 10 8 8 8 4 2 -0.423533 -0.380987 -0.405023 -0.412984 -0.42245 -0.428636 -0.433297 -0.437123 -0.438759 -0.440967 -0.441579 -0.442384 -0.44293 -0.44388 -0.443149 -0.443072 -0.443149 -0.44388 -0.44293 -0.442384 -0.441579 -0.440967 -0.438759 -0.437123 -0.433297 -0.428637 -0.42245 -0.412984 -0.405022 -0.380987 -0.423533 
11.7 -13.342 0.583336 2 4 8 8 9 10 10 11 13 15 17 18 19 20 20 20 20 20 19 18 17 15 13 11 10 10 9 8 8 4 2 -0.427056 -0.382191 -0.406999 -0.41441 -0.423615 -0.429483 -0.433852 -0.437558 -0.43903 -0.441083 -0.441708 -0.442521 -0.442954 -0.443844 -0.44315 -0.443115 -0.443151 -0.443844 -0.442954 -0.442521 -0.441708 -0.441083 -0.43903 -0.437558 -0.433852 -0.429483 -0.423615 -0.41441 -0.406999 -0.382191 -0.427056 
11.8 -13.3652 0.587047 2 4 8 8 9 10 10 12 14 15 17 18 20 20 20 20 20 20 20 18 17 15 14 12 10 10 9 8 8 4 2 -0.430687 -0.383339 -0.408959 -0.415777 -0.424726 -0.430285 -0.434375 -0.437963 -0.439288 -0.441189 -0.441831 -0.442658 -0.442973 -0.443796 -0.443152 -0.44317 -0.443152 -0.443796 -0.442973 -0.442658 -0.44183 -0.441189 -0.439288 -0.437963 -0.434375 -0.430285 -0.424726 -0.415777 -0.408959 -0.383339 -0.430687 
11.9 -13.3878 0.590745 2 4 8 8 9 10 10 12 14 17 17 18 20 21 20 21 20 21 20 18 17 17 14 12 10 10 9 8 8 4 2 -0.434423 -0.384422 -0.410901 -0.417082 -0.425782 -0.431045 -0.434869 -0.43834 -0.439532 -0.441286 -0.441946 -0.442794 -0.442986 -0.44374 -0.443153 -0.443236 -0.443153 -0.44374 -0.442986 -0.442794 -0.441946 -0.441287 -0.439532 -0.43834 -0.434869 -0.431045 -0.425782 -0.417082 -0.410901 -0.384422 -0.434424 
12 -13.41 0.594427 2 4 8 8 10 10 10 12 15 17 19 18 20 21 21 21 21 21 20 19 19 17 15 12 10 10 10 8 8 4 2 -0.438262 -0.385434 -0.412822 -0.418322 -0.426787 -0.431764 -0.435336 -0.43869 -0.439764 -0.441378 -0.442055 -0.442926 -0.442995 -0.443676 -0.443153 -0.443311 -0.443153 -0.443676 -0.442995 -0.442926 -0.442055 -0.441378 -0.439763 -0.43869 -0.435336 -0.431764 -0.426787 -0.418322 -0.412822 -0.385434 -0.438263 
12.1 -13.4318 0.598089 2 4 8 9 10 10 11 13 15 17 19 19 20 21 21 22 21 21 20 19 19 17 15 13 11 10 10 9 8 4 2 -0.4422 -0.386366 -0.41472 -0.419497 -0.427742 -0.432443 -0.435779 -0.439014 -0.439983 -0.441466 -0.442158 -0.443052 -0.443 -0.443608 -0.443153 -0.443392 -0.443153 -0.443608 -0.443 -0.443053 -0.442157 -0.441466 -0.439983 -0.439014 -0.435779 -0.432443 -0.427742 -0.419497 -0.41472 -0.386366 -0.4422 
12.2 -13.453 0.601725 2 4 8 10 10 10 11 13 15 17 19 20 20 21 22 22 22 21 20 20 19 17 15 13 11 10 10 10 8 4 2 -0.446231 -0.387212 -0.416594 -0.420606 -0.428649 -0.433084 -0.436198 -0.439312 -0.440191 -0.441551 -0.442254 -0.443172 -0.443003 -0.443537 -0.443153 -0.443477 -0.443153 -0.443537 -0.443002 -0.443172 -0.442254 -0.441551 -0.440191 -0.439312 -0.436198 -0.433084 -0.428649 -0.420606 -0.416594 -0.387212 -0.446232 
12.3 -13.4737 0.605331 2 4 8 10 10 10 11 14 15 17 19 20 21 22 22 22 22 22 21 20 19 17 15 14 11 10 10 10 8 4 2 -0.450352 -0.387965 -0.418443 -0.421647 -0.42951 -0.433689 -0.436596 -0.439587 -0.440388 -0.441635 -0.442344 -0.443282 -0.443003 -0.443466 -0.443152 -0.443565 -0.443152 -0.443466 -0.443003 -0.443283 -0.442344 -0.441636 -0.440388 -0.439587 -0.436596 -0.433689 -0.42951 -0.421647 -0.418443 -0.387965 -0.450353 
12.4 -13.4939 0.608902 2 4 8 10 10 10 12 14 16 17 19 20 21 22 22 22 22 22 21 20 19 17 16 14 12 10 10 10 8 4 2 -0.454557 -0.388617 -0.420266 -0.42262 -0.430327 -0.434258 -0.436974 -0.439838 -0.440575 -0.44172 -0.442428 -0.443383 -0.443001 -0.443396 -0.44315 -0.443651 -0.44315 -0.443396 -0.443001 -0.443383 -0.442427 -0.441721 -0.440575 -0.439838 -0.436974 -0.434258 -0.430327 -0.42262 -0.420266 -0.388617 -0.454557 
12.5 -13.5135 0.612434 2 4 8 10 10 10 12 14 17 18 20 20 21 22 22 22 22 22 21 21 20 18 17 14 12 10 10 10 8 4 2 -0.458839 -0.389164 -0.422062 -0.423525 -0.431104 -0.434793 -0.437333 -0.440067 -0.440752 -0.441807 -0.442505 -0.443472 -0.442999 -0.443329 -0.443149 -0.443735 -0.443149 -0.443329 -0.442999 -0.443472 -0.442504 -0.441807 -0.440752 -0.440067 -0.437333 -0.434793 -0.431104 -0.423524 -0.422062 -0.389164 -0.458839 
12.6 -13.5327 0.615922 2 4 8 10 10 10 12 15 17 19 20 21 22 22 22 22 22 22 22 21 20 19 17 15 12 10 10 10 8 4 2 -0.463191 -0.3896 -0.423834 -0.42436 -0.431844 -0.435296 -0.437675 -0.440276 -0.44092 -0.441895 -0.442576 -0.443549 -0.442996 -0.443267 -0.443149 -0.443813 -0.443149 -0.443267 -0.442996 -0.443549 -0.442575 -0.441896 -0.44092 -0.440276 -0.437675 -0.435296 -0.431844 -0.42436 -0.423834 -0.389599 -0.463192 
12.7 -13.5513 0.619363 2 4 8 10 10 11 13 15 17 19 20 21 22 22 22 22 22 22 22 21 20 19 17 15 13 11 10 10 8 4 2 -0.467608 -0.389919 -0.42558 -0.425127 -0.432548 -0.435766 -0.438001 -0.440466 -0.441079 -0.441986 -0.442641 -0.443613 -0.442993 -0.443212 -0.443148 -0.443884 -0.443148 -0.443212 -0.442993 -0.443613 -0.44264 -0.441987 -0.44108 -0.440466 -0.438001 -0.435766 -0.432548 -0.425127 -0.42558 -0.389919 -0.467608 
12.8 -13.5693 0.622752 2 4 8 10 10 11 13 15 17 19 20 21 22 22 22 22 22 22 22 21 20 19 17 15 13 11 10 10 8 4 2 -0.47208 -0.390118 -0.427303 -0.425825 -0.43322 -0.436206 -0.438312 -0.440637 -0.441231 -0.44208 -0.442699 -0.443664 -0.44299 -0.443164 -0.443149 -0.443945 -0.443149 -0.443164 -0.44299 -0.443664 -0.442699 -0.44208 -0.441231 -0.440637 -0.438312 -0.436206 -0.433221 -0.425824 -0.427303 -0.390118 -0.47208 
12.9 -13.5868 0.626088 2 4 8 10 10 11 14 15 17 19 21 22 22 22 22 22 22 22 22 22 21 19 17 15 14 11 10 10 8 4 2 -0.476599 -0.390193 -0.429004 -0.426453 -0.433864 -0.436616 -0.438609 -0.440792 -0.441374 -0.442177 -0.442751 -0.443701 -0.442988 -0.443125 -0.44315 -0.443994 -0.44315 -0.443125 -0.442988 -0.443701 -0.442751 -0.442177 -0.441374 -0.440792 -0.438609 -0.436615 -0.433864 -0.426453 -0.429004 -0.390193 -0.476599 
13 -13.6037 0.629367 2 4 8 10 10 12 14 17 18 20 21 22 22 22 22 22 22 22 22 22 21 20 18 17 14 12 10 10 8 4 2 -0.481158 -0.390143 -0.430685 -0.427014 -0.434481 -0.436995 -0.438893 -0.440932 -0.44151 -0.442276 -0.442797 -0.443726 -0.442987 -0.443096 -0.443152 -0.444032 -0.443152 -0.443096 -0.442987 -0.443726 -0.442797 -0.442276 -0.441511 -0.440931 -0.438893 -0.436995 -0.434481 -0.427013 -0.430685 -0.390143 -0.481158 
13.1 -13.6201 0.632589 2 4 8 10 11 12 14 17 19 20 21 22 22 22 22 23 22 22 22 22 21 20 19 17 14 12 11 10 8 4 2 -0.485747 -0.389965 -0.432347 -0.427505 -0.435074 -0.437346 -0.439165 -0.441058 -0.44164 -0.442377 -0.442837 -0.443738 -0.442987 -0.443077 -0.443155 -0.444056 -0.443155 -0.443077 -0.442987 -0.443737 -0.442838 -0.442377 -0.44164 -0.441057 -0.439165 -0.437346 -0.435074 -0.427505 -0.432348 -0.389965 -0.485747 
13.2 -13.6359 0.635754 2 4 8 10 11 12 15 17 19 20 22 22 22 22 22 23 22 22 22 22 22 20 19 17 15 12 11 10 8 4 2 -0.490357 -0.389658 -0.433994 -0.427929 -0.435647 -0.437669 -0.439425 -0.441172 -0.441762 -0.44248 -0.442871 -0.443737 -0.442987 -0.443069 -0.443159 -0.444066 -0.443159 -0.443069 -0.442988 -0.443737 -0.442872 -0.442479 -0.441763 -0.441171 -0.439426 -0.437669 -0.435647 -0.427929 -0.433994 -0.389658 -0.490357 
13.3 -13.6511 0.63886 2 4 8 10 11 13 15 17 19 21 22 22 22 23 23 23 23 23 22 22 22 21 19 17 15 13 11 10 8 4 2 -0.49498 -0.389223 -0.435627 -0.428286 -0.436201 -0.437963 -0.439675 -0.441274 -0.441879 -0.442583 -0.4429 -0.443726 -0.442989 -0.443071 -0.443164 -0.444062 -0.443164 -0.443071 -0.44299 -0.443725 -0.442901 -0.442582 -0.44188 -0.441274 -0.439675 -0.437963 -0.436202 -0.428286 -0.435628 -0.389224 -0.494979 
13.4 -13.6658 0.64191 2 4 8 10 12 13 15 17 19 21 22 22 22 23 23 23 23 23 22 22 22 21 19 17 15 13 12 10 8 4 2 -0.499604 -0.388662 -0.43725 -0.428575 -0.43674 -0.43823 -0.439914 -0.441368 -0.44199 -0.442685 -0.442924 -0.443704 -0.442992 -0.443084 -0.44317 -0.444045 -0.44317 -0.443084 -0.442992 -0.443703 -0.442925 -0.442684 -0.441991 -0.441367 -0.439914 -0.43823 -0.436741 -0.428575 -0.43725 -0.388662 -0.499604 
13.5 -13.6799 0.644905 2 4 8 10 12 14 16 18 19 21 22 22 22 23 23 23 23 23 22 22 22 21 19 18 16 14 12 10 8 4 2 -0.504222 -0.387975 -0.438863 -0.428798 -0.437266 -0.438469 -0.440144 -0.441453 -0.442094 -0.442787 -0.442943 -0.443673 -0.442995 -0.443107 -0.443175 -0.444015 -0.443176 -0.443107 -0.442996 -0.443672 -0.442945 -0.442785 -0.442096 -0.441453 -0.440144 -0.438469 -0.437267 -0.428798 -0.438863 -0.387975 -0.504222 
13.6 -13.6935 0.647848 2 4 8 11 12 14 17 19 19 21 22 22 23 23 23 23 23 23 23 22 22 21 19 19 17 14 12 11 8 4 2 -0.508823 -0.387166 -0.440471 -0.428954 -0.437781 -0.438681 -0.440365 -0.441532 -0.442193 -0.442885 -0.442958 -0.443634 -0.443 -0.44314 -0.443181 -0.443973 -0.443181 -0.443139 -0.443001 -0.443633 -0.44296 -0.442883 -0.442195 -0.441532 -0.440365 -0.438681 -0.437782 -0.428954 -0.440471 -0.387167 -0.508823 
13.7 -13.7065 0.650741 2 4 8 11 12 14 17 19 20 22 22 22 23 24 23 24 23 24 23 22 22 22 20 19 17 14 12 11 8 4 2 -0.513399 -0.38624 -0.442076 -0.429045 -0.438288 -0.438867 -0.440578 -0.441605 -0.442287 -0.44298 -0.44297 -0.443589 -0.443005 -0.443181 -0.443187 -0.44392 -0.443187 -0.443181 -0.443006 -0.443587 -0.442972 -0.442978 -0.442288 -0.441605 -0.440578 -0.438866 -0.438288 -0.429045 -0.442075 -0.38624 -0.513398 
13.8 -13.719 0.653588 2 4 8 11 12 14 17 19 21 22 22 22 23 24 23 24 23 24 23 22 22 22 21 19 17 14 12 11 8 4 2 -0.517939 -0.385199 -0.443679 -0.429071 -0.438787 -0.439025 -0.440783 -0.441673 -0.442375 -0.44307 -0.442978 -0.443538 -0.443012 -0.44323 -0.443191 -0.443859 -0.443192 -0.44323 -0.443012 -0.443537 -0.44298 -0.443068 -0.442376 -0.441673 -0.440783 -0.439025 -0.438787 -0.429071 -0.443679 -0.3852 -0.517939 
13.9 -13.7309 0.656392 2 4 8 11 13 16 17 19 21 22 22 23 23 24 24 25 24 24 23 23 22 22 21 19 17 16 13 11 8 4 2 -0.522435 -0.384051 -0.445284 -0.429032 -0.439282 -0.439156 -0.440981 -0.441738 -0.442457 -0.443155 -0.442984 -0.443484 -0.443019 -0.443285 -0.443195 -0.443792 -0.443195 -0.443285 -0.443019 -0.443483 -0.442986 -0.443152 -0.442458 -0.441738 -0.440981 -0.439156 -0.439282 -0.429033 -0.445283 -0.384052 -0.522435 
14 -13.7422 0.659158 2 4 8 11 14 16 17 19 21 22 22 23 24 24 24 25 24 24 24 23 22 22 21 19 17 16 14 11 8 4 2 -0.526879 -0.382801 -0.446891 -0.428929 -0.439774 -0.439261 -0.441173 -0.4418 -0.442534 -0.443232 -0.442987 -0.443428 -0.443027 -0.443345 -0.443198 -0.443719 -0.443198 -0.443345 -0.443027 -0.443427 -0.442989 -0.44323 -0.442535 -0.4418 -0.441173 -0.439261 -0.439774 -0.42893 -0.44689 -0.382802 -0.526878 
14.1 -13.7531 0.661889 2 4 8 11 14 16 18 19 21 22 23 23 24 25 24 25 24 25 24 23 23 22 21 19 18 16 14 11 8 4 2 -0.531261 -0.381456 -0.448504 -0.428763 -0.440265 -0.43934 -0.441358 -0.441859 -0.442605 -0.443302 -0.442989 -0.443371 -0.443036 -0.443408 -0.443198 -0.443643 -0.443198 -0.443408 -0.443036 -0.44337 -0.442991 -0.4433 -0.442606 -0.441859 -0.441358 -0.43934 -0.440265 -0.428763 -0.448503 -0.381457 -0.531261 
14.2 -13.7634 0.66459 2 4 8 13 15 17 19 20 22 22 23 23 24 25 24 25 24 25 24 24 23 22 22 20 19 17 15 13 8 4 2 -0.535574 -0.380024 -0.450123 -0.428533 -0.440756 -0.439392 -0.441539 -0.441915 -0.442671 -0.443364 -0.44299 -0.443315 -0.443045 -0.443473 -0.443198 -0.443567 -0.443198 -0.443473 -0.443046 -0.443314 -0.442992 -0.443362 -0.442672 -0.441915 -0.441539 -0.439392 -0.440756 -0.428534 -0.450122 -0.380025 -0.535574 
14.3 -13.7732 0.667266 2 4 8 13 15 18 19 21 22 22 23 24 24 25 24 25 24 25 24 24 23 22 22 21 19 18 15 13 8 4 2 -0.53981 -0.378513 -0.45175 -0.428241 -0.44125 -0.439417 -0.441714 -0.44197 -0.442732 -0.443416 -0.44299 -0.443261 -0.443056 -0.443538 -0.443195 -0.443492 -0.443195 -0.443538 -0.443056 -0.443261 -0.442991 -0.443415 -0.442732 -0.44197 -0.441714 -0.439417 -0.441249 -0.428243 -0.451749 -0.378513 -0.53981 
14.4 -13.7825 0.669919 2 4 8 13 16 18 19 21 22 22 23 24 24 25 25 26 25 25 24 24 23 22 22 21 19 18 16 13 8 4 2 -0.543962 -0.37693 -0.453386 -0.427888 -0.441746 -0.439416 -0.441885 -0.442022 -0.442788 -0.443459 -0.44299 -0.443211 -0.443068 -0.4436 -0.443191 -0.443419 -0.443191 -0.4436 -0.443067 -0.44321 -0.442991 -0.443459 -0.442787 -0.442023 -0.441885 -0.439416 -0.441745 -0.42789 -0.453385 -0.376931 -0.543962 
14.5 -13.7913 0.672553 2 4 8 13 17 18 19 21 22 23 23 24 24 25 25 26 25 25 24 24 23 23 22 21 19 18 17 13 8 4 2 -0.548024 -0.375286 -0.455031 -0.427474 -0.442248 -0.439388 -0.442053 -0.442072 -0.442839 -0.443492 -0.44299 -0.443165 -0.44308 -0.443659 -0.443185 -0.443352 -0.443185 -0.443659 -0.443079 -0.443165 -0.44299 -0.443493 -0.442838 -0.442073 -0.442053 -0.439388 -0.442247 -0.427476 -0.45503 -0.375286 -0.548024 
14.6 -13.7997 0.675173 2 4 8 13 17 18 19 21 22 23 23 24 24 26 26 26 26 26 24 24 23 23 22 21 19 18 17 13 8 4 2 -0.55199 -0.373587 -0.456687 -0.427 -0.442756 -0.439333 -0.442218 -0.442119 -0.442885 -0.443515 -0.44299 -0.443125 -0.443093 -0.443712 -0.443178 -0.44329 -0.443178 -0.443713 -0.443092 -0.443126 -0.442989 -0.443516 -0.442883 -0.44212 -0.442217 -0.439334 -0.442755 -0.427002 -0.456686 -0.373587 -0.55199 
14.7 -13.8075 0.677781 2 4 8 14 17 19 19 22 22 23 24 24 25 26 26 26 26 26 25 24 24 23 22 22 19 19 17 14 8 4 2 -0.555855 -0.371845 -0.458353 -0.426468 -0.443271 -0.439252 -0.44238 -0.442163 -0.442926 -0.443528 -0.442991 -0.443092 -0.443106 -0.443759 -0.443169 -0.443236 -0.443169 -0.443759 -0.443105 -0.443093 -0.44299 -0.443529 -0.442925 -0.442164 -0.44238 -0.439253 -0.44327 -0.426469 -0.458352 -0.371844 -0.555855 
14.8 -13.815 0.68038 2 4 8 14 17 19 20 22 22 23 24 25 26 26 26 26 26 26 26 25 24 23 22 22 20 19 17 14 8 4 2 -0.559613 -0.370066 -0.460029 -0.425877 -0.443796 -0.439144 -0.44254 -0.442203 -0.442964 -0.443531 -0.442992 -0.443066 -0.44312 -0.443798 -0.44316 -0.44319 -0.44316 -0.443798 -0.443119 -0.443067 -0.44299 -0.443533 -0.442962 -0.442204 -0.44254 -0.439144 -0.443795 -0.425878 -0.460029 -0.370066 -0.559613 
14.9 -13.822 0.682972 2 4 8 14 17 20 21 22 23 23 24 25 26 26 26 26 26 26 26 25 24 23 23 22 21 20 17 14 8 4 2 -0.563261 -0.36826 -0.461716 -0.42523 -0.44433 -0.439009 -0.442699 -0.442237 -0.442998 -0.443523 -0.442995 -0.443048 -0.443134 -0.443828 -0.44315 -0.443153 -0.44315 -0.443828 -0.443132 -0.44305 -0.442992 -0.443526 -0.442996 -0.442238 -0.442699 -0.439009 -0.444329 -0.425231 -0.461716 -0.36826 -0.563262 
15 -13.8286 0.685559 2 4 8 14 17 21 21 22 23 23 24 26 26 26 26 26 26 26 26 26 24 23 23 22 21 21 17 14 8 4 2 -0.566797 -0.366436 -0.463412 -0.424527 -0.444876 -0.438846 -0.442858 -0.442265 -0.443029 -0.443507 -0.442998 -0.443039 -0.443147 -0.443848 -0.443141 -0.443126 -0.44314 -0.443848 -0.443146 -0.443041 -0.442995 -0.44351 -0.443026 -0.442266 -0.442857 -0.438846 -0.444875 -0.424528 -0.463413 -0.366435 -0.566797 
15.1 -13.8348 0.688143 2 4 8 15 17 21 21 22 23 24 25 26 26 27 26 26 26 27 26 26 25 24 23 22 21 21 18 15 8 4 2 -0.570216 -0.3646 -0.465119 -0.42377 -0.445435 -0.438656 -0.443016 -0.442286 -0.443057 -0.443481 -0.443002 -0.443039 -0.44316 -0.443858 -0.443131 -0.443109 -0.443131 -0.443858 -0.443159 -0.443041 -0.442999 -0.443485 -0.443054 -0.442287 -0.443016 -0.438656 -0.445434 -0.423771 -0.465119 -0.364599 -0.570217 
15.2 -13.8406 0.690723 2 4 8 15 18 21 21 22 23 24 25 26 26 27 26 26 26 27 26 26 25 24 23 22 21 21 18 15 8 4 2 -0.573518 -0.362762 -0.466834 -0.422961 -0.446007 -0.438438 -0.443175 -0.442298 -0.443083 -0.443448 -0.443007 -0.443047 -0.443172 -0.443857 -0.443122 -0.443101 -0.443122 -0.443858 -0.443171 -0.443049 -0.443003 -0.443452 -0.44308 -0.442299 -0.443175 -0.438438 -0.446006 -0.422961 -0.466835 -0.362761 -0.573519 
15.3 -13.846 0.6933 2 4 8 15 18 22 21 22 23 24 26 26 26 27 26 26 26 27 26 26 26 24 23 22 21 22 18 15 8 4 2 -0.576702 -0.360927 -0.468557 -0.422101 -0.446594 -0.438191 -0.443336 -0.4423 -0.443107 -0.443406 -0.443013 -0.443063 -0.443183 -0.443846 -0.443113 -0.443104 -0.443113 -0.443847 -0.443182 -0.443066 -0.44301 -0.44341 -0.443104 -0.442301 -0.443336 -0.438191 -0.446594 -0.4221 -0.468558 -0.360926 -0.576702 
15.4 -13.8511 0.695875 2 4 8 15 18 22 22 23 24 25 26 26 27 27 27 27 27 27 27 26 26 25 24 23 22 22 18 15 8 4 2 -0.579766 -0.359103 -0.470289 -0.421191 -0.447197 -0.437916 -0.443499 -0.442291 -0.44313 -0.443358 -0.44302 -0.443088 -0.443193 -0.443826 -0.443106 -0.443115 -0.443106 -0.443826 -0.443192 -0.44309 -0.443017 -0.443362 -0.443127 -0.442291 -0.443499 -0.437916 -0.447197 -0.421191 -0.47029 -0.359102 -0.579767 
15.5 -13.8558 0.698445 2 4 8 15 18 22 23 23 24 25 26 26 27 28 27 27 27 28 27 26 26 25 24 23 22 22 18 15 8 4 2 -0.582712 -0.357295 -0.472027 -0.420235 -0.447817 -0.437612 -0.443666 -0.442268 -0.443153 -0.443304 -0.443029 -0.44312 -0.4432 -0.443796 -0.4431 -0.443136 -0.4431 -0.443796 -0.4432 -0.443122 -0.443025 -0.443307 -0.443151 -0.442269 -0.443665 -0.437612 -0.447817 -0.420233 -0.472028 -0.357294 -0.582712 
15.6 -13.8602 0.701011 2 4 8 16 19 22 23 23 24 26 26 27 27 28 27 28 27 28 27 27 26 26 24 23 23 22 19 16 8 4 2 -0.585539 -0.355508 -0.473771 -0.419232 -0.448456 -0.437278 -0.443836 -0.442231 -0.443176 -0.443244 -0.443038 -0.443158 -0.443206 -0.443758 -0.443095 -0.443164 -0.443095 -0.443758 -0.443206 -0.443159 -0.443035 -0.443247 -0.443174 -0.442231 -0.443836 -0.437279 -0.448456 -0.419231 -0.473772 -0.355507 -0.585539 
15.7 -13.8643 0.703571 2 4 8 16 19 22 23 23 25 26 26 27 28 28 27 28 27 28 28 27 26 26 25 23 23 22 19 16 8 4 2 -0.58825 -0.353748 -0.47552 -0.418187 -0.449113 -0.436915 -0.444011 -0.442177 -0.4432 -0.44318 -0.443048 -0.443201 -0.44321 -0.443712 -0.443091 -0.443199 -0.443091 -0.443712 -0.443209 -0.443202 -0.443045 -0.443183 -0.443199 -0.442178 -0.44401 -0.436915 -0.449113 -0.418185 -0.475522 -0.353746 -0.58825 
15.8 -13.8681 0.706123 2 4 8 16 19 22 24 23 26 26 27 28 28 28 27 28 27 28 28 28 27 26 26 23 24 22 19 16 8 4 2 -0.590846 -0.352017 -0.477274 -0.4171 -0.44979 -0.436521 -0.444192 -0.442106 -0.443226 -0.443112 -0.443059 -0.443248 -0.443211 -0.44366 -0.443089 -0.443239 -0.443089 -0.44366 -0.443211 -0.443249 -0.443057 -0.443114 -0.443225 -0.442107 -0.444191 -0.436522 -0.44979 -0.417098 -0.477276 -0.352016 -0.590846 
15.9 -13.8717 0.708665 2 4 8 16 20 22 24 24 26 26 27 28 28 28 28 28 28 28 28 28 27 26 26 24 24 22 20 16 8 4 2 -0.593329 -0.350319 -0.479031 -0.415975 -0.450488 -0.436096 -0.444379 -0.442016 -0.443255 -0.44304 -0.443072 -0.443298 -0.44321 -0.443604 -0.443088 -0.443284 -0.443088 -0.443603 -0.44321 -0.443299 -0.44307 -0.443042 -0.443254 -0.442017 -0.444378 -0.436097 -0.450488 -0.415973 -0.479033 -0.350318 -0.59333 
16 -13.875 0.711194 2 4 8 16 20 22 24 25 26 27 27 28 28 29 29 29 29 29 28 28 27 27 26 25 24 22 20 16 8 4 2 -0.595704 -0.348657 -0.480791 -0.414813 -0.451207 -0.43564 -0.444574 -0.441906 -0.443286 -0.442967 -0.443085 -0.443349 -0.443207 -0.443544 -0.443088 -0.443332 -0.443089 -0.443543 -0.443207 -0.443349 -0.443084 -0.442968 -0.443286 -0.441906 -0.444573 -0.435642 -0.451207 -0.414812 -0.480792 -0.348656 -0.595704 
16.1 -13.878 0.713709 2 4 8 16 20 23 25 25 26 27 28 28 28 29 29 30 29 29 28 28 28 27 26 25 25 23 20 16 8 4 2 -0.597972 -0.347032 -0.482552 -0.413618 -0.451948 -0.435153 -0.444778 -0.441774 -0.443321 -0.442891 -0.443101 -0.443399 -0.443201 -0.443482 -0.44309 -0.443383 -0.44309 -0.443482 -0.443201 -0.443399 -0.4431 -0.442891 -0.443322 -0.441775 -0.444776 -0.435155 -0.451948 -0.413617 -0.482553 -0.347032 -0.597972 
16.2 -13.8808 0.716206 2 4 8 16 20 23 25 25 26 27 28 28 28 29 29 30 29 29 28 28 28 27 26 25 25 23 20 16 8 4 2 -0.600138 -0.345447 -0.484313 -0.412393 -0.452711 -0.434635 -0.444991 -0.44162 -0.443361 -0.442813 -0.443117 -0.443447 -0.443194 -0.44342 -0.443093 -0.443433 -0.443093 -0.44342 -0.443194 -0.443447 -0.443117 -0.442813 -0.443362 -0.44162 -0.444989 -0.434637 -0.452711 -0.412392 -0.484314 -0.345447 -0.600138 
16.3 -13.8834 0.718684 2 4 8 16 20 23 25 26 27 27 28 28 29 29 30 31 30 29 29 28 28 27 27 26 25 23 20 16 8 4 2 -0.602205 -0.343902 -0.486074 -0.41114 -0.453497 -0.434085 -0.445214 -0.441443 -0.443405 -0.442734 -0.443136 -0.44349 -0.443185 -0.443359 -0.443096 -0.443483 -0.443096 -0.443359 -0.443185 -0.44349 -0.443136 -0.442734 -0.443406 -0.441443 -0.445212 -0.434087 -0.453497 -0.411139 -0.486075 -0.343902 -0.602205 
16.4 -13.8858 0.721139 2 4 8 16 20 23 25 26 27 28 28 29 29 30 31 31 31 30 29 29 28 28 27 26 25 23 20 16 8 4 2 -0.604177 -0.342397 -0.487832 -0.409862 -0.454307 -0.433503 -0.445448 -0.441241 -0.443454 -0.442654 -0.443156 -0.443529 -0.443175 -0.4433 -0.4431 -0.443531 -0.4431 -0.4433 -0.443175 -0.443529 -0.443156 -0.442653 -0.443455 -0.441241 -0.445446 -0.433506 -0.454306 -0.409861 -0.487832 -0.342397 -0.604177 
16.5 -13.888 0.723569 2 4 8 16 20 23 27 27 27 28 29 29 30 31 31 31 31 31 30 29 29 28 27 27 27 23 20 16 8 4 2 -0.60606 -0.340934 -0.489586 -0.408563 -0.455139 -0.43289 -0.445694 -0.441015 -0.443509 -0.442573 -0.443178 -0.44356 -0.443164 -0.443245 -0.443105 -0.443575 -0.443105 -0.443245 -0.443164 -0.44356 -0.443179 -0.442572 -0.44351 -0.441015 -0.445692 -0.432892 -0.455138 -0.408562 -0.489586 -0.340934 -0.60606 
16.6 -13.89 0.725972 2 4 8 16 21 23 27 27 28 29 29 30 30 31 31 31 31 31 30 30 29 29 28 27 27 23 21 16 8 4 2 -0.607857 -0.339511 -0.491334 -0.407246 -0.455994 -0.432245 -0.445953 -0.440763 -0.443569 -0.442492 -0.443202 -0.443582 -0.443153 -0.443195 -0.44311 -0.443614 -0.443111 -0.443195 -0.443153 -0.443582 -0.443203 -0.44249 -0.443571 -0.440763 -0.445951 -0.432247 -0.455994 -0.407244 -0.491335 -0.339511 -0.607856 
16.7 -13.8919 0.728346 2 4 8 16 21 23 27 27 28 30 30 30 31 31 31 31 31 31 31 30 30 30 28 27 27 23 21 16 8 4 2 -0.609572 -0.338128 -0.493076 -0.405913 -0.456873 -0.431569 -0.446226 -0.440486 -0.443636 -0.442409 -0.443228 -0.443595 -0.443142 -0.44315 -0.443116 -0.443648 -0.443116 -0.44315 -0.443142 -0.443595 -0.443229 -0.442407 -0.443637 -0.440486 -0.446225 -0.43157 -0.456873 -0.405912 -0.493077 -0.338128 -0.609572 
16.8 -13.8936 0.730689 2 4 8 16 21 23 28 28 28 30 30 31 31 31 32 31 32 31 31 31 30 30 28 28 27 23 21 16 8 4 2 -0.611211 -0.336784 -0.494809 -0.404569 -0.457774 -0.430861 -0.446514 -0.440184 -0.443708 -0.442325 -0.443256 -0.443596 -0.443133 -0.443111 -0.443122 -0.443675 -0.443122 -0.443112 -0.443132 -0.443597 -0.443257 -0.442323 -0.44371 -0.440184 -0.446513 -0.430861 -0.457776 -0.404567 -0.494809 -0.336785 -0.611211 
16.9 -13.8952 0.732999 2 4 8 16 22 23 28 29 29 30 31 31 31 32 32 32 32 32 31 31 30 30 29 29 28 23 22 16 8 4 2 -0.612778 -0.335478 -0.496531 -0.403217 -0.458699 -0.430123 -0.446818 -0.439856 -0.443787 -0.442239 -0.443286 -0.443586 -0.443124 -0.44308 -0.443128 -0.443695 -0.443128 -0.44308 -0.443123 -0.443586 -0.443287 -0.442237 -0.443789 -0.439855 -0.446818 -0.430122 -0.458701 -0.403214 -0.496532 -0.335479 -0.612778 
17 -13.8966 0.735277 2 4 8 16 22 24 28 29 30 30 31 31 32 33 32 32 32 33 32 31 31 30 30 29 28 24 22 16 8 4 2 -0.614278 -0.33421 -0.498241 -0.401858 -0.459646 -0.429354 -0.447139 -0.439502 -0.443873 -0.442151 -0.443317 -0.443564 -0.443117 -0.443056 -0.443134 -0.443707 -0.443134 -0.443056 -0.443116 -0.443564 -0.443318 -0.442149 -0.443875 -0.439501 -0.44714 -0.429351 -0.45965 -0.401856 -0.498242 -0.334211 -0.614277 
17.1 -13.8979 0.737521 2 4 8 16 22 24 28 29 30 31 32 32 32 33 32 32 32 33 32 32 31 31 30 29 28 24 22 16 8 4 2 -0.615714 -0.332977 -0.499938 -0.400497 -0.460617 -0.428554 -0.447477 -0.439122 -0.443967 -0.44206 -0.44335 -0.443528 -0.443112 -0.443039 -0.443139 -0.443711 -0.443139 -0.443039 -0.443111 -0.443529 -0.443351 -0.442058 -0.443968 -0.439121 -0.44748 -0.42855 -0.460621 -0.400494 -0.499939 -0.332978 -0.615714 
17.2 -13.8991 0.73973 2 4 8 16 22 24 30 29 31 32 32 32 33 33 32 32 32 33 33 32 32 32 31 29 30 24 22 16 8 4 2 -0.617092 -0.331778 -0.501618 -0.399136 -0.46161 -0.427724 -0.447836 -0.438717 -0.444068 -0.441965 -0.443384 -0.443481 -0.44311 -0.443029 -0.443145 -0.443706 -0.443145 -0.44303 -0.443109 -0.443481 -0.443386 -0.441963 -0.444069 -0.438716 -0.44784 -0.427718 -0.461616 -0.399132 -0.501619 -0.331779 -0.617091 
17.3 -13.9002 0.741906 2 4 8 16 22 24 30 29 31 32 32 32 33 33 32 33 32 33 33 32 32 32 31 30 30 24 22 16 8 4 2 -0.618415 -0.330611 -0.503281 -0.397778 -0.462625 -0.426865 -0.448215 -0.438287 -0.444177 -0.441864 -0.44342 -0.44342 -0.44311 -0.443027 -0.44315 -0.443694 -0.443149 -0.443028 -0.44311 -0.44342 -0.443421 -0.441863 -0.444177 -0.438285 -0.44822 -0.426857 -0.462633 -0.397773 -0.503283 -0.330612 -0.618415 
17.4 -13.9012 0.744048 2 4 8 16 22 25 30 30 32 32 32 32 33 33 33 34 33 33 33 32 32 32 32 30 30 25 22 16 8 4 2 -0.619688 -0.329476 -0.504926 -0.396424 -0.463664 -0.425976 -0.448616 -0.437831 -0.444295 -0.441757 -0.443456 -0.443348 -0.443113 -0.443032 -0.443154 -0.443673 -0.443154 -0.443032 -0.443113 -0.443347 -0.443458 -0.441755 -0.444295 -0.437829 -0.448622 -0.425966 -0.463673 -0.396419 -0.504927 -0.329477 -0.619687 
17.5 -13.9021 0.746159 2 4 8 16 22 25 30 30 32 32 32 32 33 33 33 34 33 33 33 32 32 32 32 30 30 25 22 16 8 4 2 -0.620914 -0.328369 -0.506551 -0.395076 -0.464725 -0.425058 -0.44904 -0.43735 -0.444423 -0.441641 -0.443494 -0.443264 -0.443119 -0.443042 -0.443158 -0.443645 -0.443158 -0.443043 -0.443119 -0.443263 -0.443495 -0.44164 -0.444423 -0.437348 -0.449047 -0.425046 -0.464735 -0.39507 -0.506552 -0.32837 -0.620914 
17.6 -13.9029 0.748239 2 4 8 16 22 25 31 31 32 32 33 32 33 33 34 34 34 33 33 32 33 32 32 31 31 25 22 16 8 4 2 -0.622098 -0.327289 -0.508154 -0.393736 -0.465809 -0.424111 -0.449488 -0.436845 -0.444561 -0.441515 -0.443532 -0.44317 -0.443127 -0.443058 -0.443161 -0.443609 -0.443161 -0.443058 -0.443128 -0.443169 -0.443534 -0.441514 -0.444561 -0.436842 -0.449497 -0.424098 -0.46582 -0.39373 -0.508156 -0.32729 -0.622097 
17.7 -13.9037 0.75029 2 4 8 16 22 25 31 32 32 32 33 33 33 34 34 34 34 34 33 33 33 32 33 32 31 25 22 16 8 4 2 -0.623242 -0.326235 -0.509737 -0.392404 -0.466917 -0.423136 -0.449963 -0.436315 -0.44471 -0.441377 -0.443571 -0.443066 -0.443138 -0.443079 -0.443163 -0.443567 -0.443163 -0.443078 -0.443139 -0.443064 -0.443574 -0.441376 -0.44471 -0.436312 -0.449972 -0.423122 -0.466928 -0.392398 -0.509738 -0.326235 -0.623241 
17.8 -13.9044 0.752314 2 4 8 16 23 25 31 32 33 32 33 34 33 34 35 35 35 34 33 34 33 32 33 32 31 25 23 16 8 4 2 -0.62435 -0.325203 -0.511297 -0.391082 -0.468048 -0.422132 -0.450464 -0.43576 -0.444872 -0.441225 -0.443612 -0.442954 -0.443152 -0.443102 -0.443165 -0.44352 -0.443165 -0.443102 -0.443153 -0.442951 -0.443615 -0.441224 -0.444872 -0.435757 -0.450474 -0.422118 -0.468059 -0.391077 -0.511298 -0.325204 -0.624349 
17.9 -13.905 0.754313 2 4 8 16 23 25 31 32 34 33 34 34 34 34 35 36 35 34 34 34 34 33 34 32 31 25 23 16 8 4 2 -0.625425 -0.324193 -0.512835 -0.38977 -0.469202 -0.421102 -0.450995 -0.435182 -0.445047 -0.441056 -0.443654 -0.442834 -0.443167 -0.443128 -0.443167 -0.443469 -0.443167 -0.443127 -0.44317 -0.442831 -0.443657 -0.441055 -0.445047 -0.435178 -0.451005 -0.421087 -0.469213 -0.389765 -0.512836 -0.324194 -0.625425 
18 -13.9055 0.756291 2 4 8 16 23 25 31 32 34 34 34 34 34 35 35 36 35 35 34 35 34 34 34 32 31 25 23 16 8 4 2 -0.62647 -0.323202 -0.514352 -0.388467 -0.47038 -0.420044 -0.451555 -0.434579 -0.445237 -0.44087 -0.443699 -0.442707 -0.443185 -0.443154 -0.443168 -0.443413 -0.443168 -0.443153 -0.443188 -0.442704 -0.443702 -0.440868 -0.445237 -0.434576 -0.451564 -0.420031 -0.47039 -0.388463 -0.514352 -0.323203 -0.62647 
18.1 -13.9061 0.75825 2 4 8 16 23 25 31 32 34 34 34 35 34 35 35 36 35 35 34 35 34 34 34 32 31 25 23 16 8 4 2 -0.627487 -0.322228 -0.515846 -0.387174 -0.471582 -0.41896 -0.452146 -0.433953 -0.445443 -0.440662 -0.443746 -0.442575 -0.443205 -0.443179 -0.443169 -0.443356 -0.443169 -0.443178 -0.443208 -0.442571 -0.443749 -0.44066 -0.445443 -0.43395 -0.452155 -0.418949 -0.47159 -0.387172 -0.515846 -0.322229 -0.627487 
18.2 -13.9065 0.760192 2 4 8 16 23 26 32 33 34 34 34 35 35 35 36 36 36 35 35 36 34 34 34 33 32 26 23 16 8 4 2 -0.62848 -0.32127 -0.51732 -0.385889 -0.472807 -0.417852 -0.452768 -0.433303 -0.445665 -0.440432 -0.443796 -0.442438 -0.443226 -0.443202 -0.44317 -0.443296 -0.443169 -0.443202 -0.443229 -0.442433 -0.443799 -0.44043 -0.445665 -0.433301 -0.452776 -0.417842 -0.472813 -0.385889 -0.517318 -0.321271 -0.628479 
18.3 -13.907 0.762121 2 4 8 16 23 26 32 33 35 34 35 35 35 35 36 36 36 35 35 36 35 34 35 33 32 26 23 16 8 4 2 -0.629449 -0.320325 -0.518773 -0.384613 -0.474056 -0.416719 -0.453424 -0.432631 -0.445905 -0.440177 -0.443851 -0.442296 -0.443249 -0.443222 -0.44317 -0.443237 -0.44317 -0.443221 -0.443252 -0.442292 -0.443854 -0.440175 -0.445906 -0.432628 -0.45343 -0.416712 -0.474059 -0.384614 -0.518771 -0.320326 -0.629448 
18.4 -13.9073 0.76404 2 4 8 16 23 26 32 33 35 35 35 36 35 36 36 36 36 36 35 36 35 35 35 33 32 26 23 16 8 4 2 -0.630396 -0.319392 -0.520208 -0.383344 -0.475327 -0.415565 -0.454113 -0.431936 -0.446164 -0.439896 -0.44391 -0.44215 -0.443273 -0.443236 -0.443171 -0.443177 -0.443171 -0.443236 -0.443276 -0.442146 -0.443913 -0.439894 -0.446165 -0.431933 -0.454117 -0.41556 -0.475328 -0.383347 -0.520204 -0.319393 -0.630396 
18.5 -13.9077 0.765951 2 4 8 16 23 26 32 34 35 35 35 36 35 36 36 37 36 36 35 36 35 35 35 34 32 26 23 16 8 4 2 -0.631324 -0.31847 -0.521624 -0.38208 -0.476622 -0.414389 -0.454835 -0.431218 -0.446443 -0.439587 -0.443976 -0.442 -0.443299 -0.443244 -0.443173 -0.443119 -0.443172 -0.443244 -0.443302 -0.441997 -0.443978 -0.439585 -0.446444 -0.431216 -0.454837 -0.414388 -0.476619 -0.382086 -0.52162 -0.318471 -0.631324 
18.6 -13.908 0.767857 2 4 8 16 24 26 32 34 35 36 35 36 36 36 36 37 36 36 36 36 35 36 35 34 32 26 24 16 8 4 2 -0.632234 -0.317557 -0.523023 -0.380822 -0.477938 -0.413193 -0.455592 -0.430478 -0.446742 -0.439249 -0.444048 -0.441847 -0.443327 -0.443244 -0.443175 -0.443063 -0.443175 -0.443244 -0.443329 -0.441845 -0.44405 -0.439247 -0.446744 -0.430477 -0.455592 -0.413196 -0.477932 -0.380829 -0.523018 -0.317558 -0.632234 
18.7 -13.9083 0.76976 2 4 8 16 24 26 32 34 36 36 35 37 36 36 36 37 36 36 36 37 35 36 36 34 32 26 24 16 8 4 2 -0.633126 -0.316653 -0.524407 -0.379567 -0.479275 -0.411981 -0.456383 -0.429716 -0.447064 -0.438881 -0.444129 -0.44169 -0.443356 -0.443234 -0.443179 -0.443009 -0.443178 -0.443234 -0.443357 -0.441689 -0.44413 -0.438879 -0.447066 -0.429715 -0.45638 -0.411988 -0.479265 -0.379576 -0.524401 -0.316654 -0.633126 
18.8 -13.9085 0.771663 2 4 8 16 24 26 32 34 36 36 35 37 36 36 36 37 36 36 36 37 35 36 36 34 32 26 24 16 8 4 2 -0.634002 -0.315756 -0.525776 -0.378315 -0.480631 -0.410753 -0.457208 -0.428933 -0.447407 -0.438482 -0.444218 -0.441529 -0.443387 -0.443213 -0.443183 -0.442958 -0.443183 -0.443214 -0.443388 -0.441528 -0.444218 -0.438481 -0.44741 -0.428933 -0.457203 -0.410764 -0.480618 -0.378326 -0.52577 -0.315757 -0.634002 
18.9 -13.9088 0.773568 2 4 8 16 24 26 32 34 36 37 35 37 36 36 36 37 36 36 36 37 36 37 36 34 32 26 24 16 8 4 2 -0.634861 -0.314866 -0.527132 -0.377066 -0.482005 -0.409513 -0.458066 -0.428129 -0.447774 -0.438053 -0.444317 -0.441363 -0.443421 -0.443181 -0.443189 -0.442911 -0.443189 -0.443182 -0.443421 -0.441363 -0.444316 -0.438052 -0.447777 -0.428129 -0.458059 -0.409527 -0.48199 -0.377078 -0.527126 -0.314867 -0.634861 
19 -13.909 0.775477 2 4 8 16 24 26 32 35 36 37 36 37 36 36 36 37 36 36 36 37 36 37 36 35 32 26 24 16 8 4 2 -0.635704 -0.313983 -0.528475 -0.375817 -0.483394 -0.408263 -0.458957 -0.427304 -0.448165 -0.437592 -0.444427 -0.441191 -0.443457 -0.443136 -0.443197 -0.442867 -0.443197 -0.443137 -0.443456 -0.441193 -0.444425 -0.437591 -0.448167 -0.427305 -0.458948 -0.40828 -0.483377 -0.37583 -0.528469 -0.313983 -0.635705 
19.1 -13.9092 0.777391 2 4 8 16 24 26 32 35 36 37 37 37 37 37 36 37 36 37 37 37 37 37 36 35 32 26 24 16 8 4 2 -0.636532 -0.313107 -0.529806 -0.37457 -0.484798 -0.407005 -0.459881 -0.426458 -0.44858 -0.4371 -0.444548 -0.441012 -0.443496 -0.443077 -0.443207 -0.442826 -0.443207 -0.443078 -0.443494 -0.441015 -0.444545 -0.4371 -0.448583 -0.42646 -0.45987 -0.407024 -0.484779 -0.374583 -0.5298 -0.313108 -0.636533 
19.2 -13.9094 0.779312 2 4 8 16 24 26 33 35 36 37 37 37 37 38 37 38 37 38 37 37 37 37 36 35 33 26 24 16 8 4 2 -0.637343 -0.312239 -0.531125 -0.373324 -0.486213 -0.405742 -0.460836 -0.425593 -0.44902 -0.436578 -0.444682 -0.440826 -0.443539 -0.443004 -0.443219 -0.442788 -0.443219 -0.443005 -0.443536 -0.44083 -0.444678 -0.436578 -0.449023 -0.425595 -0.460823 -0.405763 -0.486193 -0.373337 -0.53112 -0.312239 -0.637344 
19.3 -13.9095 0.78124 2 4 8 16 24 26 33 35 36 38 37 38 37 38 38 39 38 38 37 37 37 38 36 35 33 26 24 16 8 4 2 -0.638138 -0.31138 -0.532433 -0.372079 -0.487636 -0.404478 -0.461821 -0.424707 -0.449486 -0.436026 -0.444829 -0.440631 -0.443585 -0.442916 -0.443234 -0.442753 -0.443233 -0.442918 -0.443581 -0.440636 -0.444825 -0.436027 -0.449488 -0.42471 -0.461807 -0.404499 -0.487616 -0.372091 -0.532428 -0.31138 -0.638139 
19.4 -13.9097 0.783176 2 4 8 16 24 26 33 35 36 38 37 38 38 38 39 39 39 38 38 38 37 38 36 35 33 26 24 16 8 4 2 -0.638916 -0.310531 -0.533727 -0.370837 -0.489065 -0.403213 -0.462835 -0.423802 -0.449978 -0.435445 -0.444991 -0.440425 -0.443635 -0.442814 -0.44325 -0.44272 -0.44325 -0.442816 -0.443631 -0.440431 -0.444985 -0.435447 -0.44998 -0.423805 -0.46282 -0.403235 -0.489046 -0.370848 -0.533724 -0.31053 -0.638917 
19.5 -13.9098 0.785121 2 4 8 16 24 26 33 35 37 38 37 38 38 38 39 39 39 38 38 39 37 38 37 35 33 26 24 16 8 4 2 -0.639675 -0.309694 -0.535009 -0.369599 -0.490498 -0.401952 -0.463876 -0.422878 -0.450497 -0.434837 -0.445167 -0.440207 -0.44369 -0.442697 -0.44327 -0.442689 -0.44327 -0.442698 -0.443685 -0.440214 -0.445161 -0.434839 -0.450498 -0.422882 -0.463862 -0.401974 -0.49048 -0.369607 -0.535007 -0.309692 -0.639676 
19.6 -13.9099 0.787075 2 4 8 16 24 26 33 35 37 38 37 38 38 38 39 39 39 38 38 39 37 38 37 35 33 26 24 16 8 4 2 -0.640416 -0.308869 -0.536277 -0.368365 -0.49193 -0.400697 -0.464944 -0.421935 -0.451043 -0.434201 -0.445359 -0.439976 -0.443749 -0.442564 -0.443291 -0.442658 -0.443292 -0.442566 -0.443744 -0.439984 -0.445353 -0.434204 -0.451043 -0.421939 -0.46493 -0.400717 -0.491914 -0.368371 -0.536276 -0.308868 -0.640417 
19.7 -13.91 0.789038 2 4 8 16 24 26 33 35 37 38 38 39 38 39 39 40 39 39 38 39 38 38 37 35 33 26 24 16 8 4 2 -0.641136 -0.308061 -0.537529 -0.367138 -0.493358 -0.39945 -0.466037 -0.420974 -0.451617 -0.433541 -0.445568 -0.43973 -0.443814 -0.442418 -0.443316 -0.442626 -0.443316 -0.442419 -0.443809 -0.439737 -0.445561 -0.433544 -0.451616 -0.420978 -0.466023 -0.399468 -0.493345 -0.367142 -0.53753 -0.308059 -0.641137 
19.8 -13.9101 0.79101 2 4 8 16 24 26 33 35 37 38 38 39 38 39 39 40 39 39 38 39 38 38 37 35 33 26 24 16 8 4 2 -0.641835 -0.30727 -0.538763 -0.36592 -0.494781 -0.398213 -0.467152 -0.419994 -0.452218 -0.432857 -0.445794 -0.439467 -0.443884 -0.442257 -0.443343 -0.442592 -0.443343 -0.442258 -0.44388 -0.439474 -0.445787 -0.43286 -0.452217 -0.419999 -0.46714 -0.398229 -0.494771 -0.365922 -0.538766 -0.307267 -0.641836 
19.9 -13.9102 0.792991 2 4 8 16 24 26 33 35 37 38 39 39 39 40 39 40 39 40 39 39 39 38 37 35 33 26 24 16 8 4 2 -0.642512 -0.306499 -0.539978 -0.364714 -0.496193 -0.396988 -0.46829 -0.418997 -0.452849 -0.43215 -0.446038 -0.439186 -0.443961 -0.442083 -0.443372 -0.442554 -0.443373 -0.442084 -0.443957 -0.439192 -0.446032 -0.432154 -0.452846 -0.419002 -0.468278 -0.397001 -0.496186 -0.364713 -0.539982 -0.306496 -0.642513 
20 -13.9102 0.794981 2 4 8 16 24 26 33 35 38 38 39 39 39 41 39 40 39 41 39 39 39 38 38 35 33 26 24 16 8 4 2 -0.643165 -0.305751 -0.541171 -0.363522 -0.497593 -0.395776 -0.469448 -0.417981 -0.453508 -0.431422 -0.446302 -0.438885 -0.444044 -0.441895 -0.443404 -0.442512 -0.443405 -0.441896 -0.444041 -0.43889 -0.446296 -0.431426 -0.453504 -0.417987 -0.469438 -0.395787 -0.497589 -0.363519 -0.541176 -0.305748 -0.643165 
20.1 -13.9103 0.79698 2 4 8 16 24 26 33 35 38 38 39 40 40 41 39 40 39 41 40 40 39 38 38 35 33 26 24 16 8 4 2 -0.643793 -0.305028 -0.542339 -0.362348 -0.498977 -0.39458 -0.470625 -0.416949 -0.454197 -0.430674 -0.446585 -0.438561 -0.444135 -0.441695 -0.443439 -0.442464 -0.44344 -0.441696 -0.444132 -0.438566 -0.44658 -0.430679 -0.454192 -0.416956 -0.470616 -0.394588 -0.498977 -0.362342 -0.542345 -0.305026 -0.643793 
20.2 -13.9104 0.798988 2 4 8 16 24 26 33 35 38 38 40 40 40 41 39 40 39 41 40 40 39 38 38 35 33 26 24 16 8 4 2 -0.644395 -0.304333 -0.543481 -0.361195 -0.500343 -0.393399 -0.471819 -0.4159 -0.454915 -0.429908 -0.446889 -0.438215 -0.444233 -0.441484 -0.443476 -0.442407 -0.443477 -0.441484 -0.444231 -0.438218 -0.446885 -0.429913 -0.454909 -0.415908 -0.471811 -0.393404 -0.500346 -0.361187 -0.543487 -0.30433 -0.644395 
20.3 -13.9104 0.801005 2 4 8 16 24 26 33 35 38 38 40 40 40 41 40 41 39 41 40 40 40 38 38 35 33 26 24 16 8 4 2 -0.64497 -0.303667 -0.544593 -0.360065 -0.501688 -0.392236 -0.473029 -0.414836 -0.455663 -0.429124 -0.447215 -0.437844 -0.44434 -0.44126 -0.443516 -0.442341 -0.443517 -0.44126 -0.444338 -0.437846 -0.447212 -0.429129 -0.455656 -0.414844 -0.473023 -0.392237 -0.501693 -0.360055 -0.544599 -0.303665 -0.64497 
20.4 -13.9105 0.803032 2 4 8 16 24 26 33 35 38 38 40 40 41 41 40 41 40 41 41 40 40 38 38 35 33 26 24 16 8 4 2 -0.645517 -0.303034 -0.545672 -0.358961 -0.50301 -0.391089 -0.474254 -0.413756 -0.456441 -0.428325 -0.447563 -0.437447 -0.444455 -0.441026 -0.443559 -0.442263 -0.44356 -0.441025 -0.444454 -0.437447 -0.447561 -0.42833 -0.456432 -0.413765 -0.474248 -0.391088 -0.503018 -0.358951 -0.545679 -0.303032 -0.645517 
20.5 -13.9105 0.80507 2 4 8 16 24 26 33 35 38 38 40 40 41 41 40 42 40 41 41 40 40 38 38 35 33 26 24 16 8 4 2 -0.646036 -0.302434 -0.546718 -0.357888 -0.504308 -0.389959 -0.475491 -0.412662 -0.457249 -0.427511 -0.447934 -0.437023 -0.44458 -0.440781 -0.443604 -0.442173 -0.443605 -0.44078 -0.44458 -0.437022 -0.447933 -0.427516 -0.457239 -0.412672 -0.475486 -0.389956 -0.504317 -0.357877 -0.546724 -0.302433 -0.646035 
20.6 -13.9106 0.80712 2 4 8 16 24 26 33 35 38 38 40 40 41 41 41 42 41 41 41 40 40 38 38 35 33 26 24 16 8 4 2 -0.646525 -0.301869 -0.547726 -0.356846 -0.505579 -0.388846 -0.47674 -0.411555 -0.458086 -0.426683 -0.448329 -0.43657 -0.444715 -0.440525 -0.443653 -0.442068 -0.443654 -0.440524 -0.444716 -0.436568 -0.44833 -0.426688 -0.458075 -0.411566 -0.476736 -0.388842 -0.505589 -0.356836 -0.547731 -0.301868 -0.646525 
20.7 -13.9106 0.809183 2 4 8 16 24 26 33 35 38 38 40 40 41 42 41 43 41 41 42 40 40 39 38 35 33 26 24 16 8 4 2 -0.646985 -0.30134 -0.548696 -0.35584 -0.506822 -0.38775 -0.477998 -0.410437 -0.458952 -0.425843 -0.448749 -0.43609 -0.444861 -0.440258 -0.443706 -0.441946 -0.443706 -0.440258 -0.444863 -0.436086 -0.448751 -0.425848 -0.45894 -0.410448 -0.477995 -0.387744 -0.506833 -0.355831 -0.5487 -0.30134 -0.646984 
20.8 -13.9106 0.811262 2 4 8 16 24 26 33 35 38 38 40 40 41 42 42 44 42 42 42 40 40 39 38 35 33 26 24 16 8 4 2 -0.647416 -0.300848 -0.549626 -0.354871 -0.508037 -0.38667 -0.479265 -0.409308 -0.459846 -0.42499 -0.449195 -0.43558 -0.445019 -0.439981 -0.443763 -0.441806 -0.443762 -0.43998 -0.445021 -0.435576 -0.449197 -0.424995 -0.459835 -0.409319 -0.479263 -0.386663 -0.508048 -0.354862 -0.549628 -0.300849 -0.647415 
20.9 -13.9107 0.81336 2 4 8 16 24 26 33 35 38 38 40 41 42 42 43 44 43 42 42 41 40 39 38 35 33 26 24 16 8 4 2 -0.647816 -0.300393 -0.550514 -0.353941 -0.509223 -0.385605 -0.480538 -0.408171 -0.460768 -0.424127 -0.449666 -0.43504 -0.44519 -0.439692 -0.443824 -0.441647 -0.443823 -0.439692 -0.445192 -0.435036 -0.449669 -0.424131 -0.460756 -0.408182 -0.480536 -0.385597 -0.509234 -0.353934 -0.550515 -0.300395 -0.647815 
21 -13.9107 0.815478 2 4 8 16 24 26 33 35 38 38 41 41 42 42 43 44 43 42 42 41 40 39 38 35 33 27 24 16 8 4 2 -0.648188 -0.299975 -0.551359 -0.353051 -0.51038 -0.384554 -0.481816 -0.407027 -0.461717 -0.423253 -0.450164 -0.434471 -0.445374 -0.439391 -0.44389 -0.441466 -0.443889 -0.439391 -0.445376 -0.434466 -0.450167 -0.423257 -0.461705 -0.407038 -0.481815 -0.384546 -0.51039 -0.353046 -0.551359 -0.299978 -0.648187 
21.1 -13.9107 0.817621 2 4 8 16 24 26 33 35 38 38 41 41 42 43 44 44 43 43 42 41 40 39 38 35 33 27 24 16 8 4 2 -0.648531 -0.299594 -0.552162 -0.352203 -0.511508 -0.383517 -0.483096 -0.405879 -0.462692 -0.422369 -0.450688 -0.433873 -0.445572 -0.439078 -0.443962 -0.441263 -0.44396 -0.439079 -0.445574 -0.433868 -0.450691 -0.422373 -0.46268 -0.40589 -0.483096 -0.383509 -0.511516 -0.352199 -0.552161 -0.299597 -0.648529 
21.2 -13.9107 0.819791 2 4 8 16 24 26 33 35 38 38 41 41 43 44 45 45 45 44 43 41 41 39 38 35 33 27 24 16 8 4 2 -0.648846 -0.299248 -0.552922 -0.351397 -0.512607 -0.382493 -0.484378 -0.404729 -0.46369 -0.421476 -0.45124 -0.433246 -0.445785 -0.438752 -0.44404 -0.441037 -0.444038 -0.438752 -0.445787 -0.433241 -0.451243 -0.42148 -0.463679 -0.404738 -0.484379 -0.382485 -0.512613 -0.351395 -0.552919 -0.299252 -0.648844 
21.3 -13.9108 0.821994 2 4 8 16 24 26 33 35 38 38 41 41 43 44 46 45 46 44 44 41 41 39 38 35 33 27 24 16 8 4 2 -0.649134 -0.298936 -0.553639 -0.350633 -0.513677 -0.381481 -0.485659 -0.403579 -0.464711 -0.420574 -0.45182 -0.43259 -0.446015 -0.438411 -0.444125 -0.440786 -0.444123 -0.438412 -0.446016 -0.432587 -0.451822 -0.420578 -0.464701 -0.403587 -0.48566 -0.381473 -0.513682 -0.350634 -0.553636 -0.29894 -0.649132 
21.4 -13.9108 0.824233 2 4 8 16 24 26 33 35 38 38 41 41 43 44 46 46 47 44 44 41 41 39 38 35 33 27 24 16 8 4 2 -0.649395 -0.298657 -0.554315 -0.349912 -0.514719 -0.38048 -0.486936 -0.402432 -0.465752 -0.419664 -0.452427 -0.431907 -0.446261 -0.438054 -0.444218 -0.440509 -0.444215 -0.438056 -0.446262 -0.431905 -0.452429 -0.419667 -0.465744 -0.402438 -0.486938 -0.380473 -0.514723 -0.349914 -0.554311 -0.298661 -0.649394 
21.5 -13.9108 0.826513 2 4 8 16 24 26 33 35 38 38 41 41 43 44 46 46 47 44 44 41 41 39 38 35 33 27 24 16 8 4 2 -0.649632 -0.298407 -0.55495 -0.349233 -0.515734 -0.379491 -0.488208 -0.40129 -0.466813 -0.418745 -0.453063 -0.431198 -0.446524 -0.437681 -0.444319 -0.440206 -0.444316 -0.437683 -0.446525 -0.431197 -0.453063 -0.418749 -0.466806 -0.401294 -0.488211 -0.379484 -0.515736 -0.349237 -0.554945 -0.298411 -0.649631 
21.6 -13.9108 0.828839 2 4 8 16 24 26 33 35 38 38 41 41 44 45 46 46 47 45 44 41 41 39 38 35 33 27 24 16 8 4 2 -0.649846 -0.298187 -0.555546 -0.348596 -0.516721 -0.378513 -0.489471 -0.400156 -0.467891 -0.417819 -0.453726 -0.430464 -0.446807 -0.43729 -0.444429 -0.439876 -0.444427 -0.437292 -0.446807 -0.430464 -0.453725 -0.417822 -0.467886 -0.400158 -0.489475 -0.378507 -0.516722 -0.3486 -0.55554 -0.29819 -0.649845 
21.7 -13.9108 0.831216 2 4 8 16 24 26 33 35 38 38 41 42 44 45 47 46 48 45 44 41 41 39 38 35 33 27 24 16 8 4 2 -0.650038 -0.297992 -0.556103 -0.347998 -0.517683 -0.377547 -0.490725 -0.399032 -0.468984 -0.416885 -0.454417 -0.429706 -0.447108 -0.43688 -0.444549 -0.439519 -0.444547 -0.436881 -0.447108 -0.429707 -0.454415 -0.416888 -0.46898 -0.399033 -0.49073 -0.377541 -0.517683 -0.348003 -0.556098 -0.297995 -0.650037 
21.8 -13.9108 0.833648 2 4 8 16 24 26 33 35 38 38 42 42 45 45 47 46 48 45 44 41 42 39 38 35 33 27 24 16 8 4 2 -0.650209 -0.29782 -0.556625 -0.34744 -0.518618 -0.376592 -0.491965 -0.397922 -0.47009 -0.415943 -0.455136 -0.428925 -0.44743 -0.436449 -0.444679 -0.439135 -0.444678 -0.43645 -0.447429 -0.428927 -0.455133 -0.415946 -0.470088 -0.39792 -0.491971 -0.376587 -0.518617 -0.347446 -0.55662 -0.297822 -0.650208 
21.9 -13.9108 0.836142 2 4 8 16 24 26 33 35 38 38 42 42 45 45 47 47 48 46 44 41 42 39 38 35 33 27 24 16 8 4 2 -0.650362 -0.297669 -0.557112 -0.346919 -0.519528 -0.375651 -0.493189 -0.396827 -0.471207 -0.414993 -0.455882 -0.428124 -0.447773 -0.435996 -0.444821 -0.438723 -0.44482 -0.435997 -0.447772 -0.428127 -0.455877 -0.414996 -0.471207 -0.396823 -0.493196 -0.375646 -0.519527 -0.346925 -0.557108 -0.297671 -0.650361 
22 -13.9108 0.838702 2 4 8 16 24 26 33 35 39 38 42 42 45 46 47 47 48 46 44 41 42 39 39 35 33 27 24 16 8 4 2 -0.650497 -0.297538 -0.557567 -0.346435 -0.520413 -0.374725 -0.494396 -0.39575 -0.472333 -0.414037 -0.456654 -0.427303 -0.448137 -0.43552 -0.444974 -0.438284 -0.444973 -0.43552 -0.448136 -0.427307 -0.456649 -0.41404 -0.472334 -0.395744 -0.494403 -0.37472 -0.520411 -0.34644 -0.557563 -0.297538 -0.650497 
22.1 -13.9108 0.841332 2 4 8 16 24 26 33 35 39 38 42 42 46 46 48 47 49 46 45 41 43 39 39 35 33 27 24 16 8 4 2 -0.650617 -0.297422 -0.557991 -0.345985 -0.521273 -0.373815 -0.495581 -0.394693 -0.473465 -0.413073 -0.457454 -0.426465 -0.448523 -0.435019 -0.44514 -0.437818 -0.44514 -0.435019 -0.448522 -0.42647 -0.457448 -0.413076 -0.473468 -0.394686 -0.495589 -0.37381 -0.52127 -0.34599 -0.557988 -0.297422 -0.650617 
22.2 -13.9109 0.844036 2 4 8 16 24 26 33 35 39 38 42 42 46 46 48 47 49 46 45 42 43 39 39 35 33 27 24 16 8 4 2 -0.650722 -0.29732 -0.558386 -0.345568 -0.522107 -0.372922 -0.496742 -0.393658 -0.474603 -0.412102 -0.458279 -0.42561 -0.448932 -0.434493 -0.445318 -0.437326 -0.445319 -0.434493 -0.448931 -0.425616 -0.458272 -0.412105 -0.474607 -0.393649 -0.496751 -0.372918 -0.522104 -0.345573 -0.558385 -0.29732 -0.650723 
22.3 -13.9109 0.846819 2 4 8 16 24 26 33 35 39 38 42 42 47 47 49 47 49 47 46 42 43 39 39 35 33 27 24 16 8 4 2 -0.650815 -0.297231 -0.558754 -0.345182 -0.522915 -0.372051 -0.497877 -0.392647 -0.475744 -0.411125 -0.459129 -0.424742 -0.449364 -0.433941 -0.44551 -0.436808 -0.445511 -0.43394 -0.449363 -0.424748 -0.459122 -0.411127 -0.475749 -0.392637 -0.497886 -0.372047 -0.522912 -0.345186 -0.558754 -0.297229 -0.650816 
22.4 -13.9109 0.849683 2 4 8 16 24 26 33 35 39 38 42 42 47 47 50 48 51 47 46 42 43 39 39 35 33 27 24 16 8 4 2 -0.650897 -0.297152 -0.559097 -0.344826 -0.523696 -0.371202 -0.498984 -0.391661 -0.476885 -0.410141 -0.460003 -0.423862 -0.449819 -0.433361 -0.445716 -0.436265 -0.445717 -0.433359 -0.449818 -0.423868 -0.459995 -0.410143 -0.476892 -0.39165 -0.498992 -0.371199 -0.523694 -0.34483 -0.559097 -0.29715 -0.650898 
22.5 -13.9109 0.85263 2 4 8 16 24 26 33 35 39 38 42 42 47 47 51 49 51 47 46 42 43 39 39 35 33 27 24 16 8 4 2 -0.650969 -0.297081 -0.559415 -0.344498 -0.52445 -0.370379 -0.50006 -0.390701 -0.478027 -0.409151 -0.4609 -0.42297 -0.450298 -0.432753 -0.445935 -0.435698 -0.445937 -0.432751 -0.450297 -0.422976 -0.460893 -0.409152 -0.478034 -0.39069 -0.500068 -0.370376 -0.524449 -0.344501 -0.559416 -0.297079 -0.65097 
22.6 -13.9109 0.855663 2 4 8 16 24 26 33 35 39 38 42 42 47 47 51 50 51 47 46 42 43 39 39 35 33 27 24 16 8 4 2 -0.651032 -0.297018 -0.55971 -0.344197 -0.525177 -0.369584 -0.501102 -0.389768 -0.479166 -0.408155 -0.461819 -0.42207 -0.4508 -0.432117 -0.44617 -0.435107 -0.446172 -0.432115 -0.4508 -0.422075 -0.461812 -0.408156 -0.479173 -0.389757 -0.501109 -0.369582 -0.525175 -0.344199 -0.559711 -0.297016 -0.651033 
22.7 -13.9109 0.85878 2 4 8 16 24 26 33 35 39 38 42 42 47 47 51 50 51 47 46 42 43 39 39 35 33 27 24 16 8 4 2 -0.651087 -0.296962 -0.559984 -0.34392 -0.525874 -0.36882 -0.50211 -0.388862 -0.480302 -0.407154 -0.462758 -0.421162 -0.451326 -0.431453 -0.446419 -0.434495 -0.446421 -0.431451 -0.451326 -0.421167 -0.462752 -0.407155 -0.480309 -0.388852 -0.502116 -0.368819 -0.525872 -0.343922 -0.559985 -0.296959 -0.651088 
22.8 -13.9109 0.861981 2 4 8 16 24 26 33 35 39 38 42 42 47 48 51 51 51 48 46 42 43 39 39 35 33 27 24 16 8 4 2 -0.651136 -0.296911 -0.560237 -0.343667 -0.526541 -0.36809 -0.503083 -0.387985 -0.481432 -0.406149 -0.463716 -0.420249 -0.451875 -0.43076 -0.446683 -0.433861 -0.446685 -0.430758 -0.451875 -0.420253 -0.463711 -0.406149 -0.481439 -0.387976 -0.503087 -0.36809 -0.526539 -0.343668 -0.560238 -0.296908 -0.651137 
22.9 -13.9109 0.865264 2 4 8 16 24 26 33 35 39 38 42 42 47 49 51 52 51 48 46 42 43 39 39 35 33 27 24 16 8 4 2 -0.651179 -0.296864 -0.56047 -0.343435 -0.527177 -0.367396 -0.504017 -0.387135 -0.482555 -0.405141 -0.464691 -0.419331 -0.452447 -0.43004 -0.446962 -0.433207 -0.446964 -0.430037 -0.452447 -0.419334 -0.464687 -0.405141 -0.482562 -0.387127 -0.50402 -0.367397 -0.527175 -0.343436 -0.560471 -0.296861 -0.65118 
23 -13.9109 0.868625 2 4 8 16 24 26 33 35 39 38 42 42 47 49 53 52 52 48 46 42 43 39 39 35 33 27 24 16 8 4 2 -0.651217 -0.296822 -0.560685 -0.343224 -0.527781 -0.36674 -0.504914 -0.386313 -0.48367 -0.404132 -0.465681 -0.418411 -0.453041 -0.429292 -0.447256 -0.432533 -0.447259 -0.42929 -0.453041 -0.418412 -0.465679 -0.404131 -0.483677 -0.386306 -0.504915 -0.366743 -0.527779 -0.343226 -0.560686 -0.296819 -0.651218 
23.1 -13.9109 0.872058 2 4 8 16 24 26 33 35 39 38 42 42 47 50 53 52 53 49 46 42 43 39 40 35 33 27 24 16 8 4 2 -0.65125 -0.296783 -0.560881 -0.343033 -0.528352 -0.366125 -0.505773 -0.385517 -0.484776 -0.403122 -0.466684 -0.417489 -0.453657 -0.428518 -0.447566 -0.431842 -0.447568 -0.428516 -0.453657 -0.41749 -0.466683 -0.40312 -0.484782 -0.385512 -0.505772 -0.366129 -0.52835 -0.343034 -0.560882 -0.296781 -0.651251 
23.2 -13.9109 0.875558 2 4 8 16 24 26 33 35 40 38 42 42 47 51 53 52 53 50 46 42 43 39 40 35 33 27 24 16 8 4 2 -0.65128 -0.296748 -0.561061 -0.342859 -0.52889 -0.365551 -0.506593 -0.384747 -0.48587 -0.402114 -0.467698 -0.416567 -0.454293 -0.427718 -0.44789 -0.431134 -0.447892 -0.427718 -0.454293 -0.416567 -0.467698 -0.402112 -0.485875 -0.384743 -0.506591 -0.365557 -0.528886 -0.34286 -0.561061 -0.296747 -0.651281 
23.3 -13.9109 0.879115 2 4 8 16 24 26 33 35 40 38 42 42 47 51 53 54 53 50 47 42 43 39 40 35 33 27 24 16 8 4 2 -0.651308 -0.296717 -0.561224 -0.342702 -0.529393 -0.365021 -0.507376 -0.384003 -0.486951 -0.40111 -0.468719 -0.415647 -0.454949 -0.426896 -0.44823 -0.430411 -0.448231 -0.426896 -0.454949 -0.415646 -0.46872 -0.401107 -0.486956 -0.384 -0.507372 -0.365028 -0.529389 -0.342703 -0.561223 -0.296716 -0.651308 
23.4 -13.9109 0.882719 2 4 8 16 24 26 33 35 40 38 42 42 48 51 53 54 53 50 47 42 43 39 40 35 33 27 24 16 8 4 2 -0.651332 -0.296688 -0.561371 -0.34256 -0.529861 -0.364535 -0.508121 -0.383283 -0.488018 -0.400111 -0.469745 -0.41473 -0.455623 -0.426052 -0.448583 -0.429675 -0.448584 -0.426053 -0.455623 -0.414728 -0.469748 -0.400108 -0.488022 -0.383281 -0.508116 -0.364543 -0.529857 -0.342561 -0.561371 -0.296687 -0.651333 
23.5 -13.9109 0.886359 2 4 8 16 24 26 33 35 40 38 42 42 48 51 53 54 53 50 47 42 43 39 40 35 33 27 24 16 8 4 2 -0.651354 -0.296662 -0.561505 -0.342432 -0.530294 -0.364093 -0.50883 -0.382585 -0.489068 -0.399122 -0.470773 -0.413816 -0.456314 -0.425189 -0.448951 -0.428926 -0.448951 -0.42519 -0.456313 -0.413814 -0.470777 -0.399117 -0.489072 -0.382585 -0.508824 -0.364101 -0.53029 -0.342433 -0.561504 -0.296662 -0.651355 
23.6 -13.9109 0.890022 2 4 8 16 24 26 33 35 40 38 43 42 48 51 53 54 54 50 47 42 43 39 40 35 33 27 24 16 8 4 2 -0.651375 -0.296639 -0.561625 -0.342316 -0.530693 -0.363695 -0.509504 -0.381911 -0.490101 -0.398143 -0.4718 -0.412908 -0.45702 -0.424309 -0.449331 -0.428166 -0.44933 -0.424312 -0.457019 -0.412906 -0.471805 -0.398139 -0.490104 -0.381912 -0.509497 -0.363704 -0.530689 -0.342317 -0.561624 -0.296639 -0.651375 
23.7 -13.9109 0.893693 2 4 8 16 24 26 33 35 40 38 44 42 48 52 53 55 54 51 47 42 44 39 40 35 33 27 24 16 8 4 2 -0.651395 -0.296617 -0.561732 -0.342211 -0.531057 -0.36334 -0.510144 -0.381257 -0.491113 -0.397179 -0.472823 -0.412006 -0.457739 -0.423416 -0.449723 -0.427398 -0.449722 -0.42342 -0.457737 -0.412004 -0.472829 -0.397174 -0.491116 -0.381259 -0.510137 -0.363349 -0.531053 -0.342212 -0.561731 -0.296618 -0.651395 
23.8 -13.9109 0.897355 2 4 8 16 24 26 33 35 40 38 44 42 48 52 54 55 54 51 47 42 44 39 40 35 33 27 24 16 8 4 2 -0.651413 -0.296598 -0.561828 -0.342117 -0.531387 -0.363027 -0.510752 -0.380625 -0.492103 -0.396232 -0.473839 -0.411112 -0.45847 -0.422513 -0.450126 -0.426623 -0.450124 -0.422517 -0.458467 -0.41111 -0.473844 -0.396227 -0.492106 -0.380626 -0.510744 -0.363036 -0.531384 -0.342117 -0.561828 -0.296599 -0.651413 
23.9 -13.9109 0.900991 2 4 8 16 24 26 33 35 40 38 44 42 48 52 54 56 54 51 47 42 44 39 40 35 33 27 24 16 8 4 2 -0.651432 -0.29658 -0.561914 -0.342031 -0.531684 -0.362755 -0.511329 -0.380012 -0.493069 -0.395306 -0.474843 -0.410227 -0.459209 -0.421602 -0.450538 -0.425844 -0.450536 -0.421608 -0.459206 -0.410225 -0.474849 -0.3953 -0.493072 -0.380014 -0.511322 -0.362763 -0.531682 -0.34203 -0.561914 -0.296581 -0.651431 
