time energy SvN bondDim localEnergy 
0 -12.7636 0.212988 2 4 8 10 10 10 10 10 10 10 10 10 10 10 10 10 10 10 10 10 10 10 10 10 10 10 10 10 8 4 2 -0.492015 -0.377384 -0.414411 -0.403322 -0.407029 -0.405953 -0.406413 -0.406431 -0.406674 -0.406969 -0.407436 -0.408112 -0.409142 -0.410539 -0.412794 -0.414343 -0.412794 -0.410539 -0.409142 -0.408112 -0.407436 -0.406969 -0.406674 -0.406431 -0.406413 -0.405953 -0.407029 -0.403322 -0.414411 -0.377384 -0.492015 
0.1 -12.7637 0.21302 2 4 8 10 10 10 10 10 10 10 10 10 10 10 10 10 10 10 10 10 10 10 10 10 10 10 10 10 8 4 2 -0.492015 -0.377384 -0.414411 -0.403322 -0.407029 -0.405953 -0.406414 -0.406432 -0.406675 -0.40697 -0.407438 -0.408115 -0.409146 -0.410546 -0.412803 -0.414353 -0.412803 -0.410546 -0.409146 -0.408115 -0.407438 -0.40697 -0.406675 -0.406432 -0.406414 -0.405953 -0.407029 -0.403322 -0.414411 -0.377384 -0.492015 
0.2 -12.7639 0.213148 2 4 8 10 10 10 10 10 10 10 10 10 10 10 10 10 10 10 10 10 10 10 10 10 10 10 10 10 8 4 2 -0.492015 -0.377384 -0.414411 -0.403323 -0.40703 -0.405954 -0.406415 -0.406435 -0.406679 -0.406977 -0.407448 -0.408129 -0.409165 -0.410571 -0.412838 -0.414394 -0.412838 -0.410571 -0.409165 -0.408129 -0.407448 -0.406977 -0.406679 -0.406435 -0.406415 -0.405954 -0.40703 -0.403323 -0.414411 -0.377384 -0.492015 
0.3 -12.7646 0.213434 2 4 8 10 10 10 10 10 10 10 10 10 10 10 10 10 10 10 10 10 10 10 10 10 10 10 10 10 8 4 2 -0.492016 -0.377385 -0.414412 -0.403324 -0.407032 -0.405957 -0.40642 -0.406441 -0.406688 -0.406991 -0.407468 -0.408158 -0.409207 -0.410628 -0.412916 -0.414483 -0.412916 -0.410628 -0.409207 -0.408158 -0.407468 -0.406991 -0.406688 -0.406441 -0.40642 -0.405957 -0.407032 -0.403324 -0.414412 -0.377385 -0.492016 
0.4 -12.7657 0.213936 2 4 8 10 10 10 10 10 10 10 10 10 10 10 10 10 10 10 10 10 10 10 10 10 10 10 10 10 8 4 2 -0.492016 -0.377385 -0.414413 -0.403326 -0.407035 -0.405962 -0.406427 -0.406452 -0.406705 -0.407015 -0.407504 -0.40821 -0.40928 -0.410727 -0.413049 -0.414638 -0.413049 -0.410727 -0.40928 -0.40821 -0.407504 -0.407015 -0.406705 -0.406452 -0.406427 -0.405962 -0.407035 -0.403326 -0.414413 -0.377385 -0.492016 
0.5 -12.7673 0.214704 2 4 8 10 10 10 10 10 10 10 10 10 10 10 10 10 10 10 10 10 10 10 10 10 10 10 10 10 8 4 2 -0.492018 -0.377387 -0.414416 -0.403329 -0.40704 -0.405969 -0.406438 -0.406469 -0.40673 -0.407052 -0.407559 -0.408289 -0.40939 -0.410877 -0.413251 -0.41487 -0.413251 -0.410877 -0.40939 -0.408289 -0.407559 -0.407052 -0.40673 -0.406469 -0.406438 -0.405969 -0.40704 -0.403329 -0.414416 -0.377387 -0.492018 
0.6 -12.7696 0.215781 2 4 8 10 10 10 10 10 10 10 10 10 10 10 10 10 10 10 10 10 10 10 10 10 10 10 10 10 8 4 2 -0.492019 -0.377388 -0.414419 -0.403333 -0.407046 -0.405979 -0.406453 -0.406492 -0.406765 -0.407105 -0.407636 -0.408399 -0.409544 -0.411084 -0.413528 -0.415189 -0.413528 -0.411084 -0.409544 -0.408399 -0.407636 -0.407105 -0.406765 -0.406492 -0.406453 -0.405979 -0.407046 -0.403333 -0.414419 -0.377388 -0.492019 
0.7 -12.7725 0.217195 2 4 8 10 10 10 10 10 10 10 10 10 10 10 10 10 10 10 10 10 10 10 10 10 10 10 10 10 8 4 2 -0.492022 -0.37739 -0.414423 -0.403339 -0.407055 -0.405993 -0.406474 -0.406523 -0.406811 -0.407173 -0.407736 -0.408542 -0.409743 -0.411351 -0.413886 -0.4156 -0.413886 -0.411351 -0.409743 -0.408542 -0.407736 -0.407173 -0.406811 -0.406523 -0.406474 -0.405993 -0.407055 -0.403339 -0.414423 -0.37739 -0.492022 
0.8 -12.7762 0.218968 2 4 8 10 10 10 10 10 10 10 10 10 10 10 10 10 10 10 10 10 10 10 10 10 10 10 10 10 8 4 2 -0.492025 -0.377393 -0.414428 -0.403346 -0.407066 -0.406009 -0.406499 -0.406561 -0.406869 -0.407258 -0.40786 -0.40872 -0.40999 -0.411682 -0.414325 -0.416105 -0.414325 -0.411682 -0.40999 -0.40872 -0.40786 -0.407258 -0.406869 -0.406561 -0.406499 -0.406009 -0.407066 -0.403346 -0.414428 -0.377393 -0.492025 
0.9 -12.7805 0.221105 2 4 8 10 10 10 10 10 10 10 10 10 10 10 10 10 10 10 10 10 10 10 10 10 10 10 10 10 8 4 2 -0.492029 -0.377395 -0.414434 -0.403355 -0.40708 -0.40603 -0.40653 -0.406607 -0.406938 -0.407361 -0.408009 -0.408933 -0.410284 -0.412074 -0.414845 -0.416702 -0.414845 -0.412074 -0.410284 -0.408933 -0.408009 -0.407361 -0.406938 -0.406607 -0.40653 -0.40603 -0.40708 -0.403355 -0.414434 -0.377395 -0.492029 
1 -12.7855 0.223604 2 4 8 10 10 10 10 10 10 10 10 10 10 10 10 10 10 10 10 10 10 10 10 10 10 10 10 10 8 4 2 -0.492034 -0.377399 -0.414441 -0.403365 -0.407095 -0.406053 -0.406566 -0.406661 -0.407018 -0.407479 -0.408182 -0.409178 -0.410624 -0.412524 -0.415439 -0.417384 -0.415439 -0.412524 -0.410624 -0.409178 -0.408182 -0.407479 -0.407018 -0.406661 -0.406566 -0.406053 -0.407095 -0.403365 -0.414441 -0.377399 -0.492034 
1.1 -12.7911 0.226449 2 4 8 10 10 10 10 10 10 10 10 10 10 10 10 10 10 10 10 10 10 10 10 10 10 10 10 10 8 4 2 -0.492039 -0.377402 -0.414449 -0.403376 -0.407113 -0.40608 -0.406606 -0.406722 -0.407109 -0.407614 -0.408377 -0.409454 -0.411005 -0.413027 -0.416102 -0.418145 -0.416102 -0.413027 -0.411005 -0.409454 -0.408377 -0.407614 -0.407109 -0.406722 -0.406606 -0.40608 -0.407113 -0.403376 -0.414449 -0.377402 -0.492039 
1.2 -12.7972 0.229616 2 4 8 10 10 10 10 10 10 10 10 10 10 10 10 10 10 10 10 10 10 10 10 10 10 10 10 10 8 4 2 -0.492046 -0.377405 -0.414458 -0.403388 -0.407133 -0.406109 -0.406651 -0.40679 -0.40721 -0.407762 -0.408592 -0.409759 -0.411423 -0.413578 -0.416823 -0.418972 -0.416823 -0.413578 -0.411423 -0.409759 -0.408592 -0.407762 -0.40721 -0.40679 -0.406651 -0.406109 -0.407133 -0.403388 -0.414458 -0.377405 -0.492046 
1.3 -12.8038 0.233075 2 4 8 10 10 10 10 10 10 10 10 10 10 10 10 10 10 10 10 10 10 10 10 10 10 10 10 10 8 4 2 -0.492054 -0.377409 -0.414469 -0.403402 -0.407155 -0.406142 -0.4067 -0.406863 -0.407319 -0.407923 -0.408825 -0.410087 -0.411873 -0.414168 -0.417594 -0.419855 -0.417594 -0.414168 -0.411873 -0.410087 -0.408825 -0.407923 -0.407319 -0.406863 -0.4067 -0.406142 -0.407155 -0.403402 -0.414469 -0.377409 -0.492054 
1.4 -12.8108 0.236788 2 4 8 10 10 10 10 10 10 10 10 10 10 10 10 10 10 10 10 10 10 10 10 10 10 10 10 10 8 4 2 -0.492063 -0.377412 -0.41448 -0.403416 -0.407178 -0.406176 -0.406753 -0.406942 -0.407437 -0.408095 -0.409073 -0.410436 -0.41235 -0.41479 -0.418401 -0.420781 -0.418401 -0.41479 -0.41235 -0.410436 -0.409073 -0.408095 -0.407437 -0.406942 -0.406753 -0.406176 -0.407178 -0.403416 -0.41448 -0.377412 -0.492063 
1.5 -12.818 0.240716 2 4 8 10 10 10 10 10 10 10 10 10 10 10 10 10 10 10 10 10 10 10 10 10 10 10 10 10 8 4 2 -0.492074 -0.377415 -0.414492 -0.403431 -0.407202 -0.406213 -0.406808 -0.407025 -0.40756 -0.408276 -0.409334 -0.410801 -0.412848 -0.415437 -0.419236 -0.421737 -0.419236 -0.415437 -0.412848 -0.410801 -0.409334 -0.408276 -0.40756 -0.407025 -0.406808 -0.406213 -0.407202 -0.403431 -0.414492 -0.377415 -0.492074 
1.6 -12.8255 0.244816 2 4 8 10 10 10 10 10 10 10 10 10 10 10 10 10 10 10 10 10 10 10 10 10 10 10 10 10 8 4 2 -0.492085 -0.377418 -0.414505 -0.403447 -0.407228 -0.406251 -0.406866 -0.407111 -0.407689 -0.408465 -0.409604 -0.411179 -0.413362 -0.4161 -0.420087 -0.422709 -0.420087 -0.4161 -0.413362 -0.411179 -0.409604 -0.408465 -0.407689 -0.407111 -0.406866 -0.406251 -0.407228 -0.403447 -0.414505 -0.377418 -0.492085 
1.7 -12.8331 0.249046 2 4 8 10 10 10 10 10 10 10 10 10 10 10 10 10 10 10 10 10 10 10 10 10 10 10 10 10 8 4 2 -0.492098 -0.37742 -0.414519 -0.403463 -0.407255 -0.40629 -0.406926 -0.407201 -0.407822 -0.408659 -0.409883 -0.411566 -0.413887 -0.416775 -0.420944 -0.423688 -0.420944 -0.416775 -0.413887 -0.411566 -0.409883 -0.408659 -0.407822 -0.407201 -0.406926 -0.40629 -0.407255 -0.403463 -0.414519 -0.37742 -0.492098 
1.8 -12.8408 0.253366 2 4 8 10 10 10 10 10 10 10 10 10 10 10 10 10 10 10 10 10 10 10 10 10 10 10 10 10 8 4 2 -0.492112 -0.377422 -0.414534 -0.403479 -0.407283 -0.406331 -0.406988 -0.407294 -0.407959 -0.408859 -0.410168 -0.41196 -0.414419 -0.417455 -0.421799 -0.42466 -0.421799 -0.417455 -0.414419 -0.41196 -0.410168 -0.408859 -0.407959 -0.407294 -0.406988 -0.406331 -0.407283 -0.403479 -0.414534 -0.377422 -0.492112 
1.9 -12.8485 0.257739 2 4 8 10 10 10 10 10 10 10 10 10 9 10 10 10 10 10 9 10 10 10 10 10 10 10 10 10 8 4 2 -0.492127 -0.377423 -0.41455 -0.403495 -0.407312 -0.406373 -0.407052 -0.407389 -0.4081 -0.409062 -0.410457 -0.412358 -0.414955 -0.418135 -0.422645 -0.425618 -0.422645 -0.418135 -0.414955 -0.412358 -0.410457 -0.409062 -0.4081 -0.407389 -0.407052 -0.406373 -0.407312 -0.403495 -0.41455 -0.377423 -0.492127 
2 -12.8562 0.262129 2 4 8 10 10 10 10 10 10 10 10 10 9 10 10 10 10 10 9 10 10 10 10 10 10 10 10 10 8 4 2 -0.492143 -0.377424 -0.414566 -0.403512 -0.407341 -0.406416 -0.407117 -0.407485 -0.408242 -0.409269 -0.41075 -0.41276 -0.415492 -0.418813 -0.423476 -0.426554 -0.423476 -0.418813 -0.415492 -0.41276 -0.41075 -0.409269 -0.408242 -0.407485 -0.407117 -0.406416 -0.407341 -0.403512 -0.414566 -0.377424 -0.492143 
2.1 -12.8638 0.266508 2 4 8 10 10 10 10 10 10 10 10 10 9 10 10 10 10 10 9 10 10 10 10 10 10 10 10 10 8 4 2 -0.492161 -0.377424 -0.414584 -0.403529 -0.407372 -0.406459 -0.407184 -0.407584 -0.408388 -0.409479 -0.411046 -0.413163 -0.41603 -0.419485 -0.424286 -0.42746 -0.424286 -0.419485 -0.41603 -0.413163 -0.411046 -0.409479 -0.408388 -0.407584 -0.407184 -0.406459 -0.407372 -0.403529 -0.414583 -0.377424 -0.492161 
2.2 -12.8714 0.27085 2 4 8 10 10 10 10 10 10 10 10 10 9 10 10 10 10 10 9 10 10 10 10 10 10 10 10 10 8 4 2 -0.492179 -0.377424 -0.414602 -0.403546 -0.407403 -0.406504 -0.407253 -0.407685 -0.408537 -0.409693 -0.411346 -0.413569 -0.416567 -0.420152 -0.425073 -0.428331 -0.425073 -0.420152 -0.416567 -0.413569 -0.411346 -0.409693 -0.408537 -0.407685 -0.407253 -0.406504 -0.407403 -0.403546 -0.414602 -0.377424 -0.492179 
2.3 -12.8789 0.275136 2 4 8 10 10 10 10 10 10 10 10 10 9 10 10 10 10 10 9 10 10 10 10 10 10 10 10 10 8 4 2 -0.492199 -0.377423 -0.414621 -0.403563 -0.407436 -0.40655 -0.407323 -0.407789 -0.408689 -0.40991 -0.41165 -0.413977 -0.417103 -0.420811 -0.425835 -0.429165 -0.425835 -0.420811 -0.417103 -0.413977 -0.41165 -0.40991 -0.408689 -0.407789 -0.407323 -0.40655 -0.407436 -0.403563 -0.414621 -0.377423 -0.492199 
2.4 -12.8864 0.27935 2 4 8 10 10 10 10 10 10 10 10 10 9 10 10 10 10 10 9 10 10 10 10 10 10 10 10 10 8 4 2 -0.49222 -0.377422 -0.414641 -0.403581 -0.407469 -0.406597 -0.407396 -0.407896 -0.408845 -0.410133 -0.411959 -0.414388 -0.417639 -0.421463 -0.42657 -0.429959 -0.42657 -0.421463 -0.417639 -0.414388 -0.411959 -0.410133 -0.408845 -0.407896 -0.407396 -0.406597 -0.407469 -0.403581 -0.414641 -0.377422 -0.49222 
2.5 -12.8938 0.283482 2 4 8 10 10 10 10 10 10 10 10 10 9 10 10 10 10 10 9 10 10 10 10 10 10 10 10 10 8 4 2 -0.492242 -0.37742 -0.414663 -0.403599 -0.407505 -0.406647 -0.407471 -0.408006 -0.409005 -0.410361 -0.412275 -0.414804 -0.418176 -0.422108 -0.427277 -0.43071 -0.427277 -0.422108 -0.418176 -0.414804 -0.412275 -0.410361 -0.409005 -0.408006 -0.407471 -0.406647 -0.407505 -0.403599 -0.414663 -0.37742 -0.492242 
2.6 -12.9012 0.287527 2 4 8 10 10 10 10 10 10 10 10 10 9 10 10 10 10 10 9 10 10 10 10 10 10 10 10 10 8 4 2 -0.492265 -0.377419 -0.414685 -0.403618 -0.407541 -0.406698 -0.407549 -0.40812 -0.409172 -0.410595 -0.412597 -0.415226 -0.418714 -0.422748 -0.427958 -0.431419 -0.427958 -0.422748 -0.418714 -0.415226 -0.412597 -0.410595 -0.409172 -0.40812 -0.407549 -0.406698 -0.407541 -0.403618 -0.414685 -0.377419 -0.492265 
2.7 -12.9086 0.291483 2 4 8 10 10 10 10 10 10 10 10 10 10 10 10 10 10 10 10 10 10 10 10 10 10 10 10 10 8 4 2 -0.492289 -0.377418 -0.414709 -0.403638 -0.40758 -0.406751 -0.407631 -0.40824 -0.409345 -0.410838 -0.412929 -0.415656 -0.419254 -0.423383 -0.428613 -0.432086 -0.428613 -0.423383 -0.419254 -0.415656 -0.412929 -0.410838 -0.409345 -0.40824 -0.407631 -0.406751 -0.40758 -0.403638 -0.414709 -0.377418 -0.492289 
2.8 -12.9161 0.295352 2 4 8 10 10 10 10 10 10 10 10 10 10 10 10 10 10 10 10 10 10 10 10 10 10 10 10 10 8 4 2 -0.492313 -0.377417 -0.414734 -0.403659 -0.407621 -0.406808 -0.407718 -0.408366 -0.409526 -0.411091 -0.413271 -0.416094 -0.419799 -0.424013 -0.429243 -0.432711 -0.429243 -0.424013 -0.419799 -0.416094 -0.413271 -0.411091 -0.409526 -0.408366 -0.407718 -0.406808 -0.407621 -0.403659 -0.414734 -0.377417 -0.492313 
2.9 -12.9235 0.299138 2 4 8 10 10 10 10 10 10 10 10 10 10 10 10 10 10 10 10 10 10 10 10 10 10 10 10 10 8 4 2 -0.492339 -0.377416 -0.414761 -0.403681 -0.407664 -0.406868 -0.407809 -0.408498 -0.409716 -0.411355 -0.413626 -0.416544 -0.420349 -0.42464 -0.429849 -0.433296 -0.429849 -0.42464 -0.420349 -0.416544 -0.413626 -0.411355 -0.409716 -0.408498 -0.407809 -0.406868 -0.407664 -0.403681 -0.414761 -0.377416 -0.492339 
3 -12.9311 0.30285 2 4 8 10 10 10 10 10 10 10 10 10 10 10 10 10 10 10 10 10 10 10 10 10 10 10 10 10 8 4 2 -0.492366 -0.377416 -0.414789 -0.403705 -0.407711 -0.406932 -0.407906 -0.408639 -0.409917 -0.411632 -0.413994 -0.417006 -0.420904 -0.425263 -0.430432 -0.433843 -0.430432 -0.425263 -0.420904 -0.417006 -0.413994 -0.411632 -0.409917 -0.408639 -0.407906 -0.406932 -0.407711 -0.403705 -0.414789 -0.377416 -0.492366 
3.1 -12.9387 0.306497 2 4 8 10 10 10 10 10 10 10 10 10 10 10 10 10 10 10 10 10 10 10 10 10 10 10 10 10 8 4 2 -0.492393 -0.377417 -0.414818 -0.403731 -0.40776 -0.407 -0.40801 -0.408788 -0.41013 -0.411922 -0.414378 -0.417482 -0.421466 -0.425884 -0.430993 -0.434353 -0.430993 -0.425884 -0.421466 -0.417482 -0.414378 -0.411922 -0.41013 -0.408788 -0.40801 -0.407 -0.40776 -0.403731 -0.414818 -0.377417 -0.492393 
3.2 -12.9465 0.310093 2 4 8 10 10 10 10 10 10 10 10 10 10 10 10 10 10 10 10 10 10 10 10 10 10 10 10 10 8 4 2 -0.492421 -0.377419 -0.414849 -0.40376 -0.407813 -0.407074 -0.408121 -0.408947 -0.410355 -0.412229 -0.414779 -0.417972 -0.422035 -0.426502 -0.431534 -0.434828 -0.431534 -0.426502 -0.422035 -0.417972 -0.414779 -0.412229 -0.410355 -0.408947 -0.408121 -0.407074 -0.407813 -0.40376 -0.414849 -0.377419 -0.492421 
3.3 -12.9543 0.313649 2 4 8 10 10 10 10 10 10 10 10 10 10 10 10 10 10 10 10 10 10 10 10 10 10 10 10 10 8 4 2 -0.492451 -0.377422 -0.414882 -0.403791 -0.40787 -0.407153 -0.40824 -0.409117 -0.410595 -0.412551 -0.415197 -0.418479 -0.422611 -0.427117 -0.432057 -0.43527 -0.432057 -0.427117 -0.422611 -0.418479 -0.415197 -0.412551 -0.410595 -0.409117 -0.40824 -0.407153 -0.40787 -0.403791 -0.414882 -0.377422 -0.492451 
3.4 -12.9624 0.317181 2 4 8 10 10 10 10 10 10 10 10 10 10 10 10 10 10 10 10 10 10 10 10 10 10 10 10 10 8 4 2 -0.492482 -0.377426 -0.414916 -0.403824 -0.407932 -0.407238 -0.408368 -0.409299 -0.410849 -0.412892 -0.415634 -0.419002 -0.423194 -0.427728 -0.432561 -0.435683 -0.432561 -0.427728 -0.423194 -0.419002 -0.415634 -0.412892 -0.410849 -0.409299 -0.408368 -0.407238 -0.407932 -0.403824 -0.414916 -0.377426 -0.492482 
3.5 -12.9706 0.320703 2 4 8 10 10 10 10 10 10 10 10 10 10 10 10 10 10 10 10 10 10 10 10 10 10 10 10 10 8 4 2 -0.492514 -0.377432 -0.414953 -0.403861 -0.407997 -0.40733 -0.408505 -0.409494 -0.41112 -0.413252 -0.416089 -0.419541 -0.423784 -0.428335 -0.433048 -0.436068 -0.433048 -0.428335 -0.423784 -0.419541 -0.416089 -0.413252 -0.41112 -0.409494 -0.408505 -0.40733 -0.407997 -0.403861 -0.414953 -0.377432 -0.492514 
3.6 -12.979 0.32423 2 4 8 10 10 10 10 10 10 10 10 10 10 10 10 10 10 10 10 10 10 10 10 10 10 10 10 10 8 4 2 -0.492547 -0.377439 -0.414991 -0.403902 -0.408068 -0.407429 -0.408653 -0.409702 -0.411408 -0.413631 -0.416565 -0.420098 -0.424379 -0.428936 -0.433518 -0.436427 -0.433518 -0.428937 -0.424379 -0.420098 -0.416565 -0.413631 -0.411408 -0.409702 -0.408653 -0.407429 -0.408068 -0.403902 -0.414991 -0.377439 -0.492547 
3.7 -12.9875 0.327777 2 4 8 10 10 10 10 10 10 10 10 10 10 10 10 10 10 10 10 10 10 10 10 10 10 10 10 10 8 4 2 -0.492582 -0.377447 -0.415032 -0.403946 -0.408145 -0.407536 -0.408811 -0.409924 -0.411714 -0.41403 -0.417059 -0.420671 -0.42498 -0.429532 -0.433973 -0.436764 -0.433973 -0.429532 -0.42498 -0.420671 -0.417059 -0.41403 -0.411714 -0.409924 -0.408811 -0.407536 -0.408145 -0.403946 -0.415032 -0.377447 -0.492582 
3.8 -12.9963 0.331359 2 4 8 10 10 10 10 10 10 10 10 10 10 10 10 10 10 10 10 10 10 10 10 10 10 10 10 10 8 4 2 -0.492619 -0.377456 -0.415075 -0.403995 -0.408227 -0.40765 -0.40898 -0.410162 -0.412038 -0.414449 -0.417573 -0.42126 -0.425584 -0.43012 -0.434413 -0.43708 -0.434413 -0.43012 -0.425584 -0.42126 -0.417573 -0.414449 -0.412038 -0.410162 -0.40898 -0.40765 -0.408227 -0.403995 -0.415075 -0.377456 -0.492619 
3.9 -13.0052 0.334989 2 4 8 10 10 10 10 10 10 10 10 10 10 10 10 10 10 10 10 10 10 10 10 10 10 10 10 10 8 4 2 -0.492658 -0.377467 -0.415121 -0.404047 -0.408314 -0.407774 -0.409162 -0.410414 -0.412381 -0.414889 -0.418106 -0.421864 -0.426193 -0.4307 -0.434839 -0.437377 -0.434839 -0.4307 -0.426193 -0.421864 -0.418106 -0.414889 -0.412381 -0.410414 -0.409162 -0.407774 -0.408314 -0.404047 -0.415121 -0.377467 -0.492658 
4 -13.0144 0.33868 2 4 8 10 10 10 10 10 10 10 10 10 10 10 11 11 11 10 10 10 10 10 10 10 10 10 10 10 8 4 2 -0.4927 -0.377479 -0.41517 -0.404104 -0.408409 -0.407907 -0.409355 -0.410683 -0.412743 -0.415349 -0.418657 -0.422481 -0.426803 -0.43127 -0.435252 -0.437659 -0.435252 -0.43127 -0.426803 -0.422481 -0.418657 -0.415349 -0.412743 -0.410683 -0.409355 -0.407907 -0.408409 -0.404104 -0.41517 -0.377479 -0.4927 
4.1 -13.0237 0.342444 2 4 8 10 10 10 10 10 10 10 10 10 10 11 11 11 11 11 10 10 10 10 10 10 10 10 10 10 8 4 2 -0.492745 -0.377491 -0.415222 -0.404166 -0.408509 -0.408049 -0.409562 -0.410968 -0.413124 -0.41583 -0.419225 -0.42311 -0.427413 -0.431829 -0.435651 -0.437927 -0.435651 -0.431829 -0.427413 -0.42311 -0.419225 -0.41583 -0.413124 -0.410968 -0.409562 -0.408049 -0.408509 -0.404166 -0.415222 -0.377491 -0.492745 
4.2 -13.0332 0.34629 2 4 8 10 10 10 10 10 10 10 10 10 11 11 11 11 11 11 11 10 10 10 10 10 10 10 10 10 8 4 2 -0.492793 -0.377505 -0.415278 -0.404232 -0.408617 -0.4082 -0.409781 -0.411269 -0.413523 -0.416329 -0.419809 -0.42375 -0.428024 -0.432375 -0.436037 -0.438182 -0.436037 -0.432375 -0.428024 -0.42375 -0.419809 -0.416329 -0.413523 -0.411269 -0.409781 -0.4082 -0.408617 -0.404232 -0.415278 -0.377505 -0.492793 
4.3 -13.0429 0.350229 2 4 8 10 10 10 10 10 10 10 10 10 11 11 11 11 11 11 11 10 10 10 10 10 10 10 10 10 8 4 2 -0.492845 -0.377519 -0.415337 -0.404303 -0.408731 -0.408362 -0.410013 -0.411587 -0.413942 -0.416847 -0.420407 -0.424398 -0.428632 -0.432909 -0.436411 -0.438427 -0.436411 -0.432909 -0.428632 -0.424398 -0.420407 -0.416847 -0.413942 -0.411587 -0.410013 -0.408362 -0.408731 -0.404303 -0.415337 -0.377519 -0.492845 
4.4 -13.0528 0.354266 2 4 8 10 10 10 10 10 10 10 10 10 11 11 11 11 11 11 11 10 10 10 10 10 10 10 10 10 8 4 2 -0.4929 -0.377534 -0.415401 -0.404379 -0.408853 -0.408534 -0.410259 -0.411921 -0.414379 -0.417383 -0.421018 -0.425052 -0.429238 -0.433429 -0.436773 -0.438664 -0.436773 -0.433429 -0.429238 -0.425052 -0.421018 -0.417383 -0.414379 -0.411921 -0.410259 -0.408534 -0.408853 -0.404379 -0.415401 -0.377534 -0.4929 
4.5 -13.0628 0.358408 2 4 8 10 10 10 10 10 10 10 10 10 11 11 11 11 11 11 11 10 10 10 10 10 10 10 10 10 8 4 2 -0.492961 -0.377549 -0.41547 -0.40446 -0.408983 -0.408716 -0.410519 -0.412271 -0.414833 -0.417935 -0.42164 -0.425709 -0.429838 -0.433933 -0.437123 -0.438893 -0.437123 -0.433933 -0.429838 -0.425709 -0.42164 -0.417935 -0.414833 -0.412271 -0.410519 -0.408716 -0.408983 -0.40446 -0.41547 -0.377549 -0.492961 
4.6 -13.0729 0.362658 2 4 8 10 10 10 10 10 10 10 10 10 11 11 11 11 11 11 11 10 10 10 10 10 10 10 10 10 8 4 2 -0.493027 -0.377564 -0.415544 -0.404545 -0.409121 -0.408909 -0.410792 -0.412637 -0.415304 -0.418502 -0.422272 -0.426368 -0.430433 -0.434421 -0.437462 -0.439116 -0.437462 -0.434421 -0.430433 -0.426368 -0.422272 -0.418502 -0.415304 -0.412637 -0.410792 -0.408909 -0.409121 -0.404545 -0.415544 -0.377564 -0.493027 
4.7 -13.0832 0.367018 2 4 8 10 10 10 10 10 10 10 10 10 11 11 11 11 11 11 11 10 10 10 10 10 10 10 10 10 8 4 2 -0.493098 -0.377579 -0.415623 -0.404635 -0.409266 -0.409112 -0.411078 -0.41302 -0.415791 -0.419082 -0.42291 -0.427025 -0.431021 -0.434892 -0.437789 -0.439334 -0.437789 -0.434892 -0.431021 -0.427025 -0.42291 -0.419082 -0.415791 -0.41302 -0.411078 -0.409112 -0.409266 -0.404635 -0.415623 -0.377579 -0.493098 
4.8 -13.0936 0.371489 2 4 8 10 10 10 10 10 10 10 10 10 12 12 12 11 12 12 12 10 10 10 10 10 10 10 10 10 8 4 2 -0.493175 -0.377594 -0.415709 -0.404731 -0.409421 -0.409326 -0.411379 -0.413418 -0.416294 -0.419674 -0.423553 -0.427679 -0.4316 -0.435347 -0.438106 -0.439548 -0.438106 -0.435347 -0.4316 -0.427679 -0.423553 -0.419674 -0.416294 -0.413418 -0.411379 -0.409326 -0.409421 -0.404731 -0.415709 -0.377594 -0.493175 
4.9 -13.104 0.376069 2 4 8 10 10 10 10 10 10 10 10 10 12 12 12 12 12 12 12 10 10 10 10 10 10 10 10 10 8 4 2 -0.493258 -0.377608 -0.415801 -0.404831 -0.409584 -0.409551 -0.411693 -0.413831 -0.41681 -0.420276 -0.4242 -0.428326 -0.432169 -0.435783 -0.438411 -0.439758 -0.438411 -0.435783 -0.432169 -0.428326 -0.4242 -0.420276 -0.41681 -0.413831 -0.411693 -0.409551 -0.409584 -0.404831 -0.415801 -0.377608 -0.493258 
5 -13.1146 0.380757 2 4 8 10 10 10 10 10 10 10 10 10 12 12 12 12 12 12 12 10 10 10 10 10 10 10 10 10 8 4 2 -0.493349 -0.377622 -0.4159 -0.404936 -0.409756 -0.409788 -0.412021 -0.414258 -0.41734 -0.420888 -0.424847 -0.428966 -0.432727 -0.436202 -0.438706 -0.439965 -0.438706 -0.436202 -0.432727 -0.428966 -0.424847 -0.420888 -0.41734 -0.414258 -0.412021 -0.409788 -0.409756 -0.404936 -0.4159 -0.377622 -0.493349 
5.1 -13.1252 0.385547 2 4 8 10 10 10 10 10 10 10 10 10 12 12 12 12 12 12 12 10 10 10 10 10 10 10 10 10 8 4 2 -0.493446 -0.377636 -0.416006 -0.405046 -0.409938 -0.410035 -0.412363 -0.4147 -0.417882 -0.421506 -0.425494 -0.429595 -0.433272 -0.436603 -0.43899 -0.440169 -0.43899 -0.436603 -0.433272 -0.429595 -0.425494 -0.421506 -0.417882 -0.4147 -0.412363 -0.410035 -0.409938 -0.405046 -0.416006 -0.377636 -0.493446 
5.2 -13.1359 0.390434 2 4 8 10 10 10 10 10 10 10 10 10 12 12 12 12 12 12 12 10 10 10 10 10 10 10 10 10 8 4 2 -0.493552 -0.377649 -0.41612 -0.405161 -0.41013 -0.410294 -0.412719 -0.415157 -0.418434 -0.422129 -0.426137 -0.430213 -0.433803 -0.436986 -0.439263 -0.440371 -0.439263 -0.436986 -0.433803 -0.430213 -0.426137 -0.422129 -0.418434 -0.415157 -0.412719 -0.410294 -0.41013 -0.405161 -0.416119 -0.377649 -0.493552 
5.3 -13.1466 0.395411 2 4 8 10 10 10 10 10 10 10 10 10 12 12 12 12 12 12 12 10 10 10 10 10 10 10 10 10 8 4 2 -0.493666 -0.377662 -0.416241 -0.405282 -0.410333 -0.410565 -0.413089 -0.415626 -0.418997 -0.422757 -0.426776 -0.430816 -0.43432 -0.437353 -0.439526 -0.440569 -0.439526 -0.437353 -0.43432 -0.430816 -0.426776 -0.422757 -0.418997 -0.415626 -0.413089 -0.410565 -0.410333 -0.405282 -0.416241 -0.377662 -0.493666 
5.4 -13.1573 0.400471 2 4 8 10 10 10 10 10 10 10 10 10 12 12 12 12 12 12 12 10 10 10 10 10 10 10 10 10 8 4 2 -0.493788 -0.377674 -0.416372 -0.405409 -0.410547 -0.410848 -0.413473 -0.416109 -0.419569 -0.423386 -0.427408 -0.431405 -0.43482 -0.437702 -0.439779 -0.440764 -0.439779 -0.437702 -0.43482 -0.431405 -0.427408 -0.423386 -0.419569 -0.416109 -0.413473 -0.410848 -0.410547 -0.405409 -0.416372 -0.377674 -0.493788 
5.5 -13.1681 0.405607 2 4 8 10 10 10 10 10 10 10 10 10 12 12 12 12 12 12 12 10 10 10 10 10 10 10 10 10 8 4 2 -0.493919 -0.377686 -0.416511 -0.405542 -0.410772 -0.411143 -0.413871 -0.416605 -0.420149 -0.424017 -0.428032 -0.431978 -0.435304 -0.438035 -0.440022 -0.440955 -0.440022 -0.438035 -0.435304 -0.431978 -0.428032 -0.424017 -0.420149 -0.416605 -0.413871 -0.411143 -0.410772 -0.405542 -0.416511 -0.377687 -0.493919 
5.6 -13.1789 0.410807 2 4 8 10 10 10 10 10 10 10 10 10 12 12 12 12 12 12 12 10 10 10 10 10 10 10 10 10 8 4 2 -0.494059 -0.377699 -0.416659 -0.405681 -0.411009 -0.411451 -0.414284 -0.417113 -0.420735 -0.424647 -0.428647 -0.432534 -0.43577 -0.438353 -0.440254 -0.441142 -0.440254 -0.438353 -0.43577 -0.432534 -0.428647 -0.424647 -0.420735 -0.417113 -0.414284 -0.411451 -0.411009 -0.405681 -0.416659 -0.377699 -0.494059 
5.7 -13.1898 0.416065 2 4 8 10 10 10 10 10 10 10 10 10 12 12 12 12 12 12 12 10 10 10 10 10 10 10 10 10 8 4 2 -0.49421 -0.377711 -0.416817 -0.405827 -0.411259 -0.411772 -0.414711 -0.417633 -0.421328 -0.425275 -0.429251 -0.433072 -0.436218 -0.438656 -0.440477 -0.441325 -0.440477 -0.438656 -0.436218 -0.433072 -0.429251 -0.425275 -0.421328 -0.417633 -0.414711 -0.411772 -0.411259 -0.405827 -0.416817 -0.377712 -0.49421 
5.8 -13.2006 0.421369 2 4 8 10 10 10 10 10 10 10 10 10 12 12 12 12 12 12 12 10 10 10 10 10 10 10 10 10 8 4 2 -0.49437 -0.377725 -0.416985 -0.405981 -0.411523 -0.412106 -0.415153 -0.418164 -0.421926 -0.4259 -0.429843 -0.433591 -0.436647 -0.438945 -0.44069 -0.441503 -0.44069 -0.438945 -0.436647 -0.433591 -0.429843 -0.4259 -0.421926 -0.418164 -0.415153 -0.412106 -0.411523 -0.405981 -0.416985 -0.377725 -0.49437 
5.9 -13.2115 0.42671 2 4 8 10 10 10 10 10 10 10 10 10 12 12 12 13 12 12 12 10 10 10 10 10 10 10 10 10 8 4 2 -0.494541 -0.377739 -0.417163 -0.406143 -0.4118 -0.412455 -0.41561 -0.418706 -0.422527 -0.42652 -0.430422 -0.434092 -0.437056 -0.439221 -0.440894 -0.441674 -0.440894 -0.439221 -0.437056 -0.434092 -0.430422 -0.42652 -0.422527 -0.418706 -0.41561 -0.412455 -0.4118 -0.406143 -0.417163 -0.377739 -0.494541 
6 -13.2223 0.432078 2 4 8 10 10 10 10 10 10 10 10 11 12 12 13 13 13 12 12 11 10 10 10 10 10 10 10 10 8 4 2 -0.494722 -0.377754 -0.417352 -0.406314 -0.412091 -0.412817 -0.416081 -0.419259 -0.423132 -0.427134 -0.430987 -0.434574 -0.437447 -0.439484 -0.441089 -0.44184 -0.441089 -0.439484 -0.437447 -0.434574 -0.430987 -0.427134 -0.423132 -0.419259 -0.416081 -0.412817 -0.412091 -0.406314 -0.417352 -0.377754 -0.494722 
6.1 -13.2332 0.437464 2 4 8 10 10 10 10 10 10 10 10 11 12 12 13 14 13 12 12 11 10 10 10 10 10 10 10 10 8 4 2 -0.494915 -0.37777 -0.417552 -0.406494 -0.412397 -0.413195 -0.416566 -0.419822 -0.423738 -0.427741 -0.431538 -0.435037 -0.437817 -0.439737 -0.441275 -0.441998 -0.441275 -0.439737 -0.437817 -0.435037 -0.431538 -0.427741 -0.423738 -0.419822 -0.416566 -0.413195 -0.412397 -0.406494 -0.417552 -0.37777 -0.494915 
6.2 -13.2441 0.442858 2 4 8 10 10 10 10 10 10 10 10 11 12 12 14 14 14 12 12 11 10 10 10 10 10 10 10 10 8 4 2 -0.49512 -0.377788 -0.417763 -0.406684 -0.412719 -0.413587 -0.417067 -0.420393 -0.424346 -0.42834 -0.432075 -0.435481 -0.438168 -0.439978 -0.441453 -0.442149 -0.441453 -0.439978 -0.438168 -0.435481 -0.432075 -0.42834 -0.424346 -0.420393 -0.417067 -0.413587 -0.412719 -0.406684 -0.417763 -0.377788 -0.49512 
6.3 -13.255 0.448251 2 4 8 10 10 10 10 10 10 10 10 11 12 13 14 14 14 13 12 11 10 10 10 10 10 10 10 10 8 4 2 -0.495338 -0.377807 -0.417986 -0.406884 -0.413057 -0.413994 -0.417581 -0.420973 -0.424953 -0.42893 -0.432595 -0.435906 -0.438499 -0.440209 -0.441622 -0.442292 -0.441622 -0.440209 -0.438499 -0.435906 -0.432595 -0.42893 -0.424953 -0.420973 -0.417581 -0.413994 -0.413057 -0.406884 -0.417986 -0.377807 -0.495337 
6.4 -13.2659 0.453635 2 4 8 10 10 10 10 10 10 10 10 11 12 14 14 14 14 14 12 11 10 10 10 10 10 10 10 10 8 4 2 -0.495568 -0.377829 -0.418222 -0.407096 -0.41341 -0.414417 -0.418109 -0.42156 -0.425558 -0.429509 -0.433101 -0.436312 -0.438812 -0.44043 -0.441783 -0.442427 -0.441783 -0.44043 -0.438812 -0.436312 -0.433101 -0.429509 -0.425558 -0.42156 -0.418108 -0.414417 -0.41341 -0.407096 -0.418222 -0.377829 -0.495568 
6.5 -13.2768 0.459001 2 4 8 10 10 10 10 10 10 10 10 11 12 14 15 15 15 14 12 11 10 10 10 10 10 10 10 10 8 4 2 -0.495812 -0.377852 -0.418471 -0.407319 -0.413781 -0.414854 -0.41865 -0.422153 -0.426162 -0.430077 -0.43359 -0.4367 -0.439106 -0.440643 -0.441937 -0.442553 -0.441937 -0.440643 -0.439106 -0.4367 -0.43359 -0.430077 -0.426162 -0.422153 -0.418649 -0.414854 -0.413781 -0.407319 -0.418471 -0.377852 -0.495812 
6.6 -13.2877 0.464341 2 4 8 10 10 10 10 10 10 10 10 11 12 14 16 16 16 14 12 11 10 10 10 10 10 10 10 10 8 4 2 -0.49607 -0.377878 -0.418734 -0.407554 -0.414168 -0.415307 -0.419203 -0.422751 -0.426762 -0.430633 -0.434063 -0.437069 -0.439382 -0.440847 -0.442082 -0.442669 -0.442082 -0.440847 -0.439382 -0.437069 -0.434063 -0.430633 -0.426762 -0.422751 -0.419203 -0.415307 -0.414168 -0.407554 -0.418734 -0.377878 -0.49607 
6.7 -13.2986 0.46965 2 4 8 10 10 10 10 10 10 10 10 12 13 15 16 16 16 15 13 12 10 10 10 10 10 10 10 10 8 4 2 -0.496344 -0.377905 -0.419011 -0.407802 -0.414572 -0.415776 -0.419768 -0.423354 -0.427357 -0.431176 -0.434521 -0.43742 -0.439641 -0.441042 -0.44222 -0.442777 -0.44222 -0.441042 -0.439641 -0.43742 -0.434521 -0.431176 -0.427357 -0.423354 -0.419768 -0.415776 -0.414572 -0.407802 -0.419011 -0.377905 -0.496344 
6.8 -13.3095 0.47492 2 4 8 10 10 10 10 10 10 10 10 12 14 15 16 16 16 15 14 12 10 10 10 10 10 10 10 10 8 4 2 -0.496634 -0.377935 -0.419303 -0.408063 -0.414993 -0.416258 -0.420345 -0.423959 -0.427947 -0.431706 -0.434963 -0.437754 -0.439884 -0.441229 -0.442351 -0.442877 -0.442351 -0.441229 -0.439884 -0.437754 -0.434963 -0.431706 -0.427947 -0.423959 -0.420345 -0.416258 -0.414993 -0.408063 -0.419303 -0.377935 -0.496634 
6.9 -13.3205 0.480145 2 4 8 10 10 10 10 10 10 10 10 12 14 16 16 16 16 16 14 12 10 10 10 10 10 10 10 10 8 4 2 -0.496941 -0.377967 -0.419611 -0.408337 -0.415431 -0.416756 -0.420931 -0.424566 -0.428529 -0.432221 -0.435389 -0.438071 -0.440111 -0.441407 -0.442475 -0.442967 -0.442475 -0.441407 -0.440111 -0.438071 -0.435389 -0.432221 -0.428529 -0.424566 -0.420931 -0.416756 -0.415431 -0.408337 -0.419612 -0.377967 -0.496941 
7 -13.3314 0.485321 2 4 8 10 10 10 10 10 10 10 10 12 14 16 16 17 16 16 14 12 10 10 10 10 10 10 10 10 8 4 2 -0.497267 -0.378 -0.419936 -0.408624 -0.415887 -0.417267 -0.421526 -0.425173 -0.429104 -0.432721 -0.435799 -0.438371 -0.440324 -0.441578 -0.442592 -0.443049 -0.442592 -0.441578 -0.440324 -0.438371 -0.435799 -0.432721 -0.429104 -0.425173 -0.421526 -0.417267 -0.415887 -0.408624 -0.419936 -0.378 -0.497267 
7.1 -13.3423 0.490443 2 4 8 10 10 10 10 10 10 10 10 12 14 16 17 18 17 16 14 12 10 10 10 10 10 10 10 10 8 4 2 -0.497612 -0.378036 -0.420279 -0.408924 -0.416359 -0.41779 -0.422129 -0.425779 -0.429671 -0.433207 -0.436194 -0.438656 -0.440524 -0.44174 -0.442701 -0.443123 -0.442701 -0.44174 -0.440524 -0.438656 -0.436194 -0.433207 -0.429671 -0.425779 -0.422129 -0.41779 -0.41636 -0.408924 -0.420279 -0.378036 -0.497612 
7.2 -13.3533 0.495506 2 4 8 10 10 10 10 10 10 10 11 12 15 16 17 18 17 16 15 12 11 10 10 10 10 10 10 10 8 4 2 -0.497977 -0.378072 -0.42064 -0.409237 -0.416849 -0.418326 -0.422738 -0.426382 -0.430227 -0.433677 -0.436574 -0.438925 -0.440711 -0.441895 -0.442804 -0.44319 -0.442804 -0.441895 -0.440711 -0.438925 -0.436574 -0.433677 -0.430227 -0.426382 -0.422738 -0.418326 -0.416849 -0.409237 -0.42064 -0.378072 -0.497977 
7.3 -13.3642 0.500507 2 4 8 10 10 10 10 10 10 10 11 13 15 16 18 18 18 16 15 13 11 10 10 10 10 10 10 10 8 4 2 -0.498365 -0.37811 -0.42102 -0.409564 -0.417356 -0.418874 -0.423352 -0.426981 -0.430774 -0.434132 -0.436939 -0.439179 -0.440888 -0.44204 -0.4429 -0.44325 -0.4429 -0.44204 -0.440888 -0.439179 -0.436939 -0.434132 -0.430774 -0.426981 -0.423352 -0.418874 -0.417356 -0.409564 -0.42102 -0.37811 -0.498365 
7.4 -13.3751 0.505442 2 4 8 10 10 10 10 10 10 10 11 13 15 16 18 18 18 16 15 13 11 10 10 10 10 10 10 10 8 4 2 -0.498776 -0.378149 -0.42142 -0.409903 -0.417878 -0.419431 -0.423969 -0.427574 -0.431309 -0.434571 -0.437289 -0.43942 -0.441054 -0.442178 -0.442989 -0.443303 -0.442989 -0.442178 -0.441054 -0.43942 -0.437289 -0.434571 -0.431309 -0.427574 -0.423969 -0.419431 -0.417878 -0.409903 -0.42142 -0.378149 -0.498776 
7.5 -13.386 0.51031 2 4 8 10 10 10 10 10 10 10 11 13 15 16 18 18 18 16 15 13 11 10 10 10 10 10 10 10 8 4 2 -0.499212 -0.378188 -0.421841 -0.410255 -0.418417 -0.419997 -0.424589 -0.428161 -0.431833 -0.434995 -0.437625 -0.439647 -0.441211 -0.442306 -0.443071 -0.443351 -0.443071 -0.442306 -0.441211 -0.439647 -0.437625 -0.434995 -0.431832 -0.428161 -0.424589 -0.419997 -0.418417 -0.410255 -0.421841 -0.378188 -0.499212 
7.6 -13.397 0.515108 2 4 8 10 10 10 10 10 10 10 12 13 15 16 18 18 18 16 15 13 12 10 10 10 10 10 10 10 8 4 2 -0.499675 -0.378227 -0.422284 -0.410619 -0.418972 -0.42057 -0.42521 -0.428739 -0.432344 -0.435404 -0.437947 -0.439862 -0.441359 -0.442426 -0.443147 -0.443394 -0.443147 -0.442426 -0.441359 -0.439862 -0.437947 -0.435404 -0.432344 -0.428739 -0.42521 -0.42057 -0.418972 -0.410618 -0.422284 -0.378227 -0.499675 
7.7 -13.4079 0.519833 2 4 8 10 10 10 10 10 10 10 12 13 15 16 18 18 18 16 15 13 12 10 10 10 10 10 10 10 8 4 2 -0.500165 -0.378265 -0.42275 -0.410994 -0.419541 -0.42115 -0.42583 -0.429308 -0.432842 -0.435797 -0.438255 -0.440066 -0.4415 -0.442537 -0.443216 -0.443432 -0.443216 -0.442537 -0.4415 -0.440066 -0.438255 -0.435797 -0.432842 -0.429308 -0.42583 -0.42115 -0.419541 -0.410994 -0.42275 -0.378265 -0.500165 
7.8 -13.4188 0.524484 2 4 8 10 10 10 10 10 10 11 12 13 15 16 18 18 18 16 15 13 12 11 10 10 10 10 10 10 8 4 2 -0.500686 -0.378303 -0.423239 -0.411379 -0.420124 -0.421734 -0.426447 -0.429866 -0.433328 -0.436176 -0.43855 -0.440259 -0.441635 -0.44264 -0.443279 -0.443466 -0.443279 -0.44264 -0.441635 -0.440259 -0.43855 -0.436176 -0.433328 -0.429866 -0.426447 -0.421734 -0.420124 -0.411379 -0.423239 -0.378303 -0.500686 
7.9 -13.4296 0.529061 2 4 8 10 10 10 10 10 10 11 13 14 15 17 18 18 18 17 15 14 13 11 10 10 10 10 10 10 8 4 2 -0.501238 -0.37834 -0.423752 -0.411775 -0.420721 -0.422321 -0.427062 -0.430412 -0.4338 -0.436539 -0.438831 -0.440442 -0.441762 -0.442733 -0.443336 -0.443497 -0.443336 -0.442733 -0.441762 -0.440442 -0.438831 -0.436539 -0.4338 -0.430412 -0.427062 -0.422321 -0.420721 -0.411775 -0.423752 -0.37834 -0.501238 
8 -13.4405 0.533561 2 4 8 10 10 10 10 10 10 11 13 14 15 17 18 19 18 17 15 14 13 11 10 10 10 10 10 10 8 4 2 -0.501823 -0.378374 -0.42429 -0.41218 -0.421331 -0.42291 -0.427671 -0.430946 -0.434258 -0.436888 -0.4391 -0.440616 -0.441884 -0.442818 -0.443387 -0.443524 -0.443387 -0.442818 -0.441884 -0.440616 -0.4391 -0.436888 -0.434258 -0.430946 -0.427671 -0.42291 -0.421331 -0.41218 -0.42429 -0.378374 -0.501823 
8.1 -13.4513 0.537985 2 4 8 10 10 10 10 10 10 12 13 15 15 17 18 19 18 17 15 15 13 12 10 10 10 10 10 10 8 4 2 -0.502443 -0.378406 -0.424854 -0.412593 -0.421953 -0.423498 -0.428274 -0.431465 -0.434703 -0.437223 -0.439356 -0.440782 -0.442 -0.442895 -0.443432 -0.443549 -0.443432 -0.442895 -0.442 -0.440782 -0.439356 -0.437223 -0.434703 -0.431465 -0.428274 -0.423498 -0.421953 -0.412593 -0.424854 -0.378406 -0.502443 
8.2 -13.4621 0.542333 2 4 8 10 10 10 10 10 10 12 14 15 15 17 18 19 18 17 15 15 14 12 10 10 10 10 10 10 8 4 2 -0.5031 -0.378434 -0.425444 -0.413014 -0.422585 -0.424085 -0.42887 -0.43197 -0.435135 -0.437544 -0.439601 -0.44094 -0.442111 -0.442963 -0.443471 -0.443571 -0.443471 -0.442963 -0.442111 -0.44094 -0.439601 -0.437544 -0.435135 -0.43197 -0.42887 -0.424085 -0.422585 -0.413014 -0.425444 -0.378434 -0.5031 
8.3 -13.4729 0.546603 2 4 8 10 10 10 10 10 10 12 14 15 16 17 18 19 18 17 16 15 14 12 10 10 10 10 10 10 8 4 2 -0.503796 -0.378458 -0.42606 -0.413441 -0.423227 -0.424668 -0.429457 -0.43246 -0.435552 -0.437852 -0.439833 -0.441091 -0.442217 -0.443024 -0.443505 -0.443592 -0.443505 -0.443024 -0.442217 -0.441091 -0.439833 -0.437852 -0.435552 -0.43246 -0.429457 -0.424668 -0.423227 -0.413441 -0.42606 -0.378458 -0.503796 
8.4 -13.4836 0.550797 2 4 8 10 10 10 10 10 10 12 14 15 17 18 18 19 18 18 17 15 14 12 10 10 10 10 10 10 8 4 2 -0.504532 -0.378478 -0.426704 -0.413873 -0.423878 -0.425246 -0.430035 -0.432935 -0.435956 -0.438146 -0.440054 -0.441236 -0.442318 -0.443077 -0.443534 -0.44361 -0.443534 -0.443077 -0.442318 -0.441236 -0.440054 -0.438146 -0.435956 -0.432935 -0.430035 -0.425246 -0.423878 -0.413873 -0.426704 -0.378478 -0.504532 
8.5 -13.4943 0.554915 2 4 8 10 10 10 10 10 11 13 14 15 17 18 18 20 18 18 17 15 15 13 11 10 10 10 10 10 8 4 2 -0.505309 -0.378492 -0.427375 -0.414309 -0.424537 -0.425818 -0.430602 -0.433393 -0.436346 -0.438427 -0.440264 -0.441376 -0.442413 -0.443123 -0.443558 -0.443626 -0.443558 -0.443123 -0.442413 -0.441376 -0.440264 -0.438427 -0.436346 -0.433393 -0.430602 -0.425818 -0.424537 -0.414309 -0.427375 -0.378492 -0.505309 
8.6 -13.505 0.558957 2 4 8 10 10 10 10 10 11 13 15 16 17 18 19 20 19 18 17 16 15 13 11 10 10 10 10 10 8 4 2 -0.506131 -0.378499 -0.428073 -0.414748 -0.425202 -0.426381 -0.431158 -0.433834 -0.436723 -0.438696 -0.440464 -0.441509 -0.442504 -0.443162 -0.443578 -0.44364 -0.443578 -0.443162 -0.442504 -0.441509 -0.440464 -0.438696 -0.436723 -0.433834 -0.431158 -0.426381 -0.425202 -0.414748 -0.428073 -0.378499 -0.506131 
8.7 -13.5156 0.562924 2 4 8 10 10 10 10 10 12 13 15 16 17 18 20 20 20 18 17 16 15 13 12 10 10 10 10 10 8 4 2 -0.506998 -0.378499 -0.428799 -0.415187 -0.425873 -0.426936 -0.431702 -0.434259 -0.437087 -0.438952 -0.440654 -0.441638 -0.44259 -0.443195 -0.443594 -0.443652 -0.443594 -0.443195 -0.44259 -0.441638 -0.440654 -0.438952 -0.437087 -0.434259 -0.431702 -0.426936 -0.425873 -0.415187 -0.428799 -0.378499 -0.506998 
8.8 -13.5261 0.566818 2 4 8 10 10 10 10 10 12 14 15 17 17 18 20 20 20 18 17 17 15 14 12 10 10 10 10 10 8 4 2 -0.507912 -0.378491 -0.429554 -0.415627 -0.426548 -0.427479 -0.432234 -0.434668 -0.437437 -0.439196 -0.440835 -0.441762 -0.442671 -0.443222 -0.443605 -0.443661 -0.443605 -0.443222 -0.442671 -0.441762 -0.440835 -0.439196 -0.437437 -0.434668 -0.432234 -0.427479 -0.426548 -0.415627 -0.429554 -0.378491 -0.507912 
8.9 -13.5367 0.570639 2 4 8 10 10 10 10 11 12 14 15 17 17 19 20 20 20 19 17 17 15 14 12 11 10 10 10 10 8 4 2 -0.508874 -0.378473 -0.430336 -0.416065 -0.427225 -0.42801 -0.432752 -0.43506 -0.437775 -0.439429 -0.441006 -0.441882 -0.442747 -0.443245 -0.443614 -0.443669 -0.443614 -0.443245 -0.442747 -0.441882 -0.441006 -0.439429 -0.437775 -0.43506 -0.432752 -0.42801 -0.427225 -0.416065 -0.430336 -0.378473 -0.508874 
9 -13.5471 0.57439 2 4 8 10 10 10 10 11 12 14 15 17 17 19 20 20 20 19 17 17 16 14 12 11 10 10 10 10 8 4 2 -0.509887 -0.378444 -0.431146 -0.4165 -0.427905 -0.428528 -0.433258 -0.435436 -0.4381 -0.43965 -0.44117 -0.441996 -0.442818 -0.443262 -0.443619 -0.443674 -0.443619 -0.443262 -0.442818 -0.441996 -0.44117 -0.43965 -0.4381 -0.435436 -0.433258 -0.428528 -0.427905 -0.4165 -0.431146 -0.378444 -0.509887 
9.1 -13.5575 0.57807 2 4 8 10 10 10 10 11 12 15 17 17 18 19 20 20 20 19 18 17 17 15 12 11 10 10 10 10 8 4 2 -0.510951 -0.378403 -0.431983 -0.416929 -0.428585 -0.429032 -0.433749 -0.435796 -0.438413 -0.439859 -0.441326 -0.442106 -0.442884 -0.443276 -0.443621 -0.443676 -0.443621 -0.443276 -0.442884 -0.442106 -0.441326 -0.439859 -0.438413 -0.435796 -0.433749 -0.429032 -0.428585 -0.416929 -0.431983 -0.378403 -0.510951 
9.2 -13.5678 0.581683 2 4 8 10 10 10 10 11 13 15 17 17 18 19 20 20 20 19 18 17 17 15 13 11 10 10 10 10 8 4 2 -0.512068 -0.378349 -0.432848 -0.417352 -0.429265 -0.429521 -0.434227 -0.436141 -0.438713 -0.440059 -0.441474 -0.44221 -0.442945 -0.443287 -0.443621 -0.443675 -0.443621 -0.443287 -0.442945 -0.44221 -0.441475 -0.440059 -0.438713 -0.436141 -0.434227 -0.429521 -0.429265 -0.417352 -0.432848 -0.378349 -0.512068 
9.3 -13.5781 0.585229 2 4 8 10 10 10 10 12 14 15 17 18 19 19 20 20 20 19 19 18 17 15 14 12 10 10 10 10 8 4 2 -0.513238 -0.37828 -0.43374 -0.417767 -0.429944 -0.429994 -0.434691 -0.43647 -0.439001 -0.440248 -0.441617 -0.442309 -0.443003 -0.443295 -0.443619 -0.443672 -0.443619 -0.443295 -0.443003 -0.442309 -0.441617 -0.440248 -0.439001 -0.43647 -0.434691 -0.429994 -0.429944 -0.417767 -0.43374 -0.37828 -0.513238 
9.4 -13.5883 0.58871 2 4 8 10 10 10 10 12 14 15 17 18 19 19 20 20 20 19 19 18 17 15 14 12 10 10 10 10 8 4 2 -0.514464 -0.378194 -0.434659 -0.41817 -0.43062 -0.430449 -0.435141 -0.436785 -0.439277 -0.440427 -0.441753 -0.442403 -0.443055 -0.4433 -0.443614 -0.443666 -0.443614 -0.4433 -0.443055 -0.442403 -0.441752 -0.440427 -0.439277 -0.436785 -0.435141 -0.430449 -0.43062 -0.41817 -0.434659 -0.378194 -0.514464 
9.5 -13.5984 0.59213 2 4 8 10 10 10 10 12 14 15 17 19 19 19 20 20 20 19 19 19 17 15 14 12 10 10 10 10 8 4 2 -0.515746 -0.378091 -0.435604 -0.418562 -0.431294 -0.430888 -0.435578 -0.437087 -0.439542 -0.440597 -0.441883 -0.44249 -0.443104 -0.443304 -0.443607 -0.443657 -0.443607 -0.443304 -0.443104 -0.44249 -0.441883 -0.440598 -0.439542 -0.437087 -0.435578 -0.430888 -0.431294 -0.418562 -0.435604 -0.378091 -0.515746 
9.6 -13.6084 0.595488 2 4 8 10 10 10 11 12 15 17 17 19 19 19 20 20 20 19 19 19 17 17 15 12 11 10 10 10 8 4 2 -0.517084 -0.377968 -0.436574 -0.418939 -0.431963 -0.431308 -0.436001 -0.437375 -0.439794 -0.440759 -0.442007 -0.442572 -0.443149 -0.443306 -0.443599 -0.443645 -0.443599 -0.443306 -0.443149 -0.442572 -0.442007 -0.440759 -0.439794 -0.437375 -0.436001 -0.431308 -0.431963 -0.418939 -0.436574 -0.377968 -0.517084 
9.7 -13.6184 0.598788 2 4 8 10 10 10 11 13 15 17 18 19 19 20 20 20 20 20 19 19 18 17 15 13 12 10 10 10 8 4 2 -0.518479 -0.377823 -0.437569 -0.4193 -0.432628 -0.43171 -0.436412 -0.43765 -0.440034 -0.440913 -0.442126 -0.442648 -0.44319 -0.443307 -0.44359 -0.443631 -0.44359 -0.443307 -0.44319 -0.442648 -0.442126 -0.440913 -0.440034 -0.43765 -0.436412 -0.43171 -0.432628 -0.4193 -0.437569 -0.377823 -0.518479 
9.8 -13.6282 0.602032 2 4 8 10 10 10 12 13 15 17 18 19 20 20 20 20 20 20 20 19 18 17 15 13 12 10 10 10 8 4 2 -0.519932 -0.377655 -0.438588 -0.419643 -0.433287 -0.432092 -0.436809 -0.437913 -0.440263 -0.44106 -0.44224 -0.442718 -0.443228 -0.443307 -0.443579 -0.443614 -0.443579 -0.443307 -0.443227 -0.442718 -0.44224 -0.44106 -0.440263 -0.437913 -0.436809 -0.432092 -0.433287 -0.419643 -0.438588 -0.377655 -0.519932 
9.9 -13.638 0.605223 2 4 8 10 10 10 12 14 15 17 18 19 20 20 21 21 21 20 20 19 18 17 15 14 12 10 10 10 8 4 2 -0.521443 -0.377462 -0.439631 -0.419965 -0.433941 -0.432456 -0.437194 -0.438165 -0.44048 -0.4412 -0.442349 -0.442782 -0.443262 -0.443307 -0.443567 -0.443594 -0.443567 -0.443307 -0.443262 -0.442782 -0.442349 -0.4412 -0.44048 -0.438165 -0.437194 -0.432456 -0.433941 -0.419965 -0.439631 -0.377462 -0.521443 
10 -13.6477 0.608362 2 4 8 10 10 11 12 14 15 17 19 19 20 20 21 22 21 20 20 19 19 17 15 14 12 11 10 10 8 4 2 -0.523012 -0.377242 -0.440696 -0.420266 -0.434589 -0.4328 -0.437568 -0.438406 -0.440686 -0.441334 -0.442453 -0.44284 -0.443293 -0.443307 -0.443554 -0.443573 -0.443554 -0.443307 -0.443293 -0.44284 -0.442452 -0.441334 -0.440686 -0.438406 -0.437568 -0.4328 -0.434589 -0.420266 -0.440696 -0.377242 -0.523012 
10.1 -13.6572 0.611452 2 4 8 10 10 11 12 14 17 17 19 19 21 21 21 22 21 21 21 19 19 17 17 14 12 11 10 10 8 4 2 -0.524638 -0.376994 -0.441782 -0.420544 -0.435231 -0.433124 -0.43793 -0.438635 -0.44088 -0.441462 -0.442551 -0.442892 -0.443322 -0.443307 -0.443541 -0.443549 -0.443541 -0.443307 -0.443322 -0.442892 -0.44255 -0.441463 -0.44088 -0.438635 -0.43793 -0.433124 -0.435231 -0.420544 -0.441782 -0.376994 -0.524638 
10.2 -13.6666 0.614496 2 4 8 10 10 11 12 15 17 17 19 19 21 21 21 22 21 21 21 19 19 17 17 15 12 11 10 10 8 4 2 -0.526321 -0.376714 -0.442889 -0.420796 -0.435865 -0.433429 -0.438281 -0.438854 -0.441064 -0.441586 -0.442643 -0.442939 -0.443347 -0.443306 -0.443528 -0.443523 -0.443528 -0.443306 -0.443347 -0.442939 -0.442643 -0.441586 -0.441064 -0.438854 -0.438281 -0.433429 -0.435865 -0.420796 -0.442889 -0.376714 -0.526321 
10.3 -13.676 0.617496 2 4 8 10 10 11 13 15 17 18 19 19 21 21 21 22 21 21 21 19 19 18 17 15 13 11 10 10 8 4 2 -0.528061 -0.376402 -0.444016 -0.421021 -0.436494 -0.433714 -0.438622 -0.439063 -0.441237 -0.441705 -0.44273 -0.442981 -0.44337 -0.443306 -0.443514 -0.443496 -0.443514 -0.443306 -0.44337 -0.442981 -0.442729 -0.441705 -0.441237 -0.439063 -0.438622 -0.433714 -0.436494 -0.421021 -0.444016 -0.376402 -0.528061 
10.4 -13.6852 0.620456 2 4 8 10 11 11 13 15 17 19 19 20 21 22 22 23 22 22 21 21 19 19 17 15 13 12 11 10 8 4 2 -0.529857 -0.376056 -0.445161 -0.421218 -0.437115 -0.433979 -0.438954 -0.439262 -0.4414 -0.441819 -0.44281 -0.443018 -0.443391 -0.443306 -0.443501 -0.443467 -0.443501 -0.443306 -0.443391 -0.443018 -0.44281 -0.441819 -0.4414 -0.439262 -0.438954 -0.433979 -0.437115 -0.421218 -0.445161 -0.376056 -0.529857 
10.5 -13.6942 0.623377 2 4 8 10 11 12 13 15 18 19 19 21 22 22 22 23 22 22 22 21 19 19 18 15 13 12 11 10 8 4 2 -0.531706 -0.375674 -0.446323 -0.421386 -0.437729 -0.434225 -0.439277 -0.43945 -0.441554 -0.441928 -0.442885 -0.443051 -0.443409 -0.443306 -0.443487 -0.443438 -0.443487 -0.443306 -0.443409 -0.44305 -0.442885 -0.441928 -0.441554 -0.43945 -0.439277 -0.434225 -0.437729 -0.421386 -0.446323 -0.375674 -0.531706 
10.6 -13.7031 0.626263 2 4 8 10 11 12 15 16 18 19 19 21 22 22 22 23 22 22 22 21 19 19 18 16 15 12 11 10 8 4 2 -0.533608 -0.375254 -0.447502 -0.421522 -0.438337 -0.434452 -0.439591 -0.439629 -0.441699 -0.442034 -0.442953 -0.44308 -0.443425 -0.443305 -0.443474 -0.443407 -0.443474 -0.443305 -0.443425 -0.443079 -0.442954 -0.442033 -0.441699 -0.439628 -0.439591 -0.434452 -0.438337 -0.421522 -0.447502 -0.375254 -0.533608 
10.7 -13.7119 0.629116 2 4 8 10 11 12 15 17 18 19 20 21 22 22 22 23 22 22 22 21 20 19 18 17 15 12 11 10 8 4 2 -0.53556 -0.374795 -0.448697 -0.421627 -0.438939 -0.43466 -0.439897 -0.439797 -0.441836 -0.442135 -0.443016 -0.443106 -0.443439 -0.443305 -0.443462 -0.443377 -0.443462 -0.443305 -0.443439 -0.443105 -0.443016 -0.442134 -0.441836 -0.439796 -0.439897 -0.43466 -0.438939 -0.421627 -0.448697 -0.374795 -0.53556 
10.8 -13.7205 0.631938 2 4 8 11 11 13 15 17 18 19 20 21 22 22 22 23 22 22 22 21 21 19 18 17 15 13 11 11 8 4 2 -0.537561 -0.374296 -0.449905 -0.4217 -0.439535 -0.434849 -0.440196 -0.439954 -0.441966 -0.44223 -0.443072 -0.443129 -0.44345 -0.443305 -0.44345 -0.443346 -0.44345 -0.443304 -0.44345 -0.443128 -0.443073 -0.442229 -0.441967 -0.439954 -0.440196 -0.43485 -0.439534 -0.4217 -0.449905 -0.374296 -0.537561 
10.9 -13.729 0.634732 2 4 8 11 12 13 16 17 18 19 21 21 22 22 22 23 22 22 22 22 21 19 18 17 16 14 12 11 8 4 2 -0.539608 -0.373755 -0.451127 -0.421739 -0.440124 -0.43502 -0.440488 -0.440101 -0.442089 -0.442321 -0.443122 -0.443149 -0.443459 -0.443304 -0.443439 -0.443315 -0.443439 -0.443304 -0.44346 -0.443148 -0.443124 -0.44232 -0.44209 -0.440101 -0.440488 -0.43502 -0.440124 -0.421739 -0.451127 -0.373755 -0.539608 
11 -13.7373 0.637501 2 4 8 11 12 14 16 17 19 19 21 22 22 22 22 23 22 22 22 22 21 19 19 17 16 14 12 11 8 4 2 -0.541698 -0.373171 -0.452362 -0.421744 -0.440708 -0.435173 -0.440774 -0.440238 -0.442208 -0.442406 -0.443167 -0.443167 -0.443466 -0.443303 -0.443429 -0.443285 -0.443429 -0.443302 -0.443467 -0.443166 -0.443169 -0.442405 -0.442209 -0.440238 -0.440774 -0.435173 -0.440708 -0.421744 -0.452362 -0.373171 -0.541698 
11.1 -13.7454 0.640247 2 4 8 11 12 14 16 17 19 20 21 22 22 22 22 23 22 22 22 22 21 21 19 17 16 14 12 11 8 4 2 -0.543828 -0.372544 -0.453607 -0.421715 -0.441288 -0.435308 -0.441053 -0.440364 -0.442321 -0.442485 -0.443207 -0.443184 -0.443472 -0.443301 -0.443419 -0.443257 -0.443419 -0.443301 -0.443472 -0.443183 -0.443209 -0.442483 -0.442322 -0.440364 -0.441053 -0.435308 -0.441288 -0.421715 -0.453607 -0.372544 -0.543828 
11.2 -13.7534 0.642971 2 4 8 11 12 14 16 18 19 21 21 22 22 22 23 23 23 22 22 22 21 21 19 18 16 14 12 11 8 4 2 -0.545995 -0.371873 -0.454863 -0.421651 -0.441863 -0.435425 -0.441327 -0.440479 -0.442431 -0.442557 -0.443242 -0.443198 -0.443475 -0.443299 -0.44341 -0.443229 -0.44341 -0.443298 -0.443476 -0.443197 -0.443244 -0.442556 -0.442432 -0.440479 -0.441327 -0.435425 -0.441863 -0.421651 -0.454863 -0.371873 -0.545995 
11.3 -13.7612 0.645677 2 4 8 11 12 15 16 19 19 21 22 22 22 23 23 23 23 23 22 22 22 21 19 19 16 15 12 11 8 4 2 -0.548195 -0.371158 -0.456128 -0.421553 -0.442434 -0.435525 -0.441595 -0.440583 -0.442538 -0.442622 -0.443273 -0.443211 -0.443476 -0.443296 -0.443402 -0.443204 -0.443402 -0.443296 -0.443477 -0.44321 -0.443275 -0.442621 -0.442539 -0.440583 -0.441595 -0.435525 -0.442434 -0.421553 -0.456128 -0.371158 -0.548195 
11.4 -13.7688 0.648365 2 4 8 11 14 15 16 19 19 21 22 22 23 23 23 23 23 23 23 22 22 21 19 19 16 15 14 11 8 4 2 -0.550424 -0.370399 -0.457402 -0.421419 -0.443001 -0.435608 -0.441858 -0.440676 -0.442643 -0.44268 -0.443301 -0.443223 -0.443476 -0.443293 -0.443395 -0.443181 -0.443395 -0.443292 -0.443477 -0.443221 -0.443303 -0.442678 -0.442643 -0.440676 -0.441858 -0.435607 -0.443002 -0.421419 -0.457402 -0.370399 -0.550424 
11.5 -13.7762 0.651039 2 4 8 11 14 16 18 19 19 21 22 22 23 23 24 23 24 23 23 22 22 21 19 19 18 16 14 11 8 4 2 -0.552678 -0.369596 -0.458684 -0.421251 -0.443567 -0.435673 -0.442116 -0.440759 -0.442745 -0.442729 -0.443326 -0.443232 -0.443474 -0.443289 -0.443388 -0.443161 -0.443388 -0.443289 -0.443475 -0.443231 -0.443328 -0.442727 -0.442746 -0.440759 -0.442116 -0.435672 -0.443567 -0.42125 -0.458684 -0.369596 -0.552678 
11.6 -13.7834 0.653698 2 4 8 12 14 16 18 19 20 21 22 22 23 23 24 23 24 23 23 23 22 21 20 19 18 16 14 12 8 4 2 -0.554953 -0.36875 -0.459972 -0.421047 -0.444131 -0.43572 -0.44237 -0.44083 -0.442846 -0.44277 -0.443349 -0.44324 -0.443471 -0.443284 -0.443382 -0.443143 -0.443382 -0.443284 -0.443472 -0.443238 -0.44335 -0.442769 -0.442847 -0.44083 -0.44237 -0.43572 -0.444131 -0.421047 -0.459972 -0.36875 -0.554953 
11.7 -13.7904 0.656345 2 4 8 13 14 16 18 19 20 22 22 23 23 23 24 23 24 23 23 23 22 22 20 19 18 16 14 13 8 4 2 -0.557244 -0.367862 -0.461267 -0.420809 -0.444693 -0.435751 -0.442619 -0.440891 -0.442946 -0.442802 -0.44337 -0.443246 -0.443466 -0.443279 -0.443375 -0.443129 -0.443376 -0.443279 -0.443467 -0.443244 -0.443372 -0.442801 -0.442946 -0.440891 -0.442619 -0.43575 -0.444694 -0.420809 -0.461267 -0.367862 -0.557244 
11.8 -13.7972 0.65898 2 4 8 13 14 17 18 19 21 22 22 23 23 23 24 24 24 23 23 23 22 22 21 19 18 17 14 13 8 4 2 -0.559547 -0.366933 -0.462568 -0.420536 -0.445256 -0.435763 -0.442865 -0.440941 -0.443045 -0.442826 -0.44339 -0.443249 -0.443461 -0.443274 -0.443369 -0.443118 -0.443369 -0.443274 -0.443462 -0.443248 -0.443391 -0.442825 -0.443045 -0.440941 -0.442865 -0.435763 -0.445256 -0.420536 -0.462568 -0.366933 -0.559547 
11.9 -13.8038 0.661605 2 4 8 13 16 17 18 20 21 22 22 23 23 24 24 24 24 24 23 23 22 22 21 20 18 17 16 13 8 4 2 -0.561856 -0.365965 -0.463873 -0.42023 -0.445819 -0.435757 -0.443108 -0.44098 -0.443144 -0.442841 -0.44341 -0.443251 -0.443455 -0.443268 -0.443363 -0.443111 -0.443363 -0.443268 -0.443455 -0.44325 -0.443411 -0.442841 -0.443143 -0.44098 -0.443108 -0.435757 -0.44582 -0.42023 -0.463873 -0.365965 -0.561856 
12 -13.8101 0.66422 2 4 8 13 16 18 18 21 21 22 23 23 24 24 24 25 24 24 24 23 23 22 21 21 18 18 16 13 8 4 2 -0.564168 -0.36496 -0.465184 -0.419889 -0.446384 -0.435733 -0.443347 -0.441008 -0.443241 -0.442847 -0.44343 -0.44325 -0.443448 -0.443262 -0.443357 -0.443108 -0.443357 -0.443262 -0.443448 -0.44325 -0.44343 -0.442848 -0.44324 -0.441009 -0.443347 -0.435733 -0.446384 -0.419889 -0.465183 -0.36496 -0.564168 
12.1 -13.8163 0.666826 2 4 8 13 16 18 19 21 21 22 23 23 24 24 25 25 25 24 24 23 23 22 21 21 19 18 16 13 8 4 2 -0.566477 -0.363919 -0.466498 -0.419515 -0.446952 -0.43569 -0.443584 -0.441026 -0.443338 -0.442845 -0.443451 -0.443246 -0.443441 -0.443255 -0.443351 -0.443108 -0.443351 -0.443255 -0.443441 -0.443247 -0.44345 -0.442847 -0.443337 -0.441027 -0.443584 -0.43569 -0.446951 -0.419515 -0.466498 -0.363919 -0.566477 
12.2 -13.8222 0.669422 2 4 8 13 16 18 19 21 21 22 23 23 24 24 26 26 26 24 24 23 23 22 21 21 19 18 16 13 8 4 2 -0.568779 -0.362846 -0.467816 -0.419108 -0.447522 -0.435628 -0.443819 -0.441034 -0.443434 -0.442836 -0.443472 -0.44324 -0.443434 -0.443248 -0.443345 -0.443112 -0.443345 -0.443249 -0.443433 -0.443241 -0.44347 -0.442838 -0.443432 -0.441035 -0.443819 -0.435628 -0.447521 -0.419108 -0.467815 -0.362846 -0.568779 
12.3 -13.828 0.672008 2 4 8 14 16 18 19 21 22 22 24 24 25 25 26 26 26 25 25 24 24 22 22 21 19 18 16 14 8 4 2 -0.571068 -0.361742 -0.469137 -0.418668 -0.448096 -0.435546 -0.444053 -0.441031 -0.443528 -0.442819 -0.443493 -0.443231 -0.443426 -0.443241 -0.443338 -0.443119 -0.443338 -0.443242 -0.443426 -0.443233 -0.443491 -0.442822 -0.443527 -0.441032 -0.444053 -0.435546 -0.448095 -0.418669 -0.469136 -0.361742 -0.571068 
12.4 -13.8335 0.674583 2 4 8 14 16 19 19 22 22 22 24 25 25 26 26 26 26 26 25 25 24 22 22 22 19 19 16 14 8 4 2 -0.573341 -0.360611 -0.47046 -0.418197 -0.448675 -0.435443 -0.444286 -0.441018 -0.443621 -0.442796 -0.443515 -0.44322 -0.443419 -0.443234 -0.443332 -0.443128 -0.443332 -0.443235 -0.443418 -0.443222 -0.443512 -0.442799 -0.44362 -0.441018 -0.444285 -0.435444 -0.448674 -0.418198 -0.47046 -0.360611 -0.573341 
12.5 -13.8388 0.677148 2 4 8 14 17 20 20 22 22 23 24 25 26 26 26 26 26 26 26 25 24 23 22 22 19 20 17 14 8 4 2 -0.575592 -0.359457 -0.471786 -0.417694 -0.449258 -0.435319 -0.444518 -0.440994 -0.443713 -0.442766 -0.443538 -0.443206 -0.443413 -0.443226 -0.443326 -0.44314 -0.443326 -0.443227 -0.443411 -0.443209 -0.443534 -0.44277 -0.443711 -0.440994 -0.444518 -0.43532 -0.449257 -0.417695 -0.471786 -0.359456 -0.575592 
12.6 -13.8438 0.6797 2 4 8 14 17 20 20 22 22 23 24 25 26 26 26 27 26 26 26 25 24 23 22 22 20 20 17 14 8 4 2 -0.577817 -0.358281 -0.473114 -0.417161 -0.449848 -0.435174 -0.444751 -0.440958 -0.443803 -0.442731 -0.443561 -0.44319 -0.443407 -0.443218 -0.44332 -0.443154 -0.44332 -0.443219 -0.443404 -0.443194 -0.443557 -0.442736 -0.443801 -0.440959 -0.44475 -0.435175 -0.449846 -0.417162 -0.473114 -0.35828 -0.577817 
12.7 -13.8487 0.68224 2 4 8 14 17 20 20 22 22 23 24 26 26 26 26 27 26 26 26 26 24 23 22 22 20 20 17 14 8 4 2 -0.580012 -0.357087 -0.474443 -0.416598 -0.450443 -0.435007 -0.444985 -0.440912 -0.443892 -0.442692 -0.443585 -0.443171 -0.443401 -0.44321 -0.443315 -0.443168 -0.443315 -0.443211 -0.443398 -0.443176 -0.44358 -0.442696 -0.44389 -0.440913 -0.444984 -0.435008 -0.450441 -0.416599 -0.474443 -0.357087 -0.580012 
12.8 -13.8533 0.684765 2 4 8 15 17 20 20 22 23 23 25 26 26 27 26 27 26 27 26 26 25 23 23 22 20 20 17 15 8 4 2 -0.582174 -0.35588 -0.475774 -0.416005 -0.451045 -0.434817 -0.44522 -0.440854 -0.443979 -0.442648 -0.443609 -0.44315 -0.443396 -0.443201 -0.443312 -0.443183 -0.443311 -0.443202 -0.443393 -0.443155 -0.443603 -0.442653 -0.443977 -0.440855 -0.445219 -0.434819 -0.451043 -0.416006 -0.475774 -0.355879 -0.582174 
12.9 -13.8577 0.687275 2 4 8 15 17 20 20 22 23 23 25 26 27 27 27 28 27 27 27 26 25 23 23 22 21 20 17 15 8 4 2 -0.584298 -0.354662 -0.477105 -0.415384 -0.451654 -0.434605 -0.445458 -0.440784 -0.444065 -0.442601 -0.443632 -0.443127 -0.443392 -0.443192 -0.443309 -0.443198 -0.443309 -0.443193 -0.443389 -0.443133 -0.443626 -0.442606 -0.444063 -0.440785 -0.445457 -0.434606 -0.451652 -0.415385 -0.477106 -0.354661 -0.584298 
13 -13.8619 0.689768 2 4 8 15 17 20 21 22 23 24 26 26 27 27 27 29 27 27 27 26 26 23 23 22 21 20 17 15 8 4 2 -0.586382 -0.353436 -0.478437 -0.414735 -0.45227 -0.434369 -0.445699 -0.440702 -0.44415 -0.44255 -0.443656 -0.443102 -0.44339 -0.443182 -0.443308 -0.443212 -0.443308 -0.443183 -0.443386 -0.443108 -0.443649 -0.442555 -0.444148 -0.440703 -0.445698 -0.43437 -0.452268 -0.414736 -0.478438 -0.353435 -0.586382 
13.1 -13.8659 0.692244 2 4 8 15 18 21 21 22 24 25 26 27 28 27 27 29 27 27 28 27 26 25 24 22 21 21 18 15 8 4 2 -0.588422 -0.352207 -0.479769 -0.41406 -0.452893 -0.434109 -0.445944 -0.440606 -0.444235 -0.442496 -0.443679 -0.443076 -0.443388 -0.443171 -0.443309 -0.443224 -0.443308 -0.443173 -0.443385 -0.443081 -0.443673 -0.442501 -0.444232 -0.440608 -0.445942 -0.434111 -0.452892 -0.414059 -0.47977 -0.352206 -0.588422 
13.2 -13.8697 0.694701 2 4 8 15 18 21 22 22 24 25 26 27 28 27 28 29 28 27 28 27 26 25 24 22 22 21 18 15 8 4 2 -0.590416 -0.350977 -0.481101 -0.413358 -0.453524 -0.433825 -0.446193 -0.440497 -0.444319 -0.442439 -0.443701 -0.443047 -0.443388 -0.44316 -0.443311 -0.443234 -0.443311 -0.443161 -0.443384 -0.443053 -0.443696 -0.442444 -0.444316 -0.440499 -0.446192 -0.433826 -0.453524 -0.413357 -0.481103 -0.350976 -0.590416 
13.3 -13.8733 0.697138 2 4 8 15 18 22 22 22 24 25 27 27 28 27 29 30 29 27 28 27 26 25 24 23 22 22 18 15 8 4 2 -0.592361 -0.34975 -0.482432 -0.412631 -0.454164 -0.433517 -0.446448 -0.440374 -0.444404 -0.442379 -0.443723 -0.443017 -0.443389 -0.443148 -0.443316 -0.443241 -0.443316 -0.443149 -0.443386 -0.443022 -0.443718 -0.442383 -0.444401 -0.440376 -0.446446 -0.433518 -0.454164 -0.412629 -0.482434 -0.349749 -0.592362 
13.4 -13.8767 0.699554 2 4 8 16 18 22 22 23 25 26 27 27 28 28 29 30 29 28 28 28 27 26 25 23 22 22 18 16 8 4 2 -0.594257 -0.348528 -0.483763 -0.411879 -0.454811 -0.433184 -0.446707 -0.440236 -0.444489 -0.442317 -0.443745 -0.442986 -0.443391 -0.443135 -0.443323 -0.443245 -0.443322 -0.443136 -0.443389 -0.442989 -0.443741 -0.44232 -0.444487 -0.440238 -0.446706 -0.433184 -0.454812 -0.411876 -0.483765 -0.348527 -0.594257 
13.5 -13.88 0.70195 2 4 8 16 18 22 23 23 25 26 27 28 29 29 29 30 29 29 29 28 27 26 25 23 23 22 18 16 8 4 2 -0.596101 -0.347315 -0.485093 -0.411103 -0.455468 -0.432826 -0.446974 -0.440083 -0.444577 -0.44225 -0.443767 -0.442952 -0.443396 -0.443122 -0.443331 -0.443247 -0.443331 -0.443122 -0.443394 -0.442955 -0.443764 -0.442253 -0.444575 -0.440085 -0.446972 -0.432826 -0.455469 -0.4111 -0.485095 -0.347314 -0.596101 
13.6 -13.883 0.704324 2 4 8 16 18 22 23 23 25 26 27 28 29 29 30 30 30 29 29 28 27 26 25 23 23 22 18 16 8 4 2 -0.597892 -0.346113 -0.486422 -0.410304 -0.456134 -0.432443 -0.447247 -0.439914 -0.444667 -0.44218 -0.443789 -0.442917 -0.443402 -0.443107 -0.443342 -0.443245 -0.443342 -0.443108 -0.4434 -0.442919 -0.443787 -0.442182 -0.444665 -0.439916 -0.447245 -0.432442 -0.456136 -0.4103 -0.486424 -0.346112 -0.597892 
13.7 -13.8858 0.706676 2 4 8 16 18 22 23 24 26 26 28 28 29 30 30 30 30 30 29 28 28 26 26 24 23 22 18 16 8 4 2 -0.59963 -0.344924 -0.487749 -0.409482 -0.456809 -0.432035 -0.447527 -0.439729 -0.44476 -0.442106 -0.443812 -0.44288 -0.443409 -0.443092 -0.443354 -0.44324 -0.443354 -0.443092 -0.443409 -0.44288 -0.443811 -0.442107 -0.444758 -0.439731 -0.447526 -0.432034 -0.456812 -0.409478 -0.487751 -0.344924 -0.59963 
13.8 -13.8885 0.709007 2 4 8 16 18 22 24 24 26 26 28 30 30 30 30 31 30 30 30 28 28 26 26 24 24 22 18 16 8 4 2 -0.601314 -0.343751 -0.489075 -0.408638 -0.457494 -0.431601 -0.447815 -0.439528 -0.444857 -0.442026 -0.443835 -0.44284 -0.443419 -0.443077 -0.443368 -0.443232 -0.443368 -0.443077 -0.44342 -0.442839 -0.443836 -0.442026 -0.444856 -0.43953 -0.447814 -0.431599 -0.457498 -0.408634 -0.489077 -0.34375 -0.601314 
13.9 -13.891 0.711316 2 4 8 16 18 22 24 24 26 27 28 30 31 31 30 31 30 31 31 29 28 27 27 25 24 22 18 16 8 4 2 -0.602945 -0.342594 -0.490399 -0.407773 -0.45819 -0.431142 -0.448111 -0.439311 -0.444959 -0.441941 -0.44386 -0.442799 -0.443431 -0.443061 -0.443382 -0.443221 -0.443382 -0.44306 -0.443433 -0.442796 -0.443863 -0.44194 -0.444957 -0.439313 -0.448111 -0.431139 -0.458194 -0.407769 -0.490401 -0.342594 -0.602945 
14 -13.8934 0.713605 2 4 8 16 18 22 24 25 27 27 29 30 31 31 30 31 31 31 31 29 28 27 27 25 24 22 18 16 8 4 2 -0.604524 -0.341456 -0.491721 -0.406888 -0.458897 -0.430656 -0.448416 -0.439076 -0.445065 -0.44185 -0.443887 -0.442755 -0.443445 -0.443044 -0.443397 -0.443209 -0.443397 -0.443043 -0.443448 -0.442751 -0.443891 -0.441848 -0.445064 -0.439078 -0.448417 -0.430654 -0.458901 -0.406883 -0.491723 -0.341456 -0.604523 
14.1 -13.8956 0.715872 2 4 8 16 19 22 25 25 28 27 29 30 31 31 31 31 31 31 31 29 29 27 28 25 25 22 18 16 8 4 2 -0.60605 -0.340336 -0.493042 -0.405982 -0.459615 -0.430146 -0.448731 -0.438825 -0.445177 -0.441752 -0.443916 -0.442708 -0.443461 -0.443028 -0.443411 -0.443194 -0.443412 -0.443026 -0.443465 -0.442703 -0.443922 -0.441749 -0.445177 -0.438827 -0.448731 -0.430142 -0.45962 -0.405977 -0.493044 -0.340337 -0.606049 
14.2 -13.8976 0.71812 2 4 8 16 20 22 25 25 28 28 30 30 31 31 31 31 31 31 31 29 30 28 28 25 25 22 19 16 8 4 2 -0.607526 -0.339237 -0.494361 -0.405056 -0.460347 -0.429609 -0.449054 -0.438558 -0.445295 -0.441646 -0.443949 -0.442658 -0.44348 -0.44301 -0.443426 -0.443178 -0.443426 -0.443009 -0.443484 -0.442652 -0.443955 -0.441642 -0.445295 -0.438559 -0.449055 -0.429605 -0.460352 -0.405052 -0.494362 -0.339238 -0.607525 
14.3 -13.8995 0.720348 2 4 8 16 20 22 25 26 28 28 30 30 31 31 31 31 31 31 31 29 30 28 28 26 25 22 20 16 8 4 2 -0.608952 -0.338158 -0.495679 -0.404111 -0.461091 -0.429046 -0.449388 -0.438273 -0.44542 -0.441531 -0.443985 -0.442606 -0.4435 -0.442993 -0.44344 -0.443161 -0.44344 -0.442991 -0.443505 -0.442598 -0.443993 -0.441527 -0.44542 -0.438274 -0.449389 -0.429042 -0.461096 -0.404108 -0.495679 -0.33816 -0.608951 
14.4 -13.9013 0.722558 2 4 8 16 20 22 26 26 28 28 30 30 32 32 32 32 32 32 31 30 30 28 28 26 26 22 20 16 8 4 2 -0.610331 -0.337099 -0.496996 -0.403147 -0.46185 -0.428457 -0.449732 -0.437972 -0.445551 -0.441408 -0.444025 -0.44255 -0.443523 -0.442975 -0.443453 -0.443144 -0.443453 -0.442973 -0.443529 -0.442541 -0.444034 -0.441403 -0.445552 -0.437972 -0.449734 -0.428453 -0.461854 -0.403145 -0.496995 -0.337101 -0.61033 
14.5 -13.9029 0.724749 2 4 8 16 20 22 26 26 29 30 30 31 32 32 32 32 32 32 32 31 30 30 29 26 26 22 20 16 8 4 2 -0.611665 -0.336059 -0.498311 -0.402165 -0.462623 -0.427842 -0.450087 -0.437654 -0.445689 -0.441275 -0.44407 -0.44249 -0.443548 -0.442957 -0.443464 -0.443127 -0.443465 -0.442955 -0.443554 -0.442481 -0.444079 -0.441269 -0.445691 -0.437653 -0.45009 -0.427838 -0.462627 -0.402164 -0.498309 -0.336062 -0.611664 
14.6 -13.9045 0.726923 2 4 8 16 20 23 26 27 30 30 31 31 32 32 32 33 32 32 32 31 30 30 30 27 26 23 20 16 8 4 2 -0.612955 -0.335039 -0.499624 -0.401165 -0.463412 -0.4272 -0.450454 -0.437319 -0.445834 -0.441132 -0.44412 -0.442427 -0.443575 -0.442938 -0.443475 -0.443109 -0.443475 -0.442936 -0.443581 -0.442418 -0.444129 -0.441126 -0.445837 -0.437317 -0.450457 -0.427197 -0.463415 -0.401165 -0.499622 -0.335042 -0.612954 
14.7 -13.9059 0.72908 2 4 8 16 20 23 27 27 30 31 31 32 32 32 32 33 32 32 32 31 31 31 30 27 27 23 20 16 8 4 2 -0.614205 -0.334037 -0.500937 -0.400148 -0.464218 -0.426533 -0.450833 -0.436967 -0.445987 -0.440979 -0.444175 -0.44236 -0.443605 -0.442919 -0.443484 -0.443091 -0.443485 -0.442916 -0.44361 -0.442351 -0.444184 -0.440972 -0.445991 -0.436964 -0.450836 -0.42653 -0.464219 -0.400149 -0.500934 -0.33404 -0.614204 
14.8 -13.9072 0.73122 2 4 8 16 20 23 27 28 30 31 31 32 32 32 33 33 32 32 32 32 31 31 30 28 27 23 20 16 8 4 2 -0.615417 -0.333051 -0.50225 -0.399114 -0.46504 -0.42584 -0.451225 -0.436598 -0.446148 -0.440815 -0.444235 -0.44229 -0.443636 -0.442898 -0.443493 -0.443074 -0.443493 -0.442896 -0.443641 -0.442281 -0.444244 -0.440808 -0.446152 -0.436594 -0.451228 -0.425837 -0.465041 -0.399117 -0.502245 -0.333055 -0.615415 
14.9 -13.9084 0.733344 2 4 8 16 20 23 27 28 30 31 31 32 33 32 33 33 33 32 33 32 31 31 30 28 27 23 20 16 8 4 2 -0.616593 -0.332081 -0.503562 -0.398064 -0.465881 -0.42512 -0.45163 -0.436211 -0.446317 -0.440639 -0.444302 -0.442215 -0.443669 -0.442875 -0.4435 -0.443056 -0.443501 -0.442873 -0.443674 -0.442207 -0.44431 -0.440632 -0.446322 -0.436207 -0.451634 -0.425119 -0.46588 -0.398068 -0.503557 -0.332085 -0.616591 
15 -13.9095 0.735452 2 4 8 16 21 23 27 28 31 31 31 32 33 33 33 34 33 33 33 32 31 31 31 28 27 23 21 16 8 4 2 -0.617736 -0.331125 -0.504874 -0.396998 -0.46674 -0.424375 -0.452051 -0.435807 -0.446494 -0.440452 -0.444374 -0.442136 -0.443705 -0.442851 -0.443508 -0.443037 -0.443508 -0.442849 -0.443709 -0.44213 -0.444382 -0.440445 -0.4465 -0.435802 -0.452055 -0.424375 -0.466737 -0.397003 -0.504868 -0.331128 -0.617735 
15.1 -13.9105 0.737545 2 4 8 16 21 23 28 29 31 31 32 32 33 33 33 34 34 33 33 32 32 31 31 29 28 23 21 16 8 4 2 -0.618849 -0.33018 -0.506186 -0.395916 -0.467618 -0.423605 -0.452486 -0.435385 -0.44668 -0.440253 -0.444453 -0.442053 -0.443742 -0.442824 -0.443515 -0.443018 -0.443516 -0.442823 -0.443746 -0.442048 -0.44446 -0.440246 -0.446687 -0.435378 -0.45249 -0.423605 -0.467614 -0.395923 -0.50618 -0.330184 -0.618848 
15.2 -13.9115 0.739621 2 4 8 16 21 23 29 29 32 32 32 32 34 33 34 35 34 33 34 32 32 32 32 29 29 23 21 16 8 4 2 -0.619935 -0.329246 -0.507499 -0.39482 -0.468516 -0.422808 -0.452939 -0.434944 -0.446876 -0.440042 -0.444538 -0.441966 -0.443781 -0.442795 -0.443523 -0.442997 -0.443524 -0.442793 -0.443784 -0.441962 -0.444543 -0.440035 -0.446884 -0.434937 -0.452943 -0.422809 -0.468511 -0.394827 -0.507493 -0.329249 -0.619934 
15.3 -13.9123 0.741682 2 4 8 16 21 24 29 29 32 33 33 33 34 34 35 35 35 34 34 33 33 32 32 29 29 24 21 16 8 4 2 -0.620996 -0.328319 -0.508813 -0.393709 -0.469435 -0.421987 -0.453409 -0.434484 -0.447081 -0.439818 -0.444629 -0.441874 -0.443823 -0.442762 -0.443533 -0.442974 -0.443534 -0.442761 -0.443825 -0.441871 -0.444633 -0.439811 -0.44709 -0.434476 -0.453412 -0.421989 -0.469429 -0.393717 -0.508807 -0.328322 -0.620995 
15.4 -13.9131 0.743727 2 4 8 16 21 24 29 29 32 33 33 33 34 34 35 35 35 34 34 33 33 32 32 29 29 24 21 16 8 4 2 -0.622034 -0.327399 -0.510129 -0.392583 -0.470375 -0.42114 -0.453897 -0.434004 -0.447298 -0.439581 -0.444726 -0.441778 -0.443866 -0.442726 -0.443544 -0.442948 -0.443545 -0.442724 -0.443867 -0.441776 -0.44473 -0.439574 -0.447307 -0.433995 -0.453901 -0.421143 -0.470367 -0.392592 -0.510122 -0.327401 -0.622034 
15.5 -13.9138 0.745757 2 4 8 16 21 24 29 30 32 33 33 33 34 35 35 36 35 35 34 33 33 32 32 30 29 24 21 16 8 4 2 -0.623054 -0.326483 -0.511446 -0.391445 -0.471336 -0.420268 -0.454406 -0.433503 -0.447526 -0.439331 -0.44483 -0.441676 -0.443911 -0.442685 -0.443558 -0.44292 -0.443559 -0.442684 -0.443912 -0.441676 -0.444833 -0.439324 -0.447536 -0.433494 -0.454409 -0.420272 -0.471328 -0.391454 -0.51144 -0.326485 -0.623054 
15.6 -13.9145 0.747772 2 4 8 16 21 25 30 30 33 33 33 33 35 35 35 36 35 35 35 33 33 32 33 30 30 25 21 16 8 4 2 -0.624056 -0.325569 -0.512765 -0.390293 -0.472319 -0.419371 -0.454935 -0.43298 -0.447767 -0.439067 -0.444941 -0.441569 -0.443959 -0.44264 -0.443574 -0.442887 -0.443576 -0.442638 -0.443959 -0.44157 -0.444942 -0.439061 -0.447777 -0.432971 -0.454938 -0.419376 -0.47231 -0.390302 -0.512759 -0.32557 -0.624056 
15.7 -13.9151 0.749772 2 4 8 16 21 25 30 30 33 33 34 34 35 35 35 36 35 35 35 34 34 33 33 30 30 25 21 16 8 4 2 -0.625042 -0.324657 -0.514086 -0.389128 -0.473324 -0.41845 -0.455487 -0.432435 -0.448021 -0.438789 -0.445059 -0.441456 -0.444009 -0.442589 -0.443594 -0.442851 -0.443595 -0.442588 -0.444008 -0.441458 -0.445059 -0.438783 -0.448031 -0.432427 -0.455489 -0.418455 -0.473316 -0.389137 -0.514082 -0.324657 -0.625043 
15.8 -13.9157 0.751758 2 4 8 16 21 25 30 30 33 34 35 35 35 35 36 36 36 35 35 35 35 33 33 30 30 25 21 16 8 4 2 -0.626015 -0.323743 -0.51541 -0.387951 -0.474352 -0.417506 -0.456061 -0.431868 -0.448289 -0.438496 -0.445183 -0.441337 -0.444061 -0.442534 -0.443617 -0.442809 -0.443619 -0.442532 -0.44406 -0.44134 -0.445183 -0.438491 -0.448299 -0.43186 -0.456063 -0.417511 -0.474344 -0.387959 -0.515407 -0.323742 -0.626016 
15.9 -13.9162 0.75373 2 4 8 16 21 25 31 30 33 34 35 36 36 35 36 37 36 35 35 36 35 34 33 30 30 25 21 16 8 4 2 -0.626977 -0.322827 -0.516737 -0.386762 -0.475403 -0.416537 -0.45666 -0.431276 -0.448573 -0.438188 -0.445316 -0.441211 -0.444116 -0.442473 -0.443644 -0.442764 -0.443646 -0.442471 -0.444114 -0.441215 -0.445314 -0.438183 -0.448582 -0.431269 -0.456661 -0.416543 -0.475395 -0.386769 -0.516734 -0.322826 -0.626978 
16 -13.9166 0.755689 2 4 8 16 21 25 31 30 33 35 35 36 36 36 37 37 37 36 36 36 35 35 33 30 31 25 21 16 8 4 2 -0.627928 -0.321909 -0.518066 -0.38556 -0.476477 -0.415546 -0.457285 -0.430661 -0.448872 -0.437865 -0.445455 -0.441078 -0.444173 -0.442406 -0.443675 -0.442713 -0.443677 -0.442404 -0.444171 -0.441082 -0.445454 -0.43786 -0.448881 -0.430654 -0.457285 -0.415551 -0.47647 -0.385566 -0.518065 -0.321906 -0.62793 
16.1 -13.917 0.757636 2 4 8 16 21 25 31 30 34 35 35 36 36 36 37 37 37 36 36 36 35 35 33 30 31 25 21 16 8 4 2 -0.628871 -0.320986 -0.519398 -0.384348 -0.477573 -0.414532 -0.457935 -0.430021 -0.449188 -0.437526 -0.445603 -0.440936 -0.444233 -0.442333 -0.44371 -0.442658 -0.443712 -0.442332 -0.444232 -0.440941 -0.445601 -0.437522 -0.449196 -0.430015 -0.457934 -0.414537 -0.477567 -0.384352 -0.519398 -0.320983 -0.628872 
16.2 -13.9174 0.759573 2 4 8 16 21 25 32 31 34 35 35 36 36 36 37 37 37 36 36 36 35 35 34 31 31 25 21 16 8 4 2 -0.629805 -0.320059 -0.520732 -0.383125 -0.478693 -0.413496 -0.458611 -0.429356 -0.449522 -0.43717 -0.445759 -0.440786 -0.444297 -0.442254 -0.443748 -0.442597 -0.44375 -0.442253 -0.444295 -0.440791 -0.445757 -0.437167 -0.449529 -0.429351 -0.45861 -0.4135 -0.478688 -0.383128 -0.520733 -0.320055 -0.629807 
16.3 -13.9178 0.7615 2 4 8 16 22 25 32 31 34 35 35 36 36 36 37 37 37 36 36 36 35 35 34 31 32 25 22 16 8 4 2 -0.630731 -0.319128 -0.522069 -0.381891 -0.479835 -0.412439 -0.459315 -0.428665 -0.449875 -0.436798 -0.445923 -0.440627 -0.444364 -0.44217 -0.44379 -0.442533 -0.443792 -0.442168 -0.444362 -0.440631 -0.445921 -0.436796 -0.449879 -0.428662 -0.459314 -0.412442 -0.479832 -0.381893 -0.522071 -0.319123 -0.630733 
16.4 -13.9181 0.763419 2 4 8 16 22 25 32 31 34 35 35 37 36 36 37 38 37 36 36 37 35 35 34 31 32 25 22 16 8 4 2 -0.63165 -0.318192 -0.523407 -0.380648 -0.481 -0.411361 -0.460046 -0.42795 -0.450246 -0.436409 -0.446096 -0.440457 -0.444434 -0.442079 -0.443835 -0.442464 -0.443836 -0.442078 -0.444433 -0.440461 -0.446094 -0.436408 -0.450249 -0.427949 -0.460045 -0.411364 -0.480998 -0.380648 -0.523411 -0.318187 -0.631652 
16.5 -13.9184 0.765332 2 4 8 16 22 25 32 31 34 35 36 37 36 37 38 39 37 37 36 37 36 35 34 31 32 25 22 16 8 4 2 -0.632561 -0.317253 -0.524746 -0.379396 -0.482186 -0.410265 -0.460804 -0.427211 -0.450636 -0.436002 -0.446279 -0.440277 -0.444509 -0.441982 -0.443883 -0.442391 -0.443884 -0.441981 -0.444508 -0.44028 -0.446277 -0.436002 -0.450638 -0.42721 -0.460803 -0.410266 -0.482186 -0.379394 -0.524751 -0.317247 -0.632564 
16.6 -13.9186 0.76724 2 4 8 16 23 25 32 31 35 35 36 37 37 37 38 39 38 37 37 37 36 35 34 31 32 25 23 16 8 4 2 -0.633465 -0.31631 -0.526086 -0.378135 -0.483393 -0.40915 -0.46159 -0.426447 -0.451047 -0.435579 -0.446471 -0.440085 -0.444588 -0.441879 -0.443933 -0.442314 -0.443934 -0.441879 -0.444587 -0.440087 -0.446469 -0.43558 -0.451047 -0.426447 -0.461589 -0.40915 -0.483395 -0.378132 -0.526091 -0.316305 -0.633467 
16.7 -13.9189 0.769144 2 4 8 16 23 25 32 32 35 35 36 37 37 38 39 39 38 38 37 37 36 35 35 32 32 25 23 16 8 4 2 -0.634361 -0.315366 -0.527425 -0.376868 -0.484621 -0.408017 -0.462404 -0.425659 -0.451477 -0.435137 -0.446674 -0.43988 -0.444671 -0.44177 -0.443986 -0.442233 -0.443986 -0.44177 -0.44467 -0.439882 -0.446671 -0.435139 -0.451476 -0.425661 -0.462403 -0.408016 -0.484624 -0.376862 -0.527431 -0.315361 -0.634363 
16.8 -13.9191 0.771047 2 4 8 16 23 25 32 32 35 35 36 38 38 39 39 40 39 39 38 38 36 35 35 32 32 25 23 16 8 4 2 -0.635248 -0.314422 -0.528762 -0.375594 -0.485868 -0.406869 -0.463244 -0.424848 -0.451928 -0.434678 -0.446886 -0.439662 -0.44476 -0.441654 -0.444041 -0.442149 -0.444041 -0.441655 -0.444759 -0.439664 -0.446884 -0.434681 -0.451925 -0.424851 -0.463244 -0.406866 -0.485873 -0.375587 -0.528769 -0.314417 -0.635249 
16.9 -13.9193 0.77295 2 4 8 16 23 25 32 33 35 36 36 38 39 39 39 40 39 39 38 38 36 36 35 33 32 25 23 16 8 4 2 -0.636124 -0.31348 -0.530096 -0.374315 -0.487132 -0.405705 -0.464111 -0.424016 -0.4524 -0.434201 -0.447109 -0.439431 -0.444854 -0.441532 -0.444098 -0.442062 -0.444097 -0.441534 -0.444853 -0.439432 -0.447107 -0.434205 -0.452395 -0.424019 -0.464112 -0.4057 -0.487139 -0.374307 -0.530103 -0.313475 -0.636126 
17 -13.9194 0.774854 2 4 8 16 23 25 32 33 35 36 37 38 39 39 40 40 39 39 38 38 36 36 35 33 32 25 23 16 8 4 2 -0.63699 -0.312541 -0.531425 -0.373033 -0.488414 -0.404528 -0.465003 -0.423162 -0.452892 -0.433706 -0.447344 -0.439184 -0.444954 -0.441403 -0.444157 -0.441971 -0.444156 -0.441405 -0.444954 -0.439185 -0.447341 -0.433712 -0.452886 -0.423166 -0.465005 -0.404522 -0.488422 -0.373024 -0.531432 -0.312537 -0.636991 
17.1 -13.9196 0.776761 2 4 8 16 23 25 32 33 35 37 37 38 39 39 40 40 39 39 38 38 37 36 35 33 32 25 23 16 8 4 2 -0.637843 -0.311608 -0.532748 -0.371748 -0.489711 -0.403339 -0.465921 -0.422289 -0.453405 -0.433193 -0.447589 -0.438923 -0.445061 -0.441267 -0.444218 -0.441876 -0.444216 -0.44127 -0.44506 -0.438924 -0.447586 -0.4332 -0.453397 -0.422293 -0.465924 -0.403331 -0.48972 -0.371738 -0.532755 -0.311605 -0.637844 
17.2 -13.9197 0.778671 2 4 8 16 23 25 32 33 35 37 37 38 39 40 40 40 40 40 38 39 37 36 35 33 32 25 23 16 8 4 2 -0.638682 -0.310684 -0.534064 -0.370463 -0.491021 -0.402138 -0.466863 -0.421396 -0.453939 -0.432662 -0.447846 -0.438646 -0.445175 -0.441124 -0.444282 -0.441776 -0.444278 -0.441127 -0.445173 -0.438646 -0.447843 -0.43267 -0.45393 -0.4214 -0.466867 -0.402129 -0.491032 -0.370453 -0.53407 -0.310682 -0.638682 
17.3 -13.9199 0.780587 2 4 8 16 23 25 32 33 36 37 37 39 39 40 40 40 40 40 39 39 37 37 36 33 32 25 23 16 8 4 2 -0.639506 -0.309771 -0.535369 -0.36918 -0.492343 -0.400929 -0.467829 -0.420487 -0.454493 -0.432113 -0.448115 -0.438353 -0.445296 -0.440972 -0.444347 -0.441672 -0.444344 -0.440976 -0.445294 -0.438353 -0.448111 -0.432122 -0.454484 -0.42049 -0.467833 -0.400918 -0.492354 -0.36917 -0.535375 -0.30977 -0.639505 
17.4 -13.92 0.782508 2 4 8 16 23 25 32 33 36 37 37 39 39 40 40 40 40 40 39 39 37 37 36 33 32 25 23 16 8 4 2 -0.640312 -0.308872 -0.536662 -0.367901 -0.493674 -0.399711 -0.468816 -0.41956 -0.455068 -0.431546 -0.448397 -0.438043 -0.445425 -0.440811 -0.444416 -0.441563 -0.444412 -0.440816 -0.445423 -0.438044 -0.448392 -0.431556 -0.455058 -0.419564 -0.468822 -0.3997 -0.493686 -0.36789 -0.536668 -0.308872 -0.640311 
17.5 -13.9201 0.784437 2 4 8 16 23 25 32 33 36 37 37 39 39 40 40 41 40 40 39 39 37 37 36 33 32 25 23 16 8 4 2 -0.641099 -0.307989 -0.537942 -0.366627 -0.495013 -0.398487 -0.469826 -0.418619 -0.455664 -0.430961 -0.448691 -0.437716 -0.445562 -0.440642 -0.444488 -0.441446 -0.444484 -0.440647 -0.44556 -0.437717 -0.448686 -0.430971 -0.455654 -0.418621 -0.469832 -0.398475 -0.495025 -0.366617 -0.537947 -0.307991 -0.641098 
17.6 -13.9202 0.786374 2 4 8 16 23 25 32 33 36 37 37 39 39 40 40 41 40 40 39 39 37 37 36 33 32 25 23 16 8 4 2 -0.641865 -0.307126 -0.539206 -0.365361 -0.496358 -0.397258 -0.470855 -0.417663 -0.45628 -0.430358 -0.448998 -0.437372 -0.445708 -0.440462 -0.444564 -0.441323 -0.444559 -0.440468 -0.445705 -0.437373 -0.448993 -0.430368 -0.45627 -0.417665 -0.470862 -0.397246 -0.49637 -0.365351 -0.539209 -0.307128 -0.641864 
17.7 -13.9203 0.78832 2 4 8 16 23 25 32 33 36 37 37 39 39 40 40 41 41 40 39 39 37 37 36 33 32 25 23 16 8 4 2 -0.642609 -0.306285 -0.540451 -0.364106 -0.497705 -0.396025 -0.471904 -0.416694 -0.456917 -0.429737 -0.44932 -0.43701 -0.445864 -0.440271 -0.444644 -0.441192 -0.44464 -0.440277 -0.445861 -0.437012 -0.449314 -0.429747 -0.456908 -0.416696 -0.471911 -0.396014 -0.497716 -0.364097 -0.540454 -0.306288 -0.642607 
17.8 -13.9204 0.790276 2 4 8 16 23 25 32 33 36 37 37 40 39 40 41 42 41 41 39 39 38 37 36 33 32 25 23 16 8 4 2 -0.643329 -0.305468 -0.541676 -0.362863 -0.499053 -0.394791 -0.472971 -0.415713 -0.457576 -0.429097 -0.449655 -0.436631 -0.446029 -0.44007 -0.44473 -0.441051 -0.444726 -0.440076 -0.446025 -0.436633 -0.449649 -0.429107 -0.457567 -0.415714 -0.472978 -0.394781 -0.499063 -0.362855 -0.541678 -0.305472 -0.643326 
17.9 -13.9204 0.792244 2 4 8 16 23 25 32 33 36 37 38 40 39 40 41 42 41 41 39 39 38 37 36 33 32 25 23 16 8 4 2 -0.644022 -0.304679 -0.542879 -0.361636 -0.500399 -0.393558 -0.474054 -0.414721 -0.458255 -0.428439 -0.450006 -0.436234 -0.446204 -0.439856 -0.444821 -0.440901 -0.444817 -0.439862 -0.4462 -0.436237 -0.45 -0.428448 -0.458247 -0.414722 -0.474061 -0.393548 -0.500408 -0.361629 -0.54288 -0.304684 -0.644019 
18 -13.9205 0.794225 2 4 8 16 23 25 32 33 37 37 38 40 40 40 41 42 41 42 40 40 38 37 37 33 32 25 23 16 8 4 2 -0.644689 -0.303919 -0.544057 -0.360427 -0.50174 -0.392325 -0.475154 -0.413719 -0.458955 -0.427762 -0.450371 -0.435819 -0.446389 -0.439629 -0.444919 -0.440739 -0.444915 -0.439635 -0.446385 -0.435822 -0.450365 -0.427771 -0.458948 -0.41372 -0.47516 -0.392317 -0.501748 -0.360422 -0.544057 -0.303924 -0.644686 
18.1 -13.9205 0.79622 2 4 8 16 23 25 32 33 37 37 39 40 41 41 42 43 42 42 41 40 39 37 37 33 32 25 23 16 8 4 2 -0.645327 -0.30319 -0.545209 -0.359239 -0.503074 -0.391097 -0.476268 -0.412708 -0.459677 -0.427066 -0.450753 -0.435385 -0.446585 -0.43939 -0.445023 -0.440566 -0.44502 -0.439394 -0.446581 -0.435389 -0.450747 -0.427074 -0.459671 -0.412708 -0.476273 -0.391089 -0.50308 -0.359235 -0.545208 -0.303196 -0.645324 
18.2 -13.9206 0.798231 2 4 8 16 23 25 32 33 37 37 39 40 41 41 42 43 42 42 41 40 39 37 37 33 32 25 23 16 8 4 2 -0.645935 -0.302495 -0.546332 -0.358074 -0.504398 -0.389873 -0.477394 -0.411687 -0.46042 -0.426352 -0.451152 -0.434934 -0.446792 -0.439136 -0.445135 -0.440381 -0.445133 -0.43914 -0.446788 -0.434938 -0.451146 -0.426358 -0.460415 -0.411688 -0.477398 -0.389868 -0.504402 -0.358071 -0.54633 -0.3025 -0.645932 
18.3 -13.9206 0.80026 2 4 8 16 23 25 32 33 37 37 39 40 42 42 43 44 42 42 42 40 39 38 37 33 32 25 23 16 8 4 2 -0.646512 -0.301834 -0.547424 -0.356936 -0.505709 -0.388657 -0.478532 -0.41066 -0.461185 -0.425618 -0.451568 -0.434464 -0.44701 -0.438868 -0.445255 -0.440182 -0.445253 -0.438871 -0.447006 -0.434469 -0.451563 -0.425624 -0.46118 -0.410661 -0.478535 -0.388654 -0.505712 -0.356934 -0.547422 -0.30184 -0.646509 
18.4 -13.9207 0.802308 2 4 8 16 23 25 32 33 37 37 39 40 42 42 43 44 43 43 42 40 39 38 37 33 32 25 23 16 8 4 2 -0.647058 -0.30121 -0.548484 -0.355825 -0.507005 -0.38745 -0.479681 -0.409625 -0.461971 -0.424865 -0.452002 -0.433977 -0.447239 -0.438585 -0.445382 -0.439969 -0.445382 -0.438587 -0.447236 -0.433981 -0.451997 -0.42487 -0.461967 -0.409627 -0.479681 -0.387448 -0.507006 -0.355825 -0.548481 -0.301216 -0.647055 
18.5 -13.9207 0.804377 2 4 8 16 23 25 32 33 37 37 39 40 42 43 44 45 43 43 42 40 39 38 37 33 32 25 23 16 8 4 2 -0.647571 -0.300623 -0.549511 -0.354746 -0.508284 -0.386254 -0.480837 -0.408584 -0.462778 -0.424094 -0.452455 -0.433471 -0.44748 -0.438286 -0.445518 -0.439742 -0.445519 -0.438287 -0.447477 -0.433475 -0.452451 -0.424097 -0.462774 -0.408587 -0.480836 -0.386254 -0.508283 -0.354748 -0.549507 -0.300628 -0.647569 
18.6 -13.9208 0.80647 2 4 8 16 23 25 32 33 37 37 39 40 43 43 44 45 44 43 42 40 39 38 37 33 32 25 23 16 8 4 2 -0.648052 -0.300074 -0.550502 -0.3537 -0.509542 -0.38507 -0.482001 -0.407538 -0.463606 -0.423304 -0.452927 -0.432947 -0.447732 -0.437972 -0.445663 -0.4395 -0.445665 -0.437972 -0.44773 -0.432951 -0.452924 -0.423306 -0.463603 -0.407541 -0.481997 -0.385073 -0.509539 -0.353703 -0.550497 -0.300079 -0.64805 
18.7 -13.9208 0.808588 2 4 8 16 23 25 32 33 37 38 39 40 43 43 44 45 44 43 43 40 39 38 37 33 32 25 23 16 8 4 2 -0.648501 -0.299563 -0.551455 -0.35269 -0.510777 -0.383902 -0.483169 -0.406487 -0.464454 -0.422495 -0.453419 -0.432405 -0.447997 -0.437641 -0.445816 -0.439243 -0.445819 -0.43764 -0.447995 -0.432409 -0.453417 -0.422496 -0.464452 -0.406492 -0.483164 -0.383907 -0.510773 -0.352695 -0.55145 -0.299567 -0.648499 
18.8 -13.9208 0.810733 2 4 8 16 23 25 32 33 37 38 40 40 43 43 44 45 45 43 43 40 39 38 37 33 32 25 23 16 8 4 2 -0.648916 -0.299091 -0.552371 -0.351718 -0.511988 -0.382751 -0.484341 -0.405433 -0.465323 -0.421669 -0.453931 -0.431846 -0.448273 -0.437294 -0.445979 -0.43897 -0.445982 -0.437292 -0.448272 -0.431848 -0.45393 -0.421668 -0.465321 -0.405439 -0.484333 -0.382757 -0.511982 -0.351724 -0.552366 -0.299094 -0.648915 
18.9 -13.9208 0.812908 2 4 8 16 23 25 32 33 37 38 40 40 43 43 44 45 45 43 44 40 40 38 37 33 32 25 23 16 8 4 2 -0.649299 -0.298657 -0.553247 -0.350786 -0.513171 -0.381618 -0.485513 -0.404377 -0.466211 -0.420825 -0.454464 -0.431268 -0.448563 -0.43693 -0.446151 -0.438681 -0.446154 -0.436928 -0.448562 -0.43127 -0.454464 -0.420823 -0.466209 -0.404383 -0.485505 -0.381626 -0.513164 -0.350793 -0.553241 -0.29866 -0.649299 
19 -13.9209 0.815115 2 4 8 16 23 25 32 33 37 38 40 40 44 43 45 45 45 43 44 40 40 38 37 33 32 25 23 16 8 4 2 -0.64965 -0.298262 -0.554082 -0.349895 -0.514326 -0.380506 -0.486685 -0.403319 -0.467118 -0.419964 -0.455018 -0.430672 -0.448865 -0.436549 -0.446332 -0.438376 -0.446336 -0.436546 -0.448864 -0.430674 -0.45502 -0.419962 -0.467116 -0.403326 -0.486675 -0.380515 -0.514318 -0.349904 -0.554077 -0.298264 -0.64965 
19.1 -13.9209 0.817356 2 4 8 16 23 25 32 33 37 38 40 40 44 43 45 46 46 44 44 40 41 38 37 33 32 25 23 16 8 4 2 -0.64997 -0.297903 -0.554876 -0.349048 -0.515449 -0.379417 -0.487855 -0.402261 -0.468042 -0.419088 -0.455594 -0.430058 -0.44918 -0.436151 -0.446523 -0.438054 -0.446527 -0.436147 -0.44918 -0.430059 -0.455596 -0.419084 -0.468041 -0.402269 -0.487844 -0.379426 -0.515441 -0.349057 -0.554871 -0.297904 -0.64997 
19.2 -13.9209 0.819631 2 4 8 16 23 25 32 33 37 38 40 40 44 44 46 46 46 44 44 40 41 38 37 33 32 25 23 16 8 4 2 -0.650259 -0.297582 -0.555628 -0.348245 -0.51654 -0.378351 -0.48902 -0.401204 -0.468984 -0.418196 -0.456191 -0.429427 -0.449509 -0.435734 -0.446723 -0.437716 -0.446727 -0.43573 -0.449509 -0.429427 -0.456194 -0.418192 -0.468983 -0.401212 -0.489009 -0.378361 -0.516531 -0.348255 -0.555623 -0.297582 -0.650259 
19.3 -13.9209 0.821944 2 4 8 16 23 25 32 33 37 38 40 40 44 44 47 46 47 44 44 40 41 38 37 33 32 25 23 16 8 4 2 -0.650518 -0.297296 -0.556338 -0.347489 -0.517598 -0.377312 -0.490178 -0.400149 -0.469941 -0.41729 -0.45681 -0.428777 -0.449851 -0.435299 -0.446933 -0.43736 -0.446937 -0.435295 -0.449852 -0.428777 -0.456814 -0.417285 -0.46994 -0.400157 -0.490167 -0.377322 -0.517588 -0.347499 -0.556332 -0.297295 -0.650519 
19.4 -13.9209 0.824296 2 4 8 16 23 25 32 33 37 38 40 41 44 44 47 46 48 44 44 40 41 38 37 33 32 25 23 16 8 4 2 -0.650748 -0.297044 -0.557004 -0.346778 -0.51862 -0.3763 -0.491329 -0.399097 -0.470912 -0.416371 -0.457451 -0.42811 -0.450209 -0.434846 -0.447154 -0.436987 -0.447157 -0.434842 -0.45021 -0.42811 -0.457454 -0.416366 -0.470912 -0.399105 -0.491318 -0.376309 -0.51861 -0.346789 -0.556999 -0.297042 -0.65075 
19.5 -13.9209 0.826687 2 4 8 16 23 25 32 33 37 38 40 41 44 44 48 47 49 44 44 41 41 38 37 33 32 25 23 16 8 4 2 -0.650952 -0.296825 -0.557627 -0.346115 -0.519606 -0.375317 -0.492469 -0.39805 -0.471897 -0.41544 -0.458113 -0.427426 -0.450581 -0.434373 -0.447385 -0.436595 -0.447388 -0.434371 -0.450582 -0.427425 -0.458116 -0.415436 -0.471897 -0.398056 -0.492459 -0.375326 -0.519597 -0.346126 -0.557623 -0.296822 -0.650954 
19.6 -13.921 0.829119 2 4 8 16 23 25 32 33 37 38 40 41 44 44 48 47 49 44 44 41 41 38 37 33 32 25 23 16 8 4 2 -0.651129 -0.296637 -0.558208 -0.3455 -0.520555 -0.374363 -0.493597 -0.397008 -0.472893 -0.414499 -0.458796 -0.426724 -0.450969 -0.433882 -0.447628 -0.436185 -0.447629 -0.43388 -0.45097 -0.426723 -0.458799 -0.414495 -0.472893 -0.397013 -0.493588 -0.374371 -0.520546 -0.34551 -0.558203 -0.296633 -0.651132 
19.7 -13.921 0.831592 2 4 8 16 23 25 32 33 37 38 40 41 44 45 49 47 49 45 44 41 41 38 37 33 32 25 23 16 8 4 2 -0.651282 -0.296478 -0.558745 -0.344932 -0.521467 -0.373441 -0.494712 -0.395972 -0.4739 -0.413548 -0.4595 -0.426005 -0.451373 -0.433371 -0.447881 -0.435756 -0.447881 -0.43337 -0.451373 -0.426005 -0.459503 -0.413545 -0.4739 -0.395977 -0.494705 -0.373448 -0.521459 -0.344942 -0.558741 -0.296473 -0.651285 
19.8 -13.921 0.834107 2 4 8 16 23 25 32 33 37 38 40 41 45 45 49 48 50 45 44 41 41 38 37 33 32 25 23 16 8 4 2 -0.651412 -0.296346 -0.55924 -0.344412 -0.522341 -0.372551 -0.495813 -0.394944 -0.474915 -0.41259 -0.460224 -0.42527 -0.451793 -0.43284 -0.448146 -0.435308 -0.448145 -0.43284 -0.451793 -0.42527 -0.460226 -0.412587 -0.474916 -0.394947 -0.495807 -0.372557 -0.522334 -0.344421 -0.559237 -0.296341 -0.651416 
19.9 -13.921 0.836662 2 4 8 16 23 25 32 33 37 38 40 41 46 46 49 49 51 46 46 41 41 38 37 33 32 25 23 16 8 4 2 -0.651521 -0.29624 -0.559693 -0.343938 -0.523177 -0.371693 -0.496897 -0.393925 -0.475938 -0.411624 -0.460968 -0.424518 -0.45223 -0.43229 -0.448422 -0.434841 -0.448421 -0.432291 -0.452229 -0.424519 -0.460969 -0.411623 -0.475939 -0.393927 -0.496892 -0.371698 -0.523171 -0.343946 -0.559691 -0.296234 -0.651525 
20 -13.921 0.839258 2 4 8 16 23 25 32 33 37 38 40 41 46 46 50 49 51 46 46 41 41 38 37 33 32 25 23 16 8 4 2 -0.651611 -0.296157 -0.560105 -0.34351 -0.523975 -0.370869 -0.497963 -0.392916 -0.476967 -0.410654 -0.461731 -0.423751 -0.452684 -0.43172 -0.44871 -0.434354 -0.448708 -0.431722 -0.452682 -0.423753 -0.461731 -0.410653 -0.476968 -0.392917 -0.49796 -0.370873 -0.52397 -0.343516 -0.560105 -0.296151 -0.651614 
20.1 -13.921 0.841894 2 4 8 16 23 25 32 33 37 38 40 41 46 46 50 49 51 46 46 41 41 38 37 33 32 25 23 16 8 4 2 -0.651682 -0.296095 -0.560478 -0.343127 -0.524735 -0.370079 -0.499011 -0.391918 -0.478 -0.409679 -0.462512 -0.422969 -0.453154 -0.43113 -0.449011 -0.433847 -0.449008 -0.431133 -0.453151 -0.422972 -0.46251 -0.40968 -0.478001 -0.391917 -0.499009 -0.370082 -0.524731 -0.343132 -0.560478 -0.296089 -0.651686 
20.2 -13.921 0.844568 2 4 8 16 23 25 32 33 37 38 40 41 46 46 50 50 51 46 46 42 41 38 37 33 32 25 23 16 8 4 2 -0.651738 -0.296052 -0.560811 -0.342787 -0.525458 -0.369323 -0.500038 -0.390931 -0.479036 -0.408702 -0.46331 -0.422172 -0.453642 -0.430521 -0.449323 -0.43332 -0.449319 -0.430526 -0.453638 -0.422177 -0.463306 -0.408704 -0.479036 -0.39093 -0.500037 -0.369326 -0.525455 -0.34279 -0.560813 -0.296045 -0.651742 
20.3 -13.921 0.847279 2 4 8 16 23 25 32 33 37 38 40 42 46 47 50 50 51 47 46 42 41 38 37 33 32 25 23 16 8 4 2 -0.651779 -0.296026 -0.561108 -0.342489 -0.526143 -0.368603 -0.501044 -0.389959 -0.480074 -0.407723 -0.464124 -0.421363 -0.454146 -0.429894 -0.449648 -0.432773 -0.449643 -0.429899 -0.454141 -0.421368 -0.464119 -0.407727 -0.480073 -0.389957 -0.501044 -0.368605 -0.526141 -0.342491 -0.561111 -0.296019 -0.651783 
20.4 -13.921 0.850023 2 4 8 16 23 25 32 33 37 38 40 42 46 47 50 50 51 47 46 42 41 38 37 33 32 25 23 16 8 4 2 -0.651808 -0.296014 -0.561369 -0.342231 -0.526792 -0.367917 -0.502027 -0.389 -0.481111 -0.406745 -0.464953 -0.42054 -0.454667 -0.429248 -0.449984 -0.432208 -0.449979 -0.429254 -0.454662 -0.420547 -0.464946 -0.40675 -0.48111 -0.388998 -0.502028 -0.367919 -0.526791 -0.342231 -0.561373 -0.296008 -0.651811 
20.5 -13.921 0.8528 2 4 8 16 23 25 32 33 38 38 40 42 46 47 50 50 51 47 46 42 41 38 38 33 32 25 23 16 8 4 2 -0.651826 -0.296015 -0.561597 -0.342011 -0.527405 -0.367268 -0.502987 -0.388058 -0.482146 -0.405767 -0.465796 -0.419707 -0.455204 -0.428585 -0.450332 -0.431623 -0.450326 -0.428591 -0.455198 -0.419715 -0.465787 -0.405775 -0.482144 -0.388056 -0.502988 -0.36727 -0.527404 -0.342009 -0.561602 -0.296009 -0.651829 
20.6 -13.921 0.855604 2 4 8 16 23 25 32 33 38 38 40 42 46 47 50 51 51 48 47 42 41 38 38 33 32 25 23 16 8 4 2 -0.651835 -0.296026 -0.561792 -0.341827 -0.527982 -0.366654 -0.503922 -0.387133 -0.483177 -0.404793 -0.466651 -0.418863 -0.455756 -0.427905 -0.45069 -0.431021 -0.450685 -0.427912 -0.45575 -0.418872 -0.46664 -0.404802 -0.483175 -0.387131 -0.503922 -0.366656 -0.527982 -0.341823 -0.561798 -0.29602 -0.651837 
20.7 -13.921 0.858433 2 4 8 16 23 25 32 33 38 38 40 42 46 48 51 51 52 48 47 42 41 38 38 33 32 25 23 16 8 4 2 -0.651836 -0.296045 -0.561958 -0.341675 -0.528524 -0.366077 -0.50483 -0.386226 -0.484204 -0.403823 -0.467517 -0.41801 -0.456324 -0.42721 -0.451059 -0.430402 -0.451054 -0.427217 -0.456317 -0.41802 -0.467504 -0.403833 -0.4842 -0.386225 -0.50483 -0.366079 -0.528524 -0.34167 -0.561965 -0.29604 -0.651838 
20.8 -13.921 0.861282 2 4 8 16 23 25 32 33 38 38 40 43 46 48 52 51 53 48 47 42 41 38 38 33 32 25 23 16 8 4 2 -0.65183 -0.296071 -0.562096 -0.341555 -0.529031 -0.365535 -0.505711 -0.38534 -0.485223 -0.402858 -0.468391 -0.417149 -0.456905 -0.426501 -0.451438 -0.429767 -0.451433 -0.426508 -0.456898 -0.41716 -0.468378 -0.402869 -0.485218 -0.38534 -0.50571 -0.365538 -0.529033 -0.341548 -0.562104 -0.296067 -0.651832 
20.9 -13.921 0.864146 2 4 8 16 23 25 32 33 38 38 40 43 46 48 52 52 53 48 47 42 41 38 38 33 32 25 23 16 8 4 2 -0.65182 -0.296102 -0.562209 -0.341463 -0.529506 -0.36503 -0.506563 -0.384476 -0.486234 -0.4019 -0.469274 -0.416282 -0.4575 -0.425779 -0.451826 -0.429117 -0.451821 -0.425786 -0.457492 -0.416293 -0.469259 -0.401912 -0.486228 -0.384476 -0.506561 -0.365034 -0.529507 -0.341454 -0.562217 -0.296099 -0.651821 
21 -13.921 0.867019 2 4 8 16 23 25 32 33 38 38 40 43 46 48 52 52 53 48 47 42 41 38 38 33 32 25 23 16 8 4 2 -0.651806 -0.296135 -0.5623 -0.341396 -0.529947 -0.364562 -0.507386 -0.383634 -0.487234 -0.40095 -0.470162 -0.41541 -0.458107 -0.425045 -0.452223 -0.428453 -0.452218 -0.425052 -0.458099 -0.415422 -0.470147 -0.400963 -0.487227 -0.383637 -0.507382 -0.364566 -0.529949 -0.341386 -0.562307 -0.296133 -0.651806 
21.1 -13.921 0.869895 2 4 8 16 23 25 32 33 38 38 40 43 46 48 52 52 54 48 47 42 41 38 38 33 32 25 23 16 8 4 2 -0.651789 -0.29617 -0.562369 -0.341352 -0.530356 -0.364129 -0.508177 -0.382818 -0.488222 -0.400009 -0.471055 -0.414535 -0.458725 -0.424301 -0.452626 -0.427778 -0.452622 -0.424308 -0.458717 -0.414546 -0.47104 -0.400023 -0.488214 -0.382823 -0.508173 -0.364135 -0.530358 -0.341342 -0.562376 -0.29617 -0.651789 
21.2 -13.921 0.872766 2 4 8 16 23 25 32 33 38 38 41 43 47 48 53 52 54 49 47 42 41 38 38 33 32 25 23 16 8 4 2 -0.651771 -0.296206 -0.56242 -0.341329 -0.530734 -0.363733 -0.508937 -0.382029 -0.489196 -0.399081 -0.47195 -0.413657 -0.459353 -0.423548 -0.453036 -0.427092 -0.453032 -0.423555 -0.459345 -0.413669 -0.471935 -0.399094 -0.489186 -0.382035 -0.508931 -0.363739 -0.530736 -0.341318 -0.562427 -0.296206 -0.65177 
21.3 -13.9211 0.875625 2 4 8 16 23 25 32 33 38 38 41 43 47 48 53 52 54 49 47 42 41 38 38 33 32 25 23 16 8 4 2 -0.651752 -0.29624 -0.562455 -0.341323 -0.531081 -0.363372 -0.509664 -0.381268 -0.490153 -0.398164 -0.472845 -0.412779 -0.459989 -0.422789 -0.453452 -0.426397 -0.453448 -0.422796 -0.459981 -0.41279 -0.472831 -0.398177 -0.490143 -0.381276 -0.509657 -0.363378 -0.531083 -0.341312 -0.562461 -0.296242 -0.65175 
21.4 -13.9211 0.878463 2 4 8 16 23 25 32 33 38 38 41 43 47 48 53 52 54 49 47 42 41 38 38 33 32 25 23 16 8 4 2 -0.651734 -0.296273 -0.562476 -0.341332 -0.531398 -0.363046 -0.510357 -0.380538 -0.491092 -0.397262 -0.473739 -0.411903 -0.460633 -0.422025 -0.453872 -0.425696 -0.453869 -0.422032 -0.460625 -0.411913 -0.473725 -0.397275 -0.491081 -0.380547 -0.510349 -0.363052 -0.5314 -0.341322 -0.562481 -0.296276 -0.651731 
21.5 -13.9211 0.881272 2 4 8 16 23 25 32 33 38 38 41 43 47 49 53 54 54 49 48 42 41 38 38 33 32 25 23 16 8 4 2 -0.651715 -0.296303 -0.562486 -0.341354 -0.531687 -0.362755 -0.511016 -0.379838 -0.492011 -0.396376 -0.474629 -0.411029 -0.461282 -0.421258 -0.454296 -0.424989 -0.454293 -0.421264 -0.461274 -0.411038 -0.474617 -0.396387 -0.492 -0.379848 -0.511007 -0.362761 -0.531689 -0.341344 -0.562489 -0.296308 -0.651712 
21.6 -13.9211 0.88404 2 4 8 16 23 25 32 33 39 38 41 43 47 49 53 54 54 50 48 42 41 38 38 33 32 25 23 16 8 4 2 -0.651699 -0.29633 -0.562485 -0.341386 -0.531947 -0.362497 -0.51164 -0.379172 -0.492908 -0.395507 -0.475513 -0.410159 -0.461935 -0.420489 -0.454722 -0.424279 -0.454719 -0.420495 -0.461927 -0.410168 -0.475503 -0.395517 -0.492896 -0.379183 -0.511632 -0.362502 -0.531949 -0.341378 -0.562487 -0.296336 -0.651695 
21.7 -13.9211 0.886759 2 4 8 16 23 25 32 33 39 38 42 43 48 49 53 54 54 51 48 42 41 38 38 33 32 25 23 16 8 4 2 -0.651683 -0.296354 -0.562477 -0.341427 -0.532181 -0.362271 -0.51223 -0.378539 -0.493782 -0.394656 -0.47639 -0.409296 -0.46259 -0.419721 -0.455149 -0.423567 -0.455146 -0.419727 -0.462582 -0.409304 -0.476382 -0.394666 -0.49377 -0.378551 -0.512221 -0.362276 -0.532183 -0.341419 -0.562477 -0.296361 -0.651679 
21.8 -13.9211 0.889417 2 4 8 16 23 25 32 33 39 38 42 43 48 49 53 54 54 51 48 42 42 38 38 33 32 25 23 16 8 4 2 -0.65167 -0.296373 -0.562462 -0.341473 -0.532388 -0.362077 -0.512784 -0.377942 -0.49463 -0.393827 -0.477258 -0.408441 -0.463246 -0.418955 -0.455576 -0.422857 -0.455573 -0.418962 -0.463238 -0.408447 -0.477251 -0.393834 -0.494618 -0.377954 -0.512776 -0.36208 -0.53239 -0.341467 -0.562461 -0.296381 -0.651666 
21.9 -13.9211 0.892002 2 4 8 16 23 25 32 33 39 38 42 43 48 49 53 54 54 51 48 42 42 38 38 33 32 25 23 16 8 4 2 -0.651658 -0.296389 -0.562443 -0.341524 -0.532571 -0.361912 -0.513304 -0.37738 -0.49545 -0.393019 -0.478113 -0.407595 -0.4639 -0.418195 -0.456002 -0.42215 -0.455999 -0.418201 -0.463893 -0.407601 -0.478108 -0.393025 -0.49544 -0.377392 -0.513297 -0.361913 -0.532573 -0.34152 -0.56244 -0.296398 -0.651654 
22 -13.9211 0.894503 2 4 8 16 23 25 32 33 39 38 42 43 48 49 53 54 54 51 48 42 42 38 38 33 32 25 23 16 8 4 2 -0.651649 -0.296401 -0.56242 -0.341577 -0.53273 -0.361774 -0.513789 -0.376855 -0.496243 -0.392234 -0.478955 -0.406762 -0.464551 -0.417442 -0.456424 -0.421448 -0.456422 -0.417447 -0.464545 -0.406766 -0.478952 -0.392239 -0.496233 -0.376866 -0.513784 -0.361774 -0.532733 -0.341574 -0.562416 -0.29641 -0.651644 
22.1 -13.9211 0.896908 2 4 8 16 23 25 32 33 39 38 42 43 48 49 53 54 54 51 48 42 42 38 38 33 32 25 23 16 8 4 2 -0.651641 -0.29641 -0.562395 -0.341631 -0.532867 -0.361662 -0.514241 -0.376366 -0.497005 -0.391475 -0.47978 -0.405942 -0.465196 -0.416698 -0.456843 -0.420754 -0.456841 -0.416703 -0.465191 -0.405945 -0.479779 -0.391478 -0.496997 -0.376376 -0.514237 -0.36166 -0.53287 -0.34163 -0.56239 -0.296419 -0.651637 
22.2 -13.9211 0.899205 2 4 8 16 23 25 32 33 39 38 42 43 48 49 53 54 54 51 48 42 42 38 38 33 32 25 23 16 8 4 2 -0.651635 -0.296416 -0.562369 -0.341684 -0.532983 -0.361575 -0.514659 -0.375915 -0.497736 -0.390743 -0.480588 -0.405138 -0.465833 -0.415966 -0.457255 -0.420071 -0.457254 -0.41597 -0.465829 -0.40514 -0.480588 -0.390744 -0.497729 -0.375924 -0.514658 -0.36157 -0.532986 -0.341685 -0.562363 -0.296424 -0.651631 
22.3 -13.9211 0.901381 2 4 8 16 23 25 32 33 39 38 42 43 48 49 53 55 54 51 48 42 42 38 38 33 32 25 23 16 8 4 2 -0.651631 -0.296419 -0.562343 -0.341736 -0.53308 -0.361509 -0.515045 -0.375501 -0.498434 -0.390038 -0.481375 -0.404352 -0.46646 -0.415248 -0.45766 -0.419401 -0.45766 -0.415251 -0.466457 -0.404352 -0.481377 -0.390037 -0.498429 -0.375508 -0.515046 -0.361502 -0.533083 -0.341738 -0.562337 -0.296427 -0.651628 
22.4 -13.9211 0.903426 2 4 8 16 23 25 32 33 39 38 42 43 48 49 53 55 54 51 48 42 42 38 38 33 32 25 23 16 8 4 2 -0.651629 -0.296419 -0.562317 -0.341785 -0.533158 -0.361462 -0.515399 -0.375125 -0.499098 -0.389363 -0.482139 -0.403586 -0.467075 -0.414548 -0.458055 -0.418748 -0.458055 -0.414549 -0.467073 -0.403584 -0.482142 -0.389361 -0.499095 -0.375129 -0.515402 -0.361454 -0.533161 -0.341788 -0.562311 -0.296426 -0.651626 
22.5 -13.9211 0.905326 2 4 8 16 23 25 32 33 39 38 43 43 48 49 53 55 54 51 48 42 42 38 38 33 32 25 23 16 8 4 2 -0.651628 -0.296418 -0.562293 -0.341829 -0.53322 -0.361433 -0.515722 -0.374784 -0.499728 -0.388719 -0.482879 -0.402843 -0.467674 -0.413867 -0.458438 -0.418113 -0.45844 -0.413867 -0.467675 -0.402839 -0.482883 -0.388715 -0.499727 -0.374786 -0.515728 -0.361423 -0.533223 -0.341834 -0.562286 -0.296424 -0.651626 
22.6 -13.9211 0.90707 2 4 8 16 23 25 32 33 39 38 43 43 48 49 53 55 54 51 48 42 42 38 38 33 32 25 23 16 8 4 2 -0.651628 -0.296415 -0.56227 -0.34187 -0.533267 -0.36142 -0.516016 -0.374481 -0.500322 -0.388107 -0.483591 -0.402123 -0.468256 -0.413209 -0.458808 -0.4175 -0.458811 -0.413207 -0.468259 -0.402118 -0.483597 -0.388102 -0.500323 -0.37448 -0.516023 -0.361408 -0.53327 -0.341875 -0.562264 -0.29642 -0.651626 
22.7 -13.9211 0.908647 2 4 8 16 23 25 32 33 39 38 43 43 48 49 53 55 54 51 48 42 42 38 38 33 32 25 23 16 8 4 2 -0.651629 -0.296412 -0.56225 -0.341905 -0.533299 -0.361419 -0.51628 -0.374213 -0.50088 -0.387528 -0.484275 -0.40143 -0.468817 -0.412576 -0.459161 -0.416913 -0.459166 -0.412571 -0.468822 -0.401424 -0.484282 -0.387523 -0.500883 -0.37421 -0.51629 -0.361406 -0.533303 -0.341911 -0.562244 -0.296414 -0.651628 
22.8 -13.9211 0.910047 2 4 8 16 23 25 32 33 39 38 43 43 48 49 53 55 54 51 48 42 42 38 38 33 32 25 23 16 8 4 2 -0.65163 -0.296408 -0.562232 -0.341934 -0.53332 -0.36143 -0.516516 -0.37398 -0.5014 -0.386985 -0.484929 -0.400767 -0.469356 -0.411971 -0.459497 -0.416354 -0.459503 -0.411964 -0.469363 -0.400758 -0.484936 -0.386979 -0.501405 -0.373974 -0.516528 -0.361417 -0.533323 -0.34194 -0.562227 -0.296408 -0.651631 
22.9 -13.9211 0.91126 2 4 8 16 23 25 32 33 39 38 43 43 48 49 53 55 54 51 48 42 43 38 38 33 32 25 23 16 8 4 2 -0.651633 -0.296403 -0.562216 -0.341958 -0.533329 -0.361451 -0.516726 -0.373781 -0.501883 -0.386478 -0.485549 -0.400134 -0.469869 -0.411397 -0.459813 -0.415827 -0.45982 -0.411387 -0.469879 -0.400124 -0.485556 -0.386471 -0.501889 -0.373773 -0.516738 -0.361437 -0.533333 -0.341964 -0.562213 -0.296402 -0.651634 
23 -13.9211 0.912278 2 4 8 16 23 25 32 33 39 38 44 43 48 49 53 55 54 51 48 42 43 38 38 33 32 25 23 16 8 4 2 -0.651635 -0.296398 -0.562204 -0.341975 -0.533329 -0.36148 -0.516908 -0.373616 -0.502327 -0.386008 -0.486134 -0.399535 -0.470354 -0.410856 -0.460106 -0.415334 -0.460114 -0.410844 -0.470367 -0.399524 -0.486142 -0.386001 -0.502335 -0.373606 -0.516922 -0.361466 -0.533332 -0.341981 -0.562202 -0.296395 -0.651637 
23.1 -13.9211 0.913091 2 4 8 16 23 25 32 33 39 38 44 43 48 49 53 55 54 51 48 42 43 38 38 33 32 25 23 16 8 4 2 -0.651638 -0.296394 -0.562195 -0.341985 -0.533319 -0.361516 -0.517064 -0.373483 -0.502732 -0.385577 -0.486683 -0.398971 -0.470809 -0.410352 -0.460374 -0.414879 -0.460384 -0.410337 -0.470824 -0.398959 -0.486691 -0.38557 -0.502741 -0.373472 -0.517079 -0.361502 -0.533322 -0.341991 -0.562194 -0.296389 -0.65164 
23.2 -13.9211 0.913693 2 4 8 16 23 25 32 33 39 38 44 43 48 49 53 55 54 51 48 42 43 38 38 33 32 25 23 16 8 4 2 -0.651641 -0.29639 -0.562189 -0.34199 -0.533302 -0.361557 -0.517195 -0.373382 -0.503098 -0.385185 -0.487193 -0.398445 -0.471232 -0.409885 -0.460616 -0.414464 -0.460627 -0.409869 -0.471248 -0.398432 -0.487201 -0.385179 -0.503107 -0.37337 -0.517209 -0.361544 -0.533305 -0.341995 -0.56219 -0.296383 -0.651644 
23.3 -13.9211 0.914079 2 4 8 16 23 25 32 33 39 38 44 43 48 49 53 55 54 51 48 42 43 38 38 33 32 25 23 16 8 4 2 -0.651643 -0.296386 -0.562187 -0.341988 -0.533279 -0.361602 -0.517301 -0.373312 -0.503423 -0.384834 -0.487664 -0.397958 -0.47162 -0.40946 -0.460829 -0.414092 -0.460841 -0.409442 -0.471637 -0.397945 -0.487671 -0.384828 -0.503433 -0.373299 -0.517314 -0.361591 -0.533281 -0.341993 -0.562189 -0.296378 -0.651647 
23.4 -13.9211 0.914244 2 4 8 16 23 25 32 33 39 38 44 43 48 49 53 55 54 51 48 42 43 38 38 33 32 25 23 16 8 4 2 -0.651646 -0.296382 -0.562188 -0.34198 -0.533249 -0.361652 -0.517382 -0.373272 -0.503709 -0.384524 -0.488092 -0.397513 -0.47197 -0.409078 -0.461012 -0.413766 -0.461024 -0.409058 -0.471989 -0.3975 -0.488099 -0.384519 -0.503719 -0.373258 -0.517394 -0.361642 -0.533251 -0.341984 -0.562191 -0.296374 -0.65165 
23.5 -13.9211 0.914186 2 4 8 16 23 25 32 33 39 38 44 43 48 49 53 55 54 51 48 42 43 38 38 33 32 25 23 16 8 4 2 -0.651649 -0.296379 -0.562193 -0.341967 -0.533215 -0.361704 -0.517438 -0.37326 -0.503953 -0.384257 -0.488478 -0.397112 -0.472282 -0.40874 -0.461162 -0.413488 -0.461174 -0.408721 -0.472301 -0.397099 -0.488483 -0.384252 -0.503963 -0.373247 -0.517449 -0.361697 -0.533215 -0.34197 -0.562196 -0.296369 -0.651653 
23.6 -13.9211 0.913901 2 4 8 16 23 25 32 33 39 38 44 43 48 49 53 55 54 51 48 42 43 38 38 33 32 25 23 16 8 4 2 -0.651652 -0.296376 -0.5622 -0.341948 -0.533175 -0.361759 -0.517471 -0.373276 -0.504157 -0.384033 -0.488819 -0.396756 -0.472554 -0.40845 -0.461279 -0.413259 -0.461291 -0.40843 -0.472573 -0.396744 -0.488823 -0.384029 -0.504167 -0.373263 -0.51748 -0.361755 -0.533175 -0.341951 -0.562205 -0.296366 -0.651656 
23.7 -13.9211 0.913392 2 4 8 16 23 25 32 33 39 38 44 43 48 49 53 55 54 51 48 42 43 38 38 33 32 25 23 16 8 4 2 -0.651654 -0.296372 -0.562211 -0.341925 -0.533132 -0.361817 -0.517479 -0.373318 -0.50432 -0.383852 -0.489114 -0.396447 -0.472784 -0.408207 -0.461361 -0.413083 -0.461372 -0.408189 -0.472801 -0.396436 -0.489117 -0.383849 -0.504329 -0.373306 -0.517486 -0.361815 -0.533131 -0.341927 -0.562216 -0.296362 -0.651659 
23.8 -13.9211 0.912658 2 4 8 16 23 25 32 33 39 38 44 43 48 49 53 55 54 51 48 42 43 38 38 33 32 25 23 16 8 4 2 -0.651657 -0.296368 -0.562224 -0.341897 -0.533085 -0.361878 -0.517463 -0.373386 -0.504441 -0.383715 -0.489361 -0.396186 -0.47297 -0.408015 -0.461406 -0.412959 -0.461416 -0.407998 -0.472986 -0.396176 -0.489364 -0.383713 -0.504449 -0.373375 -0.517468 -0.361878 -0.533083 -0.341899 -0.562229 -0.296359 -0.651662 
