time energy SvN bondDim localEnergy 
0 -12.8899 0.225333 2 4 8 10 10 10 10 10 10 10 10 10 10 10 10 10 10 10 10 10 10 10 10 10 10 10 10 10 8 4 2 -0.495198 -0.377491 -0.416931 -0.405234 -0.409988 -0.409278 -0.410503 -0.411162 -0.412096 -0.41297 -0.413852 -0.414655 -0.415346 -0.415875 -0.416209 -0.416322 -0.416209 -0.415875 -0.415346 -0.414655 -0.413852 -0.41297 -0.412096 -0.411162 -0.410503 -0.409278 -0.409988 -0.405234 -0.416931 -0.377491 -0.495198 
0.1 -12.8901 0.225363 2 4 8 10 10 10 10 10 10 10 10 10 10 10 10 10 10 10 10 10 10 10 10 10 10 10 10 10 8 4 2 -0.4952 -0.377493 -0.416933 -0.405237 -0.409991 -0.409282 -0.410507 -0.411168 -0.412102 -0.412977 -0.413859 -0.414662 -0.415354 -0.415883 -0.416216 -0.41633 -0.416216 -0.415883 -0.415354 -0.414662 -0.413859 -0.412977 -0.412102 -0.411168 -0.410507 -0.409282 -0.409991 -0.405237 -0.416933 -0.377493 -0.4952 
0.2 -12.8907 0.22548 2 4 8 10 10 10 10 10 10 10 10 10 10 10 10 10 10 10 10 10 10 10 10 10 10 10 10 10 8 4 2 -0.495208 -0.377499 -0.416943 -0.405248 -0.410005 -0.409298 -0.410526 -0.411189 -0.412125 -0.413002 -0.413886 -0.414691 -0.415383 -0.415913 -0.416247 -0.416361 -0.416247 -0.415913 -0.415383 -0.414691 -0.413886 -0.413002 -0.412125 -0.411189 -0.410526 -0.409298 -0.410005 -0.405248 -0.416943 -0.377499 -0.495208 
0.3 -12.8921 0.225742 2 4 8 10 10 10 10 10 10 10 10 10 10 10 10 10 10 10 10 10 10 10 10 10 10 10 10 10 8 4 2 -0.495226 -0.377513 -0.416964 -0.405272 -0.410035 -0.409333 -0.410567 -0.411236 -0.412177 -0.413059 -0.413946 -0.414754 -0.415449 -0.41598 -0.416314 -0.416428 -0.416314 -0.41598 -0.415449 -0.414754 -0.413946 -0.413059 -0.412177 -0.411236 -0.410567 -0.409333 -0.410035 -0.405272 -0.416964 -0.377513 -0.495226 
0.4 -12.8945 0.2262 2 4 8 10 10 10 10 10 10 10 10 10 10 10 10 10 10 10 10 10 10 10 10 10 10 10 10 10 8 4 2 -0.495257 -0.377536 -0.417001 -0.405315 -0.410088 -0.409395 -0.410639 -0.411317 -0.412267 -0.413156 -0.41405 -0.414863 -0.41556 -0.416094 -0.41643 -0.416544 -0.41643 -0.416094 -0.41556 -0.414863 -0.41405 -0.413156 -0.412267 -0.411317 -0.410639 -0.409395 -0.410088 -0.405315 -0.417001 -0.377536 -0.495257 
0.5 -12.8981 0.2269 2 4 8 10 10 10 10 10 10 10 10 10 10 10 10 10 10 10 10 10 10 10 10 10 10 10 10 10 8 4 2 -0.495307 -0.377571 -0.417057 -0.40538 -0.410168 -0.409488 -0.410747 -0.411439 -0.412402 -0.413303 -0.414206 -0.415026 -0.415728 -0.416265 -0.416602 -0.416717 -0.416602 -0.416265 -0.415728 -0.415026 -0.414206 -0.413303 -0.412402 -0.411439 -0.410747 -0.409488 -0.410168 -0.40538 -0.417057 -0.377571 -0.495307 
0.6 -12.9031 0.227879 2 4 8 10 10 10 10 10 10 10 10 10 10 10 10 10 10 10 10 10 10 10 10 10 10 10 10 10 8 4 2 -0.495377 -0.377619 -0.417136 -0.405469 -0.410278 -0.409617 -0.410896 -0.411607 -0.412588 -0.413505 -0.41442 -0.415249 -0.415958 -0.416499 -0.416838 -0.416954 -0.416838 -0.416499 -0.415958 -0.415249 -0.41442 -0.413505 -0.412588 -0.411607 -0.410896 -0.409617 -0.410278 -0.405469 -0.417136 -0.377619 -0.495377 
0.7 -12.9095 0.229165 2 4 8 10 10 10 10 10 10 10 10 10 10 10 10 10 10 10 10 10 10 10 10 10 10 10 10 10 8 4 2 -0.495472 -0.377678 -0.417239 -0.405585 -0.410421 -0.409784 -0.411089 -0.411825 -0.412829 -0.413764 -0.414696 -0.415536 -0.416253 -0.416799 -0.417141 -0.417258 -0.417141 -0.416799 -0.416253 -0.415536 -0.414696 -0.413764 -0.412829 -0.411825 -0.411089 -0.409784 -0.410421 -0.405585 -0.417239 -0.377678 -0.495472 
0.8 -12.9174 0.230776 2 4 8 10 10 10 10 10 10 10 10 10 10 10 10 10 10 10 10 10 10 10 10 10 10 10 10 10 8 4 2 -0.495595 -0.377748 -0.417368 -0.405727 -0.410598 -0.40999 -0.411327 -0.412092 -0.413124 -0.414083 -0.415033 -0.415888 -0.416615 -0.417166 -0.417512 -0.417629 -0.417512 -0.417166 -0.416615 -0.415888 -0.415033 -0.414083 -0.413124 -0.412092 -0.411327 -0.40999 -0.410598 -0.405727 -0.417368 -0.377748 -0.495595 
0.9 -12.9267 0.23272 2 4 8 10 10 10 10 10 10 10 10 10 10 10 10 10 10 10 10 10 10 10 10 10 10 10 10 10 8 4 2 -0.495748 -0.377828 -0.417522 -0.405896 -0.410808 -0.410233 -0.411609 -0.412409 -0.413473 -0.41446 -0.415432 -0.416303 -0.417041 -0.417599 -0.417948 -0.418066 -0.417948 -0.417599 -0.417041 -0.416303 -0.415432 -0.41446 -0.413473 -0.412409 -0.411609 -0.410233 -0.410808 -0.405896 -0.417522 -0.377828 -0.495747 
1 -12.9373 0.234994 2 4 8 10 10 10 10 10 10 10 10 10 10 10 10 10 10 10 10 10 10 10 10 10 10 10 10 10 8 4 2 -0.495932 -0.377913 -0.417701 -0.406088 -0.41105 -0.410512 -0.411931 -0.412771 -0.413872 -0.41489 -0.415887 -0.416776 -0.417526 -0.418092 -0.418445 -0.418564 -0.418445 -0.418092 -0.417526 -0.416776 -0.415887 -0.41489 -0.413872 -0.412771 -0.411931 -0.410512 -0.41105 -0.406088 -0.417701 -0.377913 -0.495932 
1.1 -12.9492 0.23759 2 4 8 10 10 10 10 10 10 10 10 10 10 10 10 10 10 10 10 10 10 10 10 10 10 10 10 10 8 4 2 -0.496151 -0.378001 -0.417906 -0.406301 -0.41132 -0.410824 -0.412291 -0.413175 -0.414317 -0.415369 -0.416393 -0.417302 -0.418066 -0.418639 -0.418996 -0.419117 -0.418996 -0.418639 -0.418066 -0.417302 -0.416393 -0.415369 -0.414317 -0.413175 -0.412291 -0.410824 -0.41132 -0.406301 -0.417906 -0.378001 -0.496151 
1.2 -12.9622 0.240486 2 4 8 10 10 10 10 10 10 10 10 10 10 10 10 10 10 10 10 10 10 10 10 10 10 10 10 10 8 4 2 -0.496404 -0.378088 -0.418133 -0.406532 -0.411616 -0.411163 -0.412684 -0.413615 -0.414801 -0.415889 -0.416943 -0.417873 -0.418651 -0.419234 -0.419595 -0.419717 -0.419595 -0.419234 -0.418651 -0.417873 -0.416943 -0.415889 -0.414801 -0.413615 -0.412684 -0.411163 -0.411616 -0.406532 -0.418133 -0.378088 -0.496404 
1.3 -12.976 0.243659 2 4 8 10 10 10 10 10 10 10 10 10 10 10 10 10 10 10 10 10 10 10 10 10 10 10 10 10 8 4 2 -0.496693 -0.378169 -0.418381 -0.406777 -0.411933 -0.411525 -0.413103 -0.414084 -0.415317 -0.416444 -0.417529 -0.418482 -0.419274 -0.419866 -0.420232 -0.420356 -0.420232 -0.419866 -0.419274 -0.418482 -0.417529 -0.416444 -0.415317 -0.414084 -0.413103 -0.411525 -0.411933 -0.406777 -0.418381 -0.37817 -0.496693 
1.4 -12.9905 0.247078 2 4 8 10 10 10 10 10 10 10 10 10 10 10 10 10 10 10 10 10 10 10 10 10 10 10 10 10 8 4 2 -0.497017 -0.378241 -0.418648 -0.407032 -0.412267 -0.411905 -0.413543 -0.414576 -0.415857 -0.417025 -0.418142 -0.419118 -0.419926 -0.420527 -0.420898 -0.421023 -0.420898 -0.420527 -0.419926 -0.419118 -0.418142 -0.417025 -0.415857 -0.414576 -0.413543 -0.411905 -0.412267 -0.407032 -0.418648 -0.378241 -0.497017 
1.5 -13.0054 0.25071 2 4 8 10 10 10 10 10 10 10 10 10 10 10 10 10 10 10 10 10 10 10 10 10 10 10 10 10 8 4 2 -0.497377 -0.378299 -0.418933 -0.407291 -0.412614 -0.412297 -0.413997 -0.415083 -0.416415 -0.417624 -0.418774 -0.419774 -0.420598 -0.421209 -0.421584 -0.421711 -0.421584 -0.421209 -0.420598 -0.419774 -0.418774 -0.417624 -0.416415 -0.415083 -0.413997 -0.412297 -0.412614 -0.407291 -0.418933 -0.378299 -0.497377 
1.6 -13.0207 0.254518 2 4 8 10 10 10 10 10 10 10 10 10 10 10 10 10 10 10 10 10 10 10 10 10 10 10 10 10 8 4 2 -0.497771 -0.378339 -0.419233 -0.407551 -0.412969 -0.412695 -0.41446 -0.4156 -0.416982 -0.418234 -0.419417 -0.420441 -0.421281 -0.421901 -0.422282 -0.42241 -0.422282 -0.421901 -0.421281 -0.420441 -0.419417 -0.418234 -0.416982 -0.4156 -0.41446 -0.412695 -0.412969 -0.407551 -0.419233 -0.378339 -0.497771 
1.7 -13.0361 0.258467 2 4 8 10 10 10 10 10 10 10 10 10 10 10 10 10 10 10 10 10 10 10 10 10 10 10 10 10 8 4 2 -0.498198 -0.37836 -0.419546 -0.407809 -0.413329 -0.413096 -0.414927 -0.416119 -0.417553 -0.418847 -0.420063 -0.421112 -0.421968 -0.422598 -0.422983 -0.423113 -0.422983 -0.422598 -0.421968 -0.421112 -0.420063 -0.418847 -0.417553 -0.416119 -0.414927 -0.413096 -0.413329 -0.407809 -0.419546 -0.37836 -0.498198 
1.8 -13.0515 0.262521 2 4 8 10 10 10 10 10 10 10 10 10 10 10 10 10 10 10 10 10 10 10 10 10 10 10 10 10 8 4 2 -0.498657 -0.378357 -0.419873 -0.40806 -0.413691 -0.413495 -0.415393 -0.416637 -0.418122 -0.419457 -0.420707 -0.421779 -0.422652 -0.423291 -0.423681 -0.423812 -0.423681 -0.423291 -0.422652 -0.421779 -0.420707 -0.419457 -0.418122 -0.416637 -0.415393 -0.413495 -0.413691 -0.40806 -0.419873 -0.378357 -0.498657 
1.9 -13.0668 0.266646 2 4 8 10 10 10 10 10 10 10 10 10 10 10 10 10 10 10 10 10 10 10 10 10 10 10 10 10 8 4 2 -0.499145 -0.378331 -0.420211 -0.408303 -0.414053 -0.413888 -0.415854 -0.417148 -0.418684 -0.420059 -0.421341 -0.422437 -0.423326 -0.423975 -0.42437 -0.424503 -0.42437 -0.423975 -0.423326 -0.422437 -0.421341 -0.420059 -0.418684 -0.417148 -0.415854 -0.413888 -0.414053 -0.408303 -0.420211 -0.378331 -0.499145 
2 -13.0818 0.270812 2 4 8 10 10 10 10 10 10 10 10 10 10 10 10 10 10 10 10 10 10 10 10 10 10 10 10 10 8 4 2 -0.49966 -0.378282 -0.42056 -0.408534 -0.414413 -0.414274 -0.416308 -0.41765 -0.419235 -0.420649 -0.421964 -0.423082 -0.423987 -0.424645 -0.425045 -0.425179 -0.425045 -0.424645 -0.423987 -0.423082 -0.421964 -0.420649 -0.419235 -0.41765 -0.416308 -0.414275 -0.414413 -0.408534 -0.42056 -0.378282 -0.49966 
2.1 -13.0964 0.27499 2 4 8 10 10 10 10 10 10 10 10 10 10 10 10 10 10 10 10 10 10 10 10 10 10 10 10 10 8 4 2 -0.500199 -0.378209 -0.420921 -0.408753 -0.414769 -0.414651 -0.416753 -0.418141 -0.419773 -0.421225 -0.42257 -0.423711 -0.42463 -0.425297 -0.425702 -0.425838 -0.425702 -0.425297 -0.42463 -0.423711 -0.42257 -0.421225 -0.419773 -0.418141 -0.416753 -0.414651 -0.414769 -0.408753 -0.420921 -0.378209 -0.500199 
2.2 -13.1108 0.279156 2 4 8 10 10 10 10 10 10 10 10 10 10 10 10 10 10 10 10 10 10 10 10 10 10 10 10 10 8 4 2 -0.50076 -0.378114 -0.421292 -0.408959 -0.415123 -0.415018 -0.417188 -0.418618 -0.420296 -0.421784 -0.423158 -0.42432 -0.425254 -0.42593 -0.426339 -0.426476 -0.426339 -0.42593 -0.425254 -0.42432 -0.423158 -0.421784 -0.420296 -0.418618 -0.417188 -0.415018 -0.415123 -0.408959 -0.421292 -0.378114 -0.50076 
2.3 -13.1247 0.283289 2 4 8 10 10 10 10 10 10 10 10 10 10 10 10 10 10 10 10 10 10 10 10 10 10 10 10 10 8 4 2 -0.501339 -0.378001 -0.421675 -0.409151 -0.415473 -0.415374 -0.417612 -0.419081 -0.420804 -0.422325 -0.423727 -0.424909 -0.425856 -0.426541 -0.426955 -0.427093 -0.426955 -0.426541 -0.425856 -0.424909 -0.423727 -0.422325 -0.420804 -0.419081 -0.417612 -0.415374 -0.415473 -0.409151 -0.421675 -0.378001 -0.501339 
2.4 -13.1383 0.287374 2 4 8 10 10 10 10 10 10 10 10 10 10 10 10 10 10 10 10 10 10 10 10 10 10 10 10 10 8 4 2 -0.501934 -0.377872 -0.42207 -0.409332 -0.415822 -0.415721 -0.418027 -0.419531 -0.421296 -0.422848 -0.424276 -0.425476 -0.426436 -0.427129 -0.427547 -0.427687 -0.427547 -0.427129 -0.426436 -0.425476 -0.424276 -0.422848 -0.421296 -0.419531 -0.418027 -0.415721 -0.415822 -0.409332 -0.42207 -0.377872 -0.501934 
2.5 -13.1515 0.291395 2 4 8 10 10 10 10 10 10 10 10 10 10 10 10 10 10 10 10 10 10 10 10 10 10 10 10 10 8 4 2 -0.502541 -0.377731 -0.422478 -0.409501 -0.41617 -0.416058 -0.418433 -0.419969 -0.421773 -0.423353 -0.424805 -0.426022 -0.426994 -0.427694 -0.428116 -0.428257 -0.428116 -0.427694 -0.426994 -0.426022 -0.424805 -0.423353 -0.421773 -0.419969 -0.418433 -0.416058 -0.41617 -0.409501 -0.422477 -0.377731 -0.502541 
2.6 -13.1644 0.295344 2 4 8 10 10 10 10 10 10 10 10 10 10 10 10 10 10 10 10 10 10 10 10 10 10 10 10 10 8 4 2 -0.503159 -0.377583 -0.422897 -0.40966 -0.416519 -0.416389 -0.418831 -0.420395 -0.422236 -0.423842 -0.425315 -0.426548 -0.427531 -0.428237 -0.428663 -0.428805 -0.428663 -0.428237 -0.427531 -0.426548 -0.425315 -0.423842 -0.422236 -0.420395 -0.418831 -0.416389 -0.416519 -0.40966 -0.422897 -0.377583 -0.503159 
2.7 -13.177 0.299214 2 4 8 10 10 10 10 10 10 10 10 10 10 10 10 10 10 10 10 10 10 10 10 10 10 10 10 10 8 4 2 -0.503784 -0.377432 -0.423329 -0.409812 -0.416872 -0.416713 -0.419224 -0.420811 -0.422687 -0.424315 -0.425808 -0.427053 -0.428046 -0.428758 -0.429187 -0.42933 -0.429187 -0.428758 -0.428046 -0.427053 -0.425808 -0.424315 -0.422687 -0.420811 -0.419224 -0.416713 -0.416872 -0.409812 -0.423329 -0.377432 -0.503784 
2.8 -13.1893 0.303002 2 4 8 10 10 10 10 10 10 10 10 10 10 10 10 10 10 10 10 10 10 10 10 10 10 10 10 10 8 4 2 -0.504413 -0.377283 -0.423774 -0.409959 -0.417229 -0.417033 -0.419614 -0.421219 -0.423127 -0.424774 -0.426283 -0.42754 -0.428541 -0.429258 -0.42969 -0.429834 -0.42969 -0.429258 -0.428541 -0.42754 -0.426283 -0.424774 -0.423127 -0.421219 -0.419614 -0.417033 -0.417229 -0.409959 -0.423774 -0.377283 -0.504413 
2.9 -13.2014 0.306706 2 4 8 10 10 10 10 10 10 10 10 10 10 10 10 10 10 10 10 10 10 10 10 10 10 10 10 10 8 4 2 -0.505046 -0.377141 -0.424232 -0.410104 -0.417594 -0.417352 -0.420002 -0.42162 -0.423557 -0.42522 -0.426744 -0.42801 -0.429017 -0.429738 -0.430172 -0.430317 -0.430172 -0.429738 -0.429017 -0.42801 -0.426744 -0.42522 -0.423557 -0.42162 -0.420002 -0.417352 -0.417594 -0.410104 -0.424232 -0.377141 -0.505046 
3 -13.2133 0.310327 2 4 8 10 10 10 10 10 10 10 10 10 10 10 10 10 10 10 10 10 10 10 10 10 10 10 10 10 8 4 2 -0.50568 -0.37701 -0.424701 -0.41025 -0.417967 -0.41767 -0.420391 -0.422017 -0.423981 -0.425655 -0.42719 -0.428463 -0.429475 -0.430199 -0.430635 -0.43078 -0.430635 -0.430199 -0.429475 -0.428463 -0.42719 -0.425655 -0.423981 -0.422017 -0.420391 -0.41767 -0.417967 -0.41025 -0.424701 -0.37701 -0.50568 
3.1 -13.2252 0.31387 2 4 8 10 10 10 10 10 10 10 10 10 10 10 10 10 10 10 10 10 10 10 10 10 10 10 10 10 8 4 2 -0.506315 -0.376894 -0.425181 -0.4104 -0.418351 -0.41799 -0.420781 -0.422411 -0.424398 -0.42608 -0.427624 -0.428901 -0.429916 -0.430642 -0.43108 -0.431225 -0.43108 -0.430642 -0.429916 -0.428901 -0.427624 -0.42608 -0.424398 -0.422411 -0.420781 -0.41799 -0.418351 -0.4104 -0.425181 -0.376894 -0.506315 
3.2 -13.2369 0.317338 2 4 8 10 10 10 10 10 10 10 10 10 10 10 10 10 10 10 10 10 10 10 10 10 10 10 10 10 8 4 2 -0.506949 -0.376796 -0.425671 -0.410556 -0.418747 -0.418314 -0.421177 -0.422804 -0.424811 -0.426497 -0.428046 -0.429325 -0.430342 -0.431069 -0.431506 -0.431652 -0.431506 -0.431069 -0.430342 -0.429325 -0.428046 -0.426497 -0.424811 -0.422804 -0.421177 -0.418314 -0.418747 -0.410556 -0.425671 -0.376796 -0.506949 
3.3 -13.2485 0.320737 2 4 8 10 10 10 10 10 10 10 10 10 10 10 11 11 11 10 10 10 10 10 10 10 10 10 10 10 8 4 2 -0.507584 -0.376718 -0.42617 -0.410722 -0.419157 -0.418643 -0.421578 -0.423197 -0.425222 -0.426907 -0.428459 -0.429736 -0.430753 -0.431479 -0.431917 -0.432062 -0.431917 -0.431479 -0.430753 -0.429736 -0.428459 -0.426907 -0.425222 -0.423197 -0.421578 -0.418643 -0.419157 -0.410722 -0.42617 -0.376718 -0.507584 
3.4 -13.2602 0.324076 2 4 8 10 10 10 10 10 10 10 10 10 11 11 11 11 11 11 11 10 10 10 10 10 10 10 10 10 8 4 2 -0.50822 -0.376663 -0.426676 -0.410901 -0.419581 -0.418979 -0.421986 -0.423592 -0.425631 -0.427311 -0.428862 -0.430136 -0.43115 -0.431875 -0.432311 -0.432456 -0.432311 -0.431875 -0.43115 -0.430136 -0.428862 -0.427311 -0.425631 -0.423592 -0.421986 -0.418979 -0.419581 -0.410901 -0.426676 -0.376663 -0.50822 
3.5 -13.2719 0.327361 2 4 8 10 10 10 10 10 10 10 10 11 11 11 11 11 11 11 11 11 10 10 10 10 10 10 10 10 8 4 2 -0.508858 -0.37663 -0.42719 -0.411096 -0.42002 -0.419323 -0.422403 -0.423989 -0.42604 -0.427711 -0.429258 -0.430525 -0.431535 -0.432256 -0.432691 -0.432835 -0.432691 -0.432256 -0.431535 -0.430525 -0.429258 -0.427711 -0.42604 -0.423989 -0.422403 -0.419323 -0.42002 -0.411096 -0.42719 -0.37663 -0.508858 
3.6 -13.2836 0.330602 2 4 8 10 10 10 10 10 10 10 11 11 11 11 12 12 12 11 11 11 11 10 10 10 10 10 10 10 8 4 2 -0.5095 -0.376621 -0.427709 -0.411308 -0.420474 -0.419677 -0.422829 -0.42439 -0.426449 -0.428107 -0.429647 -0.430904 -0.431907 -0.432624 -0.433057 -0.4332 -0.433057 -0.432624 -0.431907 -0.430904 -0.429647 -0.428107 -0.426449 -0.42439 -0.422829 -0.419677 -0.420474 -0.411308 -0.427709 -0.376621 -0.5095 
3.7 -13.2954 0.333809 2 4 8 10 10 10 10 10 10 11 11 11 11 12 12 12 12 12 11 11 11 11 10 10 10 10 10 10 8 4 2 -0.510149 -0.376634 -0.428233 -0.41154 -0.420943 -0.420041 -0.423265 -0.424795 -0.426859 -0.4285 -0.430029 -0.431274 -0.432269 -0.432979 -0.433409 -0.433551 -0.433409 -0.432979 -0.432269 -0.431274 -0.430029 -0.4285 -0.426859 -0.424795 -0.423265 -0.420041 -0.420943 -0.41154 -0.428233 -0.376634 -0.510149 
3.8 -13.3073 0.336989 2 4 8 10 10 10 10 10 11 11 11 11 12 12 12 12 12 12 12 11 11 11 11 10 10 10 10 10 8 4 2 -0.510807 -0.376667 -0.428762 -0.411792 -0.421428 -0.420415 -0.423711 -0.425205 -0.427272 -0.42889 -0.430406 -0.431636 -0.43262 -0.433323 -0.433749 -0.43389 -0.433749 -0.433323 -0.43262 -0.431636 -0.430406 -0.42889 -0.427272 -0.425205 -0.423711 -0.420415 -0.421428 -0.411792 -0.428762 -0.376667 -0.510807 
3.9 -13.3192 0.340154 2 4 8 10 10 10 10 10 11 11 11 11 12 12 12 12 12 12 12 11 11 11 11 10 10 10 10 10 8 4 2 -0.51148 -0.376717 -0.429296 -0.412067 -0.421927 -0.420801 -0.424168 -0.42562 -0.427687 -0.429279 -0.430778 -0.43199 -0.432962 -0.433656 -0.434076 -0.434216 -0.434076 -0.433656 -0.432962 -0.43199 -0.430779 -0.429279 -0.427687 -0.42562 -0.424168 -0.420801 -0.421927 -0.412067 -0.429296 -0.376717 -0.51148 
4 -13.3313 0.343312 2 4 8 10 11 10 11 11 11 11 11 12 12 12 13 13 13 12 12 12 11 11 11 11 11 10 11 10 8 4 2 -0.51217 -0.376781 -0.429834 -0.412363 -0.422439 -0.421199 -0.424636 -0.426039 -0.428104 -0.429666 -0.431146 -0.432337 -0.433295 -0.433978 -0.434393 -0.434531 -0.434393 -0.433978 -0.433295 -0.432337 -0.431146 -0.429666 -0.428104 -0.426039 -0.424636 -0.421199 -0.422439 -0.412363 -0.429834 -0.376781 -0.51217 
4.1 -13.3435 0.346473 2 4 8 10 11 10 11 11 11 11 11 12 12 13 13 14 13 13 12 12 11 11 11 11 11 10 11 10 8 4 2 -0.512881 -0.376854 -0.430378 -0.412681 -0.422964 -0.421608 -0.425113 -0.426464 -0.428525 -0.430052 -0.431511 -0.432678 -0.433619 -0.434291 -0.434699 -0.434835 -0.434699 -0.434291 -0.433619 -0.432678 -0.431511 -0.430052 -0.428525 -0.426464 -0.425113 -0.421608 -0.422964 -0.412681 -0.430378 -0.376854 -0.512881 
4.2 -13.3558 0.349646 2 4 8 10 11 10 11 11 11 11 11 13 13 13 14 14 14 13 13 13 11 11 11 11 11 10 11 10 8 4 2 -0.513619 -0.376932 -0.43093 -0.413019 -0.423499 -0.422028 -0.4256 -0.426893 -0.428948 -0.430437 -0.431871 -0.433012 -0.433935 -0.434594 -0.434995 -0.435128 -0.434995 -0.434594 -0.433935 -0.433012 -0.431871 -0.430437 -0.428948 -0.426893 -0.4256 -0.422028 -0.423499 -0.413019 -0.43093 -0.376932 -0.513619 
4.3 -13.3681 0.35284 2 4 8 10 11 11 11 11 11 11 12 13 13 14 14 14 14 14 13 13 12 11 11 11 11 11 11 10 8 4 2 -0.514388 -0.37701 -0.43149 -0.413377 -0.424045 -0.422459 -0.426096 -0.427326 -0.429373 -0.430821 -0.432228 -0.433341 -0.434244 -0.434888 -0.435281 -0.435412 -0.435281 -0.434888 -0.434244 -0.433341 -0.432228 -0.430821 -0.429373 -0.427326 -0.426096 -0.422459 -0.424045 -0.413377 -0.43149 -0.37701 -0.514388 
4.4 -13.3806 0.356063 2 4 8 10 11 11 11 11 11 12 12 13 14 14 15 15 15 14 14 13 12 12 11 11 11 11 11 10 8 4 2 -0.515192 -0.377082 -0.432061 -0.413751 -0.424599 -0.4229 -0.4266 -0.427763 -0.429801 -0.431203 -0.432582 -0.433664 -0.434546 -0.435175 -0.435559 -0.435687 -0.435559 -0.435175 -0.434546 -0.433664 -0.432582 -0.431203 -0.429801 -0.427763 -0.4266 -0.4229 -0.424599 -0.413751 -0.432061 -0.377082 -0.515192 
4.5 -13.3932 0.359323 2 4 8 10 11 11 11 11 11 12 12 14 15 15 16 16 16 15 15 14 12 12 11 11 11 11 11 10 8 4 2 -0.516037 -0.377142 -0.432645 -0.414138 -0.425159 -0.42335 -0.42711 -0.428202 -0.43023 -0.431584 -0.432933 -0.433982 -0.434841 -0.435453 -0.435827 -0.435952 -0.435827 -0.435453 -0.434841 -0.433982 -0.432933 -0.431584 -0.43023 -0.428202 -0.42711 -0.42335 -0.425159 -0.414138 -0.432645 -0.377142 -0.516037 
4.6 -13.4059 0.362628 2 4 8 10 11 11 11 11 12 12 12 14 15 16 16 16 16 16 15 14 12 12 12 11 11 11 11 10 8 4 2 -0.516926 -0.377186 -0.433245 -0.414536 -0.425725 -0.423808 -0.427625 -0.428643 -0.43066 -0.431963 -0.433281 -0.434295 -0.43513 -0.435724 -0.436088 -0.436209 -0.436088 -0.435724 -0.43513 -0.434295 -0.433281 -0.431963 -0.43066 -0.428643 -0.427625 -0.423808 -0.425725 -0.414536 -0.433245 -0.377186 -0.516926 
4.7 -13.4186 0.365983 2 4 8 10 11 11 11 11 12 12 13 14 15 16 16 16 16 16 15 14 13 12 12 11 11 11 11 10 8 4 2 -0.517863 -0.377206 -0.433865 -0.414941 -0.426294 -0.424272 -0.428143 -0.429085 -0.43109 -0.43234 -0.433625 -0.434603 -0.435412 -0.435987 -0.436341 -0.436458 -0.436341 -0.435987 -0.435412 -0.434603 -0.433625 -0.43234 -0.43109 -0.429085 -0.428143 -0.424272 -0.426294 -0.414941 -0.433865 -0.377206 -0.517863 
4.8 -13.4314 0.369396 2 4 8 10 11 12 11 12 12 12 13 14 15 16 16 16 16 16 15 14 13 12 12 12 11 11 11 10 8 4 2 -0.518853 -0.3772 -0.434506 -0.415349 -0.426865 -0.424741 -0.428664 -0.429527 -0.43152 -0.432714 -0.433966 -0.434906 -0.435689 -0.436243 -0.436586 -0.436699 -0.436586 -0.436243 -0.435689 -0.434906 -0.433966 -0.432714 -0.43152 -0.429527 -0.428664 -0.424741 -0.426865 -0.415349 -0.434506 -0.3772 -0.518852 
4.9 -13.4441 0.372871 2 4 8 10 11 12 11 12 13 13 14 14 16 16 16 16 16 16 16 14 14 13 13 12 11 11 11 10 8 4 2 -0.519897 -0.377161 -0.435172 -0.415754 -0.427438 -0.425213 -0.429184 -0.429968 -0.431948 -0.433084 -0.434303 -0.435203 -0.43596 -0.436493 -0.436824 -0.436933 -0.436824 -0.436493 -0.43596 -0.435203 -0.434303 -0.433084 -0.431948 -0.429968 -0.429184 -0.425213 -0.427438 -0.415754 -0.435172 -0.377161 -0.519897 
5 -13.4569 0.376413 2 4 8 10 11 12 11 13 13 14 14 14 16 16 16 16 16 16 16 14 14 14 13 13 11 12 11 10 8 4 2 -0.520999 -0.377087 -0.435866 -0.416155 -0.42801 -0.425687 -0.429704 -0.430406 -0.432373 -0.433451 -0.434636 -0.435495 -0.436224 -0.436735 -0.437054 -0.437159 -0.437054 -0.436735 -0.436224 -0.435495 -0.434636 -0.433451 -0.432373 -0.430406 -0.429704 -0.425687 -0.42801 -0.416155 -0.435866 -0.377087 -0.520999 
5.1 -13.4697 0.380027 2 4 8 10 11 13 11 13 13 14 14 14 16 16 16 16 16 16 16 14 14 14 13 13 11 13 11 10 8 4 2 -0.522159 -0.376973 -0.43659 -0.416545 -0.428582 -0.42616 -0.43022 -0.43084 -0.432795 -0.433813 -0.434964 -0.435782 -0.436483 -0.436971 -0.437278 -0.437377 -0.437278 -0.436971 -0.436483 -0.435782 -0.434964 -0.433813 -0.432795 -0.43084 -0.43022 -0.42616 -0.428582 -0.416545 -0.43659 -0.376973 -0.522159 
5.2 -13.4824 0.383716 2 4 8 10 11 13 11 13 13 14 14 14 16 16 16 16 16 16 16 14 14 14 13 13 11 13 11 10 8 4 2 -0.523381 -0.376817 -0.437346 -0.416921 -0.429152 -0.426631 -0.430732 -0.43127 -0.433212 -0.434169 -0.435287 -0.436063 -0.436736 -0.4372 -0.437495 -0.437589 -0.437495 -0.4372 -0.436736 -0.436063 -0.435287 -0.434169 -0.433212 -0.43127 -0.430732 -0.426631 -0.429152 -0.416921 -0.437346 -0.376817 -0.523381 
5.3 -13.4951 0.387482 2 4 8 10 11 13 11 13 14 14 14 14 16 16 16 16 16 16 16 14 14 14 14 13 11 13 11 10 8 4 2 -0.524663 -0.376617 -0.438136 -0.417279 -0.42972 -0.427097 -0.431237 -0.431693 -0.433624 -0.43452 -0.435605 -0.436338 -0.436983 -0.437423 -0.437705 -0.437794 -0.437705 -0.437423 -0.436983 -0.436338 -0.435605 -0.43452 -0.433624 -0.431693 -0.431237 -0.427097 -0.42972 -0.417279 -0.438136 -0.376617 -0.524663 
5.4 -13.5077 0.391329 2 4 8 10 11 13 11 13 14 14 14 14 16 16 16 16 16 16 16 14 14 14 14 13 11 13 11 10 8 4 2 -0.526005 -0.376373 -0.438963 -0.417615 -0.430287 -0.427557 -0.431735 -0.43211 -0.434029 -0.434864 -0.435917 -0.436607 -0.437224 -0.437639 -0.437908 -0.437991 -0.437908 -0.437639 -0.437224 -0.436607 -0.435917 -0.434864 -0.434029 -0.43211 -0.431735 -0.427557 -0.430287 -0.417615 -0.438963 -0.376373 -0.526005 
5.5 -13.5201 0.395258 2 4 8 10 11 13 11 13 14 14 14 14 16 16 16 16 16 16 16 14 14 14 14 13 11 13 11 10 8 4 2 -0.527408 -0.376084 -0.439826 -0.417926 -0.430853 -0.428009 -0.432225 -0.432519 -0.434428 -0.435201 -0.436223 -0.43687 -0.437458 -0.437849 -0.438104 -0.438182 -0.438104 -0.437849 -0.437458 -0.43687 -0.436223 -0.435201 -0.434428 -0.432519 -0.432225 -0.428009 -0.430853 -0.417926 -0.439826 -0.376084 -0.527408 
5.6 -13.5325 0.399269 2 4 8 10 11 13 11 13 14 14 14 14 16 16 16 16 16 16 16 14 14 14 14 13 11 13 11 10 8 4 2 -0.528868 -0.375751 -0.440726 -0.41821 -0.431418 -0.42845 -0.432706 -0.432918 -0.434818 -0.43553 -0.436522 -0.437126 -0.437687 -0.438052 -0.438294 -0.438366 -0.438294 -0.438052 -0.437687 -0.437126 -0.436522 -0.43553 -0.434818 -0.432918 -0.432705 -0.42845 -0.431418 -0.41821 -0.440726 -0.375751 -0.528868 
5.7 -13.5448 0.403364 2 4 8 10 11 13 11 13 14 14 14 14 16 16 16 16 16 16 16 14 14 14 14 13 11 13 11 10 8 4 2 -0.530384 -0.375374 -0.441664 -0.418462 -0.431984 -0.428878 -0.433176 -0.433308 -0.435201 -0.435851 -0.436814 -0.437375 -0.437909 -0.438248 -0.438477 -0.438544 -0.438477 -0.438248 -0.437909 -0.437375 -0.436814 -0.435851 -0.435201 -0.433308 -0.433175 -0.428879 -0.431984 -0.418463 -0.441664 -0.375374 -0.530384 
5.8 -13.5569 0.407543 2 4 8 10 11 13 12 13 14 14 14 15 16 16 16 16 16 16 16 15 14 14 14 13 12 13 11 10 8 4 2 -0.531953 -0.374955 -0.442639 -0.418683 -0.432552 -0.429292 -0.433636 -0.433687 -0.435574 -0.436163 -0.4371 -0.437618 -0.438125 -0.438439 -0.438654 -0.438715 -0.438654 -0.438439 -0.438125 -0.437618 -0.4371 -0.436163 -0.435574 -0.433687 -0.433635 -0.429293 -0.432551 -0.418683 -0.442639 -0.374955 -0.531953 
5.9 -13.5688 0.411805 2 4 8 10 11 13 12 13 14 14 15 15 16 17 17 17 17 17 16 15 15 14 14 13 12 13 11 10 8 4 2 -0.533573 -0.374497 -0.44365 -0.418868 -0.433122 -0.42969 -0.434084 -0.434054 -0.435938 -0.436466 -0.437378 -0.437854 -0.438334 -0.438623 -0.438825 -0.43888 -0.438825 -0.438623 -0.438334 -0.437854 -0.437378 -0.436466 -0.435938 -0.434054 -0.434083 -0.42969 -0.433121 -0.418868 -0.44365 -0.374497 -0.533573 
6 -13.5806 0.416149 2 4 8 10 11 13 12 13 14 14 15 15 16 17 17 17 17 17 16 15 15 14 14 13 12 13 11 10 8 4 2 -0.53524 -0.374001 -0.444697 -0.419018 -0.433697 -0.430069 -0.434521 -0.43441 -0.436292 -0.436759 -0.437648 -0.438083 -0.438537 -0.438801 -0.438989 -0.439039 -0.438989 -0.438801 -0.438537 -0.438083 -0.437648 -0.436759 -0.436292 -0.43441 -0.434521 -0.43007 -0.433696 -0.419018 -0.444697 -0.374001 -0.53524 
6.1 -13.5922 0.420574 2 4 8 10 11 13 12 14 14 15 15 16 17 17 18 18 18 17 17 16 15 15 14 14 12 13 11 10 8 4 2 -0.536949 -0.37347 -0.445778 -0.41913 -0.434278 -0.430428 -0.434947 -0.434753 -0.436636 -0.437043 -0.437911 -0.438305 -0.438734 -0.438973 -0.439147 -0.439191 -0.439147 -0.438973 -0.438734 -0.438305 -0.437911 -0.437043 -0.436636 -0.434753 -0.434947 -0.430429 -0.434277 -0.41913 -0.445779 -0.37347 -0.536949 
6.2 -13.6036 0.425079 2 4 8 10 11 13 12 14 14 15 16 17 17 18 19 19 19 18 17 17 16 15 14 14 12 13 11 10 8 4 2 -0.538698 -0.372907 -0.446892 -0.419205 -0.434865 -0.430766 -0.435362 -0.435082 -0.436969 -0.437316 -0.438165 -0.43852 -0.438924 -0.439139 -0.4393 -0.439339 -0.4393 -0.439139 -0.438924 -0.43852 -0.438165 -0.437316 -0.436969 -0.435082 -0.435362 -0.430767 -0.434865 -0.419204 -0.446892 -0.372907 -0.538698 
6.3 -13.6148 0.429661 2 4 8 10 11 13 12 14 14 16 16 17 19 19 19 19 19 19 19 17 16 16 14 14 12 13 11 10 8 4 2 -0.540483 -0.372314 -0.448036 -0.419241 -0.435461 -0.431081 -0.435766 -0.435399 -0.437291 -0.43758 -0.438412 -0.438728 -0.439108 -0.4393 -0.439447 -0.43948 -0.439447 -0.4393 -0.439108 -0.438728 -0.438412 -0.43758 -0.437291 -0.435398 -0.435766 -0.431081 -0.435462 -0.41924 -0.448036 -0.372314 -0.540483 
6.4 -13.6258 0.434318 2 4 8 10 11 13 12 14 14 16 16 17 19 19 19 19 19 19 19 17 16 16 14 14 12 13 11 10 8 4 2 -0.542299 -0.371693 -0.449209 -0.419238 -0.436067 -0.431372 -0.436158 -0.435701 -0.437602 -0.437833 -0.438651 -0.438928 -0.439286 -0.439455 -0.439588 -0.439617 -0.439588 -0.439455 -0.439286 -0.438928 -0.438651 -0.437833 -0.437603 -0.4357 -0.436159 -0.431372 -0.436067 -0.419238 -0.44921 -0.371693 -0.542298 
6.5 -13.6366 0.439048 2 4 8 10 11 13 13 14 15 16 16 17 19 19 19 20 19 19 19 17 16 16 15 14 13 13 11 10 8 4 2 -0.544142 -0.371047 -0.450409 -0.419198 -0.436682 -0.431638 -0.43654 -0.435989 -0.437902 -0.438075 -0.438882 -0.439121 -0.439458 -0.439604 -0.439724 -0.439748 -0.439724 -0.439604 -0.439458 -0.439121 -0.438882 -0.438075 -0.437903 -0.435988 -0.436542 -0.431637 -0.436684 -0.419197 -0.450409 -0.371047 -0.544142 
6.6 -13.6472 0.443848 2 4 8 10 11 13 13 14 15 16 16 17 19 20 20 20 20 20 19 17 17 16 15 14 13 13 11 10 8 4 2 -0.54601 -0.370377 -0.451634 -0.41912 -0.437309 -0.431879 -0.436913 -0.436263 -0.438191 -0.438307 -0.439105 -0.439307 -0.439623 -0.439748 -0.439855 -0.439875 -0.439855 -0.439748 -0.439623 -0.439307 -0.439105 -0.438307 -0.438192 -0.436262 -0.436914 -0.431877 -0.437311 -0.419118 -0.451634 -0.370377 -0.546009 
6.7 -13.6575 0.448715 2 4 8 10 11 13 13 14 15 16 17 18 20 20 20 20 20 20 20 18 17 16 15 14 13 13 11 10 8 4 2 -0.547897 -0.369685 -0.452881 -0.419005 -0.437947 -0.432093 -0.437276 -0.436522 -0.438469 -0.438529 -0.43932 -0.439486 -0.439784 -0.439887 -0.439982 -0.439996 -0.439982 -0.439887 -0.439784 -0.439486 -0.43932 -0.438529 -0.438469 -0.436521 -0.437278 -0.43209 -0.437949 -0.419003 -0.452881 -0.369685 -0.547897 
6.8 -13.6677 0.453647 2 4 8 10 11 13 13 15 16 17 18 19 20 20 21 21 21 20 20 19 18 17 16 15 13 13 11 10 8 4 2 -0.549802 -0.368973 -0.454148 -0.418854 -0.438596 -0.43228 -0.43763 -0.436766 -0.438735 -0.43874 -0.439527 -0.439657 -0.439938 -0.440021 -0.440104 -0.440114 -0.440104 -0.440021 -0.439938 -0.439657 -0.439527 -0.43874 -0.438735 -0.436765 -0.437633 -0.432277 -0.438599 -0.418852 -0.454149 -0.368973 -0.549802 
6.9 -13.6776 0.458639 2 4 8 10 12 13 14 17 16 17 18 19 20 21 21 21 21 21 20 19 18 17 16 17 14 13 12 10 8 4 2 -0.551721 -0.36824 -0.455434 -0.418668 -0.439256 -0.43244 -0.437976 -0.436996 -0.43899 -0.438941 -0.439726 -0.439821 -0.440087 -0.44015 -0.440222 -0.440227 -0.440222 -0.44015 -0.440087 -0.439821 -0.439726 -0.438941 -0.43899 -0.436994 -0.437979 -0.432437 -0.43926 -0.418666 -0.455434 -0.368241 -0.55172 
7 -13.6872 0.463689 2 4 8 11 12 13 14 17 17 18 19 19 20 21 21 22 21 21 20 19 19 18 17 17 14 13 12 11 8 4 2 -0.55365 -0.367489 -0.456737 -0.418449 -0.439927 -0.432574 -0.438315 -0.43721 -0.439234 -0.439132 -0.439917 -0.439978 -0.440231 -0.440274 -0.440336 -0.440336 -0.440336 -0.440274 -0.440231 -0.439978 -0.439917 -0.439132 -0.439234 -0.437208 -0.438319 -0.43257 -0.439931 -0.418447 -0.456737 -0.367489 -0.55365 
7.1 -13.6967 0.468793 2 4 8 11 12 13 14 17 17 18 19 19 20 21 22 22 22 21 20 19 19 18 17 17 14 13 12 11 8 4 2 -0.555588 -0.366719 -0.458054 -0.418198 -0.440609 -0.43268 -0.438648 -0.437409 -0.439467 -0.439313 -0.4401 -0.440127 -0.44037 -0.440393 -0.440446 -0.440442 -0.440446 -0.440393 -0.44037 -0.440127 -0.4401 -0.439313 -0.439467 -0.437407 -0.438652 -0.432676 -0.440612 -0.418197 -0.458054 -0.366719 -0.555588 
7.2 -13.7059 0.473947 2 4 8 11 12 13 14 17 18 19 19 19 20 22 22 22 22 22 20 19 19 19 18 17 14 13 12 11 8 4 2 -0.557531 -0.36593 -0.459384 -0.417917 -0.4413 -0.43276 -0.438976 -0.437593 -0.439689 -0.439484 -0.440275 -0.44027 -0.440505 -0.440508 -0.440553 -0.440544 -0.440553 -0.440508 -0.440504 -0.44027 -0.440275 -0.439484 -0.439689 -0.437591 -0.438979 -0.432756 -0.441303 -0.417916 -0.459384 -0.36593 -0.557532 
7.3 -13.7149 0.479149 2 4 8 11 12 14 14 17 18 19 19 19 20 22 22 22 22 22 20 19 19 19 18 17 14 14 12 11 8 4 2 -0.559479 -0.365122 -0.460725 -0.417607 -0.442 -0.432814 -0.4393 -0.437761 -0.439901 -0.439646 -0.440443 -0.440406 -0.440634 -0.440619 -0.440657 -0.440642 -0.440657 -0.440619 -0.440634 -0.440406 -0.440443 -0.439646 -0.439901 -0.43776 -0.439303 -0.43281 -0.442002 -0.417607 -0.460725 -0.365122 -0.559479 
7.4 -13.7236 0.484393 2 4 8 11 12 14 14 17 19 19 19 19 21 22 22 22 22 22 21 19 19 19 19 17 14 14 12 11 8 4 2 -0.561428 -0.364295 -0.462076 -0.41727 -0.442708 -0.432842 -0.439621 -0.437914 -0.440103 -0.439798 -0.440604 -0.440535 -0.440759 -0.440725 -0.440758 -0.440738 -0.440758 -0.440725 -0.440759 -0.440535 -0.440604 -0.439798 -0.440103 -0.437913 -0.439623 -0.432839 -0.442709 -0.417271 -0.462075 -0.364296 -0.561428 
7.5 -13.7321 0.489678 2 4 8 11 13 14 14 18 19 19 19 21 22 22 23 23 23 22 22 21 20 19 19 18 14 14 12 11 8 4 2 -0.563377 -0.363449 -0.463436 -0.416908 -0.443423 -0.432844 -0.43994 -0.43805 -0.440296 -0.439941 -0.440757 -0.440657 -0.44088 -0.440827 -0.440856 -0.440831 -0.440856 -0.440827 -0.44088 -0.440657 -0.440757 -0.439941 -0.440296 -0.43805 -0.439942 -0.432842 -0.443423 -0.416909 -0.463434 -0.363449 -0.563378 
7.6 -13.7404 0.494997 2 4 8 11 13 14 15 18 19 19 20 21 22 23 23 23 23 23 22 21 20 19 19 18 15 14 12 11 8 4 2 -0.565325 -0.362583 -0.464802 -0.416521 -0.444145 -0.432821 -0.440259 -0.438171 -0.44048 -0.440075 -0.440903 -0.440774 -0.440996 -0.440926 -0.440952 -0.440921 -0.440952 -0.440926 -0.440996 -0.440774 -0.440903 -0.440075 -0.44048 -0.438171 -0.44026 -0.43282 -0.444144 -0.416523 -0.464801 -0.362583 -0.565325 
7.7 -13.7484 0.500349 2 4 8 12 13 14 15 18 19 19 20 22 22 23 23 23 23 23 22 22 20 19 19 18 15 14 12 11 8 4 2 -0.56727 -0.361697 -0.466175 -0.416111 -0.444872 -0.432772 -0.440579 -0.438276 -0.440657 -0.440199 -0.441041 -0.440884 -0.441109 -0.441021 -0.441046 -0.441009 -0.441046 -0.441021 -0.441109 -0.440884 -0.441042 -0.440199 -0.440657 -0.438277 -0.440578 -0.432773 -0.44487 -0.416114 -0.466174 -0.361697 -0.56727 
7.8 -13.7562 0.505728 2 4 8 12 13 15 15 19 19 19 20 22 23 24 24 24 24 24 23 22 20 19 19 19 15 14 12 11 8 4 2 -0.56921 -0.360791 -0.467552 -0.41568 -0.445604 -0.4327 -0.440901 -0.438365 -0.440826 -0.440315 -0.441173 -0.440988 -0.441218 -0.441112 -0.441138 -0.441094 -0.441138 -0.441112 -0.441218 -0.440988 -0.441174 -0.440314 -0.440826 -0.438366 -0.440899 -0.432702 -0.445601 -0.415682 -0.467551 -0.36079 -0.56921 
7.9 -13.7638 0.511131 2 4 8 12 13 16 16 19 19 20 21 22 23 24 24 24 24 24 23 22 21 20 19 19 16 15 13 11 8 4 2 -0.571144 -0.359864 -0.468935 -0.415226 -0.446342 -0.432602 -0.441225 -0.438436 -0.44099 -0.440421 -0.441299 -0.441086 -0.441323 -0.441199 -0.441227 -0.441177 -0.441227 -0.441199 -0.441323 -0.441086 -0.441299 -0.440421 -0.440989 -0.438438 -0.441222 -0.432606 -0.446337 -0.415229 -0.468934 -0.359863 -0.571144 
8 -13.7712 0.516554 2 4 8 12 14 16 16 19 19 20 22 23 24 24 25 25 25 24 24 23 22 20 19 19 16 16 14 11 8 4 2 -0.573071 -0.358916 -0.47032 -0.414752 -0.447084 -0.432481 -0.441554 -0.438492 -0.441148 -0.440518 -0.441418 -0.441178 -0.441424 -0.441284 -0.441316 -0.441259 -0.441316 -0.441284 -0.441424 -0.441178 -0.441419 -0.440517 -0.441147 -0.438494 -0.441549 -0.432486 -0.447078 -0.414755 -0.47032 -0.358915 -0.573072 
8.1 -13.7783 0.521993 2 4 8 12 14 16 16 19 20 21 22 23 24 25 25 26 25 25 24 23 22 21 20 19 16 16 14 11 8 4 2 -0.57499 -0.357947 -0.471709 -0.414257 -0.44783 -0.432336 -0.441887 -0.43853 -0.441301 -0.440606 -0.441531 -0.441265 -0.441521 -0.441366 -0.441402 -0.441339 -0.441402 -0.441366 -0.441522 -0.441265 -0.441532 -0.440605 -0.441301 -0.438532 -0.441882 -0.432342 -0.447824 -0.414261 -0.471709 -0.357946 -0.57499 
8.2 -13.7852 0.527444 2 4 8 12 14 17 17 19 20 21 22 23 24 25 26 26 26 25 24 23 22 21 20 19 17 17 14 11 8 4 2 -0.576898 -0.356959 -0.4731 -0.413742 -0.448581 -0.432167 -0.442226 -0.438552 -0.441451 -0.440684 -0.441638 -0.441347 -0.441615 -0.441444 -0.441487 -0.441417 -0.441487 -0.441444 -0.441616 -0.441347 -0.441639 -0.440683 -0.441451 -0.438554 -0.44222 -0.432174 -0.448574 -0.413745 -0.473101 -0.356957 -0.576899 
8.3 -13.7919 0.532903 2 4 8 13 14 17 17 19 20 21 22 23 25 26 26 26 26 26 25 23 22 21 20 19 17 17 14 12 8 4 2 -0.578796 -0.35595 -0.474493 -0.413206 -0.449336 -0.431976 -0.442571 -0.438556 -0.441599 -0.440752 -0.44174 -0.441423 -0.441706 -0.441521 -0.441571 -0.441494 -0.441571 -0.44152 -0.441706 -0.441423 -0.441741 -0.440751 -0.441599 -0.438559 -0.442565 -0.431983 -0.449329 -0.413208 -0.474494 -0.355949 -0.578797 
8.4 -13.7984 0.538366 2 4 8 13 14 17 17 20 21 21 23 24 26 27 28 28 28 27 26 24 23 21 21 20 17 17 14 12 8 4 2 -0.580681 -0.354923 -0.475888 -0.412649 -0.450096 -0.431761 -0.442922 -0.438544 -0.441745 -0.440811 -0.441837 -0.441494 -0.441793 -0.441594 -0.441653 -0.44157 -0.441653 -0.441594 -0.441794 -0.441494 -0.441838 -0.44081 -0.441745 -0.438547 -0.442916 -0.431769 -0.45009 -0.412651 -0.47589 -0.354921 -0.580682 
8.5 -13.8046 0.54383 2 4 8 13 14 17 17 20 21 22 23 24 26 27 28 28 28 27 26 24 23 22 21 20 17 17 14 13 8 4 2 -0.582552 -0.353878 -0.477284 -0.412071 -0.450861 -0.431524 -0.44328 -0.438515 -0.44189 -0.440859 -0.44193 -0.44156 -0.441877 -0.441665 -0.441734 -0.441644 -0.441734 -0.441665 -0.441878 -0.441559 -0.44193 -0.440858 -0.44189 -0.438517 -0.443274 -0.431532 -0.450856 -0.412071 -0.477286 -0.353876 -0.582553 
8.6 -13.8106 0.549291 2 4 8 13 14 17 18 20 21 23 23 26 26 28 29 29 29 28 26 25 23 23 21 20 18 17 14 13 8 4 2 -0.584408 -0.352816 -0.47868 -0.411471 -0.451632 -0.431265 -0.443645 -0.438469 -0.442035 -0.440898 -0.442017 -0.44162 -0.441958 -0.441734 -0.441813 -0.441717 -0.441813 -0.441734 -0.441958 -0.44162 -0.442018 -0.440897 -0.442035 -0.438471 -0.443639 -0.431272 -0.451627 -0.411471 -0.478682 -0.352815 -0.584408 
8.7 -13.8165 0.554745 2 4 8 13 15 17 18 21 21 23 24 26 27 29 29 29 29 29 27 26 24 23 21 21 18 17 15 13 8 4 2 -0.586246 -0.351739 -0.480076 -0.410849 -0.452407 -0.430985 -0.444017 -0.438407 -0.442181 -0.440926 -0.442101 -0.441675 -0.442036 -0.441801 -0.441892 -0.441789 -0.441892 -0.441801 -0.442036 -0.441675 -0.442102 -0.440926 -0.44218 -0.438409 -0.444012 -0.430991 -0.452404 -0.410848 -0.480079 -0.351738 -0.586247 
8.8 -13.8221 0.560188 2 4 8 13 15 17 18 21 22 24 25 27 28 29 30 30 30 29 28 27 25 24 22 21 18 17 15 13 8 4 2 -0.588066 -0.350649 -0.481472 -0.410204 -0.453189 -0.430684 -0.444395 -0.438328 -0.442328 -0.440944 -0.442182 -0.441726 -0.44211 -0.441865 -0.441969 -0.44186 -0.441969 -0.441865 -0.44211 -0.441726 -0.442181 -0.440944 -0.442327 -0.43833 -0.444391 -0.430689 -0.453187 -0.410202 -0.481474 -0.350648 -0.588066 
8.9 -13.8275 0.565617 2 4 8 13 15 18 18 21 23 24 25 27 28 29 30 30 30 29 28 27 25 24 23 21 18 19 15 13 8 4 2 -0.589866 -0.349547 -0.482867 -0.409536 -0.453976 -0.430363 -0.444779 -0.438234 -0.442476 -0.440952 -0.442258 -0.441771 -0.442182 -0.441928 -0.442045 -0.441929 -0.442045 -0.441928 -0.442182 -0.441771 -0.442258 -0.440953 -0.442476 -0.438235 -0.444776 -0.430367 -0.453975 -0.409534 -0.482869 -0.349547 -0.589865 
9 -13.8327 0.571028 2 4 8 13 15 19 19 21 23 24 25 27 28 30 30 30 30 30 28 27 25 24 23 21 19 19 15 13 8 4 2 -0.591643 -0.348436 -0.48426 -0.408846 -0.454769 -0.430022 -0.44517 -0.438124 -0.442627 -0.440951 -0.442332 -0.441811 -0.442251 -0.441988 -0.44212 -0.441998 -0.44212 -0.441989 -0.44225 -0.441812 -0.442331 -0.440952 -0.442626 -0.438125 -0.445167 -0.430025 -0.454769 -0.408844 -0.484261 -0.348436 -0.591642 
9.1 -13.8377 0.576417 2 4 8 13 15 19 19 21 23 24 26 27 29 30 30 30 30 30 29 27 26 24 23 21 19 19 15 14 8 4 2 -0.593397 -0.347317 -0.485651 -0.408132 -0.455568 -0.429664 -0.445566 -0.438 -0.44278 -0.440939 -0.442403 -0.441847 -0.442316 -0.442047 -0.442194 -0.442064 -0.442194 -0.442047 -0.442316 -0.441847 -0.442402 -0.440941 -0.442779 -0.438001 -0.445564 -0.429665 -0.455569 -0.40813 -0.485651 -0.347319 -0.593396 
9.2 -13.8425 0.581781 2 4 8 14 15 19 19 21 23 25 26 28 29 30 30 31 30 30 29 28 26 25 23 21 19 19 15 14 8 4 2 -0.595125 -0.346194 -0.487039 -0.407396 -0.456372 -0.429287 -0.445967 -0.437861 -0.442936 -0.440918 -0.442472 -0.441878 -0.442379 -0.442103 -0.442266 -0.44213 -0.442266 -0.442104 -0.442379 -0.441878 -0.44247 -0.44092 -0.442935 -0.437861 -0.445966 -0.429288 -0.456374 -0.407394 -0.487038 -0.346196 -0.595124 
9.3 -13.8471 0.587117 2 4 8 14 15 19 19 21 23 25 26 28 29 31 31 31 31 31 29 28 26 25 23 21 19 19 15 14 8 4 2 -0.596826 -0.345068 -0.488424 -0.406636 -0.457182 -0.428894 -0.446372 -0.437708 -0.443096 -0.440888 -0.442538 -0.441904 -0.44244 -0.442158 -0.442338 -0.442194 -0.442338 -0.442158 -0.442439 -0.441905 -0.442536 -0.440891 -0.443094 -0.437708 -0.446373 -0.428894 -0.457184 -0.406636 -0.488421 -0.345071 -0.596825 
9.4 -13.8516 0.59242 2 4 8 14 16 20 19 22 23 25 26 29 30 31 31 31 31 31 30 29 27 25 23 22 19 20 16 14 8 4 2 -0.598499 -0.343941 -0.489803 -0.405855 -0.457997 -0.428485 -0.446783 -0.437541 -0.443258 -0.44085 -0.442603 -0.441925 -0.442498 -0.44221 -0.442408 -0.442257 -0.442408 -0.44221 -0.442497 -0.441926 -0.442601 -0.440852 -0.443256 -0.437541 -0.446784 -0.428484 -0.457999 -0.405856 -0.489799 -0.343945 -0.598497 
9.5 -13.8558 0.597688 2 4 8 14 16 20 19 22 24 25 27 30 31 31 32 32 32 31 31 30 27 25 24 22 19 20 16 14 8 4 2 -0.600142 -0.342816 -0.491178 -0.405053 -0.458817 -0.428061 -0.447197 -0.437361 -0.443424 -0.440803 -0.442666 -0.441942 -0.442554 -0.44226 -0.442478 -0.442317 -0.442478 -0.442261 -0.442553 -0.441943 -0.442663 -0.440806 -0.443422 -0.437362 -0.447199 -0.42806 -0.458818 -0.405055 -0.491172 -0.342821 -0.60014 
9.6 -13.8599 0.602918 2 4 8 14 16 20 19 22 24 25 28 30 31 32 32 32 32 32 31 30 28 25 24 22 19 20 16 14 8 4 2 -0.601753 -0.341696 -0.492546 -0.40423 -0.459641 -0.427623 -0.447616 -0.437169 -0.443594 -0.440747 -0.442727 -0.441954 -0.442607 -0.442308 -0.442546 -0.442377 -0.442546 -0.442309 -0.442606 -0.441956 -0.442725 -0.440751 -0.443591 -0.437169 -0.447618 -0.427621 -0.459642 -0.404234 -0.492538 -0.341702 -0.601751 
9.7 -13.8638 0.608105 2 4 8 14 16 20 19 22 24 25 28 30 31 32 32 32 32 32 31 30 28 25 24 22 19 20 16 14 8 4 2 -0.603331 -0.340582 -0.493907 -0.403388 -0.46047 -0.42717 -0.448038 -0.436964 -0.443767 -0.440684 -0.442788 -0.441962 -0.442658 -0.442354 -0.442614 -0.442434 -0.442614 -0.442354 -0.442658 -0.441964 -0.442786 -0.440688 -0.443764 -0.436965 -0.44804 -0.427169 -0.460469 -0.403393 -0.493898 -0.340588 -0.603329 
9.8 -13.8675 0.613247 2 4 8 14 16 20 19 22 24 25 28 30 31 32 32 33 32 32 31 30 28 25 24 22 19 20 16 14 8 4 2 -0.604876 -0.339476 -0.495261 -0.402527 -0.461301 -0.426704 -0.448465 -0.436748 -0.443944 -0.440614 -0.442849 -0.441966 -0.442708 -0.442397 -0.44268 -0.44249 -0.44268 -0.442398 -0.442707 -0.441967 -0.442846 -0.440617 -0.443941 -0.436748 -0.448467 -0.426703 -0.461299 -0.402535 -0.495251 -0.339482 -0.604873 
9.9 -13.8711 0.618341 2 4 8 15 16 20 20 23 24 26 28 30 31 33 34 35 34 33 31 30 28 26 24 23 20 20 16 14 8 4 2 -0.606385 -0.33838 -0.496606 -0.40165 -0.462136 -0.426225 -0.448897 -0.436519 -0.444126 -0.440536 -0.442909 -0.441965 -0.442756 -0.442438 -0.442745 -0.442544 -0.442745 -0.442438 -0.442755 -0.441967 -0.442907 -0.44054 -0.444123 -0.43652 -0.448898 -0.426224 -0.462133 -0.401659 -0.496596 -0.338386 -0.606383 
10 -13.8745 0.623385 2 4 8 15 16 20 20 23 24 27 29 31 32 34 35 36 35 34 32 31 29 27 24 23 20 21 16 15 8 4 2 -0.607858 -0.337296 -0.497942 -0.400757 -0.462974 -0.425733 -0.449333 -0.436279 -0.444311 -0.440451 -0.44297 -0.44196 -0.442803 -0.442476 -0.442809 -0.442596 -0.442809 -0.442477 -0.442802 -0.441961 -0.442968 -0.440454 -0.444308 -0.436279 -0.449334 -0.425733 -0.46297 -0.400767 -0.497932 -0.337302 -0.607856 
10.1 -13.8778 0.628374 2 4 8 15 16 21 20 23 25 27 29 31 34 35 35 36 35 35 34 31 29 27 25 23 20 21 16 15 8 4 2 -0.609294 -0.336225 -0.499268 -0.399851 -0.463813 -0.425228 -0.449774 -0.436027 -0.444502 -0.440359 -0.443032 -0.44195 -0.442848 -0.442512 -0.442871 -0.442645 -0.442871 -0.442512 -0.442847 -0.441952 -0.44303 -0.440362 -0.444499 -0.436028 -0.449775 -0.425228 -0.463808 -0.399861 -0.499258 -0.33623 -0.609293 
10.2 -13.8809 0.633307 2 4 8 15 17 21 21 23 25 27 29 32 34 35 36 36 37 35 34 32 29 27 25 23 21 21 17 15 8 4 2 -0.610693 -0.335169 -0.500584 -0.398932 -0.464655 -0.42471 -0.450221 -0.435763 -0.444697 -0.44026 -0.443096 -0.441936 -0.442893 -0.442544 -0.442932 -0.442693 -0.442932 -0.442545 -0.442892 -0.441938 -0.443094 -0.440262 -0.444694 -0.435764 -0.450222 -0.42471 -0.46465 -0.398942 -0.500575 -0.335173 -0.610692 
10.3 -13.8838 0.638182 2 4 8 15 17 21 21 23 25 27 29 32 34 36 36 37 37 36 34 32 30 27 25 23 21 21 17 15 8 4 2 -0.612054 -0.334129 -0.501888 -0.398002 -0.465499 -0.424178 -0.450674 -0.435488 -0.444897 -0.440154 -0.443161 -0.441918 -0.442937 -0.442574 -0.442992 -0.442739 -0.442992 -0.442574 -0.442936 -0.441919 -0.44316 -0.440156 -0.444895 -0.435489 -0.450674 -0.424179 -0.465493 -0.398012 -0.501881 -0.334132 -0.612053 
10.4 -13.8867 0.642995 2 4 8 15 17 21 21 23 25 27 30 32 34 37 37 37 37 37 35 32 30 27 25 23 21 21 17 15 8 4 2 -0.613376 -0.333106 -0.503181 -0.397062 -0.466345 -0.423633 -0.451133 -0.435201 -0.445103 -0.440041 -0.44323 -0.441895 -0.44298 -0.442601 -0.44305 -0.442782 -0.44305 -0.442601 -0.44298 -0.441896 -0.443229 -0.440041 -0.445102 -0.435202 -0.451134 -0.423634 -0.466339 -0.397071 -0.503175 -0.333108 -0.613376 
10.5 -13.8893 0.647746 2 4 8 15 17 21 21 23 25 27 30 32 35 37 38 38 38 37 35 32 30 27 25 23 21 21 17 15 8 4 2 -0.61466 -0.332101 -0.504461 -0.396116 -0.467192 -0.423073 -0.4516 -0.434902 -0.445315 -0.439919 -0.443302 -0.441867 -0.443024 -0.442624 -0.443107 -0.442823 -0.443107 -0.442624 -0.443023 -0.441868 -0.443302 -0.439919 -0.445315 -0.434902 -0.4516 -0.423074 -0.467187 -0.396123 -0.504458 -0.332101 -0.614661 
10.6 -13.8919 0.652431 2 4 8 15 17 21 22 23 26 28 30 33 36 37 38 39 39 37 36 33 31 28 26 23 22 21 17 15 8 4 2 -0.615905 -0.331115 -0.505728 -0.395163 -0.468041 -0.422499 -0.452074 -0.434591 -0.445534 -0.43979 -0.443378 -0.441835 -0.443067 -0.442644 -0.443162 -0.442861 -0.443162 -0.442644 -0.443067 -0.441835 -0.443378 -0.439789 -0.445534 -0.434591 -0.452074 -0.4225 -0.468037 -0.395168 -0.505728 -0.331112 -0.615906 
10.7 -13.8944 0.65705 2 4 8 16 17 21 22 23 26 29 31 33 36 38 39 40 40 38 36 34 32 29 26 23 22 21 17 16 8 4 2 -0.617112 -0.330147 -0.506981 -0.394206 -0.468891 -0.421911 -0.452556 -0.434268 -0.445759 -0.439653 -0.443458 -0.441798 -0.443111 -0.442661 -0.443215 -0.442897 -0.443214 -0.442661 -0.443111 -0.441798 -0.44346 -0.439651 -0.44576 -0.434268 -0.452556 -0.421911 -0.468889 -0.394208 -0.506984 -0.330143 -0.617114 
10.8 -13.8967 0.6616 2 4 8 16 17 21 22 23 26 29 32 34 37 38 40 40 40 38 37 34 32 29 26 23 22 21 17 16 8 4 2 -0.61828 -0.3292 -0.50822 -0.393246 -0.469742 -0.421308 -0.453046 -0.433934 -0.445991 -0.439507 -0.443544 -0.441756 -0.443155 -0.442674 -0.443266 -0.44293 -0.443265 -0.442674 -0.443155 -0.441755 -0.443546 -0.439504 -0.445992 -0.433934 -0.453047 -0.421307 -0.469742 -0.393245 -0.508226 -0.329193 -0.618282 
10.9 -13.8989 0.666081 2 4 8 16 17 21 22 23 26 29 32 34 38 40 40 40 40 40 38 34 32 29 26 23 22 21 17 16 8 4 2 -0.61941 -0.328272 -0.509443 -0.392286 -0.470595 -0.42069 -0.453544 -0.433588 -0.446231 -0.439352 -0.443636 -0.441709 -0.4432 -0.442683 -0.443314 -0.44296 -0.443314 -0.442683 -0.443201 -0.441708 -0.443638 -0.439349 -0.446233 -0.433587 -0.453545 -0.420688 -0.470597 -0.392281 -0.509453 -0.328264 -0.619413 
11 -13.901 0.67049 2 4 8 16 17 21 22 24 27 29 32 34 38 40 40 41 40 40 38 35 32 29 27 24 22 21 17 16 8 4 2 -0.620502 -0.327365 -0.510651 -0.391326 -0.471448 -0.420057 -0.45405 -0.43323 -0.446478 -0.439189 -0.443734 -0.441656 -0.443247 -0.442689 -0.443361 -0.442987 -0.443361 -0.442689 -0.443247 -0.441656 -0.443736 -0.439185 -0.446481 -0.433229 -0.454052 -0.420054 -0.471453 -0.391318 -0.510663 -0.327356 -0.620506 
11.1 -13.9029 0.674828 2 4 8 16 17 21 22 24 27 29 33 35 38 40 41 42 41 40 38 35 33 29 27 24 23 21 17 16 8 4 2 -0.621557 -0.32648 -0.511841 -0.390369 -0.472302 -0.419411 -0.454563 -0.432861 -0.446733 -0.439016 -0.443838 -0.441599 -0.443294 -0.442691 -0.443406 -0.443011 -0.443405 -0.442691 -0.443294 -0.441598 -0.443841 -0.439012 -0.446737 -0.43286 -0.454566 -0.419406 -0.47231 -0.390358 -0.511856 -0.326469 -0.621561 
11.2 -13.9048 0.679093 2 4 8 16 17 21 23 24 27 29 33 35 38 41 42 43 42 41 38 36 34 29 27 24 23 21 17 16 8 4 2 -0.622575 -0.325615 -0.513013 -0.389417 -0.473157 -0.41875 -0.455084 -0.432481 -0.446997 -0.438834 -0.443949 -0.441536 -0.443343 -0.442689 -0.443448 -0.443031 -0.443448 -0.442688 -0.443343 -0.441535 -0.443952 -0.438829 -0.447 -0.432479 -0.455087 -0.418744 -0.473168 -0.389402 -0.51303 -0.325604 -0.622579 
11.3 -13.9066 0.683284 2 4 8 16 17 21 24 24 28 30 34 36 39 42 43 44 43 42 39 36 34 30 28 24 24 21 17 16 8 4 2 -0.623557 -0.324772 -0.514166 -0.38847 -0.474012 -0.418077 -0.455611 -0.432091 -0.447268 -0.438642 -0.444067 -0.441469 -0.443393 -0.442682 -0.443488 -0.443048 -0.443488 -0.442682 -0.443393 -0.441467 -0.44407 -0.438638 -0.447272 -0.432089 -0.455615 -0.41807 -0.474025 -0.388452 -0.514185 -0.324761 -0.623561 
11.4 -13.9083 0.687402 2 4 8 16 17 21 24 24 28 30 34 37 40 42 43 44 44 42 40 37 34 30 28 24 24 21 18 16 8 4 2 -0.624504 -0.323952 -0.5153 -0.387531 -0.474866 -0.417392 -0.456145 -0.431691 -0.447548 -0.438441 -0.444193 -0.441396 -0.443445 -0.442672 -0.443526 -0.44306 -0.443526 -0.442672 -0.443445 -0.441394 -0.444195 -0.438437 -0.447551 -0.431688 -0.456149 -0.417384 -0.474881 -0.387511 -0.51532 -0.32394 -0.624507 
11.5 -13.9098 0.691446 2 4 8 16 18 21 24 24 28 30 34 37 41 43 44 44 44 43 41 37 34 30 28 24 24 21 18 16 8 4 2 -0.625415 -0.323153 -0.516413 -0.386601 -0.475719 -0.416696 -0.456684 -0.431281 -0.447835 -0.438231 -0.444325 -0.441317 -0.443499 -0.442658 -0.443562 -0.443068 -0.443562 -0.442658 -0.443499 -0.441316 -0.444327 -0.438227 -0.447839 -0.431278 -0.456688 -0.416687 -0.475736 -0.386579 -0.516433 -0.323142 -0.625419 
11.6 -13.9113 0.695416 2 4 8 16 18 21 24 24 28 30 34 38 41 43 45 46 45 43 41 38 34 31 28 25 24 21 18 16 8 4 2 -0.626293 -0.322376 -0.517504 -0.385682 -0.476571 -0.41599 -0.457227 -0.430862 -0.448131 -0.438012 -0.444464 -0.441234 -0.443555 -0.442639 -0.443596 -0.443072 -0.443595 -0.442639 -0.443555 -0.441233 -0.444466 -0.438009 -0.448135 -0.430859 -0.457232 -0.415981 -0.47659 -0.38566 -0.517524 -0.322367 -0.626296 
11.7 -13.9128 0.699312 2 4 8 16 18 21 25 25 28 31 35 38 41 43 45 46 46 43 42 38 35 31 28 25 25 21 18 16 8 4 2 -0.627137 -0.321622 -0.518573 -0.384775 -0.477422 -0.415276 -0.457774 -0.430434 -0.448435 -0.437784 -0.44461 -0.441145 -0.443613 -0.442616 -0.443628 -0.44307 -0.443627 -0.442616 -0.443613 -0.441144 -0.444612 -0.437782 -0.448438 -0.430431 -0.457779 -0.415266 -0.47744 -0.384753 -0.518591 -0.321615 -0.627139 
11.8 -13.9141 0.703136 2 4 8 16 18 22 25 25 28 31 35 38 42 44 46 46 46 44 42 38 35 31 30 25 25 22 18 16 8 4 2 -0.627949 -0.320891 -0.519619 -0.383881 -0.478269 -0.414556 -0.458325 -0.429998 -0.448746 -0.437548 -0.444763 -0.441051 -0.443673 -0.442588 -0.443658 -0.443064 -0.443658 -0.442589 -0.443674 -0.44105 -0.444764 -0.437546 -0.448749 -0.429995 -0.458329 -0.414546 -0.478288 -0.38386 -0.519635 -0.320885 -0.62795 
11.9 -13.9154 0.706888 2 4 8 16 18 22 25 25 30 31 35 39 42 44 46 47 46 44 42 39 35 32 30 25 25 22 18 16 8 4 2 -0.628729 -0.320182 -0.520641 -0.383002 -0.479114 -0.41383 -0.458878 -0.429554 -0.449065 -0.437304 -0.444922 -0.440951 -0.443736 -0.442556 -0.443687 -0.443052 -0.443686 -0.442556 -0.443737 -0.440951 -0.444923 -0.437303 -0.449067 -0.429552 -0.458882 -0.41382 -0.479131 -0.382982 -0.520654 -0.320178 -0.62873 
12 -13.9165 0.71057 2 4 8 16 18 22 25 26 30 33 35 39 43 44 46 48 46 44 43 40 35 32 30 26 25 22 18 16 8 4 2 -0.629479 -0.319495 -0.521639 -0.382138 -0.479954 -0.413099 -0.459433 -0.429103 -0.449391 -0.437052 -0.445087 -0.440846 -0.443802 -0.442519 -0.443714 -0.443034 -0.443714 -0.44252 -0.443802 -0.440846 -0.445088 -0.437052 -0.449393 -0.429101 -0.459437 -0.413091 -0.47997 -0.382121 -0.521648 -0.319494 -0.629478 
12.1 -13.9177 0.714181 2 4 8 16 18 22 25 26 30 33 36 40 44 46 47 48 47 45 44 40 35 33 30 26 25 22 18 16 8 4 2 -0.630198 -0.318831 -0.522611 -0.38129 -0.480791 -0.412367 -0.459989 -0.428644 -0.449724 -0.436793 -0.445259 -0.440736 -0.443871 -0.442478 -0.443741 -0.443011 -0.443741 -0.442478 -0.443871 -0.440736 -0.445259 -0.436793 -0.449725 -0.428642 -0.459993 -0.412359 -0.480805 -0.381276 -0.522617 -0.318833 -0.630197 
12.2 -13.9187 0.717726 2 4 8 16 18 22 25 26 30 33 36 40 44 46 47 49 48 45 44 40 36 33 30 26 25 22 18 16 8 4 2 -0.630889 -0.31819 -0.523559 -0.380459 -0.481622 -0.411633 -0.460547 -0.428179 -0.450064 -0.436527 -0.445436 -0.44062 -0.443942 -0.442431 -0.443766 -0.442981 -0.443766 -0.442432 -0.443943 -0.44062 -0.445436 -0.436528 -0.450065 -0.428177 -0.46055 -0.411626 -0.481634 -0.380448 -0.523561 -0.318194 -0.630887 
12.3 -13.9197 0.721204 2 4 8 16 18 22 25 26 31 33 37 40 44 46 48 49 48 45 44 40 37 34 31 26 25 22 18 16 8 4 2 -0.631551 -0.31757 -0.524481 -0.379645 -0.482449 -0.410899 -0.461106 -0.427706 -0.45041 -0.436255 -0.44562 -0.440498 -0.444017 -0.44238 -0.443791 -0.442945 -0.443791 -0.44238 -0.444017 -0.440498 -0.445618 -0.436257 -0.45041 -0.427704 -0.461109 -0.410893 -0.482457 -0.379638 -0.524479 -0.317576 -0.631548 
12.4 -13.9206 0.724619 2 4 8 16 18 22 26 26 31 34 37 41 45 46 49 49 49 45 45 41 37 35 31 26 26 22 18 16 8 4 2 -0.632187 -0.316972 -0.525377 -0.378849 -0.483269 -0.410166 -0.461666 -0.427227 -0.450762 -0.435977 -0.445808 -0.44037 -0.444095 -0.442322 -0.443816 -0.442903 -0.443816 -0.442322 -0.444096 -0.44037 -0.445807 -0.435979 -0.450762 -0.427225 -0.461669 -0.410162 -0.483275 -0.378846 -0.525372 -0.31698 -0.632183 
12.5 -13.9215 0.727973 2 4 8 16 18 22 27 27 32 34 37 41 45 46 49 50 49 46 45 41 37 35 32 27 27 22 19 16 8 4 2 -0.632796 -0.316395 -0.526249 -0.378071 -0.484083 -0.409436 -0.462228 -0.426741 -0.451121 -0.435693 -0.446003 -0.440235 -0.444177 -0.44226 -0.443841 -0.442854 -0.443842 -0.442259 -0.444178 -0.440235 -0.446001 -0.435695 -0.451121 -0.426739 -0.462231 -0.409433 -0.484087 -0.378071 -0.52624 -0.316405 -0.632792 
12.6 -13.9223 0.731269 2 4 8 16 19 22 27 27 32 35 38 41 45 47 49 50 49 47 45 41 38 35 32 27 27 22 19 16 8 4 2 -0.63338 -0.315839 -0.527095 -0.37731 -0.484891 -0.408709 -0.462791 -0.426248 -0.451484 -0.435404 -0.446203 -0.440094 -0.444263 -0.442191 -0.443866 -0.442799 -0.443867 -0.44219 -0.444263 -0.440094 -0.446201 -0.435406 -0.451484 -0.426246 -0.462794 -0.408707 -0.484892 -0.377314 -0.527083 -0.315851 -0.633376 
12.7 -13.9231 0.734509 2 4 8 16 19 22 27 27 32 36 39 41 45 47 50 51 50 47 45 41 39 36 32 27 27 23 19 16 8 4 2 -0.63394 -0.315304 -0.527916 -0.376567 -0.485692 -0.407986 -0.463356 -0.425749 -0.451853 -0.435109 -0.446408 -0.439946 -0.444353 -0.442116 -0.443892 -0.442737 -0.443893 -0.442115 -0.444353 -0.439946 -0.446406 -0.435112 -0.451853 -0.425746 -0.463359 -0.407985 -0.48569 -0.376574 -0.527903 -0.315316 -0.633936 
12.8 -13.9238 0.737698 2 4 8 16 19 23 27 27 32 36 39 42 45 48 50 51 50 47 46 41 39 36 32 27 27 23 19 16 8 4 2 -0.634476 -0.314788 -0.528713 -0.375841 -0.486485 -0.407268 -0.463924 -0.425243 -0.452228 -0.434809 -0.446619 -0.439791 -0.444447 -0.442034 -0.443919 -0.442668 -0.443921 -0.442033 -0.444448 -0.43979 -0.446617 -0.434812 -0.452228 -0.42524 -0.463927 -0.407268 -0.486481 -0.37585 -0.528698 -0.3148 -0.634472 
12.9 -13.9245 0.740838 2 4 8 16 19 23 28 28 33 37 40 42 46 49 50 52 50 48 46 41 40 37 33 28 27 23 19 16 8 4 2 -0.63499 -0.314291 -0.529486 -0.375132 -0.487271 -0.406557 -0.464494 -0.424731 -0.452606 -0.434505 -0.446835 -0.439627 -0.444545 -0.441946 -0.443948 -0.442593 -0.443949 -0.441945 -0.444546 -0.439627 -0.446834 -0.434507 -0.452607 -0.424728 -0.464497 -0.406557 -0.487265 -0.375143 -0.529471 -0.314302 -0.634987 
13 -13.9252 0.743933 2 4 8 16 19 23 28 29 33 37 40 42 46 49 51 52 51 48 46 42 40 37 33 29 28 23 19 16 8 4 2 -0.635482 -0.313813 -0.530235 -0.374441 -0.488048 -0.405852 -0.465066 -0.424213 -0.45299 -0.434195 -0.447058 -0.439456 -0.444649 -0.441851 -0.443978 -0.442511 -0.443979 -0.441849 -0.44465 -0.439456 -0.447057 -0.434197 -0.452991 -0.424209 -0.46507 -0.405852 -0.488041 -0.374453 -0.530221 -0.313823 -0.63548 
13.1 -13.9258 0.746987 2 4 8 16 19 23 28 29 33 38 40 42 46 50 51 53 51 48 46 43 40 38 33 29 28 23 20 16 8 4 2 -0.635954 -0.313352 -0.530962 -0.373766 -0.488816 -0.405154 -0.465642 -0.42369 -0.453378 -0.43388 -0.447286 -0.439277 -0.444757 -0.441748 -0.44401 -0.442423 -0.444012 -0.441747 -0.444758 -0.439277 -0.447285 -0.433881 -0.453379 -0.423685 -0.465646 -0.405154 -0.488808 -0.373778 -0.530949 -0.313361 -0.635952 
13.2 -13.9263 0.750003 2 4 8 16 19 23 28 29 34 38 41 43 46 50 51 53 51 49 47 43 41 38 34 29 28 23 20 16 8 4 2 -0.636406 -0.312909 -0.531667 -0.373107 -0.489575 -0.404465 -0.46622 -0.423161 -0.453769 -0.433559 -0.44752 -0.439089 -0.44487 -0.441637 -0.444045 -0.442328 -0.444046 -0.441636 -0.444871 -0.439089 -0.44752 -0.43356 -0.453771 -0.423156 -0.466226 -0.404465 -0.489567 -0.373119 -0.531656 -0.312915 -0.636405 
13.3 -13.9269 0.752985 2 4 8 16 20 23 28 29 34 38 41 43 46 50 52 53 52 49 47 44 41 38 34 29 28 23 20 16 8 4 2 -0.63684 -0.312481 -0.532351 -0.372464 -0.490324 -0.403786 -0.466802 -0.422628 -0.454165 -0.433233 -0.447761 -0.438893 -0.444988 -0.441519 -0.444082 -0.442227 -0.444084 -0.441518 -0.444989 -0.438893 -0.447761 -0.433233 -0.454167 -0.422623 -0.466808 -0.403785 -0.490315 -0.372476 -0.532342 -0.312485 -0.63684 
13.4 -13.9274 0.755938 2 4 8 16 20 23 29 30 34 38 42 44 47 51 52 53 52 49 47 44 42 38 34 30 29 23 20 16 8 4 2 -0.637255 -0.31207 -0.533015 -0.371837 -0.491062 -0.403116 -0.467386 -0.422091 -0.454565 -0.4329 -0.448007 -0.438688 -0.445112 -0.441393 -0.444122 -0.442119 -0.444124 -0.441392 -0.445112 -0.438688 -0.448008 -0.4329 -0.454567 -0.422085 -0.467393 -0.403115 -0.491053 -0.371848 -0.533007 -0.312071 -0.637256 
13.5 -13.9278 0.758865 2 4 8 16 20 23 29 31 34 38 42 44 47 51 52 53 52 50 47 45 42 38 34 31 29 23 20 16 8 4 2 -0.637653 -0.311673 -0.533658 -0.371225 -0.491788 -0.402457 -0.467974 -0.42155 -0.454968 -0.432562 -0.44826 -0.438474 -0.44524 -0.441258 -0.444166 -0.442005 -0.444167 -0.441257 -0.44524 -0.438474 -0.448261 -0.43256 -0.454971 -0.421544 -0.46798 -0.402455 -0.49178 -0.371236 -0.533654 -0.311672 -0.637655 
13.6 -13.9283 0.76177 2 4 8 16 20 23 29 31 35 38 42 45 47 51 53 54 53 50 47 45 42 38 35 31 29 23 20 16 8 4 2 -0.638035 -0.311291 -0.534283 -0.370629 -0.492503 -0.401809 -0.468563 -0.421007 -0.455375 -0.432216 -0.448519 -0.438252 -0.445374 -0.441115 -0.444213 -0.441885 -0.444214 -0.441114 -0.445374 -0.438251 -0.448521 -0.432214 -0.455379 -0.421001 -0.46857 -0.401807 -0.492495 -0.370638 -0.534281 -0.311287 -0.638038 
13.7 -13.9287 0.764658 2 4 8 16 20 23 29 31 35 38 42 45 47 51 53 54 53 50 47 45 42 38 35 31 29 23 20 16 8 4 2 -0.638401 -0.310922 -0.534889 -0.370048 -0.493205 -0.401173 -0.469155 -0.420462 -0.455786 -0.431863 -0.448785 -0.43802 -0.445512 -0.440963 -0.444264 -0.441758 -0.444265 -0.440963 -0.445512 -0.43802 -0.448787 -0.431861 -0.455789 -0.420457 -0.469161 -0.401172 -0.493198 -0.370056 -0.534889 -0.310916 -0.638404 
13.8 -13.929 0.767532 2 4 8 16 20 23 29 31 36 38 42 45 47 51 54 54 54 50 47 45 42 38 36 31 29 23 20 16 8 4 2 -0.638752 -0.310566 -0.535477 -0.369482 -0.493893 -0.400551 -0.469749 -0.419916 -0.4562 -0.431503 -0.449057 -0.43778 -0.445656 -0.440803 -0.444319 -0.441626 -0.444319 -0.440803 -0.445655 -0.43778 -0.449059 -0.4315 -0.456204 -0.419912 -0.469754 -0.400549 -0.493887 -0.369489 -0.535479 -0.310558 -0.638756 
13.9 -13.9294 0.770395 2 4 8 16 20 23 29 31 36 39 42 45 47 51 54 55 54 50 47 45 42 39 36 31 29 23 20 16 8 4 2 -0.639088 -0.310223 -0.536048 -0.368932 -0.494568 -0.399941 -0.470343 -0.419371 -0.456619 -0.431136 -0.449335 -0.437531 -0.445804 -0.440634 -0.444379 -0.441486 -0.444379 -0.440635 -0.445803 -0.437531 -0.449338 -0.431132 -0.456622 -0.419367 -0.470347 -0.39994 -0.494562 -0.368938 -0.536051 -0.310213 -0.639093 
14 -13.9297 0.773253 2 4 8 16 20 23 29 31 36 39 43 45 48 51 55 56 55 52 48 45 43 39 36 31 30 23 20 16 8 4 2 -0.639411 -0.309892 -0.536601 -0.368396 -0.495228 -0.399345 -0.470938 -0.418826 -0.457041 -0.43076 -0.449619 -0.437274 -0.445957 -0.440457 -0.444443 -0.441341 -0.444443 -0.440458 -0.445956 -0.437274 -0.449622 -0.430755 -0.457045 -0.418823 -0.470941 -0.399345 -0.495222 -0.368402 -0.536606 -0.309881 -0.639416 
14.1 -13.93 0.776107 2 4 8 16 20 23 30 31 36 40 43 46 48 53 55 56 55 52 48 45 44 39 36 31 30 23 20 16 8 4 2 -0.639721 -0.309572 -0.537139 -0.367876 -0.495874 -0.398763 -0.471533 -0.418283 -0.457467 -0.430376 -0.449908 -0.437008 -0.446115 -0.44027 -0.444513 -0.441188 -0.444512 -0.440272 -0.446114 -0.437008 -0.449912 -0.430371 -0.457471 -0.418281 -0.471535 -0.398764 -0.495868 -0.367881 -0.537144 -0.309561 -0.639726 
14.2 -13.9303 0.778963 2 4 8 16 20 23 31 31 36 40 44 46 48 53 55 57 55 53 49 45 44 40 36 31 30 23 20 16 8 4 2 -0.640018 -0.309264 -0.53766 -0.367371 -0.496505 -0.398194 -0.472127 -0.417743 -0.457897 -0.429983 -0.450203 -0.436734 -0.446278 -0.440076 -0.444587 -0.441029 -0.444586 -0.440077 -0.446276 -0.436734 -0.450207 -0.429978 -0.457901 -0.417742 -0.472127 -0.398197 -0.496499 -0.367375 -0.537666 -0.309253 -0.640023 
14.3 -13.9306 0.781822 2 4 8 16 20 23 31 31 36 40 44 46 49 54 56 57 56 53 49 46 44 40 36 31 31 23 20 16 8 4 2 -0.640303 -0.308967 -0.538166 -0.36688 -0.497121 -0.39764 -0.472721 -0.417206 -0.458332 -0.429582 -0.450504 -0.436452 -0.446445 -0.439872 -0.444668 -0.440863 -0.444666 -0.439874 -0.446444 -0.436453 -0.450507 -0.429577 -0.458335 -0.417206 -0.472718 -0.397644 -0.497115 -0.366884 -0.538172 -0.308956 -0.640308 
14.4 -13.9308 0.784688 2 4 8 16 20 23 31 32 37 40 44 47 49 54 56 57 56 53 50 47 44 40 37 32 31 24 20 16 8 4 2 -0.640576 -0.30868 -0.538656 -0.366404 -0.497722 -0.397099 -0.473312 -0.416673 -0.458771 -0.429173 -0.450809 -0.436162 -0.446617 -0.43966 -0.444754 -0.44069 -0.444752 -0.439662 -0.446616 -0.436163 -0.450812 -0.429168 -0.458774 -0.416674 -0.473308 -0.397105 -0.497716 -0.366408 -0.538661 -0.30867 -0.640581 
14.5 -13.9311 0.787564 2 4 8 16 20 24 32 32 37 40 44 47 50 54 57 57 56 53 51 47 45 40 37 32 31 24 20 16 8 4 2 -0.640838 -0.308404 -0.539132 -0.365943 -0.498309 -0.396573 -0.473901 -0.416144 -0.459214 -0.428756 -0.451118 -0.435865 -0.446794 -0.439439 -0.444847 -0.440509 -0.444844 -0.439441 -0.446792 -0.435865 -0.451122 -0.42875 -0.459217 -0.416146 -0.473895 -0.396579 -0.498303 -0.365946 -0.539136 -0.308395 -0.640843 
14.6 -13.9313 0.790452 2 4 8 16 20 24 32 32 38 40 45 47 51 54 57 57 56 53 51 47 45 40 37 32 32 24 20 16 8 4 2 -0.641089 -0.308138 -0.539593 -0.365496 -0.498882 -0.396059 -0.474488 -0.415621 -0.459662 -0.428331 -0.451432 -0.435559 -0.446975 -0.43921 -0.444946 -0.44032 -0.444943 -0.439212 -0.446974 -0.435559 -0.451436 -0.428325 -0.459665 -0.415623 -0.47448 -0.396067 -0.498876 -0.365499 -0.539596 -0.308131 -0.641093 
14.7 -13.9315 0.793355 2 4 8 16 20 24 32 32 38 40 45 47 51 54 57 58 57 54 51 47 45 40 38 32 32 25 20 16 8 4 2 -0.641331 -0.307882 -0.540039 -0.365062 -0.499441 -0.395558 -0.475071 -0.415102 -0.460115 -0.427897 -0.451749 -0.435245 -0.447162 -0.438972 -0.445052 -0.440123 -0.445049 -0.438974 -0.447161 -0.435245 -0.451753 -0.427892 -0.460118 -0.415106 -0.475062 -0.395567 -0.499436 -0.365065 -0.540041 -0.307877 -0.641334 
14.8 -13.9317 0.796276 2 4 8 16 21 25 32 32 38 41 46 47 51 56 58 59 58 55 51 48 46 41 38 32 32 25 20 16 8 4 2 -0.641562 -0.307636 -0.540472 -0.364642 -0.499988 -0.395069 -0.475651 -0.41459 -0.460573 -0.427457 -0.452071 -0.434924 -0.447353 -0.438726 -0.445165 -0.439917 -0.445163 -0.438727 -0.447353 -0.434923 -0.452075 -0.427452 -0.460576 -0.414594 -0.475641 -0.395078 -0.499982 -0.364645 -0.540473 -0.307632 -0.641564 
14.9 -13.9318 0.799216 2 4 8 16 21 25 32 33 38 41 46 48 51 56 58 59 58 56 52 48 46 41 38 33 32 25 20 16 8 4 2 -0.641783 -0.3074 -0.540891 -0.364236 -0.500521 -0.394591 -0.476227 -0.414083 -0.461036 -0.427009 -0.452396 -0.434594 -0.44755 -0.438471 -0.445285 -0.439702 -0.445284 -0.438472 -0.44755 -0.434593 -0.452399 -0.427004 -0.461038 -0.414087 -0.476216 -0.394601 -0.500517 -0.364237 -0.540891 -0.307398 -0.641784 
15 -13.932 0.802179 2 4 8 16 21 25 32 33 38 41 46 48 52 56 58 61 59 56 53 48 46 41 38 33 32 25 20 16 8 4 2 -0.641995 -0.307173 -0.541296 -0.363842 -0.501043 -0.394124 -0.476798 -0.413582 -0.461504 -0.426555 -0.452724 -0.434256 -0.447752 -0.438208 -0.445414 -0.439477 -0.445412 -0.438208 -0.447753 -0.434254 -0.452727 -0.426551 -0.461506 -0.413587 -0.476787 -0.394134 -0.50104 -0.363842 -0.541296 -0.307172 -0.641996 
15.1 -13.9322 0.805164 2 4 8 16 21 25 32 33 38 41 46 48 53 57 59 61 59 56 53 48 46 41 38 33 32 25 21 16 8 4 2 -0.642198 -0.306955 -0.541688 -0.363461 -0.501554 -0.393668 -0.477365 -0.413088 -0.461976 -0.426095 -0.453056 -0.433909 -0.44796 -0.437936 -0.44555 -0.439243 -0.445549 -0.437936 -0.447962 -0.433907 -0.453059 -0.426091 -0.461978 -0.413092 -0.477355 -0.393677 -0.501552 -0.36346 -0.541687 -0.306956 -0.642198 
15.2 -13.9323 0.808176 2 4 8 16 21 25 33 33 38 42 46 49 53 57 60 61 59 57 54 50 46 42 38 33 33 25 21 16 8 4 2 -0.642393 -0.306746 -0.542067 -0.363092 -0.502054 -0.393221 -0.477928 -0.412599 -0.462454 -0.425629 -0.453391 -0.433553 -0.448174 -0.437656 -0.445695 -0.438998 -0.445694 -0.437655 -0.448176 -0.433551 -0.453394 -0.425626 -0.462455 -0.412604 -0.477918 -0.393229 -0.502054 -0.363089 -0.542067 -0.306749 -0.642392 
15.3 -13.9324 0.811214 2 4 8 16 21 25 33 33 38 42 47 50 54 58 60 61 60 58 54 50 47 42 38 33 33 25 21 16 8 4 2 -0.642579 -0.306546 -0.542434 -0.362734 -0.502545 -0.392783 -0.478485 -0.412117 -0.462936 -0.425158 -0.453731 -0.433188 -0.448394 -0.437367 -0.445848 -0.438743 -0.445848 -0.437366 -0.448398 -0.433185 -0.453733 -0.425156 -0.462936 -0.412121 -0.478476 -0.39279 -0.502547 -0.362729 -0.542434 -0.306551 -0.642577 
15.4 -13.9326 0.814281 2 4 8 16 21 25 33 34 38 42 47 51 54 58 60 61 60 58 55 51 47 42 38 34 33 25 21 16 8 4 2 -0.642758 -0.306355 -0.542789 -0.362388 -0.503026 -0.392354 -0.479037 -0.411641 -0.463422 -0.424683 -0.454074 -0.432814 -0.448621 -0.43707 -0.446009 -0.438477 -0.44601 -0.437068 -0.448625 -0.432811 -0.454076 -0.424682 -0.463422 -0.411644 -0.479029 -0.392359 -0.50303 -0.362381 -0.542789 -0.306361 -0.642755 
15.5 -13.9327 0.817379 2 4 8 16 21 25 33 34 39 42 47 51 55 59 60 62 60 59 55 51 48 42 38 34 33 25 21 16 8 4 2 -0.642929 -0.306172 -0.543132 -0.362054 -0.503498 -0.391932 -0.479583 -0.41117 -0.463913 -0.424203 -0.454421 -0.43243 -0.448856 -0.436764 -0.446179 -0.438201 -0.446181 -0.436761 -0.44886 -0.432426 -0.454423 -0.424203 -0.463912 -0.411173 -0.479578 -0.391935 -0.503504 -0.362044 -0.543133 -0.306179 -0.642925 
15.6 -13.9328 0.820507 2 4 8 16 21 25 33 34 39 43 48 51 55 59 60 62 60 59 55 51 48 42 39 34 33 25 21 16 8 4 2 -0.643092 -0.305998 -0.543464 -0.361729 -0.503962 -0.391518 -0.480124 -0.410705 -0.464407 -0.42372 -0.454774 -0.432036 -0.449097 -0.436449 -0.446358 -0.437914 -0.44636 -0.436446 -0.449102 -0.432032 -0.454774 -0.423721 -0.464406 -0.410707 -0.48012 -0.391519 -0.50397 -0.361718 -0.543465 -0.306005 -0.643089 
15.7 -13.9329 0.823668 2 4 8 16 21 25 33 34 39 43 48 52 55 59 60 64 60 59 56 51 48 43 39 34 33 25 21 16 8 4 2 -0.643249 -0.305831 -0.543785 -0.361416 -0.504417 -0.391111 -0.480659 -0.410244 -0.464905 -0.423233 -0.455131 -0.431631 -0.449346 -0.436126 -0.446546 -0.437617 -0.446548 -0.436122 -0.44935 -0.431628 -0.45513 -0.423236 -0.464903 -0.410246 -0.480658 -0.39111 -0.504427 -0.361403 -0.543787 -0.305838 -0.643245 
15.8 -13.933 0.826863 2 4 8 16 21 25 33 34 40 43 48 52 56 60 61 64 61 60 56 52 48 43 39 34 33 25 21 16 8 4 2 -0.643399 -0.305672 -0.544095 -0.361112 -0.504865 -0.390711 -0.481188 -0.409789 -0.465407 -0.422744 -0.455493 -0.431217 -0.449602 -0.435794 -0.446742 -0.437309 -0.446745 -0.43579 -0.449607 -0.431214 -0.455492 -0.422748 -0.465404 -0.409789 -0.481189 -0.390708 -0.504876 -0.361098 -0.544098 -0.305679 -0.643395 
15.9 -13.9331 0.830091 2 4 8 16 21 25 33 34 40 43 48 52 56 60 61 64 61 60 56 52 48 43 40 34 33 25 21 16 8 4 2 -0.643544 -0.305519 -0.544396 -0.360818 -0.505305 -0.390317 -0.481712 -0.409337 -0.465911 -0.422253 -0.455861 -0.430793 -0.449866 -0.435453 -0.446947 -0.436992 -0.44695 -0.43545 -0.44987 -0.43079 -0.45586 -0.422258 -0.465908 -0.409337 -0.481714 -0.390312 -0.505317 -0.360803 -0.544399 -0.305526 -0.643539 
16 -13.9331 0.833354 2 4 8 16 21 25 33 34 40 43 49 53 56 60 62 64 62 60 56 53 48 43 40 34 33 25 21 16 8 4 2 -0.643682 -0.305374 -0.544687 -0.360534 -0.505738 -0.389929 -0.48223 -0.40889 -0.466418 -0.42176 -0.456235 -0.430359 -0.450137 -0.435104 -0.44716 -0.436664 -0.447163 -0.4351 -0.450141 -0.430356 -0.456233 -0.421766 -0.466414 -0.408889 -0.482234 -0.389922 -0.50575 -0.360519 -0.544691 -0.30538 -0.643678 
16.1 -13.9332 0.836651 2 4 8 16 21 25 33 34 40 43 49 53 56 60 62 64 62 61 56 53 49 43 40 34 33 25 21 16 8 4 2 -0.643815 -0.305234 -0.544969 -0.360258 -0.506164 -0.389546 -0.482743 -0.408445 -0.466928 -0.421266 -0.456615 -0.429915 -0.450416 -0.434746 -0.447381 -0.436328 -0.447383 -0.434743 -0.450419 -0.429913 -0.456613 -0.421272 -0.466923 -0.408445 -0.482748 -0.389539 -0.506176 -0.360245 -0.544973 -0.305241 -0.643811 
16.2 -13.9333 0.839983 2 4 8 16 21 25 33 34 40 43 49 53 57 60 62 65 62 61 57 53 49 43 40 34 33 25 21 16 8 4 2 -0.643943 -0.305101 -0.545243 -0.359992 -0.506582 -0.389169 -0.48325 -0.408003 -0.467439 -0.420771 -0.457002 -0.429463 -0.450702 -0.434379 -0.44761 -0.435982 -0.447612 -0.434377 -0.450705 -0.429461 -0.456999 -0.420777 -0.467434 -0.408003 -0.483256 -0.389161 -0.506593 -0.35998 -0.545246 -0.305106 -0.643939 
16.3 -13.9333 0.843348 2 4 8 16 21 25 33 34 40 43 49 53 58 61 63 65 62 61 58 53 49 43 40 34 34 25 21 16 8 4 2 -0.644066 -0.304973 -0.545509 -0.359734 -0.506994 -0.388796 -0.483752 -0.407563 -0.467952 -0.420275 -0.457396 -0.429001 -0.450996 -0.434004 -0.447846 -0.435628 -0.447848 -0.434003 -0.450997 -0.429001 -0.457392 -0.420281 -0.467946 -0.407563 -0.483758 -0.388788 -0.507004 -0.359724 -0.545512 -0.304978 -0.644063 
16.4 -13.9334 0.846747 2 4 8 16 21 25 33 34 41 43 49 53 58 61 63 66 62 61 58 53 49 43 40 34 34 25 21 16 8 4 2 -0.644185 -0.30485 -0.545768 -0.359483 -0.5074 -0.388428 -0.484249 -0.407124 -0.468466 -0.419778 -0.457796 -0.428532 -0.451296 -0.433621 -0.448089 -0.435267 -0.448091 -0.433621 -0.451297 -0.428532 -0.457793 -0.419785 -0.46846 -0.407124 -0.484256 -0.38842 -0.507407 -0.359476 -0.54577 -0.304854 -0.644182 
16.5 -13.9335 0.850177 2 4 8 16 22 25 33 34 41 43 49 53 58 61 64 66 63 61 58 53 49 43 40 34 34 25 21 16 8 4 2 -0.6443 -0.304731 -0.546021 -0.35924 -0.507799 -0.388063 -0.484742 -0.406686 -0.468981 -0.419282 -0.458203 -0.428056 -0.451603 -0.433231 -0.448339 -0.434898 -0.44834 -0.433231 -0.451602 -0.428057 -0.4582 -0.419288 -0.468976 -0.406687 -0.484749 -0.388056 -0.507804 -0.359236 -0.546022 -0.304734 -0.644298 
16.6 -13.9335 0.853637 2 4 8 16 22 25 33 34 41 43 49 53 58 62 64 67 63 61 58 53 49 43 40 34 34 25 21 16 8 4 2 -0.644412 -0.304615 -0.546268 -0.359003 -0.508193 -0.387702 -0.485232 -0.406248 -0.469497 -0.418785 -0.458617 -0.427574 -0.451916 -0.432832 -0.448595 -0.434523 -0.448596 -0.432833 -0.451915 -0.427575 -0.458614 -0.41879 -0.469492 -0.406249 -0.485238 -0.387696 -0.508195 -0.359003 -0.546268 -0.304618 -0.64441 
16.7 -13.9336 0.857124 2 4 8 16 22 25 33 34 41 43 49 53 58 62 64 67 64 61 58 53 49 43 40 34 34 25 21 16 8 4 2 -0.644522 -0.304503 -0.54651 -0.358772 -0.508582 -0.387344 -0.485717 -0.40581 -0.470014 -0.418289 -0.459037 -0.427087 -0.452234 -0.432426 -0.448858 -0.434142 -0.448858 -0.432428 -0.452233 -0.427088 -0.459035 -0.418293 -0.470009 -0.405811 -0.485722 -0.38734 -0.50858 -0.358776 -0.546508 -0.304506 -0.64452 
16.8 -13.9336 0.860637 2 4 8 16 22 25 33 34 41 43 49 53 58 62 65 67 64 61 58 53 49 43 40 34 34 25 21 16 8 4 2 -0.644628 -0.304394 -0.546748 -0.358547 -0.508966 -0.386989 -0.4862 -0.40537 -0.470531 -0.417793 -0.459464 -0.426595 -0.452558 -0.432013 -0.449126 -0.433755 -0.449126 -0.432015 -0.452556 -0.426596 -0.459462 -0.417796 -0.470527 -0.405371 -0.486204 -0.386985 -0.508961 -0.358554 -0.546745 -0.304396 -0.644627 
16.9 -13.9336 0.864173 2 4 8 16 22 25 33 34 41 43 49 54 58 63 65 67 66 62 59 54 49 43 40 34 34 25 21 16 8 4 2 -0.644733 -0.304287 -0.546983 -0.358325 -0.509345 -0.386635 -0.48668 -0.404928 -0.471048 -0.417298 -0.459897 -0.4261 -0.452887 -0.431594 -0.449399 -0.433363 -0.449398 -0.431596 -0.452885 -0.426101 -0.459896 -0.417299 -0.471045 -0.40493 -0.486683 -0.386633 -0.509338 -0.358336 -0.546978 -0.304288 -0.644732 
17 -13.9337 0.867727 2 4 8 16 22 25 33 34 41 43 49 54 59 63 67 68 66 62 59 54 49 43 40 34 34 25 21 16 8 4 2 -0.644835 -0.304182 -0.547215 -0.358107 -0.509721 -0.386282 -0.487157 -0.404484 -0.471564 -0.416803 -0.460336 -0.425603 -0.453221 -0.431167 -0.449676 -0.432967 -0.449676 -0.43117 -0.453218 -0.425604 -0.460335 -0.416803 -0.471562 -0.404486 -0.48716 -0.386281 -0.509712 -0.358121 -0.547209 -0.304182 -0.644836 
17.1 -13.9337 0.871296 2 4 8 16 22 25 33 34 41 43 49 54 59 63 67 68 67 62 59 54 49 43 40 34 34 25 21 16 8 4 2 -0.644937 -0.304078 -0.547445 -0.357891 -0.510095 -0.385929 -0.487633 -0.404038 -0.472081 -0.416309 -0.460781 -0.425104 -0.453558 -0.430736 -0.449959 -0.432566 -0.449958 -0.430737 -0.453556 -0.425106 -0.460781 -0.416308 -0.47208 -0.404039 -0.487635 -0.38593 -0.510083 -0.357907 -0.547438 -0.304077 -0.644938 
17.2 -13.9337 0.874876 2 4 8 16 22 25 33 34 42 43 49 54 59 63 67 69 67 63 59 54 49 43 41 34 34 25 21 16 8 4 2 -0.645038 -0.303974 -0.547673 -0.357677 -0.510465 -0.385577 -0.488108 -0.403588 -0.472596 -0.415815 -0.46123 -0.424606 -0.453899 -0.430298 -0.450245 -0.432162 -0.450245 -0.430299 -0.453897 -0.424606 -0.461231 -0.415813 -0.472597 -0.40359 -0.488108 -0.385578 -0.510452 -0.357695 -0.547666 -0.303973 -0.645039 
17.3 -13.9338 0.878462 2 4 8 16 22 25 33 34 42 43 49 54 59 63 67 70 67 63 59 54 49 43 41 34 34 25 21 16 8 4 2 -0.645138 -0.303871 -0.547902 -0.357464 -0.510834 -0.385223 -0.488581 -0.403135 -0.473111 -0.415323 -0.461685 -0.424108 -0.454244 -0.429856 -0.450535 -0.431755 -0.450535 -0.429856 -0.454243 -0.424108 -0.461686 -0.41532 -0.473112 -0.403137 -0.488581 -0.385225 -0.510821 -0.357482 -0.547895 -0.303869 -0.64514 
17.4 -13.9338 0.882048 2 4 8 16 22 25 33 34 42 44 49 54 59 63 67 70 67 63 59 54 49 43 41 34 34 25 21 16 8 4 2 -0.645238 -0.303768 -0.54813 -0.35725 -0.511202 -0.384869 -0.489054 -0.402679 -0.473625 -0.414831 -0.462143 -0.423611 -0.454592 -0.429409 -0.450828 -0.431344 -0.450829 -0.429408 -0.454592 -0.423611 -0.462145 -0.414827 -0.473627 -0.40268 -0.489053 -0.384871 -0.511189 -0.357267 -0.548123 -0.303765 -0.64524 
17.5 -13.9338 0.88563 2 4 8 16 22 25 33 34 42 44 49 54 59 63 67 70 67 63 59 54 49 44 41 34 34 25 21 16 8 4 2 -0.645338 -0.303664 -0.548359 -0.357034 -0.51157 -0.384512 -0.489526 -0.402219 -0.474137 -0.414341 -0.462605 -0.423116 -0.454943 -0.428958 -0.451124 -0.430931 -0.451125 -0.428957 -0.454944 -0.423115 -0.462608 -0.414336 -0.47414 -0.40222 -0.489524 -0.384515 -0.511558 -0.357051 -0.548353 -0.30366 -0.645341 
17.6 -13.9339 0.889201 2 4 8 16 22 25 33 34 42 44 49 54 60 63 67 71 67 64 59 54 49 44 41 34 34 25 21 16 8 4 2 -0.645439 -0.303559 -0.54859 -0.356816 -0.511938 -0.384154 -0.489998 -0.401756 -0.474647 -0.413852 -0.463071 -0.422624 -0.455297 -0.428504 -0.451423 -0.430515 -0.451425 -0.428501 -0.455299 -0.422623 -0.463074 -0.413846 -0.474651 -0.401757 -0.489996 -0.384156 -0.511927 -0.356831 -0.548585 -0.303554 -0.645442 
17.7 -13.9339 0.892754 2 4 8 16 22 25 33 34 42 44 49 54 60 63 67 71 67 64 60 54 49 44 41 34 34 25 21 16 8 4 2 -0.645541 -0.303452 -0.548823 -0.356595 -0.512306 -0.383792 -0.490469 -0.401289 -0.475156 -0.413364 -0.463539 -0.422135 -0.455654 -0.428047 -0.451724 -0.430097 -0.451726 -0.428044 -0.455657 -0.422133 -0.463542 -0.413358 -0.47516 -0.40129 -0.490467 -0.383794 -0.512298 -0.356607 -0.54882 -0.303447 -0.645544 
17.8 -13.9339 0.896284 2 4 8 16 22 25 33 34 42 44 49 55 61 64 67 71 67 64 60 54 50 44 41 34 34 25 21 16 8 4 2 -0.645644 -0.303344 -0.549059 -0.35637 -0.512676 -0.383428 -0.490941 -0.40082 -0.475662 -0.412877 -0.464009 -0.42165 -0.456014 -0.427589 -0.452027 -0.429676 -0.452029 -0.427584 -0.456018 -0.421647 -0.464012 -0.412871 -0.475667 -0.40082 -0.490938 -0.383429 -0.512671 -0.356379 -0.549057 -0.303338 -0.645647 
17.9 -13.9339 0.899783 2 4 8 16 22 25 33 34 42 44 50 55 61 64 67 72 67 64 60 54 50 44 41 34 34 25 21 16 8 4 2 -0.645749 -0.303234 -0.549297 -0.356139 -0.513048 -0.383059 -0.491412 -0.400348 -0.476166 -0.412391 -0.46448 -0.421169 -0.456376 -0.42713 -0.452331 -0.429254 -0.452334 -0.427124 -0.456381 -0.421166 -0.464483 -0.412386 -0.476171 -0.400348 -0.491409 -0.38306 -0.513046 -0.356144 -0.549297 -0.303228 -0.645752 
18 -13.9339 0.903244 2 4 8 16 22 25 33 34 42 44 50 55 61 64 67 72 67 64 60 54 50 44 41 34 34 25 21 16 8 4 2 -0.645855 -0.303121 -0.54954 -0.355903 -0.513423 -0.382686 -0.491883 -0.399873 -0.476668 -0.411907 -0.464953 -0.420692 -0.45674 -0.42667 -0.452637 -0.42883 -0.45264 -0.426664 -0.456745 -0.420689 -0.464955 -0.411903 -0.476672 -0.399873 -0.49188 -0.382686 -0.513424 -0.355904 -0.549542 -0.303115 -0.645858 
18.1 -13.9339 0.90666 2 4 8 16 22 25 33 34 42 44 50 55 61 64 67 72 67 64 60 54 50 44 41 34 34 25 21 16 8 4 2 -0.645964 -0.303005 -0.549787 -0.355659 -0.513801 -0.382309 -0.492354 -0.399396 -0.477167 -0.411424 -0.465425 -0.42022 -0.457106 -0.426211 -0.452943 -0.428405 -0.452946 -0.426205 -0.457112 -0.420217 -0.465426 -0.411422 -0.47717 -0.399396 -0.492351 -0.382308 -0.513805 -0.355657 -0.54979 -0.302999 -0.645967 
18.2 -13.934 0.910023 2 4 8 16 22 25 33 34 42 44 50 55 62 65 67 72 67 65 60 54 50 44 41 34 34 25 21 16 8 4 2 -0.646075 -0.302887 -0.550038 -0.355409 -0.514182 -0.381926 -0.492825 -0.398917 -0.477663 -0.410944 -0.465897 -0.419753 -0.457474 -0.425754 -0.453248 -0.42798 -0.453251 -0.425748 -0.45748 -0.419751 -0.465897 -0.410942 -0.477665 -0.398917 -0.492822 -0.381925 -0.514188 -0.355404 -0.550043 -0.302881 -0.646077 
18.3 -13.934 0.913326 2 4 8 16 22 25 33 34 42 44 50 55 62 65 67 72 67 65 60 55 50 44 41 34 34 25 21 16 8 4 2 -0.646188 -0.302764 -0.550294 -0.355151 -0.514567 -0.381539 -0.493296 -0.398437 -0.478155 -0.410465 -0.466367 -0.419292 -0.457843 -0.4253 -0.453554 -0.427554 -0.453556 -0.425294 -0.457849 -0.41929 -0.466367 -0.410465 -0.478157 -0.398436 -0.493293 -0.381537 -0.514576 -0.355142 -0.5503 -0.302759 -0.64619 
18.4 -13.934 0.916563 2 4 8 16 22 25 33 34 42 44 50 55 62 65 67 73 67 65 60 55 50 44 41 34 34 25 21 16 8 4 2 -0.646304 -0.302638 -0.550555 -0.354884 -0.514956 -0.381145 -0.493767 -0.397955 -0.478645 -0.409988 -0.466835 -0.418837 -0.458213 -0.424851 -0.453858 -0.427128 -0.45386 -0.424845 -0.458218 -0.418835 -0.466834 -0.409989 -0.478646 -0.397955 -0.493764 -0.381144 -0.514967 -0.354873 -0.550562 -0.302634 -0.646306 
18.5 -13.934 0.919725 2 4 8 16 22 25 33 34 42 44 50 55 62 65 67 73 67 65 61 55 50 44 41 34 34 25 21 16 8 4 2 -0.646424 -0.302508 -0.550822 -0.354608 -0.515351 -0.380746 -0.494238 -0.397473 -0.479131 -0.409513 -0.4673 -0.418387 -0.458583 -0.424406 -0.454161 -0.426703 -0.454162 -0.424401 -0.458587 -0.418387 -0.467298 -0.409516 -0.479131 -0.397472 -0.494235 -0.380745 -0.515362 -0.354595 -0.550829 -0.302505 -0.646425 
18.6 -13.934 0.922805 2 4 8 16 22 25 33 34 42 44 50 55 62 65 67 73 67 65 61 55 50 44 41 34 34 25 21 16 8 4 2 -0.646546 -0.302374 -0.551095 -0.354322 -0.515749 -0.380339 -0.494709 -0.396989 -0.479614 -0.409041 -0.467761 -0.417945 -0.458953 -0.423967 -0.454461 -0.42628 -0.454462 -0.423964 -0.458955 -0.417945 -0.467759 -0.409045 -0.479612 -0.396989 -0.494706 -0.380339 -0.515761 -0.354309 -0.551102 -0.302372 -0.646547 
18.7 -13.934 0.925798 2 4 8 16 22 25 33 34 42 44 50 55 62 66 67 73 68 65 61 55 50 44 41 34 34 25 21 16 8 4 2 -0.646672 -0.302235 -0.551374 -0.354027 -0.516154 -0.379927 -0.495181 -0.396505 -0.480093 -0.408572 -0.468218 -0.41751 -0.459321 -0.423537 -0.454758 -0.425859 -0.454758 -0.423534 -0.459322 -0.417511 -0.468214 -0.408577 -0.480091 -0.396504 -0.495178 -0.379927 -0.516165 -0.354014 -0.55138 -0.302235 -0.646672 
18.8 -13.934 0.928695 2 4 8 16 22 25 33 34 42 44 50 55 62 66 67 73 68 65 61 55 50 44 41 34 34 25 21 16 8 4 2 -0.646802 -0.302091 -0.551659 -0.353723 -0.516563 -0.379507 -0.495653 -0.396021 -0.480568 -0.408106 -0.468668 -0.417083 -0.459687 -0.423115 -0.455051 -0.425443 -0.45505 -0.423114 -0.459687 -0.417084 -0.468665 -0.408112 -0.480565 -0.39602 -0.49565 -0.379508 -0.516573 -0.35371 -0.551664 -0.302092 -0.646801 
18.9 -13.934 0.931493 2 4 8 16 22 25 33 34 42 44 50 55 62 66 67 73 68 66 61 55 50 44 41 34 34 25 21 16 8 4 2 -0.646936 -0.301942 -0.551951 -0.353408 -0.516977 -0.37908 -0.496125 -0.395536 -0.48104 -0.407643 -0.469112 -0.416664 -0.460049 -0.422703 -0.455339 -0.425031 -0.455337 -0.422704 -0.460048 -0.416666 -0.469109 -0.40765 -0.481036 -0.395536 -0.496123 -0.379083 -0.516986 -0.353396 -0.551954 -0.301945 -0.646934 
19 -13.9341 0.934183 2 4 8 16 22 25 33 34 42 44 50 55 62 67 67 73 69 66 61 55 50 44 41 34 34 25 21 16 8 4 2 -0.647073 -0.301788 -0.552248 -0.353084 -0.517397 -0.378647 -0.496598 -0.395052 -0.481508 -0.407185 -0.469549 -0.416254 -0.460408 -0.422302 -0.455622 -0.424625 -0.455619 -0.422304 -0.460406 -0.416257 -0.469545 -0.407192 -0.481503 -0.395051 -0.496596 -0.37865 -0.517404 -0.353074 -0.552249 -0.301792 -0.647071 
19.1 -13.9341 0.936762 2 4 8 16 22 25 33 34 42 44 50 55 62 67 68 73 69 66 61 55 50 44 41 34 34 25 21 16 8 4 2 -0.647214 -0.301628 -0.552551 -0.35275 -0.517822 -0.378206 -0.497072 -0.394568 -0.481971 -0.406732 -0.469977 -0.415854 -0.460762 -0.421913 -0.455898 -0.424228 -0.455895 -0.421916 -0.460758 -0.415857 -0.469973 -0.406738 -0.481967 -0.394567 -0.49707 -0.37821 -0.517826 -0.352742 -0.552551 -0.301634 -0.647211 
19.2 -13.9341 0.939223 2 4 8 16 22 25 33 34 42 44 50 55 62 67 68 73 69 66 61 55 50 44 42 34 34 25 21 16 8 4 2 -0.647359 -0.301462 -0.552861 -0.352407 -0.518252 -0.377758 -0.497546 -0.394084 -0.48243 -0.406283 -0.470395 -0.415464 -0.461109 -0.421538 -0.456168 -0.423839 -0.456164 -0.421542 -0.461105 -0.415467 -0.470392 -0.406289 -0.482425 -0.394083 -0.497545 -0.377763 -0.518254 -0.352401 -0.552859 -0.301469 -0.647356 
19.3 -13.9341 0.941563 2 4 8 16 22 25 33 34 42 44 50 55 62 67 68 73 69 66 61 55 50 44 42 34 34 25 21 16 8 4 2 -0.647508 -0.301291 -0.553176 -0.352054 -0.518686 -0.377303 -0.498021 -0.393602 -0.482884 -0.405841 -0.470803 -0.415085 -0.46145 -0.421176 -0.456429 -0.423461 -0.456425 -0.421181 -0.461444 -0.415088 -0.470801 -0.405845 -0.48288 -0.393601 -0.49802 -0.377308 -0.518685 -0.352052 -0.553172 -0.301299 -0.647505 
19.4 -13.9341 0.943777 2 4 8 16 22 25 33 34 42 44 50 55 62 67 68 73 69 66 61 55 50 44 42 34 34 25 21 16 8 4 2 -0.647661 -0.301113 -0.553497 -0.351693 -0.519125 -0.376841 -0.498495 -0.393121 -0.483333 -0.405404 -0.4712 -0.414717 -0.461782 -0.420829 -0.456682 -0.423095 -0.456678 -0.420834 -0.461776 -0.41472 -0.471199 -0.405408 -0.483329 -0.393119 -0.498495 -0.376847 -0.519121 -0.351693 -0.553491 -0.301122 -0.647658 
19.5 -13.9341 0.945861 2 4 8 16 22 25 33 34 43 44 50 55 62 67 69 73 69 66 61 55 50 44 42 34 34 25 21 16 8 4 2 -0.647818 -0.30093 -0.553823 -0.351324 -0.519566 -0.376374 -0.49897 -0.392642 -0.483775 -0.404975 -0.471586 -0.414361 -0.462105 -0.420497 -0.456926 -0.422742 -0.456922 -0.420503 -0.4621 -0.414363 -0.471586 -0.404978 -0.483772 -0.39264 -0.498971 -0.37638 -0.519561 -0.351327 -0.553816 -0.300939 -0.647815 
19.6 -13.9341 0.947813 2 4 8 16 22 25 33 34 43 44 50 55 62 67 69 73 69 66 61 55 50 44 42 34 34 25 21 16 8 4 2 -0.647979 -0.300742 -0.554153 -0.350948 -0.520011 -0.375901 -0.499443 -0.392166 -0.484212 -0.404554 -0.471958 -0.414017 -0.462419 -0.420182 -0.45716 -0.422405 -0.457156 -0.420187 -0.462414 -0.414019 -0.47196 -0.404555 -0.484209 -0.392164 -0.499445 -0.375907 -0.520004 -0.350953 -0.554146 -0.30075 -0.647975 
19.7 -13.9341 0.949627 2 4 8 16 22 25 33 34 43 44 50 55 62 67 69 73 69 66 61 55 50 44 42 34 34 25 21 16 8 4 2 -0.648143 -0.300548 -0.554488 -0.350565 -0.520458 -0.375424 -0.499916 -0.391693 -0.484641 -0.404142 -0.472318 -0.413686 -0.462722 -0.419883 -0.457383 -0.422084 -0.457381 -0.419887 -0.462717 -0.413687 -0.472321 -0.404141 -0.484639 -0.391691 -0.499918 -0.375429 -0.520449 -0.350571 -0.55448 -0.300555 -0.64814 
19.8 -13.9341 0.951303 2 4 8 16 22 25 33 34 43 44 50 55 62 67 69 73 69 66 61 55 50 44 42 34 34 25 21 16 8 4 2 -0.64831 -0.300348 -0.554826 -0.350176 -0.520906 -0.374944 -0.500386 -0.391224 -0.485062 -0.403738 -0.472664 -0.413367 -0.463013 -0.4196 -0.457596 -0.421781 -0.457594 -0.419604 -0.463009 -0.413367 -0.472668 -0.403736 -0.485061 -0.391222 -0.500389 -0.374947 -0.520897 -0.350184 -0.554819 -0.300355 -0.648308 
19.9 -13.9341 0.952837 2 4 8 16 22 25 33 34 43 44 50 55 62 67 69 73 69 66 61 55 50 44 42 34 34 25 21 16 8 4 2 -0.648481 -0.300144 -0.555167 -0.349782 -0.521355 -0.37446 -0.500853 -0.39076 -0.485475 -0.403344 -0.472997 -0.413062 -0.463292 -0.419335 -0.457798 -0.421498 -0.457797 -0.419337 -0.46329 -0.413061 -0.473001 -0.40334 -0.485475 -0.390758 -0.500857 -0.374463 -0.521345 -0.349791 -0.555161 -0.300149 -0.648479 
20 -13.9341 0.954228 2 4 8 16 22 25 33 34 43 44 50 55 62 67 69 73 69 67 61 55 50 44 42 34 34 25 21 16 8 4 2 -0.648654 -0.299935 -0.555511 -0.349385 -0.521803 -0.373975 -0.501316 -0.390302 -0.485878 -0.402961 -0.473315 -0.41277 -0.463558 -0.419087 -0.457988 -0.421235 -0.457988 -0.419088 -0.463557 -0.412769 -0.473321 -0.402956 -0.485879 -0.3903 -0.501321 -0.373977 -0.521793 -0.349393 -0.555506 -0.299939 -0.648652 
20.1 -13.9341 0.955473 2 4 8 16 22 25 33 34 43 44 50 55 62 67 69 73 69 67 61 55 50 44 42 34 34 25 21 16 8 4 2 -0.648829 -0.299722 -0.555856 -0.348984 -0.522249 -0.37349 -0.501774 -0.389851 -0.486271 -0.402589 -0.47362 -0.412492 -0.463811 -0.418856 -0.458167 -0.420993 -0.458167 -0.418856 -0.463811 -0.41249 -0.473625 -0.402583 -0.486273 -0.389849 -0.50178 -0.37349 -0.522241 -0.348993 -0.555852 -0.299724 -0.648828 
20.2 -13.9341 0.956572 2 4 8 16 22 25 33 34 43 44 50 55 62 67 69 73 69 67 61 55 50 44 42 34 34 25 21 16 8 4 2 -0.649006 -0.299505 -0.556202 -0.348582 -0.522693 -0.373006 -0.502226 -0.389407 -0.486653 -0.402228 -0.47391 -0.412227 -0.46405 -0.418643 -0.458333 -0.420774 -0.458335 -0.418642 -0.464051 -0.412224 -0.473915 -0.402221 -0.486655 -0.389406 -0.502232 -0.373005 -0.522686 -0.348589 -0.5562 -0.299506 -0.649006 
20.3 -13.9341 0.957523 2 4 8 16 22 25 33 34 43 44 50 55 62 67 69 73 69 67 61 55 50 44 42 34 34 25 21 16 8 4 2 -0.649184 -0.299286 -0.556548 -0.348179 -0.523133 -0.372525 -0.502671 -0.388973 -0.487023 -0.40188 -0.474185 -0.411976 -0.464274 -0.418447 -0.458488 -0.420578 -0.45849 -0.418445 -0.464276 -0.411973 -0.474191 -0.401873 -0.487025 -0.388973 -0.502676 -0.372522 -0.523127 -0.348185 -0.556548 -0.299284 -0.649185 
20.4 -13.9341 0.958326 2 4 8 16 22 25 33 34 43 44 50 55 62 67 69 74 69 67 61 55 50 44 42 34 34 25 21 16 8 4 2 -0.649362 -0.299065 -0.556893 -0.347776 -0.523569 -0.372047 -0.503107 -0.388548 -0.48738 -0.401544 -0.474447 -0.411739 -0.464483 -0.418269 -0.458631 -0.420405 -0.458633 -0.418266 -0.464486 -0.411736 -0.474451 -0.401537 -0.487383 -0.388549 -0.503112 -0.372043 -0.523564 -0.347781 -0.556895 -0.299061 -0.649364 
20.5 -13.9341 0.95898 2 4 8 16 22 25 33 34 43 44 50 55 62 67 69 74 69 67 61 55 50 44 42 34 34 25 21 16 8 4 2 -0.649541 -0.298843 -0.557236 -0.347375 -0.523999 -0.371575 -0.503533 -0.388135 -0.487723 -0.401222 -0.474693 -0.411516 -0.464676 -0.418108 -0.458761 -0.420257 -0.458764 -0.418105 -0.46468 -0.411513 -0.474697 -0.401215 -0.487726 -0.388136 -0.503537 -0.37157 -0.523996 -0.347378 -0.557239 -0.298837 -0.649543 
20.6 -13.9341 0.959485 2 4 8 16 22 25 33 34 43 44 50 55 62 67 70 74 69 67 61 56 50 44 42 34 34 25 21 16 8 4 2 -0.649719 -0.29862 -0.557575 -0.346976 -0.524421 -0.37111 -0.503948 -0.387733 -0.488052 -0.400914 -0.474925 -0.411306 -0.464854 -0.417965 -0.458879 -0.420133 -0.458882 -0.417962 -0.464858 -0.411304 -0.474928 -0.400908 -0.488055 -0.387735 -0.503951 -0.371104 -0.52442 -0.346978 -0.55758 -0.298613 -0.649722 
20.7 -13.9341 0.959842 2 4 8 16 22 25 33 34 43 44 50 55 62 67 70 74 69 67 61 56 50 44 42 34 34 25 21 16 8 4 2 -0.649895 -0.298399 -0.55791 -0.346582 -0.524836 -0.370653 -0.50435 -0.387344 -0.488366 -0.40062 -0.475142 -0.411112 -0.465015 -0.417841 -0.458985 -0.420034 -0.458988 -0.417837 -0.465019 -0.41111 -0.475143 -0.400615 -0.488369 -0.387347 -0.504352 -0.370647 -0.524836 -0.346583 -0.557916 -0.29839 -0.649899 
20.8 -13.9341 0.960052 2 4 8 16 22 25 33 34 43 44 50 55 62 67 70 74 69 67 61 56 50 44 42 34 34 25 21 16 8 4 2 -0.65007 -0.298178 -0.55824 -0.346193 -0.525241 -0.370206 -0.504738 -0.386969 -0.488664 -0.400342 -0.475344 -0.410931 -0.465159 -0.417734 -0.459078 -0.41996 -0.45908 -0.417731 -0.465162 -0.41093 -0.475344 -0.400337 -0.488667 -0.386972 -0.504739 -0.3702 -0.525242 -0.346193 -0.558247 -0.29817 -0.650073 
20.9 -13.9341 0.960115 2 4 8 16 22 25 33 34 43 44 50 55 62 67 70 74 69 67 61 56 50 44 42 34 34 25 21 16 8 4 2 -0.650241 -0.297961 -0.558563 -0.345811 -0.525636 -0.36977 -0.505112 -0.386608 -0.488946 -0.40008 -0.47553 -0.410766 -0.465286 -0.417646 -0.459159 -0.41991 -0.459161 -0.417644 -0.465288 -0.410766 -0.475529 -0.400076 -0.488949 -0.386612 -0.505111 -0.369766 -0.525637 -0.34581 -0.55857 -0.297952 -0.650245 
21 -13.9341 0.960033 2 4 8 16 22 25 33 34 43 44 50 55 62 67 70 74 69 67 61 56 50 44 42 34 34 25 21 16 8 4 2 -0.650409 -0.297748 -0.558877 -0.345437 -0.526019 -0.369348 -0.505469 -0.386263 -0.48921 -0.399833 -0.475701 -0.410616 -0.465395 -0.417576 -0.459227 -0.419885 -0.459228 -0.417576 -0.465396 -0.410617 -0.475698 -0.399831 -0.489213 -0.386267 -0.505466 -0.369344 -0.526021 -0.345435 -0.558884 -0.297739 -0.650412 
21.1 -13.9341 0.959809 2 4 8 16 22 25 33 34 43 44 50 55 62 67 70 74 69 67 61 56 50 44 42 34 34 25 21 16 8 4 2 -0.650572 -0.29754 -0.559182 -0.345073 -0.526388 -0.36894 -0.505809 -0.385934 -0.489457 -0.399604 -0.475855 -0.410481 -0.465486 -0.417526 -0.459282 -0.419884 -0.459282 -0.417527 -0.465486 -0.410483 -0.475851 -0.399603 -0.48946 -0.385938 -0.505805 -0.368937 -0.526391 -0.345071 -0.559189 -0.297532 -0.650576 
21.2 -13.9341 0.959445 2 4 8 16 22 25 33 34 43 44 50 55 62 67 70 74 69 67 61 56 50 44 42 34 34 25 21 16 8 4 2 -0.65073 -0.297338 -0.559476 -0.344721 -0.526743 -0.368548 -0.50613 -0.385621 -0.489685 -0.399393 -0.475993 -0.410363 -0.465558 -0.417495 -0.459323 -0.419907 -0.459322 -0.417498 -0.465557 -0.410366 -0.475988 -0.399392 -0.489688 -0.385626 -0.506125 -0.368546 -0.526746 -0.344718 -0.559482 -0.297331 -0.650733 
21.3 -13.9341 0.958942 2 4 8 16 22 25 33 34 43 44 50 55 62 67 70 74 69 67 61 56 50 44 42 34 34 25 21 16 8 4 2 -0.650882 -0.297144 -0.559758 -0.344381 -0.527082 -0.368173 -0.506432 -0.385327 -0.489894 -0.3992 -0.476113 -0.410263 -0.465611 -0.417484 -0.459351 -0.419954 -0.459349 -0.417488 -0.465608 -0.410266 -0.476108 -0.3992 -0.489897 -0.385331 -0.506426 -0.368172 -0.527085 -0.344379 -0.559763 -0.297138 -0.650885 
21.4 -13.9341 0.958306 2 4 8 16 22 25 33 34 43 44 50 55 62 67 70 74 69 67 61 56 50 44 42 34 34 25 21 16 8 4 2 -0.651027 -0.296958 -0.560026 -0.344057 -0.527404 -0.367817 -0.506713 -0.385051 -0.490084 -0.399027 -0.476216 -0.410179 -0.465645 -0.417493 -0.459366 -0.420025 -0.459363 -0.417499 -0.465641 -0.410183 -0.47621 -0.399027 -0.490087 -0.385054 -0.506707 -0.367818 -0.527406 -0.344054 -0.56003 -0.296953 -0.651029 
21.5 -13.9342 0.957538 2 4 8 16 22 25 33 34 43 44 50 55 62 67 70 74 69 67 61 56 50 44 42 34 34 25 21 16 8 4 2 -0.651165 -0.296782 -0.560279 -0.343748 -0.527707 -0.367482 -0.506973 -0.384794 -0.490253 -0.398873 -0.476299 -0.410115 -0.465659 -0.417523 -0.459366 -0.420118 -0.459362 -0.41753 -0.465654 -0.410118 -0.476293 -0.398873 -0.490257 -0.384796 -0.506966 -0.367484 -0.527709 -0.343745 -0.560282 -0.296779 -0.651166 
21.6 -13.9342 0.956643 2 4 8 16 22 25 33 34 43 44 50 55 62 67 70 74 69 67 61 56 50 44 42 34 34 25 21 16 8 4 2 -0.651295 -0.296616 -0.560517 -0.343457 -0.527989 -0.367169 -0.507209 -0.384557 -0.490401 -0.398739 -0.476363 -0.410069 -0.465653 -0.417574 -0.459351 -0.420233 -0.459347 -0.417582 -0.465648 -0.410072 -0.476358 -0.39874 -0.490405 -0.384559 -0.507203 -0.367172 -0.527991 -0.343455 -0.560518 -0.296615 -0.651295 
21.7 -13.9342 0.955626 2 4 8 16 22 25 33 34 43 44 50 55 62 67 70 74 69 67 61 56 50 44 42 34 34 25 21 16 8 4 2 -0.651415 -0.296462 -0.560737 -0.343185 -0.528249 -0.36688 -0.507422 -0.384341 -0.490528 -0.398627 -0.476408 -0.410043 -0.465627 -0.417646 -0.459321 -0.420371 -0.459317 -0.417654 -0.465622 -0.410046 -0.476403 -0.398628 -0.490533 -0.384341 -0.507416 -0.366883 -0.528252 -0.343183 -0.560736 -0.296462 -0.651415 
21.8 -13.9342 0.954489 2 4 8 16 22 25 33 34 43 44 50 55 62 67 71 74 69 67 61 56 50 44 42 34 34 25 21 16 8 4 2 -0.651527 -0.29632 -0.560938 -0.342935 -0.528486 -0.366616 -0.50761 -0.384147 -0.490633 -0.398536 -0.476431 -0.410037 -0.465582 -0.41774 -0.459277 -0.420529 -0.459271 -0.417748 -0.465576 -0.41004 -0.476428 -0.398537 -0.490638 -0.384146 -0.507605 -0.366619 -0.528488 -0.342933 -0.560937 -0.296322 -0.651526 
21.9 -13.9342 0.953239 2 4 8 16 22 25 33 34 43 44 50 55 62 67 71 74 70 67 61 56 50 44 42 34 34 25 21 16 8 4 2 -0.651628 -0.296191 -0.56112 -0.342707 -0.528698 -0.366379 -0.507772 -0.383975 -0.490716 -0.398468 -0.476433 -0.410052 -0.465516 -0.417855 -0.459216 -0.420709 -0.459211 -0.417863 -0.46551 -0.410054 -0.476432 -0.398468 -0.490721 -0.383973 -0.507768 -0.366381 -0.528701 -0.342704 -0.561118 -0.296194 -0.651626 
22 -13.9342 0.951879 2 4 8 16 22 25 33 34 43 44 50 55 62 67 71 74 70 67 61 56 50 44 43 34 34 25 21 16 8 4 2 -0.651718 -0.296075 -0.561282 -0.342502 -0.528883 -0.36617 -0.507906 -0.383828 -0.490775 -0.398422 -0.476414 -0.410089 -0.465431 -0.417991 -0.45914 -0.420908 -0.459135 -0.417999 -0.465425 -0.41009 -0.476413 -0.398422 -0.49078 -0.383823 -0.507905 -0.366171 -0.528886 -0.342499 -0.561278 -0.296081 -0.651716 
22.1 -13.9342 0.950415 2 4 8 16 22 25 33 34 43 44 50 55 62 67 71 74 70 67 61 56 50 44 43 34 34 25 21 16 8 4 2 -0.651798 -0.295974 -0.561422 -0.342323 -0.52904 -0.36599 -0.508013 -0.383705 -0.49081 -0.398399 -0.476372 -0.410148 -0.465326 -0.41815 -0.459048 -0.421127 -0.459044 -0.418157 -0.465321 -0.410148 -0.476373 -0.398399 -0.490814 -0.383699 -0.508013 -0.36599 -0.529044 -0.342319 -0.561418 -0.295981 -0.651796 
22.2 -13.9342 0.948851 2 4 8 16 22 25 33 34 43 44 50 55 62 67 71 74 70 67 61 56 50 44 43 34 34 25 21 16 8 4 2 -0.651866 -0.295888 -0.56154 -0.342169 -0.529168 -0.36584 -0.508091 -0.383607 -0.49082 -0.3984 -0.476307 -0.41023 -0.465202 -0.418329 -0.45894 -0.421364 -0.458936 -0.418335 -0.465197 -0.410229 -0.47631 -0.3984 -0.490824 -0.3836 -0.508093 -0.365839 -0.529173 -0.342166 -0.561536 -0.295895 -0.651864 
22.3 -13.9342 0.947192 2 4 8 16 22 25 33 34 43 44 50 55 62 67 71 74 70 67 61 56 50 44 43 34 34 25 21 16 8 4 2 -0.651923 -0.295817 -0.561636 -0.342043 -0.529266 -0.365722 -0.508139 -0.383536 -0.490805 -0.398425 -0.47622 -0.410334 -0.465059 -0.418529 -0.458816 -0.421619 -0.458813 -0.418534 -0.465055 -0.410333 -0.476223 -0.398425 -0.490809 -0.383528 -0.508143 -0.36572 -0.529272 -0.342039 -0.561632 -0.295824 -0.65192 
22.4 -13.9342 0.945444 2 4 8 16 22 25 33 34 43 44 50 55 62 67 71 74 70 67 61 56 50 44 43 34 34 25 21 16 8 4 2 -0.651967 -0.295762 -0.561709 -0.341945 -0.529333 -0.365637 -0.508156 -0.383493 -0.490764 -0.398475 -0.476109 -0.410462 -0.464898 -0.418749 -0.458677 -0.421891 -0.458674 -0.418754 -0.464895 -0.41046 -0.476113 -0.398474 -0.490767 -0.383484 -0.508162 -0.365634 -0.52934 -0.34194 -0.561705 -0.295769 -0.651964 
22.5 -13.9342 0.943611 2 4 8 16 22 25 33 34 43 44 50 55 62 67 71 74 70 67 61 56 50 44 43 34 34 25 21 16 8 4 2 -0.651999 -0.295722 -0.561758 -0.341876 -0.529368 -0.365585 -0.508143 -0.383478 -0.490697 -0.398549 -0.475974 -0.410613 -0.46472 -0.418989 -0.458522 -0.422177 -0.45852 -0.418993 -0.464716 -0.410611 -0.475979 -0.398548 -0.490699 -0.383469 -0.50815 -0.36558 -0.529375 -0.341871 -0.561755 -0.295729 -0.651996 
22.6 -13.9342 0.941699 2 4 8 16 22 25 33 34 44 44 50 55 62 67 71 74 70 67 61 56 50 44 43 34 34 25 21 16 8 4 2 -0.652019 -0.295698 -0.561784 -0.341836 -0.52937 -0.365567 -0.508097 -0.383493 -0.490603 -0.398647 -0.475817 -0.410788 -0.464524 -0.419249 -0.458352 -0.422479 -0.458351 -0.419251 -0.464521 -0.410786 -0.475822 -0.398648 -0.490604 -0.383484 -0.508106 -0.365561 -0.529378 -0.34183 -0.561781 -0.295704 -0.652016 
22.7 -13.9342 0.939712 2 4 8 16 22 25 33 34 44 44 50 55 62 67 71 74 70 67 61 56 50 44 43 34 34 25 21 16 8 4 2 -0.652026 -0.29569 -0.561785 -0.341826 -0.52934 -0.365582 -0.50802 -0.383537 -0.490482 -0.398771 -0.475636 -0.410986 -0.464312 -0.419526 -0.458169 -0.422793 -0.458168 -0.419528 -0.464309 -0.410985 -0.475641 -0.398772 -0.490481 -0.383529 -0.50803 -0.365576 -0.529347 -0.34182 -0.561783 -0.295695 -0.652024 
22.8 -13.9342 0.937655 2 4 8 16 22 25 33 34 44 44 50 55 62 67 71 74 70 67 61 56 50 44 43 34 34 25 21 16 8 4 2 -0.65202 -0.295698 -0.561763 -0.341845 -0.529276 -0.365632 -0.50791 -0.383613 -0.490332 -0.398919 -0.475432 -0.411208 -0.464085 -0.419821 -0.457971 -0.423119 -0.457971 -0.419822 -0.464081 -0.411208 -0.475436 -0.398921 -0.49033 -0.383606 -0.50792 -0.365625 -0.529284 -0.341839 -0.561762 -0.295702 -0.652018 
22.9 -13.9342 0.935533 2 4 8 16 22 25 33 34 44 44 50 55 62 67 71 74 70 67 61 56 50 44 43 34 34 25 21 16 8 4 2 -0.652002 -0.295721 -0.561716 -0.341895 -0.529179 -0.365716 -0.507768 -0.38372 -0.490155 -0.399093 -0.475204 -0.411453 -0.463842 -0.420131 -0.457761 -0.423455 -0.457761 -0.420133 -0.463838 -0.411454 -0.475208 -0.399096 -0.490151 -0.383714 -0.507779 -0.365709 -0.529187 -0.341889 -0.561716 -0.295724 -0.652001 
23 -13.9342 0.93335 2 4 8 16 22 25 33 34 44 44 50 55 62 67 71 74 70 67 61 56 50 44 43 34 34 25 21 16 8 4 2 -0.651971 -0.295761 -0.561645 -0.341974 -0.52905 -0.365835 -0.507594 -0.383859 -0.489949 -0.399291 -0.474955 -0.411722 -0.463585 -0.420458 -0.457539 -0.4238 -0.457539 -0.420458 -0.46358 -0.411724 -0.474957 -0.399295 -0.489943 -0.383854 -0.507604 -0.365827 -0.529056 -0.341969 -0.561645 -0.295762 -0.65197 
23.1 -13.9342 0.931111 2 4 8 16 22 25 33 34 44 44 50 55 62 67 71 74 70 67 61 56 50 44 43 34 34 25 21 16 8 4 2 -0.651927 -0.295816 -0.56155 -0.342082 -0.528888 -0.365986 -0.507388 -0.384031 -0.489714 -0.399515 -0.474683 -0.412013 -0.463314 -0.420798 -0.457306 -0.424153 -0.457305 -0.420799 -0.463309 -0.412017 -0.474683 -0.39952 -0.489707 -0.384027 -0.507397 -0.365979 -0.528893 -0.342078 -0.561551 -0.295816 -0.651927 
23.2 -13.9342 0.92882 2 4 8 16 22 25 33 34 44 44 50 55 62 67 71 74 70 67 61 56 50 44 43 34 34 25 21 16 8 4 2 -0.651871 -0.295886 -0.56143 -0.34222 -0.528694 -0.366171 -0.507149 -0.384235 -0.48945 -0.399764 -0.474389 -0.412326 -0.463031 -0.421151 -0.457063 -0.42451 -0.457062 -0.421152 -0.463025 -0.412332 -0.474388 -0.39977 -0.489443 -0.384232 -0.507158 -0.366165 -0.528698 -0.342217 -0.561432 -0.295885 -0.651872 
23.3 -13.9342 0.92648 2 4 8 16 22 25 33 34 44 44 50 55 62 67 71 74 70 67 61 56 50 44 43 34 34 25 21 16 8 4 2 -0.651803 -0.295972 -0.561287 -0.342386 -0.528469 -0.366389 -0.50688 -0.384471 -0.489158 -0.400038 -0.474074 -0.412661 -0.462735 -0.421516 -0.456811 -0.424873 -0.45681 -0.421517 -0.462729 -0.412669 -0.474071 -0.400045 -0.48915 -0.38447 -0.506887 -0.366384 -0.528471 -0.342385 -0.561289 -0.295969 -0.651804 
23.4 -13.9342 0.924095 2 4 8 16 22 25 33 34 44 44 50 55 62 67 71 74 70 67 61 56 50 44 43 34 34 25 21 16 8 4 2 -0.651723 -0.296072 -0.561121 -0.34258 -0.528213 -0.366638 -0.50658 -0.384739 -0.488838 -0.400337 -0.473739 -0.413018 -0.462428 -0.421892 -0.456552 -0.425237 -0.45655 -0.421893 -0.462422 -0.413027 -0.473734 -0.400344 -0.488829 -0.38474 -0.506586 -0.366634 -0.528214 -0.34258 -0.561123 -0.296069 -0.651724 
