time energy SvN bondDim localEnergy 
0 -12.7166 0.189932 2 4 8 10 10 10 10 10 10 10 10 10 10 10 10 10 10 10 10 10 10 10 10 10 10 10 10 10 8 4 2 -0.491956 -0.377379 -0.414347 -0.403258 -0.406913 -0.405785 -0.406153 -0.406038 -0.406076 -0.406064 -0.406069 -0.406072 -0.406099 -0.406177 -0.406507 -0.406786 -0.406507 -0.406177 -0.406099 -0.406072 -0.406069 -0.406064 -0.406076 -0.406038 -0.406153 -0.405785 -0.406913 -0.403258 -0.414347 -0.377379 -0.491956 
0.1 -12.7166 0.189942 2 4 8 10 10 10 10 10 10 10 10 10 10 10 10 10 10 10 10 10 10 10 10 10 10 10 10 10 8 4 2 -0.491956 -0.377379 -0.414347 -0.403258 -0.406913 -0.405785 -0.406153 -0.406038 -0.406076 -0.406064 -0.406069 -0.406072 -0.406099 -0.406178 -0.40651 -0.40679 -0.40651 -0.406178 -0.406099 -0.406072 -0.406069 -0.406064 -0.406076 -0.406038 -0.406153 -0.405785 -0.406913 -0.403258 -0.414347 -0.377379 -0.491956 
0.2 -12.7166 0.189984 2 4 8 10 10 10 10 10 10 10 10 10 10 10 10 10 10 10 10 10 10 10 10 10 10 10 10 10 8 4 2 -0.491956 -0.377379 -0.414347 -0.403258 -0.406913 -0.405785 -0.406153 -0.406038 -0.406076 -0.406064 -0.406069 -0.406072 -0.4061 -0.40618 -0.406521 -0.406808 -0.406521 -0.40618 -0.4061 -0.406072 -0.406069 -0.406064 -0.406076 -0.406038 -0.406153 -0.405785 -0.406913 -0.403258 -0.414347 -0.377379 -0.491956 
0.3 -12.7167 0.190083 2 4 8 10 10 10 10 10 10 10 10 10 10 10 10 10 10 10 10 10 10 10 10 10 10 10 10 10 8 4 2 -0.491956 -0.377379 -0.414347 -0.403258 -0.406913 -0.405785 -0.406153 -0.406038 -0.406076 -0.406064 -0.406069 -0.406072 -0.4061 -0.406186 -0.406547 -0.40685 -0.406547 -0.406186 -0.4061 -0.406072 -0.406069 -0.406064 -0.406076 -0.406038 -0.406153 -0.405785 -0.406913 -0.403258 -0.414347 -0.377379 -0.491956 
0.4 -12.7169 0.190266 2 4 8 10 10 10 10 10 10 10 10 10 10 10 10 10 10 10 10 10 10 10 10 10 10 10 10 10 8 4 2 -0.491956 -0.377379 -0.414347 -0.403258 -0.406913 -0.405785 -0.406153 -0.406038 -0.406076 -0.406064 -0.406069 -0.406072 -0.406102 -0.406196 -0.406594 -0.406927 -0.406594 -0.406196 -0.406102 -0.406072 -0.406069 -0.406064 -0.406076 -0.406038 -0.406153 -0.405785 -0.406913 -0.403258 -0.414347 -0.377379 -0.491956 
0.5 -12.7173 0.190563 2 4 8 10 10 10 10 10 10 10 10 10 10 10 10 10 10 10 10 10 10 10 10 10 10 10 10 10 8 4 2 -0.491956 -0.377379 -0.414347 -0.403258 -0.406913 -0.405785 -0.406153 -0.406038 -0.406076 -0.406064 -0.406069 -0.406073 -0.406105 -0.406213 -0.406671 -0.40705 -0.406671 -0.406213 -0.406105 -0.406073 -0.406069 -0.406064 -0.406076 -0.406038 -0.406153 -0.405785 -0.406913 -0.403258 -0.414347 -0.377379 -0.491956 
0.6 -12.7177 0.191004 2 4 8 10 10 10 10 10 10 10 10 10 10 10 10 10 10 10 10 10 10 10 10 10 10 10 10 10 8 4 2 -0.491956 -0.377379 -0.414347 -0.403258 -0.406913 -0.405785 -0.406153 -0.406038 -0.406076 -0.406064 -0.406069 -0.406073 -0.406109 -0.406239 -0.406784 -0.407232 -0.406784 -0.406239 -0.406109 -0.406073 -0.406069 -0.406064 -0.406076 -0.406038 -0.406153 -0.405785 -0.406913 -0.403258 -0.414347 -0.377379 -0.491956 
0.7 -12.7184 0.191625 2 4 8 10 10 10 10 10 10 10 10 10 10 10 10 10 10 10 10 10 10 10 10 10 10 10 10 10 8 4 2 -0.491956 -0.377379 -0.414347 -0.403258 -0.406913 -0.405785 -0.406153 -0.406038 -0.406076 -0.406064 -0.406069 -0.406074 -0.406115 -0.406275 -0.406942 -0.407486 -0.406942 -0.406275 -0.406115 -0.406074 -0.406069 -0.406064 -0.406076 -0.406038 -0.406153 -0.405785 -0.406913 -0.403258 -0.414347 -0.377379 -0.491956 
0.8 -12.7192 0.192458 2 4 8 10 10 10 10 10 10 10 10 10 10 10 10 10 10 10 10 10 10 10 10 10 10 10 10 10 8 4 2 -0.491956 -0.377379 -0.414347 -0.403258 -0.406913 -0.405785 -0.406153 -0.406038 -0.406076 -0.406064 -0.40607 -0.406075 -0.406123 -0.406323 -0.407152 -0.407822 -0.407152 -0.406323 -0.406123 -0.406075 -0.40607 -0.406064 -0.406076 -0.406038 -0.406153 -0.405785 -0.406913 -0.403258 -0.414347 -0.377379 -0.491956 
0.9 -12.7204 0.193542 2 4 8 10 10 10 10 10 10 10 10 10 10 10 10 10 10 10 10 10 10 10 10 10 10 10 10 10 8 4 2 -0.491956 -0.377379 -0.414347 -0.403258 -0.406913 -0.405785 -0.406153 -0.406038 -0.406076 -0.406064 -0.40607 -0.406077 -0.406134 -0.406387 -0.407421 -0.408252 -0.407421 -0.406387 -0.406134 -0.406077 -0.40607 -0.406064 -0.406076 -0.406038 -0.406153 -0.405785 -0.406913 -0.403258 -0.414347 -0.377379 -0.491956 
1 -12.7218 0.194914 2 4 8 10 10 10 10 10 10 10 10 10 10 10 10 10 10 10 10 10 10 10 10 10 10 10 10 10 8 4 2 -0.491956 -0.377379 -0.414347 -0.403258 -0.406913 -0.405785 -0.406153 -0.406038 -0.406076 -0.406064 -0.40607 -0.406079 -0.406149 -0.406468 -0.407758 -0.40879 -0.407758 -0.406468 -0.406149 -0.406079 -0.40607 -0.406064 -0.406076 -0.406038 -0.406153 -0.405785 -0.406913 -0.403258 -0.414347 -0.377379 -0.491956 
1.1 -12.7235 0.196615 2 4 8 10 10 10 10 10 10 10 10 10 10 10 10 10 10 10 10 10 10 10 10 10 10 10 10 10 8 4 2 -0.491956 -0.377379 -0.414347 -0.403258 -0.406913 -0.405785 -0.406153 -0.406038 -0.406076 -0.406064 -0.40607 -0.406082 -0.406169 -0.406569 -0.408171 -0.409444 -0.408171 -0.406569 -0.406169 -0.406082 -0.40607 -0.406064 -0.406076 -0.406038 -0.406153 -0.405785 -0.406913 -0.403258 -0.414347 -0.377379 -0.491956 
1.2 -12.7256 0.19869 2 4 8 10 10 10 10 10 10 10 10 10 10 10 10 10 10 10 10 10 10 10 10 10 10 10 10 10 8 4 2 -0.491956 -0.377379 -0.414347 -0.403258 -0.406913 -0.405785 -0.406153 -0.406038 -0.406076 -0.406064 -0.40607 -0.406085 -0.406194 -0.406695 -0.408666 -0.410226 -0.408666 -0.406695 -0.406194 -0.406085 -0.40607 -0.406064 -0.406076 -0.406038 -0.406153 -0.405785 -0.406913 -0.403258 -0.414347 -0.377379 -0.491956 
1.3 -12.7281 0.201184 2 4 8 10 10 10 10 10 10 10 10 10 10 10 10 10 10 10 10 10 10 10 10 10 10 10 10 10 8 4 2 -0.491956 -0.377379 -0.414347 -0.403258 -0.406913 -0.405785 -0.406153 -0.406038 -0.406075 -0.406064 -0.406071 -0.40609 -0.406226 -0.406849 -0.409252 -0.411145 -0.409252 -0.406849 -0.406226 -0.40609 -0.406071 -0.406064 -0.406075 -0.406038 -0.406153 -0.405785 -0.406913 -0.403258 -0.414347 -0.377379 -0.491956 
1.4 -12.731 0.204147 2 4 8 10 10 10 10 10 10 10 10 10 10 10 10 10 10 10 10 10 10 10 10 10 10 10 10 10 8 4 2 -0.491956 -0.377379 -0.414347 -0.403258 -0.406913 -0.405785 -0.406153 -0.406038 -0.406075 -0.406064 -0.406071 -0.406096 -0.406267 -0.407036 -0.409935 -0.412208 -0.409935 -0.407036 -0.406267 -0.406096 -0.406071 -0.406064 -0.406075 -0.406038 -0.406153 -0.405785 -0.406913 -0.403258 -0.414347 -0.377379 -0.491956 
1.5 -12.7343 0.20763 2 4 8 10 10 10 10 10 10 10 10 10 10 10 10 10 10 10 10 10 10 10 10 10 10 10 10 10 8 4 2 -0.491956 -0.377379 -0.414347 -0.403258 -0.406913 -0.405785 -0.406153 -0.406038 -0.406075 -0.406064 -0.406072 -0.406104 -0.406319 -0.407262 -0.410721 -0.413422 -0.410721 -0.407262 -0.406319 -0.406104 -0.406072 -0.406064 -0.406075 -0.406038 -0.406153 -0.405785 -0.406913 -0.403258 -0.414347 -0.377379 -0.491956 
1.6 -12.7382 0.211685 2 4 8 10 10 10 10 10 10 10 10 10 10 10 10 10 10 10 10 10 10 10 10 10 10 10 10 10 8 4 2 -0.491956 -0.377379 -0.414347 -0.403258 -0.406913 -0.405785 -0.406153 -0.406038 -0.406075 -0.406064 -0.406073 -0.406114 -0.406384 -0.407533 -0.411615 -0.414788 -0.411615 -0.407533 -0.406384 -0.406114 -0.406073 -0.406064 -0.406075 -0.406038 -0.406153 -0.405785 -0.406913 -0.403258 -0.414347 -0.377379 -0.491956 
1.7 -12.7425 0.216364 2 4 8 10 10 10 10 10 10 10 10 10 10 10 10 10 10 10 10 10 10 10 10 10 10 10 10 10 8 4 2 -0.491956 -0.377379 -0.414347 -0.403258 -0.406913 -0.405785 -0.406153 -0.406038 -0.406075 -0.406063 -0.406074 -0.406127 -0.406465 -0.407856 -0.412621 -0.416304 -0.412621 -0.407856 -0.406465 -0.406127 -0.406074 -0.406063 -0.406075 -0.406038 -0.406153 -0.405785 -0.406913 -0.403258 -0.414347 -0.377379 -0.491956 
1.8 -12.7474 0.221716 2 4 8 10 10 10 10 10 10 10 10 10 10 10 10 10 10 10 10 10 10 10 10 10 10 10 10 10 8 4 2 -0.491956 -0.377379 -0.414347 -0.403258 -0.406913 -0.405785 -0.406153 -0.406038 -0.406075 -0.406063 -0.406076 -0.406143 -0.406566 -0.408239 -0.413739 -0.417964 -0.413739 -0.408239 -0.406566 -0.406143 -0.406076 -0.406063 -0.406075 -0.406038 -0.406153 -0.405785 -0.406913 -0.403258 -0.414347 -0.377379 -0.491956 
1.9 -12.7529 0.227783 2 4 8 10 10 10 10 10 10 10 10 10 10 10 10 10 10 10 10 10 10 10 10 10 10 10 10 10 8 4 2 -0.491956 -0.377379 -0.414347 -0.403258 -0.406913 -0.405785 -0.406153 -0.406038 -0.406075 -0.406063 -0.406079 -0.406164 -0.40669 -0.408691 -0.414965 -0.419757 -0.414965 -0.408691 -0.40669 -0.406164 -0.406079 -0.406063 -0.406075 -0.406038 -0.406153 -0.405785 -0.406913 -0.403258 -0.414347 -0.377379 -0.491956 
2 -12.7589 0.234598 2 4 8 10 10 10 10 10 10 10 10 10 10 10 10 10 10 10 10 10 10 10 10 10 10 10 10 10 8 4 2 -0.491956 -0.377379 -0.414347 -0.403258 -0.406913 -0.405785 -0.406153 -0.406038 -0.406075 -0.406063 -0.406082 -0.40619 -0.406842 -0.40922 -0.416295 -0.421663 -0.416295 -0.40922 -0.406842 -0.40619 -0.406082 -0.406063 -0.406075 -0.406038 -0.406153 -0.405785 -0.406913 -0.403258 -0.414347 -0.377379 -0.491956 
2.1 -12.7654 0.242178 2 4 8 10 10 10 10 10 10 10 10 10 10 10 10 9 10 10 10 10 10 10 10 10 10 10 10 10 8 4 2 -0.491956 -0.377379 -0.414347 -0.403258 -0.406913 -0.405785 -0.406153 -0.406038 -0.406074 -0.406063 -0.406087 -0.406223 -0.407028 -0.409834 -0.417718 -0.423659 -0.417718 -0.409834 -0.407028 -0.406223 -0.406087 -0.406063 -0.406074 -0.406038 -0.406153 -0.405785 -0.406913 -0.403258 -0.414347 -0.377379 -0.491956 
2.2 -12.7724 0.250528 2 4 8 10 10 10 10 10 10 10 10 10 10 10 10 9 10 10 10 10 10 10 10 10 10 10 10 10 8 4 2 -0.491956 -0.377379 -0.414347 -0.403258 -0.406913 -0.405785 -0.406153 -0.406038 -0.406074 -0.406063 -0.406093 -0.406265 -0.407254 -0.410542 -0.419221 -0.425717 -0.419221 -0.410542 -0.407254 -0.406265 -0.406093 -0.406063 -0.406074 -0.406038 -0.406153 -0.405785 -0.406913 -0.403258 -0.414347 -0.377379 -0.491956 
2.3 -12.7799 0.259633 2 4 8 10 10 10 10 10 10 10 10 10 10 10 10 9 10 10 10 10 10 10 10 10 10 10 10 10 8 4 2 -0.491956 -0.377379 -0.414347 -0.403258 -0.406913 -0.405785 -0.406153 -0.406037 -0.406074 -0.406064 -0.406102 -0.406317 -0.407528 -0.411348 -0.420787 -0.427804 -0.420787 -0.411348 -0.407528 -0.406317 -0.406102 -0.406064 -0.406074 -0.406037 -0.406153 -0.405785 -0.406913 -0.403258 -0.414347 -0.377379 -0.491956 
2.4 -12.7878 0.269456 2 4 8 10 10 10 10 10 10 10 10 10 10 10 10 9 10 10 10 10 10 10 10 10 10 10 10 10 8 4 2 -0.491956 -0.377379 -0.414347 -0.403258 -0.406913 -0.405785 -0.406153 -0.406037 -0.406074 -0.406064 -0.406113 -0.406384 -0.407857 -0.412256 -0.422397 -0.429886 -0.422397 -0.412256 -0.407857 -0.406384 -0.406113 -0.406064 -0.406074 -0.406037 -0.406153 -0.405785 -0.406913 -0.403258 -0.414347 -0.377379 -0.491956 
2.5 -12.7961 0.279944 2 4 8 10 10 10 10 10 10 10 10 10 10 10 10 9 10 10 10 10 10 10 10 10 10 10 10 10 8 4 2 -0.491956 -0.377379 -0.414347 -0.403258 -0.406913 -0.405785 -0.406153 -0.406037 -0.406073 -0.406065 -0.406127 -0.406467 -0.408248 -0.413267 -0.42403 -0.431927 -0.42403 -0.413267 -0.408248 -0.406467 -0.406127 -0.406065 -0.406073 -0.406037 -0.406153 -0.405785 -0.406913 -0.403258 -0.414347 -0.377379 -0.491956 
2.6 -12.8048 0.291029 2 4 8 10 10 10 10 10 10 10 10 10 10 10 10 9 10 10 10 10 10 10 10 10 10 10 10 10 8 4 2 -0.491956 -0.377379 -0.414347 -0.403258 -0.406913 -0.405785 -0.406153 -0.406037 -0.406073 -0.406066 -0.406145 -0.406572 -0.408712 -0.414378 -0.425667 -0.433895 -0.425667 -0.414378 -0.408712 -0.406572 -0.406145 -0.406066 -0.406073 -0.406037 -0.406153 -0.405785 -0.406913 -0.403258 -0.414347 -0.377379 -0.491956 
2.7 -12.8137 0.302625 2 4 8 10 10 10 10 10 10 10 10 10 10 10 10 9 10 10 10 10 10 10 10 10 10 10 10 10 8 4 2 -0.491956 -0.377379 -0.414347 -0.403258 -0.406913 -0.405785 -0.406153 -0.406037 -0.406073 -0.406068 -0.406169 -0.406704 -0.409254 -0.415584 -0.427287 -0.435759 -0.427287 -0.415584 -0.409254 -0.406704 -0.406169 -0.406068 -0.406073 -0.406037 -0.406153 -0.405785 -0.406913 -0.403258 -0.414347 -0.377379 -0.491956 
2.8 -12.8228 0.314639 2 4 8 10 10 10 10 10 10 10 10 10 10 10 10 9 10 10 10 10 10 10 10 10 10 10 10 10 8 4 2 -0.491956 -0.377379 -0.414347 -0.403258 -0.406913 -0.405785 -0.406153 -0.406036 -0.406072 -0.406071 -0.4062 -0.406869 -0.409881 -0.416876 -0.428873 -0.437493 -0.428873 -0.416876 -0.409881 -0.406869 -0.4062 -0.406071 -0.406072 -0.406036 -0.406153 -0.405785 -0.406913 -0.403258 -0.414347 -0.377379 -0.491956 
2.9 -12.8322 0.326976 2 4 8 10 10 10 10 10 10 10 10 10 10 10 10 9 10 10 10 10 10 10 10 10 10 10 10 10 8 4 2 -0.491956 -0.377379 -0.414347 -0.403258 -0.406913 -0.405785 -0.406152 -0.406036 -0.406072 -0.406075 -0.40624 -0.407074 -0.410597 -0.418243 -0.43041 -0.439076 -0.43041 -0.418243 -0.410597 -0.407074 -0.40624 -0.406075 -0.406072 -0.406036 -0.406152 -0.405785 -0.406913 -0.403258 -0.414347 -0.377379 -0.491956 
3 -12.8416 0.339536 2 4 8 10 10 10 10 10 10 10 10 10 10 10 10 9 10 10 10 10 10 10 10 10 10 10 10 10 8 4 2 -0.491956 -0.377379 -0.414347 -0.403258 -0.406913 -0.405785 -0.406152 -0.406035 -0.406072 -0.40608 -0.406292 -0.407328 -0.411404 -0.419674 -0.431888 -0.440491 -0.431888 -0.419674 -0.411404 -0.407328 -0.406292 -0.40608 -0.406072 -0.406035 -0.406152 -0.405785 -0.406913 -0.403258 -0.414347 -0.377379 -0.491956 
3.1 -12.8512 0.352226 2 4 8 10 10 10 10 10 10 10 10 10 10 10 10 9 10 10 10 10 10 10 10 10 10 10 10 10 8 4 2 -0.491956 -0.377379 -0.414347 -0.403258 -0.406913 -0.405785 -0.406152 -0.406035 -0.406072 -0.406088 -0.406359 -0.407638 -0.412302 -0.421153 -0.433296 -0.441728 -0.433296 -0.421153 -0.412302 -0.407638 -0.406359 -0.406088 -0.406072 -0.406035 -0.406152 -0.405785 -0.406913 -0.403258 -0.414347 -0.377379 -0.491956 
3.2 -12.8608 0.364958 2 4 8 10 10 10 10 10 10 10 10 10 10 10 10 9 10 10 10 10 10 10 10 10 10 10 10 10 8 4 2 -0.491956 -0.377379 -0.414347 -0.403258 -0.406913 -0.405785 -0.406152 -0.406034 -0.406072 -0.406098 -0.406445 -0.408014 -0.413284 -0.422669 -0.434627 -0.442781 -0.434627 -0.422669 -0.413284 -0.408014 -0.406445 -0.406098 -0.406072 -0.406034 -0.406152 -0.405785 -0.406913 -0.403258 -0.414347 -0.377379 -0.491956 
3.3 -12.8706 0.377654 2 4 8 10 10 10 10 10 10 10 10 10 10 10 10 9 10 10 10 10 10 10 10 10 10 10 10 10 8 4 2 -0.491956 -0.377379 -0.414347 -0.403258 -0.406913 -0.405785 -0.406151 -0.406034 -0.406073 -0.406112 -0.406555 -0.408464 -0.414346 -0.424208 -0.435879 -0.443648 -0.435879 -0.424208 -0.414346 -0.408464 -0.406555 -0.406112 -0.406073 -0.406034 -0.406151 -0.405785 -0.406913 -0.403258 -0.414347 -0.377379 -0.491956 
3.4 -12.8803 0.390245 2 4 8 10 10 10 10 10 10 10 10 10 10 10 10 9 10 10 10 10 10 10 10 10 10 10 10 10 8 4 2 -0.491956 -0.377379 -0.414347 -0.403258 -0.406913 -0.405784 -0.406151 -0.406033 -0.406074 -0.406132 -0.406695 -0.408995 -0.415475 -0.425758 -0.437047 -0.444333 -0.437047 -0.425758 -0.415475 -0.408995 -0.406695 -0.406132 -0.406074 -0.406033 -0.406151 -0.405784 -0.406913 -0.403258 -0.414347 -0.377379 -0.491956 
3.5 -12.8901 0.402672 2 4 8 10 10 10 10 10 10 10 10 10 10 10 10 9 10 10 10 10 10 10 10 10 10 10 10 10 8 4 2 -0.491956 -0.377379 -0.414347 -0.403258 -0.406913 -0.405784 -0.406151 -0.406032 -0.406076 -0.406159 -0.406871 -0.409612 -0.416662 -0.42731 -0.438131 -0.444841 -0.438131 -0.42731 -0.416662 -0.409612 -0.406871 -0.406159 -0.406076 -0.406032 -0.406151 -0.405784 -0.406913 -0.403258 -0.414347 -0.377379 -0.491956 
3.6 -12.8999 0.41489 2 4 8 10 10 10 10 10 10 10 10 10 10 10 10 9 10 10 10 10 10 10 10 10 10 10 10 10 8 4 2 -0.491956 -0.377379 -0.414347 -0.403258 -0.406913 -0.405784 -0.40615 -0.406031 -0.406079 -0.406196 -0.407091 -0.410318 -0.417894 -0.428855 -0.43913 -0.445183 -0.43913 -0.428855 -0.417894 -0.410318 -0.407091 -0.406196 -0.406079 -0.406031 -0.40615 -0.405784 -0.406913 -0.403258 -0.414347 -0.377379 -0.491956 
3.7 -12.9098 0.426859 2 4 8 10 10 10 10 10 10 10 10 10 10 10 10 9 10 10 10 10 10 10 10 10 10 10 10 10 8 4 2 -0.491956 -0.377379 -0.414347 -0.403258 -0.406913 -0.405784 -0.406149 -0.40603 -0.406084 -0.406245 -0.407364 -0.411114 -0.419158 -0.430384 -0.440044 -0.445369 -0.440044 -0.430384 -0.419158 -0.411114 -0.407364 -0.406245 -0.406084 -0.40603 -0.406149 -0.405784 -0.406913 -0.403258 -0.414347 -0.377379 -0.491956 
3.8 -12.9196 0.438551 2 4 8 10 10 10 10 10 10 10 10 10 10 10 10 10 10 10 10 10 10 10 10 10 10 10 10 10 8 4 2 -0.491956 -0.377379 -0.414347 -0.403258 -0.406913 -0.405783 -0.406149 -0.406029 -0.406091 -0.406311 -0.407697 -0.411994 -0.420445 -0.431889 -0.440872 -0.445415 -0.440872 -0.431889 -0.420445 -0.411994 -0.407697 -0.406311 -0.406091 -0.406029 -0.406149 -0.405783 -0.406913 -0.403258 -0.414347 -0.377379 -0.491956 
3.9 -12.9295 0.449946 2 4 8 10 10 10 10 10 10 10 10 10 10 10 10 10 10 10 10 10 10 10 10 10 10 10 10 10 8 4 2 -0.491956 -0.377379 -0.414347 -0.403258 -0.406912 -0.405783 -0.406148 -0.406028 -0.406101 -0.406397 -0.408097 -0.412954 -0.421744 -0.433364 -0.441615 -0.445337 -0.441615 -0.433364 -0.421744 -0.412954 -0.408097 -0.406397 -0.406101 -0.406028 -0.406148 -0.405783 -0.406912 -0.403258 -0.414347 -0.377379 -0.491956 
4 -12.9394 0.461032 2 4 8 10 10 10 10 10 10 10 10 10 10 10 10 10 10 10 10 10 10 10 10 10 10 10 10 10 8 4 2 -0.491956 -0.377379 -0.414347 -0.403258 -0.406912 -0.405783 -0.406147 -0.406028 -0.406116 -0.406511 -0.408573 -0.413984 -0.423049 -0.434801 -0.442273 -0.445151 -0.442273 -0.434801 -0.423049 -0.413984 -0.408573 -0.406511 -0.406116 -0.406028 -0.406147 -0.405783 -0.406912 -0.403258 -0.414347 -0.377379 -0.491956 
4.1 -12.9493 0.471805 2 4 8 10 10 10 10 10 10 10 10 10 10 10 10 10 10 10 10 10 10 10 10 10 10 10 10 10 8 4 2 -0.491956 -0.377379 -0.414347 -0.403257 -0.406912 -0.405782 -0.406146 -0.406028 -0.406138 -0.406659 -0.409127 -0.415074 -0.424354 -0.436192 -0.442848 -0.444876 -0.442848 -0.436192 -0.424354 -0.415074 -0.409127 -0.406659 -0.406138 -0.406028 -0.406146 -0.405782 -0.406912 -0.403257 -0.414347 -0.377379 -0.491956 
4.2 -12.9592 0.482265 2 4 8 10 10 10 10 10 10 10 10 10 10 10 10 10 10 10 10 10 10 10 10 10 10 10 10 10 8 4 2 -0.491956 -0.377379 -0.414347 -0.403257 -0.406912 -0.405782 -0.406145 -0.406029 -0.406167 -0.406847 -0.409763 -0.416213 -0.425658 -0.437528 -0.44334 -0.44453 -0.44334 -0.437528 -0.425658 -0.416213 -0.409763 -0.406847 -0.406167 -0.406029 -0.406145 -0.405782 -0.406912 -0.403257 -0.414347 -0.377379 -0.491956 
4.3 -12.9691 0.49242 2 4 8 10 10 10 10 10 10 10 10 10 10 10 10 10 10 10 10 10 10 10 10 10 10 10 10 10 8 4 2 -0.491956 -0.377379 -0.414347 -0.403257 -0.406912 -0.405781 -0.406144 -0.406031 -0.406208 -0.407084 -0.41048 -0.417389 -0.426958 -0.4388 -0.443752 -0.444132 -0.443752 -0.4388 -0.426958 -0.417389 -0.41048 -0.407084 -0.406208 -0.406031 -0.406144 -0.405781 -0.406912 -0.403257 -0.414347 -0.377379 -0.491956 
4.4 -12.979 0.502284 2 4 8 10 10 10 10 10 10 10 10 10 10 10 10 10 10 10 10 10 10 10 10 10 10 10 10 10 8 4 2 -0.491956 -0.377379 -0.414347 -0.403257 -0.406911 -0.40578 -0.406142 -0.406034 -0.406264 -0.407378 -0.411273 -0.418592 -0.428254 -0.44 -0.444085 -0.4437 -0.444085 -0.44 -0.428254 -0.418592 -0.411273 -0.407378 -0.406264 -0.406034 -0.406142 -0.40578 -0.406911 -0.403257 -0.414347 -0.377379 -0.491956 
4.5 -12.9889 0.511873 2 4 8 10 10 10 10 10 10 10 10 10 10 10 10 11 10 10 10 10 10 10 10 10 10 10 10 10 8 4 2 -0.491956 -0.377379 -0.414347 -0.403257 -0.406911 -0.405779 -0.406141 -0.406041 -0.406338 -0.407737 -0.412136 -0.419815 -0.429545 -0.441119 -0.444342 -0.443251 -0.444342 -0.441119 -0.429545 -0.419815 -0.412136 -0.407737 -0.406338 -0.406041 -0.406141 -0.405779 -0.406911 -0.403257 -0.414347 -0.377379 -0.491956 
4.6 -12.9989 0.521209 2 4 8 10 10 10 10 10 10 10 10 10 10 10 11 11 11 10 10 10 10 10 10 10 10 10 10 10 8 4 2 -0.491956 -0.377379 -0.414347 -0.403257 -0.406911 -0.405778 -0.40614 -0.406051 -0.406437 -0.408168 -0.41306 -0.421052 -0.43083 -0.442146 -0.444528 -0.442804 -0.444528 -0.442146 -0.43083 -0.421052 -0.41306 -0.408168 -0.406437 -0.406051 -0.40614 -0.405778 -0.406911 -0.403257 -0.414347 -0.377379 -0.491956 
4.7 -13.0088 0.530314 2 4 8 10 10 10 10 10 10 10 10 10 10 10 11 11 11 10 10 10 10 10 10 10 10 10 10 10 8 4 2 -0.491956 -0.377379 -0.414347 -0.403257 -0.40691 -0.405777 -0.406139 -0.406067 -0.406566 -0.408676 -0.414033 -0.422299 -0.432106 -0.443073 -0.444647 -0.442372 -0.444647 -0.443073 -0.432106 -0.422299 -0.414033 -0.408676 -0.406566 -0.406067 -0.406139 -0.405777 -0.40691 -0.403257 -0.414347 -0.377379 -0.491956 
4.8 -13.0188 0.539212 2 4 8 10 10 10 10 10 10 10 10 10 10 10 11 11 11 10 10 10 10 10 10 10 10 10 10 10 8 4 2 -0.491956 -0.377378 -0.414347 -0.403257 -0.406909 -0.405775 -0.406139 -0.40609 -0.406732 -0.409264 -0.415043 -0.423554 -0.433371 -0.443894 -0.444703 -0.44197 -0.444703 -0.443894 -0.433371 -0.423554 -0.415043 -0.409264 -0.406732 -0.40609 -0.406139 -0.405775 -0.406909 -0.403257 -0.414347 -0.377379 -0.491956 
4.9 -13.0288 0.547927 2 4 8 10 10 10 10 10 10 10 10 10 10 11 11 13 11 11 10 10 10 10 10 10 10 10 10 10 8 4 2 -0.491956 -0.377378 -0.414347 -0.403256 -0.406909 -0.405774 -0.40614 -0.406124 -0.406943 -0.409931 -0.416081 -0.424817 -0.43462 -0.444601 -0.444704 -0.44161 -0.444704 -0.444601 -0.43462 -0.424817 -0.416081 -0.409931 -0.406943 -0.406124 -0.40614 -0.405774 -0.406909 -0.403256 -0.414347 -0.377378 -0.491956 
5 -13.0388 0.55648 2 4 8 10 10 10 10 10 10 10 10 10 10 11 13 13 13 11 10 10 10 10 10 10 10 10 10 10 8 4 2 -0.491956 -0.377378 -0.414347 -0.403256 -0.406908 -0.405772 -0.406142 -0.40617 -0.407207 -0.410674 -0.417135 -0.42609 -0.435846 -0.44519 -0.444655 -0.441303 -0.444655 -0.44519 -0.435846 -0.42609 -0.417135 -0.410674 -0.407207 -0.40617 -0.406142 -0.405772 -0.406908 -0.403256 -0.414347 -0.377378 -0.491956 
5.1 -13.0487 0.564893 2 4 8 10 10 10 10 10 10 10 10 10 10 11 13 13 13 11 10 10 10 10 10 10 10 10 10 10 8 4 2 -0.491956 -0.377378 -0.414347 -0.403256 -0.406907 -0.40577 -0.406147 -0.406233 -0.407531 -0.411487 -0.418198 -0.427373 -0.437042 -0.445658 -0.444563 -0.441056 -0.444563 -0.445658 -0.437042 -0.427373 -0.418198 -0.411487 -0.407531 -0.406233 -0.406147 -0.40577 -0.406907 -0.403256 -0.414347 -0.377378 -0.491956 
5.2 -13.0588 0.573184 2 4 8 10 10 10 10 10 10 10 10 10 10 12 14 14 14 12 10 10 10 10 10 10 10 10 10 10 8 4 2 -0.491956 -0.377378 -0.414347 -0.403255 -0.406906 -0.405769 -0.406155 -0.406319 -0.407922 -0.412361 -0.419266 -0.428666 -0.438199 -0.446004 -0.444435 -0.440875 -0.444435 -0.446004 -0.438199 -0.428666 -0.419266 -0.412361 -0.407922 -0.406319 -0.406155 -0.405769 -0.406906 -0.403255 -0.414347 -0.377378 -0.491956 
5.3 -13.0688 0.581367 2 4 8 10 10 10 10 10 10 10 10 10 11 12 14 15 14 12 11 10 10 10 10 10 10 10 10 10 8 4 2 -0.491956 -0.377378 -0.414347 -0.403255 -0.406905 -0.405767 -0.406168 -0.406433 -0.408385 -0.413285 -0.420336 -0.429969 -0.439308 -0.44623 -0.44428 -0.440765 -0.44428 -0.44623 -0.439308 -0.429969 -0.420336 -0.413285 -0.408385 -0.406433 -0.406168 -0.405767 -0.406905 -0.403255 -0.414347 -0.377378 -0.491956 
5.4 -13.0788 0.589457 2 4 8 10 10 10 10 10 10 10 10 10 11 13 15 15 15 13 11 10 10 10 10 10 10 10 10 10 8 4 2 -0.491956 -0.377378 -0.414347 -0.403254 -0.406903 -0.405766 -0.406187 -0.406581 -0.408923 -0.414247 -0.421409 -0.431278 -0.440359 -0.44634 -0.444102 -0.440727 -0.444102 -0.44634 -0.440359 -0.431278 -0.421409 -0.414247 -0.408923 -0.406581 -0.406187 -0.405766 -0.406903 -0.403254 -0.414346 -0.377378 -0.491956 
5.5 -13.0888 0.597463 2 4 8 10 10 10 10 10 10 10 10 10 11 14 15 15 15 14 11 10 10 10 10 10 10 10 10 10 8 4 2 -0.491956 -0.377378 -0.414346 -0.403253 -0.406902 -0.405766 -0.406214 -0.406772 -0.409536 -0.415235 -0.422488 -0.432591 -0.441342 -0.44634 -0.443911 -0.44076 -0.443911 -0.44634 -0.441342 -0.432591 -0.422488 -0.415235 -0.409536 -0.406772 -0.406215 -0.405766 -0.406902 -0.403253 -0.414346 -0.377378 -0.491956 
5.6 -13.0989 0.605393 2 4 8 10 10 10 10 10 10 10 10 10 11 14 15 17 15 14 11 10 10 10 10 10 10 10 10 10 8 4 2 -0.491956 -0.377378 -0.414346 -0.403252 -0.4069 -0.405767 -0.406254 -0.407012 -0.410221 -0.416239 -0.423576 -0.433901 -0.442247 -0.446237 -0.443712 -0.440863 -0.443712 -0.446237 -0.442247 -0.433901 -0.423576 -0.416239 -0.410221 -0.407012 -0.406254 -0.405767 -0.4069 -0.403252 -0.414346 -0.377378 -0.491956 
5.7 -13.1089 0.613252 2 4 8 10 10 10 10 10 10 10 10 10 12 14 17 17 17 14 12 10 10 10 10 10 10 10 10 10 8 4 2 -0.491956 -0.377378 -0.414346 -0.403251 -0.406898 -0.40577 -0.406309 -0.407311 -0.410971 -0.41725 -0.424679 -0.4352 -0.443068 -0.446042 -0.443511 -0.441031 -0.443511 -0.446042 -0.443068 -0.4352 -0.424679 -0.41725 -0.410971 -0.407311 -0.406309 -0.40577 -0.406898 -0.403251 -0.414346 -0.377378 -0.491956 
5.8 -13.119 0.621044 2 4 8 10 10 10 10 10 10 10 10 11 12 15 17 17 17 15 12 11 10 10 10 10 10 10 10 10 8 4 2 -0.491956 -0.377378 -0.414346 -0.40325 -0.406896 -0.405775 -0.406384 -0.407673 -0.411778 -0.418264 -0.425801 -0.436478 -0.443796 -0.445766 -0.443314 -0.441258 -0.443314 -0.445766 -0.443796 -0.436478 -0.425801 -0.418264 -0.411778 -0.407673 -0.406384 -0.405775 -0.406896 -0.40325 -0.414346 -0.377378 -0.491956 
5.9 -13.129 0.62877 2 4 8 10 10 10 10 10 10 10 10 11 13 16 17 19 17 16 13 11 10 10 10 10 10 10 10 10 8 4 2 -0.491957 -0.377377 -0.414345 -0.403249 -0.406895 -0.405785 -0.406484 -0.408106 -0.412631 -0.419277 -0.426945 -0.437724 -0.444425 -0.445421 -0.443126 -0.441537 -0.443126 -0.445421 -0.444425 -0.437724 -0.426945 -0.419277 -0.412631 -0.408106 -0.406484 -0.405785 -0.406895 -0.403249 -0.414345 -0.377377 -0.491956 
6 -13.1391 0.636426 2 4 8 10 10 10 10 10 10 10 10 11 14 16 19 19 19 16 14 11 10 10 10 10 10 10 10 10 8 4 2 -0.491957 -0.377377 -0.414345 -0.403247 -0.406894 -0.4058 -0.406616 -0.408613 -0.413516 -0.42029 -0.428115 -0.438927 -0.444953 -0.445021 -0.442952 -0.441859 -0.442952 -0.445021 -0.444953 -0.438927 -0.428115 -0.42029 -0.413516 -0.408613 -0.406616 -0.4058 -0.406894 -0.403247 -0.414345 -0.377377 -0.491957 
6.1 -13.1492 0.644008 2 4 8 10 10 10 10 10 10 10 10 11 14 17 19 20 19 17 14 11 10 10 10 10 10 10 10 10 8 4 2 -0.491957 -0.377377 -0.414344 -0.403245 -0.406893 -0.405824 -0.406786 -0.409194 -0.414423 -0.421306 -0.42931 -0.440075 -0.445377 -0.44458 -0.442794 -0.442214 -0.442794 -0.44458 -0.445377 -0.440075 -0.42931 -0.421306 -0.414423 -0.409194 -0.406786 -0.405824 -0.406893 -0.403245 -0.414344 -0.377377 -0.491957 
6.2 -13.1593 0.651509 2 4 8 10 10 10 10 10 10 10 10 12 15 17 19 20 19 17 15 12 10 10 10 10 10 10 10 10 8 4 2 -0.491957 -0.377377 -0.414344 -0.403243 -0.406893 -0.405857 -0.407003 -0.409847 -0.41534 -0.422329 -0.430528 -0.441155 -0.445697 -0.444114 -0.442656 -0.442593 -0.442656 -0.444114 -0.445697 -0.441155 -0.430528 -0.422329 -0.41534 -0.409847 -0.407003 -0.405857 -0.406893 -0.403243 -0.414344 -0.377377 -0.491957 
6.3 -13.1694 0.658918 2 4 8 10 10 10 10 10 10 10 11 12 15 17 20 20 20 17 15 12 11 10 10 10 10 10 10 10 8 4 2 -0.491957 -0.377376 -0.414343 -0.403241 -0.406896 -0.405905 -0.407274 -0.410566 -0.416257 -0.423365 -0.431766 -0.442155 -0.445915 -0.443635 -0.44254 -0.442985 -0.44254 -0.443635 -0.445915 -0.442155 -0.431766 -0.423365 -0.416257 -0.410566 -0.407274 -0.405905 -0.406896 -0.403241 -0.414343 -0.377376 -0.491957 
6.4 -13.1795 0.666223 2 4 8 10 10 10 10 10 10 10 11 13 16 19 20 20 20 19 16 13 11 10 10 10 10 10 10 10 8 4 2 -0.491957 -0.377376 -0.414342 -0.403239 -0.4069 -0.405971 -0.407606 -0.411344 -0.417169 -0.42442 -0.433017 -0.443065 -0.446034 -0.443159 -0.442447 -0.443378 -0.442447 -0.443159 -0.446034 -0.443065 -0.433017 -0.42442 -0.417169 -0.411344 -0.407606 -0.405971 -0.4069 -0.403239 -0.414342 -0.377376 -0.491957 
6.5 -13.1896 0.673411 2 4 8 10 10 10 10 10 10 10 11 14 17 19 20 21 20 19 17 14 11 10 10 10 10 10 10 10 8 4 2 -0.491958 -0.377375 -0.414341 -0.403236 -0.406908 -0.40606 -0.408004 -0.412168 -0.418073 -0.425499 -0.434273 -0.443875 -0.446062 -0.442697 -0.442378 -0.443762 -0.442378 -0.442697 -0.446062 -0.443875 -0.434273 -0.425499 -0.418073 -0.412168 -0.408004 -0.40606 -0.406908 -0.403236 -0.414341 -0.377375 -0.491958 
6.6 -13.1997 0.680468 2 4 8 10 10 10 10 10 10 10 11 14 17 19 20 21 20 19 17 14 11 10 10 10 10 10 10 10 8 4 2 -0.491958 -0.377374 -0.41434 -0.403234 -0.406921 -0.406179 -0.408473 -0.413027 -0.418969 -0.426606 -0.435524 -0.444578 -0.446003 -0.442263 -0.442332 -0.444126 -0.442332 -0.442263 -0.446003 -0.444578 -0.435524 -0.426606 -0.418969 -0.413027 -0.408473 -0.406179 -0.406921 -0.403234 -0.41434 -0.377374 -0.491958 
6.7 -13.2098 0.687381 2 4 8 10 10 10 10 10 10 10 12 15 17 20 21 22 21 20 17 15 12 10 10 10 10 10 10 10 8 4 2 -0.491959 -0.377373 -0.414339 -0.403233 -0.406942 -0.406333 -0.409015 -0.413908 -0.41986 -0.427743 -0.436759 -0.445167 -0.445867 -0.441867 -0.442311 -0.444462 -0.442311 -0.441867 -0.445867 -0.445167 -0.436759 -0.427743 -0.41986 -0.413908 -0.409015 -0.406333 -0.406942 -0.403233 -0.414339 -0.377373 -0.491958 
6.8 -13.2199 0.694137 2 4 8 10 10 10 10 10 10 10 12 15 17 20 22 22 22 20 17 15 12 10 10 10 10 10 10 10 8 4 2 -0.491959 -0.377372 -0.414338 -0.403232 -0.406971 -0.406532 -0.409626 -0.414799 -0.420752 -0.428911 -0.437965 -0.44564 -0.445663 -0.441518 -0.442312 -0.444761 -0.442312 -0.441518 -0.445663 -0.44564 -0.437965 -0.428911 -0.420752 -0.414799 -0.409626 -0.406532 -0.406971 -0.403231 -0.414338 -0.377372 -0.491959 
6.9 -13.2301 0.700726 2 4 8 10 10 10 10 10 10 11 13 16 19 20 22 24 22 20 19 16 13 11 10 10 10 10 10 10 8 4 2 -0.49196 -0.377371 -0.414337 -0.403232 -0.407014 -0.406781 -0.410302 -0.415689 -0.421651 -0.430108 -0.439131 -0.445994 -0.445402 -0.441225 -0.442333 -0.445014 -0.442333 -0.441225 -0.445402 -0.445994 -0.439131 -0.430108 -0.421651 -0.415689 -0.410302 -0.406781 -0.407014 -0.403232 -0.414337 -0.377371 -0.49196 
7 -13.2402 0.707138 2 4 8 10 10 10 10 10 10 11 14 17 19 20 23 24 23 20 19 17 14 11 10 10 10 10 10 10 8 4 2 -0.491961 -0.377369 -0.414337 -0.403234 -0.407073 -0.407089 -0.411036 -0.416572 -0.422566 -0.43133 -0.440243 -0.446231 -0.445094 -0.440992 -0.442374 -0.445215 -0.442374 -0.440992 -0.445094 -0.446231 -0.440243 -0.43133 -0.422566 -0.416572 -0.411036 -0.407089 -0.407073 -0.403234 -0.414337 -0.377369 -0.491961 
7.1 -13.2504 0.713369 2 4 8 10 10 10 10 10 10 11 14 17 19 21 24 25 24 21 19 17 14 11 10 10 10 10 10 10 8 4 2 -0.491962 -0.377367 -0.414336 -0.403239 -0.407153 -0.407461 -0.411816 -0.417443 -0.423504 -0.43257 -0.44129 -0.446354 -0.44475 -0.440824 -0.442431 -0.445361 -0.442431 -0.440824 -0.44475 -0.446354 -0.44129 -0.43257 -0.423504 -0.417443 -0.411816 -0.407461 -0.407153 -0.403239 -0.414336 -0.377367 -0.491962 
7.2 -13.2605 0.719412 2 4 8 10 10 10 10 10 10 11 14 17 20 22 24 25 25 22 20 17 14 11 10 10 10 10 10 10 8 4 2 -0.491963 -0.377365 -0.414336 -0.403248 -0.407261 -0.407903 -0.412629 -0.4183 -0.424473 -0.43382 -0.44226 -0.446368 -0.444381 -0.440723 -0.442502 -0.445447 -0.442502 -0.440723 -0.444381 -0.446368 -0.44226 -0.43382 -0.424473 -0.4183 -0.412629 -0.407903 -0.407261 -0.403248 -0.414336 -0.377365 -0.491963 
7.3 -13.2707 0.725266 2 4 8 10 10 10 10 10 10 12 15 17 20 22 25 26 25 22 20 17 15 12 10 10 10 10 10 10 8 4 2 -0.491965 -0.377363 -0.414337 -0.403263 -0.407402 -0.408416 -0.413464 -0.419147 -0.425477 -0.435069 -0.443143 -0.446281 -0.443999 -0.440689 -0.442585 -0.445473 -0.442585 -0.440689 -0.443999 -0.446281 -0.443143 -0.435069 -0.425477 -0.419147 -0.413464 -0.408416 -0.407402 -0.403263 -0.414337 -0.377363 -0.491965 
7.4 -13.2808 0.730932 2 4 8 10 10 10 10 10 10 12 16 19 20 22 25 28 26 22 20 19 16 12 10 10 10 10 10 10 8 4 2 -0.491967 -0.37736 -0.414338 -0.403286 -0.407584 -0.408999 -0.414306 -0.419988 -0.426521 -0.436307 -0.443931 -0.446102 -0.443613 -0.440721 -0.442676 -0.445437 -0.442676 -0.440721 -0.443613 -0.446102 -0.443931 -0.436307 -0.426521 -0.419988 -0.414306 -0.408999 -0.407584 -0.403286 -0.414338 -0.37736 -0.491967 
7.5 -13.291 0.73641 2 4 8 10 10 10 10 10 11 13 16 19 21 24 27 28 28 24 21 19 16 13 11 10 10 10 10 10 8 4 2 -0.49197 -0.377356 -0.414342 -0.40332 -0.407815 -0.409648 -0.415145 -0.420829 -0.427606 -0.43752 -0.444616 -0.445841 -0.443233 -0.440817 -0.442773 -0.445343 -0.442773 -0.440817 -0.443233 -0.445841 -0.444616 -0.43752 -0.427606 -0.420829 -0.415145 -0.409648 -0.407815 -0.40332 -0.414342 -0.377356 -0.49197 
7.6 -13.3012 0.741706 2 4 8 10 10 10 10 10 11 14 17 19 21 24 28 30 28 24 21 19 17 14 11 10 10 10 10 10 8 4 2 -0.491973 -0.377353 -0.414348 -0.403368 -0.408102 -0.410357 -0.415972 -0.421679 -0.428732 -0.438696 -0.445194 -0.44551 -0.442868 -0.440971 -0.442873 -0.445192 -0.442873 -0.440971 -0.442868 -0.44551 -0.445194 -0.438696 -0.428732 -0.421679 -0.415972 -0.410357 -0.408102 -0.403368 -0.414348 -0.377353 -0.491973 
7.7 -13.3114 0.746826 2 4 8 10 10 10 10 10 11 14 17 20 22 25 28 30 28 25 22 20 17 14 11 10 10 10 10 10 8 4 2 -0.491977 -0.377348 -0.414357 -0.403435 -0.40845 -0.411114 -0.416781 -0.422547 -0.429895 -0.439822 -0.445662 -0.445123 -0.442526 -0.441177 -0.442972 -0.444991 -0.442972 -0.441177 -0.442526 -0.445123 -0.445662 -0.439822 -0.429895 -0.422547 -0.416781 -0.411114 -0.40845 -0.403435 -0.414357 -0.377348 -0.491977 
7.8 -13.3216 0.751778 2 4 8 10 10 10 10 10 12 15 17 20 22 25 30 31 30 25 22 20 17 15 12 10 10 10 10 10 8 4 2 -0.491982 -0.377344 -0.414372 -0.403526 -0.408866 -0.411908 -0.417571 -0.423439 -0.431089 -0.440886 -0.446019 -0.444692 -0.442213 -0.441429 -0.443068 -0.444744 -0.443068 -0.441429 -0.442213 -0.444692 -0.446019 -0.440886 -0.431089 -0.423439 -0.417571 -0.411908 -0.408866 -0.403526 -0.414372 -0.377344 -0.491982 
7.9 -13.3317 0.756574 2 4 8 10 10 10 10 10 12 15 19 20 23 26 31 32 31 26 23 20 19 15 12 10 10 10 10 10 8 4 2 -0.491988 -0.377338 -0.414393 -0.403647 -0.409353 -0.412724 -0.418343 -0.424364 -0.432309 -0.441875 -0.446266 -0.444231 -0.441936 -0.441718 -0.443159 -0.444458 -0.443159 -0.441718 -0.441936 -0.444231 -0.446266 -0.441875 -0.432309 -0.424364 -0.418343 -0.412724 -0.409353 -0.403647 -0.414393 -0.377338 -0.491988 
8 -13.342 0.761226 2 4 8 10 10 10 10 10 12 15 19 21 23 28 31 33 31 28 24 21 19 16 13 10 10 10 10 10 8 4 2 -0.491996 -0.377333 -0.414423 -0.403806 -0.409909 -0.413551 -0.419101 -0.425326 -0.433544 -0.442779 -0.446407 -0.443754 -0.441698 -0.442037 -0.443242 -0.444143 -0.443242 -0.442037 -0.441698 -0.443754 -0.446407 -0.442779 -0.433544 -0.425326 -0.419101 -0.413551 -0.409909 -0.403806 -0.414423 -0.377333 -0.491996 
8.1 -13.3522 0.76575 2 4 8 10 10 10 10 11 14 17 19 21 25 28 33 34 32 28 25 21 19 17 14 11 10 10 10 10 8 4 2 -0.492006 -0.377327 -0.414466 -0.404008 -0.410531 -0.414375 -0.419852 -0.426329 -0.434784 -0.443588 -0.446446 -0.443274 -0.441503 -0.442374 -0.443316 -0.443805 -0.443316 -0.442374 -0.441503 -0.443274 -0.446446 -0.443588 -0.434784 -0.426329 -0.419852 -0.414375 -0.410531 -0.404008 -0.414466 -0.377327 -0.492006 
8.2 -13.3624 0.770162 2 4 8 10 10 10 10 11 14 17 20 22 25 29 33 35 34 29 25 22 20 17 14 11 10 10 10 10 8 4 2 -0.492018 -0.377322 -0.414523 -0.404262 -0.411214 -0.415186 -0.420605 -0.427375 -0.436017 -0.444296 -0.44639 -0.442803 -0.441353 -0.442722 -0.443378 -0.443455 -0.443378 -0.442722 -0.441353 -0.442803 -0.44639 -0.444296 -0.436017 -0.427375 -0.420605 -0.415186 -0.411214 -0.404262 -0.414523 -0.377322 -0.492018 
8.3 -13.3726 0.774481 2 4 8 10 10 10 10 11 14 17 20 22 25 30 34 36 34 30 26 22 20 17 14 11 10 10 10 10 8 4 2 -0.492034 -0.377317 -0.414601 -0.404574 -0.411946 -0.415978 -0.421368 -0.428462 -0.43723 -0.444895 -0.446248 -0.442353 -0.441249 -0.443071 -0.443427 -0.443101 -0.443427 -0.443071 -0.441249 -0.442353 -0.446248 -0.444895 -0.43723 -0.428462 -0.421368 -0.415978 -0.411946 -0.404574 -0.414601 -0.377317 -0.492034 
8.4 -13.3828 0.778725 2 4 8 10 10 10 10 11 15 17 20 23 27 31 35 38 36 31 27 23 20 17 15 11 10 10 10 10 8 4 2 -0.492053 -0.377314 -0.414705 -0.404949 -0.412717 -0.416747 -0.422152 -0.429588 -0.438412 -0.445384 -0.446028 -0.441935 -0.441191 -0.44341 -0.443463 -0.442752 -0.443463 -0.443411 -0.441191 -0.441935 -0.446028 -0.445384 -0.438412 -0.429588 -0.422152 -0.416747 -0.412717 -0.404949 -0.414705 -0.377314 -0.492053 
8.5 -13.3931 0.782912 2 4 8 10 10 10 10 12 15 19 20 23 27 31 37 39 37 32 28 23 20 19 16 12 10 10 10 10 8 4 2 -0.492077 -0.377313 -0.414841 -0.405392 -0.413512 -0.417494 -0.422964 -0.430747 -0.439548 -0.445759 -0.445742 -0.441557 -0.441178 -0.443733 -0.443485 -0.442418 -0.443485 -0.443733 -0.441178 -0.441557 -0.445741 -0.445759 -0.439548 -0.430747 -0.422964 -0.417494 -0.413512 -0.405392 -0.414841 -0.377313 -0.492077 
8.6 -13.4034 0.787062 2 4 8 10 10 10 10 12 16 19 21 25 29 32 38 39 38 32 29 25 21 19 16 12 10 10 10 10 8 4 2 -0.492107 -0.377315 -0.415015 -0.405902 -0.414317 -0.41822 -0.423813 -0.431932 -0.440627 -0.446021 -0.445399 -0.441228 -0.441207 -0.444029 -0.443492 -0.442106 -0.443492 -0.444029 -0.441207 -0.441228 -0.445399 -0.446021 -0.440627 -0.431932 -0.423813 -0.41822 -0.414317 -0.405902 -0.415015 -0.377315 -0.492107 
8.7 -13.4136 0.79119 2 4 8 10 10 10 11 14 17 19 21 25 29 34 39 40 39 34 29 25 21 19 17 14 11 10 10 10 8 4 2 -0.492145 -0.377323 -0.415236 -0.406477 -0.415119 -0.418933 -0.424705 -0.433133 -0.441637 -0.446173 -0.445013 -0.440953 -0.441277 -0.444293 -0.443486 -0.441824 -0.443486 -0.444293 -0.441276 -0.440953 -0.445012 -0.446174 -0.441637 -0.433134 -0.424705 -0.418933 -0.415119 -0.406477 -0.415236 -0.377323 -0.492145 
8.8 -13.4239 0.795313 2 4 8 10 10 10 11 14 17 20 22 26 30 35 40 41 39 35 31 27 22 20 17 14 11 10 10 10 8 4 2 -0.492192 -0.377338 -0.415511 -0.407112 -0.415907 -0.419639 -0.425643 -0.434342 -0.442568 -0.44622 -0.444593 -0.440737 -0.441382 -0.444517 -0.443466 -0.441578 -0.443466 -0.444517 -0.441382 -0.440737 -0.444593 -0.446221 -0.442568 -0.434342 -0.425642 -0.419639 -0.415907 -0.407112 -0.415511 -0.377338 -0.492192 
8.9 -13.4342 0.799443 2 4 8 10 10 10 12 14 17 20 23 27 31 35 40 43 40 35 31 27 23 20 17 14 12 10 10 10 8 4 2 -0.492251 -0.377363 -0.415848 -0.407798 -0.416672 -0.420348 -0.426629 -0.435545 -0.44341 -0.446168 -0.444153 -0.440583 -0.441519 -0.444696 -0.443434 -0.441374 -0.443434 -0.444697 -0.441519 -0.440583 -0.444153 -0.446168 -0.44341 -0.435545 -0.426629 -0.420348 -0.416672 -0.407798 -0.415848 -0.377363 -0.492251 
9 -13.4445 0.803594 2 4 8 10 10 10 12 15 17 20 23 27 32 37 41 44 41 37 32 27 23 20 18 15 12 10 10 10 8 4 2 -0.492325 -0.377403 -0.416252 -0.408524 -0.417408 -0.42107 -0.427663 -0.436732 -0.444156 -0.446024 -0.443703 -0.440493 -0.441683 -0.444827 -0.443391 -0.441216 -0.44339 -0.444827 -0.441683 -0.440493 -0.443703 -0.446025 -0.444156 -0.436732 -0.427663 -0.42107 -0.417408 -0.408524 -0.416252 -0.377403 -0.492325 
9.1 -13.4549 0.807773 2 4 8 10 10 10 12 15 19 20 24 29 32 37 42 45 42 37 33 29 25 20 19 15 12 10 10 10 8 4 2 -0.492418 -0.37746 -0.416727 -0.409276 -0.418115 -0.421814 -0.428743 -0.437889 -0.4448 -0.445799 -0.443255 -0.440466 -0.441869 -0.444906 -0.443337 -0.441107 -0.443337 -0.444907 -0.441868 -0.440466 -0.443254 -0.445799 -0.4448 -0.43789 -0.428743 -0.421814 -0.418115 -0.409276 -0.416727 -0.37746 -0.492418 
9.2 -13.4652 0.811988 2 4 8 10 10 10 13 15 19 21 25 29 34 39 43 46 43 39 34 29 25 21 19 16 13 10 10 10 8 4 2 -0.492533 -0.37754 -0.417275 -0.410041 -0.418795 -0.422588 -0.429864 -0.439005 -0.445338 -0.445502 -0.442817 -0.4405 -0.442071 -0.444933 -0.443276 -0.441048 -0.443276 -0.444934 -0.442071 -0.440501 -0.442816 -0.445503 -0.445338 -0.439005 -0.429864 -0.422588 -0.418795 -0.410041 -0.417275 -0.37754 -0.492533 
9.3 -13.4756 0.816244 2 4 8 10 10 11 14 17 19 21 25 30 34 41 45 48 45 41 34 31 25 22 19 17 14 11 10 10 8 4 2 -0.492676 -0.377648 -0.417894 -0.410804 -0.419451 -0.423399 -0.43102 -0.440066 -0.445768 -0.445146 -0.4424 -0.440593 -0.442284 -0.444907 -0.443209 -0.44104 -0.443208 -0.444908 -0.442284 -0.440593 -0.442399 -0.445146 -0.445767 -0.440067 -0.431019 -0.423399 -0.419451 -0.410804 -0.417894 -0.377648 -0.492676 
9.4 -13.486 0.820543 2 4 8 10 10 11 14 17 20 22 27 31 36 41 45 50 45 41 37 31 27 22 20 17 14 11 10 10 8 4 2 -0.492854 -0.377789 -0.418578 -0.411555 -0.420092 -0.424252 -0.432202 -0.441062 -0.446088 -0.444742 -0.442011 -0.440739 -0.442503 -0.44483 -0.443137 -0.441082 -0.443136 -0.444831 -0.442502 -0.44074 -0.44201 -0.444742 -0.446088 -0.441063 -0.432202 -0.424252 -0.420092 -0.411555 -0.418578 -0.377789 -0.492854 
9.5 -13.4964 0.824883 2 4 8 10 10 11 14 17 20 23 27 32 37 43 48 51 47 43 37 32 27 23 20 17 14 11 10 10 8 4 2 -0.493073 -0.377969 -0.419317 -0.412283 -0.420726 -0.425152 -0.433402 -0.441982 -0.446302 -0.444302 -0.441658 -0.440934 -0.44272 -0.444706 -0.443063 -0.441172 -0.443062 -0.444706 -0.442719 -0.440935 -0.441657 -0.444302 -0.446302 -0.441983 -0.433401 -0.425152 -0.420727 -0.412283 -0.419317 -0.377969 -0.493073 
9.6 -13.5068 0.829263 2 4 8 10 10 11 15 18 20 23 28 32 39 43 49 52 49 43 40 32 28 23 20 18 15 11 10 10 8 4 2 -0.493343 -0.378191 -0.4201 -0.412983 -0.421364 -0.426099 -0.434608 -0.442817 -0.446412 -0.44384 -0.441347 -0.441171 -0.442933 -0.444537 -0.442988 -0.441305 -0.442987 -0.444537 -0.442932 -0.441172 -0.441346 -0.44384 -0.446412 -0.442818 -0.434608 -0.426099 -0.421364 -0.412983 -0.4201 -0.378191 -0.493343 
9.7 -13.5172 0.833677 2 4 8 10 10 13 16 19 21 25 29 34 40 44 50 53 50 44 40 34 29 25 21 19 16 13 10 10 8 4 2 -0.493672 -0.378458 -0.420911 -0.413652 -0.422015 -0.427093 -0.435809 -0.443559 -0.446423 -0.443367 -0.441082 -0.441442 -0.443134 -0.444329 -0.442914 -0.441479 -0.442914 -0.444329 -0.443133 -0.441443 -0.441081 -0.443367 -0.446423 -0.443559 -0.43581 -0.427092 -0.422015 -0.413652 -0.420911 -0.378458 -0.493672 
9.8 -13.5276 0.83812 2 4 8 10 11 13 16 19 21 25 29 34 41 45 51 54 50 45 41 34 29 25 21 19 16 13 11 10 8 4 2 -0.494071 -0.378771 -0.421734 -0.41429 -0.422688 -0.42813 -0.436994 -0.444201 -0.446343 -0.442895 -0.440866 -0.44174 -0.44332 -0.444088 -0.442843 -0.441686 -0.442843 -0.444088 -0.443319 -0.441741 -0.440866 -0.442895 -0.446343 -0.444201 -0.436995 -0.428129 -0.422689 -0.41429 -0.421734 -0.378772 -0.494071 
9.9 -13.5381 0.842583 2 4 8 10 11 13 16 19 21 27 30 37 42 47 52 55 52 47 42 37 30 27 21 19 16 13 11 10 8 4 2 -0.49455 -0.379128 -0.422552 -0.414902 -0.423393 -0.429206 -0.438151 -0.444739 -0.446179 -0.442435 -0.440703 -0.442056 -0.443487 -0.44382 -0.442776 -0.441922 -0.442777 -0.44382 -0.443486 -0.442058 -0.440703 -0.442435 -0.446179 -0.444739 -0.438152 -0.429204 -0.423394 -0.414902 -0.422552 -0.379128 -0.49455 
10 -13.5485 0.847057 2 4 8 10 12 14 17 20 23 27 32 38 43 48 54 56 54 48 44 38 32 27 23 20 17 14 12 10 8 4 2 -0.495122 -0.379523 -0.42335 -0.415495 -0.424137 -0.430314 -0.439267 -0.445171 -0.445939 -0.441998 -0.440593 -0.442383 -0.443631 -0.443533 -0.442715 -0.442179 -0.442716 -0.443532 -0.443631 -0.442384 -0.440593 -0.441998 -0.44594 -0.44517 -0.439269 -0.430312 -0.424138 -0.415495 -0.42335 -0.379523 -0.495121 
10.1 -13.559 0.851531 2 4 8 10 12 14 17 20 23 27 32 39 44 49 55 58 55 50 44 39 32 27 23 20 17 14 12 10 8 4 2 -0.495794 -0.379949 -0.424114 -0.416075 -0.424925 -0.431446 -0.440332 -0.445495 -0.445635 -0.441593 -0.440536 -0.442711 -0.44375 -0.443235 -0.442661 -0.442451 -0.442662 -0.443233 -0.44375 -0.442712 -0.440536 -0.441592 -0.445637 -0.445493 -0.440334 -0.431443 -0.424926 -0.416075 -0.424114 -0.379949 -0.495794 
10.2 -13.5694 0.855995 2 4 8 11 12 15 19 20 23 29 32 40 45 50 56 60 56 50 45 40 32 29 23 20 19 15 12 11 8 4 2 -0.496575 -0.380394 -0.424833 -0.416654 -0.425762 -0.432592 -0.441333 -0.445712 -0.445277 -0.441228 -0.440531 -0.443032 -0.443842 -0.442933 -0.442615 -0.44273 -0.442616 -0.442931 -0.443842 -0.443032 -0.440532 -0.441226 -0.445278 -0.44571 -0.441336 -0.432589 -0.425763 -0.416654 -0.424833 -0.380394 -0.496575 
10.3 -13.5797 0.860437 2 4 8 11 12 15 19 21 25 29 35 42 46 52 58 61 58 52 47 42 35 29 25 21 19 15 12 11 8 4 2 -0.497469 -0.380846 -0.425503 -0.417241 -0.426648 -0.433742 -0.442263 -0.445825 -0.444875 -0.440908 -0.440576 -0.443338 -0.443905 -0.442634 -0.442577 -0.443008 -0.442579 -0.442632 -0.443906 -0.443338 -0.440576 -0.440906 -0.444877 -0.445823 -0.442267 -0.433739 -0.426649 -0.417241 -0.425503 -0.380846 -0.497469 
10.4 -13.59 0.864846 2 4 8 11 13 15 19 21 25 30 36 42 47 54 58 62 58 54 47 42 36 30 25 21 19 15 13 11 8 4 2 -0.498476 -0.381291 -0.426118 -0.417845 -0.427585 -0.434884 -0.443111 -0.44584 -0.444441 -0.440641 -0.440667 -0.443622 -0.44394 -0.442347 -0.442547 -0.443279 -0.44255 -0.442345 -0.443941 -0.443622 -0.440668 -0.440639 -0.444444 -0.445836 -0.443116 -0.43488 -0.427586 -0.417846 -0.426118 -0.381291 -0.498476 
10.5 -13.6002 0.869211 2 4 8 11 15 17 20 22 27 31 38 43 48 55 60 64 60 55 48 43 38 32 27 22 20 17 15 11 8 4 2 -0.499591 -0.381716 -0.426681 -0.418476 -0.42857 -0.436006 -0.443871 -0.445761 -0.443986 -0.440429 -0.4408 -0.443877 -0.443945 -0.442078 -0.442527 -0.443535 -0.44253 -0.442075 -0.443947 -0.443877 -0.440802 -0.440426 -0.443989 -0.445756 -0.443876 -0.436002 -0.428571 -0.418476 -0.426681 -0.381716 -0.499591 
10.6 -13.6102 0.87352 2 4 8 11 15 17 20 23 27 32 38 45 50 56 61 65 62 56 51 45 39 32 27 23 20 17 15 11 8 4 2 -0.500802 -0.382109 -0.427194 -0.419139 -0.429601 -0.437097 -0.444536 -0.445597 -0.44352 -0.440276 -0.440972 -0.444098 -0.443923 -0.441834 -0.442517 -0.443771 -0.442519 -0.441831 -0.443924 -0.444097 -0.440974 -0.440272 -0.443525 -0.445591 -0.444542 -0.437093 -0.429602 -0.419139 -0.427194 -0.382109 -0.500802 
10.7 -13.62 0.877764 2 4 8 13 15 18 20 23 27 32 39 45 53 58 63 66 64 58 53 45 39 32 27 23 20 18 15 13 8 4 2 -0.502089 -0.382459 -0.427665 -0.41984 -0.430672 -0.438144 -0.445102 -0.445356 -0.443056 -0.440182 -0.441176 -0.444279 -0.443874 -0.44162 -0.442515 -0.44398 -0.442517 -0.441617 -0.443876 -0.444278 -0.441178 -0.440178 -0.443061 -0.44535 -0.445109 -0.438139 -0.430672 -0.41984 -0.427665 -0.382459 -0.502089 
10.8 -13.6296 0.881933 2 4 8 13 16 18 20 24 29 34 41 46 53 59 64 68 64 59 54 46 42 34 29 25 20 18 16 13 8 4 2 -0.503429 -0.382761 -0.428101 -0.420582 -0.431776 -0.439135 -0.445568 -0.445048 -0.442601 -0.440147 -0.441406 -0.444417 -0.443801 -0.441441 -0.442522 -0.444157 -0.442524 -0.441438 -0.443803 -0.444415 -0.441409 -0.440143 -0.442607 -0.445041 -0.445575 -0.43913 -0.431777 -0.420582 -0.428101 -0.382761 -0.503429 
10.9 -13.6389 0.886019 2 4 8 13 17 19 21 25 29 35 42 48 55 59 66 70 66 59 55 48 42 36 29 25 21 19 17 13 8 4 2 -0.504791 -0.383011 -0.428512 -0.421367 -0.432908 -0.440058 -0.44593 -0.444684 -0.442166 -0.440169 -0.441657 -0.444509 -0.443706 -0.4413 -0.442536 -0.444299 -0.442539 -0.441297 -0.443708 -0.444507 -0.44166 -0.440165 -0.442172 -0.444677 -0.445938 -0.440055 -0.432908 -0.421367 -0.428512 -0.383011 -0.504791 
11 -13.6478 0.890016 2 4 8 13 17 19 21 25 30 37 43 48 56 62 68 71 68 62 56 49 44 37 30 25 21 19 17 13 8 4 2 -0.50614 -0.383211 -0.428907 -0.422193 -0.434058 -0.440905 -0.446191 -0.444274 -0.441759 -0.440246 -0.441923 -0.444554 -0.443593 -0.441201 -0.442559 -0.444402 -0.44256 -0.441198 -0.443595 -0.444551 -0.441926 -0.440242 -0.441764 -0.444267 -0.446199 -0.440902 -0.434057 -0.422193 -0.428907 -0.383211 -0.50614 
11.1 -13.6563 0.893919 2 4 8 13 18 19 21 27 32 38 45 50 57 63 68 73 68 63 58 50 45 38 32 27 21 19 18 13 8 4 2 -0.507439 -0.383365 -0.429297 -0.423056 -0.435216 -0.441665 -0.446353 -0.44383 -0.441386 -0.440374 -0.442196 -0.444551 -0.443464 -0.441144 -0.442588 -0.444464 -0.442589 -0.441142 -0.443467 -0.444548 -0.4422 -0.44037 -0.441391 -0.443823 -0.44636 -0.441662 -0.435216 -0.423056 -0.429297 -0.383365 -0.507439 
11.2 -13.6643 0.897725 2 4 8 14 18 20 22 27 32 38 45 52 59 64 69 73 70 65 59 52 45 38 32 27 22 20 18 14 8 4 2 -0.508652 -0.383482 -0.42969 -0.42395 -0.436375 -0.442331 -0.446418 -0.443363 -0.441053 -0.440548 -0.442471 -0.444502 -0.443325 -0.441131 -0.442622 -0.444484 -0.442622 -0.44113 -0.443326 -0.444499 -0.442474 -0.440545 -0.441058 -0.443356 -0.446425 -0.442329 -0.436374 -0.42395 -0.42969 -0.383482 -0.508652 
11.3 -13.6718 0.901434 2 4 8 14 19 20 24 29 33 40 47 54 60 66 70 75 70 67 60 54 47 41 34 29 24 20 19 14 8 4 2 -0.509745 -0.383572 -0.430096 -0.424867 -0.437524 -0.442895 -0.446394 -0.442884 -0.440767 -0.440762 -0.442741 -0.444408 -0.443177 -0.44116 -0.442661 -0.444461 -0.44266 -0.44116 -0.443178 -0.444405 -0.442744 -0.440759 -0.440771 -0.442878 -0.4464 -0.442894 -0.437523 -0.424867 -0.430096 -0.383572 -0.509746 
11.4 -13.6786 0.905045 2 4 8 14 19 21 24 29 34 42 48 54 61 68 72 76 73 68 61 54 48 42 35 29 24 21 19 14 8 4 2 -0.510691 -0.383646 -0.430522 -0.425796 -0.438653 -0.443353 -0.446286 -0.442404 -0.440531 -0.44101 -0.443 -0.444273 -0.443025 -0.441231 -0.442704 -0.444398 -0.442702 -0.441232 -0.443026 -0.44427 -0.443003 -0.441008 -0.440533 -0.442399 -0.44629 -0.443353 -0.438651 -0.425796 -0.430523 -0.383646 -0.510691 
11.5 -13.6849 0.908563 2 4 8 15 19 21 25 29 36 43 48 56 63 69 75 78 75 69 64 57 48 43 36 29 25 21 19 15 8 4 2 -0.511468 -0.383718 -0.430977 -0.426726 -0.439751 -0.443702 -0.446101 -0.441932 -0.440347 -0.441285 -0.443244 -0.4441 -0.442873 -0.44134 -0.442748 -0.444296 -0.442745 -0.441342 -0.442874 -0.444097 -0.443246 -0.441284 -0.440348 -0.441929 -0.446104 -0.443703 -0.439749 -0.426726 -0.430977 -0.383718 -0.511468 
11.6 -13.6906 0.911991 2 4 8 15 20 22 26 30 37 44 49 59 65 71 75 79 75 72 65 59 50 44 37 31 26 22 20 15 8 4 2 -0.512062 -0.383798 -0.431467 -0.427643 -0.440811 -0.443939 -0.44585 -0.441479 -0.440217 -0.441579 -0.443466 -0.443895 -0.442725 -0.441484 -0.442794 -0.444158 -0.44279 -0.441487 -0.442725 -0.443893 -0.443468 -0.441579 -0.440217 -0.441478 -0.44585 -0.443942 -0.440808 -0.427643 -0.431467 -0.383798 -0.512062 
11.7 -13.6956 0.915335 2 4 8 15 20 22 27 32 38 45 52 59 66 74 76 81 77 74 66 60 52 45 38 32 27 22 20 15 8 4 2 -0.512471 -0.383897 -0.431998 -0.428532 -0.441822 -0.444065 -0.445539 -0.441052 -0.440143 -0.441884 -0.443663 -0.443664 -0.442583 -0.441658 -0.442839 -0.443987 -0.442834 -0.441663 -0.442582 -0.443661 -0.443664 -0.441886 -0.44014 -0.441053 -0.445538 -0.444069 -0.441819 -0.428532 -0.431998 -0.383897 -0.512471 
11.8 -13.7 0.918604 2 4 8 16 20 23 28 32 39 46 53 61 68 75 79 82 80 75 68 61 54 47 40 32 28 23 20 16 8 4 2 -0.512701 -0.384023 -0.432577 -0.429377 -0.442776 -0.444082 -0.44518 -0.440658 -0.440122 -0.442194 -0.44383 -0.443412 -0.442451 -0.441859 -0.442883 -0.44379 -0.442878 -0.441864 -0.44245 -0.44341 -0.443831 -0.442197 -0.440118 -0.440661 -0.445177 -0.444087 -0.442772 -0.429377 -0.432577 -0.384023 -0.512701 
11.9 -13.7039 0.921805 2 4 8 16 21 24 28 33 42 47 56 63 70 76 80 84 80 77 70 63 56 47 42 34 28 24 21 16 8 4 2 -0.512765 -0.38418 -0.433209 -0.430161 -0.443665 -0.443992 -0.444783 -0.440304 -0.440154 -0.4425 -0.443966 -0.443146 -0.442332 -0.442079 -0.442924 -0.44357 -0.442918 -0.442085 -0.44233 -0.443144 -0.443966 -0.442504 -0.440148 -0.44031 -0.444777 -0.443999 -0.443661 -0.430161 -0.433209 -0.38418 -0.512765 
12 -13.7072 0.924948 2 4 8 16 21 25 29 35 42 48 56 63 72 78 82 86 83 79 73 63 57 48 42 36 29 25 21 16 8 4 2 -0.512685 -0.384371 -0.4339 -0.430867 -0.444483 -0.443801 -0.444358 -0.439995 -0.440237 -0.442794 -0.444068 -0.442872 -0.442228 -0.442314 -0.442962 -0.443334 -0.442956 -0.44232 -0.442226 -0.442872 -0.444067 -0.4428 -0.440228 -0.440003 -0.444349 -0.443809 -0.444479 -0.430867 -0.4339 -0.384371 -0.512685 
12.1 -13.71 0.928044 2 4 8 16 21 25 30 36 43 49 59 65 74 81 84 89 85 81 74 65 59 50 44 36 30 25 22 16 8 4 2 -0.51249 -0.384594 -0.434657 -0.431479 -0.445224 -0.443515 -0.443914 -0.439733 -0.440366 -0.44307 -0.444135 -0.442599 -0.442141 -0.442556 -0.442995 -0.443087 -0.442989 -0.442563 -0.442139 -0.442599 -0.444132 -0.443078 -0.440356 -0.439743 -0.443904 -0.443524 -0.44522 -0.431479 -0.434657 -0.384594 -0.512491 
12.2 -13.7124 0.931103 2 4 8 16 22 26 30 38 45 51 60 67 74 81 86 90 87 82 75 67 60 51 45 38 31 26 22 16 8 4 2 -0.512214 -0.384841 -0.435485 -0.431979 -0.445884 -0.44314 -0.443462 -0.439522 -0.440538 -0.443322 -0.444165 -0.442332 -0.442073 -0.4428 -0.443023 -0.442837 -0.443017 -0.442807 -0.44207 -0.442332 -0.444162 -0.44333 -0.440527 -0.439535 -0.44345 -0.44315 -0.44588 -0.431978 -0.435485 -0.384841 -0.512214 
12.3 -13.7144 0.934138 2 4 8 16 23 28 31 39 46 53 61 67 77 82 88 90 89 83 77 68 61 54 46 39 31 28 23 16 8 4 2 -0.511891 -0.385103 -0.436391 -0.432351 -0.446459 -0.442685 -0.443011 -0.439363 -0.440748 -0.443543 -0.444161 -0.442077 -0.442024 -0.44304 -0.443045 -0.442589 -0.44304 -0.443047 -0.442021 -0.442078 -0.444157 -0.443552 -0.440736 -0.439377 -0.442998 -0.442695 -0.446455 -0.432351 -0.43639 -0.385103 -0.511891 
12.4 -13.716 0.93716 2 4 8 16 23 28 33 40 47 54 63 71 77 84 90 93 90 84 79 71 63 55 47 41 33 28 23 16 8 4 2 -0.511561 -0.385365 -0.43738 -0.432582 -0.446948 -0.442158 -0.44257 -0.439256 -0.440991 -0.443728 -0.444123 -0.441841 -0.441995 -0.443269 -0.443061 -0.442349 -0.443056 -0.443275 -0.441992 -0.441843 -0.444118 -0.443738 -0.440977 -0.439271 -0.442556 -0.442168 -0.446945 -0.432581 -0.43738 -0.385364 -0.511561 
12.5 -13.7173 0.940181 2 4 8 16 23 29 35 41 47 57 64 71 81 86 91 95 93 86 81 72 64 57 48 41 35 29 23 16 8 4 2 -0.511263 -0.385608 -0.43846 -0.432656 -0.447349 -0.441568 -0.442148 -0.439198 -0.44126 -0.443873 -0.444053 -0.441629 -0.441986 -0.443481 -0.443071 -0.442124 -0.443066 -0.443487 -0.441983 -0.441632 -0.444048 -0.443883 -0.441246 -0.439215 -0.442133 -0.441578 -0.447347 -0.432656 -0.43846 -0.385608 -0.511263 
12.6 -13.7184 0.943212 2 4 8 16 25 30 35 43 49 57 65 74 82 88 94 98 94 89 82 74 65 57 49 43 35 31 25 16 8 4 2 -0.511036 -0.385812 -0.439637 -0.432563 -0.447665 -0.440925 -0.441752 -0.439189 -0.44155 -0.443975 -0.443953 -0.441446 -0.441997 -0.443673 -0.443074 -0.441918 -0.44307 -0.443677 -0.441994 -0.441449 -0.443948 -0.443985 -0.441536 -0.439206 -0.441737 -0.440935 -0.447663 -0.432563 -0.439637 -0.385811 -0.511037 
12.7 -13.7193 0.946263 2 4 8 16 25 31 36 43 50 59 67 76 83 91 96 99 96 91 84 76 67 60 51 43 36 31 25 16 8 4 2 -0.51092 -0.385951 -0.440915 -0.432294 -0.447897 -0.440238 -0.441389 -0.439224 -0.441853 -0.444033 -0.443828 -0.441295 -0.442027 -0.443837 -0.44307 -0.441736 -0.443067 -0.443841 -0.442023 -0.441299 -0.443822 -0.444042 -0.441839 -0.43924 -0.441373 -0.440247 -0.447895 -0.432293 -0.440915 -0.38595 -0.510921 
12.8 -13.72 0.949345 2 4 8 16 25 31 39 46 52 61 70 77 85 92 97 101 97 93 85 78 70 61 52 46 39 31 25 16 8 4 2 -0.510951 -0.385998 -0.442301 -0.43184 -0.448047 -0.439516 -0.441064 -0.439298 -0.442164 -0.444043 -0.443681 -0.441179 -0.442074 -0.443972 -0.44306 -0.441583 -0.443058 -0.443975 -0.442071 -0.441183 -0.443675 -0.444052 -0.442151 -0.439315 -0.441049 -0.439524 -0.448047 -0.431839 -0.442301 -0.385998 -0.510952 
12.9 -13.7205 0.952466 2 4 8 16 26 33 39 46 53 62 70 79 87 95 99 102 99 95 87 80 70 63 53 46 39 33 26 16 8 4 2 -0.511166 -0.385926 -0.443799 -0.431197 -0.448122 -0.438767 -0.440783 -0.439407 -0.442475 -0.444008 -0.443515 -0.441101 -0.442137 -0.444074 -0.443044 -0.441461 -0.443043 -0.444075 -0.442134 -0.441105 -0.443509 -0.444016 -0.442463 -0.439423 -0.440769 -0.438774 -0.448122 -0.431197 -0.443799 -0.385925 -0.511167 
13 -13.7209 0.955632 2 4 8 16 26 34 41 47 56 64 72 82 88 97 101 105 101 97 89 82 73 64 56 48 41 34 26 16 8 4 2 -0.511596 -0.385703 -0.445412 -0.430364 -0.448127 -0.438 -0.440549 -0.439544 -0.44278 -0.443927 -0.443336 -0.44106 -0.442214 -0.44414 -0.443022 -0.441374 -0.443023 -0.44414 -0.442211 -0.441065 -0.443331 -0.443934 -0.442769 -0.439559 -0.440536 -0.438006 -0.448127 -0.430363 -0.445412 -0.385701 -0.511597 
13.1 -13.7212 0.958847 2 4 8 16 27 34 43 49 56 65 74 83 90 99 103 108 104 99 90 83 75 65 57 49 43 35 27 16 8 4 2 -0.512272 -0.3853 -0.447142 -0.42934 -0.448068 -0.437222 -0.440365 -0.439703 -0.443073 -0.443802 -0.443149 -0.441058 -0.442303 -0.44417 -0.442997 -0.441322 -0.442999 -0.444169 -0.442301 -0.441063 -0.443143 -0.443808 -0.443063 -0.439716 -0.440354 -0.437227 -0.448068 -0.429339 -0.447142 -0.385298 -0.512273 
13.2 -13.7215 0.962115 2 4 8 16 27 36 43 50 59 67 77 86 92 102 105 110 105 101 92 86 78 67 59 50 44 36 27 16 8 4 2 -0.513222 -0.384687 -0.448991 -0.428128 -0.447953 -0.436439 -0.440234 -0.439876 -0.443347 -0.443637 -0.442957 -0.441093 -0.442401 -0.444162 -0.442967 -0.441307 -0.44297 -0.44416 -0.442399 -0.441098 -0.442952 -0.443641 -0.44334 -0.439887 -0.440224 -0.436443 -0.447954 -0.428128 -0.448991 -0.384685 -0.513223 
13.3 -13.7217 0.965436 2 4 8 16 27 37 45 52 61 68 78 86 95 104 107 112 107 104 95 87 78 68 61 52 45 37 27 16 8 4 2 -0.514469 -0.383836 -0.450958 -0.426735 -0.447791 -0.435658 -0.440156 -0.440054 -0.443599 -0.443435 -0.442766 -0.441163 -0.442506 -0.444117 -0.442934 -0.441329 -0.442938 -0.444114 -0.442504 -0.441169 -0.442762 -0.443438 -0.443593 -0.440064 -0.440148 -0.435661 -0.447792 -0.426734 -0.450958 -0.383834 -0.514471 
13.4 -13.7218 0.96881 2 4 8 16 27 38 46 54 62 70 79 87 96 106 109 114 109 106 97 88 80 69 62 54 47 38 27 16 8 4 2 -0.516034 -0.382721 -0.453042 -0.425167 -0.447591 -0.434883 -0.440131 -0.440231 -0.443823 -0.4432 -0.44258 -0.441266 -0.442615 -0.444037 -0.442899 -0.441385 -0.442904 -0.444033 -0.442613 -0.441271 -0.442576 -0.443202 -0.443819 -0.440239 -0.440124 -0.434885 -0.447592 -0.425167 -0.453043 -0.382718 -0.516036 
13.5 -13.7219 0.972234 2 4 8 16 29 40 47 55 63 73 81 91 101 107 113 118 113 108 101 92 82 73 63 55 47 40 29 16 8 4 2 -0.517934 -0.381317 -0.45524 -0.423435 -0.447363 -0.434117 -0.440159 -0.440398 -0.444014 -0.442938 -0.442404 -0.441397 -0.442725 -0.443924 -0.442863 -0.441474 -0.442869 -0.443919 -0.442724 -0.441403 -0.4424 -0.442938 -0.444012 -0.440404 -0.440153 -0.434118 -0.447364 -0.423435 -0.455241 -0.381314 -0.517936 
13.6 -13.722 0.975703 2 4 8 16 29 40 48 57 64 74 84 93 102 109 115 119 115 110 103 93 85 74 64 57 49 40 29 16 8 4 2 -0.520181 -0.379603 -0.457547 -0.421551 -0.447118 -0.433364 -0.440237 -0.440546 -0.444171 -0.442654 -0.44224 -0.441554 -0.442835 -0.443781 -0.442827 -0.441594 -0.442833 -0.443775 -0.442833 -0.441559 -0.442237 -0.442653 -0.44417 -0.440551 -0.440233 -0.433365 -0.447118 -0.421551 -0.457548 -0.3796 -0.520182 
13.7 -13.7221 0.979212 2 4 8 16 29 41 49 58 66 76 85 95 104 112 116 122 116 112 104 95 85 76 66 59 49 42 29 16 8 4 2 -0.522784 -0.377564 -0.459958 -0.419528 -0.446865 -0.432624 -0.440363 -0.440668 -0.444291 -0.442353 -0.442094 -0.44173 -0.44294 -0.443611 -0.442791 -0.44174 -0.442797 -0.443605 -0.442939 -0.441735 -0.442091 -0.442352 -0.444291 -0.440671 -0.44036 -0.432625 -0.446864 -0.419528 -0.45996 -0.377561 -0.522785 
13.8 -13.7221 0.982756 2 4 8 16 29 42 50 59 68 77 87 97 105 115 118 124 118 115 106 97 87 77 69 59 50 42 29 16 8 4 2 -0.525746 -0.375187 -0.462466 -0.41738 -0.446616 -0.431899 -0.440534 -0.440755 -0.444371 -0.442042 -0.441967 -0.441921 -0.443039 -0.443419 -0.442757 -0.441909 -0.442763 -0.443413 -0.443038 -0.441925 -0.441965 -0.442041 -0.444373 -0.440757 -0.440532 -0.4319 -0.446615 -0.41738 -0.462468 -0.375183 -0.525748 
13.9 -13.7221 0.986326 2 4 8 16 30 42 52 60 70 80 89 99 108 116 120 125 120 117 108 100 90 81 71 61 53 42 30 16 8 4 2 -0.529069 -0.372463 -0.465063 -0.415122 -0.446382 -0.431188 -0.440745 -0.4408 -0.444413 -0.441727 -0.441862 -0.442121 -0.443129 -0.44321 -0.442725 -0.442096 -0.442731 -0.443204 -0.443129 -0.442125 -0.44186 -0.441725 -0.444415 -0.440801 -0.440744 -0.431188 -0.446381 -0.415123 -0.465065 -0.37246 -0.52907 
14 -13.7222 0.989914 2 4 8 16 30 44 54 63 72 82 92 103 110 118 122 127 122 118 111 103 92 83 72 63 54 44 30 16 8 4 2 -0.532746 -0.369392 -0.46774 -0.412771 -0.446175 -0.430488 -0.440993 -0.440796 -0.444416 -0.441412 -0.441781 -0.442324 -0.443209 -0.442989 -0.442696 -0.442296 -0.442702 -0.442983 -0.44321 -0.442327 -0.441779 -0.44141 -0.444418 -0.440796 -0.440993 -0.43049 -0.446173 -0.412772 -0.467743 -0.369388 -0.532747 
14.1 -13.7222 0.993512 2 4 8 16 30 45 54 64 75 85 94 105 113 120 126 130 126 121 113 105 94 85 76 64 54 45 30 16 8 4 2 -0.536768 -0.365976 -0.470487 -0.410342 -0.446005 -0.429799 -0.441273 -0.440737 -0.444381 -0.441104 -0.441725 -0.442525 -0.443277 -0.442761 -0.44267 -0.442504 -0.442676 -0.442756 -0.443278 -0.442528 -0.441724 -0.441102 -0.444383 -0.440736 -0.441273 -0.429801 -0.446002 -0.410343 -0.47049 -0.365972 -0.536769 
14.2 -13.7222 0.997111 2 4 8 16 30 46 57 67 76 86 95 106 115 123 128 132 128 123 115 106 95 86 76 67 57 46 30 16 8 4 2 -0.541123 -0.362223 -0.473294 -0.407852 -0.445882 -0.429116 -0.441581 -0.440617 -0.444311 -0.440807 -0.441695 -0.442718 -0.443331 -0.442533 -0.442649 -0.442713 -0.442654 -0.442527 -0.443333 -0.442719 -0.441694 -0.440805 -0.444313 -0.440616 -0.441581 -0.429118 -0.445879 -0.407853 -0.473297 -0.36222 -0.541124 
14.3 -13.7222 1.0007 2 4 8 16 31 47 58 68 79 88 97 108 117 127 130 133 129 127 117 108 97 88 80 68 58 47 31 16 8 4 2 -0.545791 -0.35815 -0.476149 -0.405315 -0.445819 -0.428434 -0.44191 -0.440432 -0.444208 -0.440525 -0.44169 -0.442896 -0.443371 -0.442308 -0.442632 -0.442919 -0.442637 -0.442303 -0.443373 -0.442897 -0.44169 -0.440524 -0.44421 -0.440431 -0.44191 -0.428437 -0.445815 -0.405316 -0.476152 -0.358146 -0.545791 
14.4 -13.7222 1.00427 2 4 8 16 31 47 59 69 81 89 100 110 119 128 131 136 131 128 119 111 101 91 82 70 59 47 31 16 8 4 2 -0.550749 -0.353775 -0.47904 -0.402747 -0.445824 -0.427749 -0.442258 -0.440178 -0.444076 -0.440262 -0.441711 -0.443056 -0.443395 -0.442093 -0.442621 -0.443117 -0.442625 -0.442089 -0.443398 -0.443056 -0.441711 -0.440261 -0.444077 -0.440176 -0.442258 -0.427752 -0.445819 -0.402748 -0.479044 -0.353772 -0.550749 
14.5 -13.7222 1.00782 2 4 8 16 31 47 60 73 83 93 102 113 121 131 135 139 135 131 121 113 103 93 83 73 60 48 31 16 8 4 2 -0.555971 -0.349124 -0.481957 -0.400162 -0.445907 -0.427054 -0.442619 -0.439851 -0.443918 -0.44002 -0.441756 -0.443192 -0.443404 -0.441893 -0.442614 -0.4433 -0.442617 -0.441889 -0.443407 -0.443191 -0.441756 -0.44002 -0.443919 -0.439849 -0.442619 -0.427058 -0.445902 -0.400163 -0.481961 -0.349122 -0.555971 
14.6 -13.7222 1.01133 2 4 8 16 31 48 62 74 84 95 106 115 124 133 137 140 137 134 125 115 106 95 84 74 63 49 31 16 8 4 2 -0.561427 -0.344229 -0.484887 -0.397573 -0.446077 -0.426342 -0.442989 -0.43945 -0.44374 -0.439802 -0.441823 -0.4433 -0.443397 -0.441712 -0.442612 -0.443465 -0.442614 -0.441708 -0.443401 -0.443298 -0.441823 -0.439803 -0.44374 -0.439448 -0.44299 -0.426346 -0.446072 -0.397574 -0.484891 -0.344227 -0.561426 
14.7 -13.7222 1.01479 2 4 8 16 31 50 64 76 87 96 108 117 126 137 140 145 140 137 127 118 108 97 87 76 64 50 31 16 8 4 2 -0.567082 -0.339126 -0.487818 -0.394992 -0.446343 -0.425605 -0.443366 -0.438975 -0.443545 -0.439608 -0.441911 -0.443377 -0.443376 -0.441553 -0.442615 -0.443608 -0.442616 -0.44155 -0.44338 -0.443373 -0.441911 -0.439609 -0.443545 -0.438973 -0.443367 -0.42561 -0.446337 -0.394992 -0.487822 -0.339124 -0.567081 
14.8 -13.7222 1.01821 2 4 8 16 32 50 64 77 90 99 110 120 131 139 142 147 144 139 130 120 109 100 90 77 64 50 32 16 8 4 2 -0.572899 -0.333853 -0.490739 -0.392429 -0.446711 -0.424835 -0.443747 -0.438424 -0.443339 -0.439438 -0.442016 -0.443418 -0.443341 -0.441421 -0.442623 -0.443723 -0.442623 -0.441418 -0.443346 -0.443414 -0.442016 -0.43944 -0.443338 -0.438422 -0.443747 -0.42484 -0.446706 -0.39243 -0.490742 -0.333852 -0.572898 
14.9 -13.7222 1.02157 2 4 8 16 32 50 66 79 90 102 111 123 132 141 146 149 145 141 133 123 112 102 91 80 66 50 32 16 8 4 2 -0.578839 -0.328456 -0.493637 -0.389894 -0.447189 -0.424023 -0.444129 -0.437801 -0.443126 -0.439292 -0.442136 -0.443422 -0.443293 -0.441317 -0.442635 -0.44381 -0.442635 -0.441315 -0.443298 -0.443418 -0.442136 -0.439294 -0.443126 -0.437798 -0.44413 -0.424028 -0.447183 -0.389895 -0.49364 -0.328456 -0.578837 
15 -13.7222 1.02488 2 4 8 16 32 51 67 82 93 105 115 125 135 144 149 155 149 145 137 125 115 106 93 82 67 51 32 16 8 4 2 -0.584859 -0.322981 -0.496502 -0.387395 -0.447783 -0.42316 -0.444512 -0.437106 -0.442912 -0.439167 -0.442268 -0.443389 -0.443233 -0.441244 -0.442652 -0.443865 -0.442651 -0.441242 -0.443239 -0.443383 -0.442269 -0.439169 -0.442912 -0.437103 -0.444513 -0.423166 -0.447777 -0.387396 -0.496504 -0.322982 -0.584857 
15.1 -13.7222 1.02812 2 4 8 16 32 52 68 83 95 107 118 128 138 145 151 156 150 146 138 128 118 107 95 83 69 52 32 16 8 4 2 -0.590916 -0.317478 -0.499324 -0.384938 -0.448497 -0.422237 -0.444896 -0.436342 -0.442702 -0.43906 -0.442409 -0.443316 -0.443165 -0.441201 -0.442672 -0.443887 -0.44267 -0.441201 -0.44317 -0.44331 -0.442409 -0.439063 -0.442702 -0.436339 -0.444897 -0.422242 -0.448491 -0.384939 -0.499325 -0.317479 -0.590913 
15.2 -13.7222 1.03129 2 4 8 16 32 52 70 85 96 109 120 132 139 149 154 159 153 148 139 132 121 109 97 85 70 52 32 16 8 4 2 -0.596965 -0.311997 -0.502093 -0.382529 -0.449336 -0.421242 -0.445281 -0.435514 -0.442501 -0.438969 -0.442554 -0.443204 -0.443088 -0.44119 -0.442695 -0.443875 -0.442692 -0.44119 -0.443093 -0.443198 -0.442555 -0.438972 -0.442501 -0.43551 -0.445283 -0.421247 -0.44933 -0.38253 -0.502093 -0.311999 -0.596963 
15.3 -13.7222 1.0344 2 4 8 16 32 52 71 87 100 112 123 135 142 152 155 162 156 152 142 135 124 112 100 87 71 52 32 16 8 4 2 -0.602962 -0.30659 -0.5048 -0.38017 -0.450304 -0.420168 -0.445669 -0.434626 -0.442312 -0.438888 -0.442701 -0.443054 -0.443006 -0.441209 -0.44272 -0.44383 -0.442717 -0.44121 -0.44301 -0.443048 -0.442702 -0.43889 -0.442313 -0.434621 -0.445671 -0.420173 -0.450298 -0.380172 -0.504799 -0.306594 -0.60296 
15.4 -13.7222 1.03745 2 4 8 16 32 53 72 89 102 114 125 138 146 153 158 164 159 154 147 138 126 114 102 89 72 53 32 16 8 4 2 -0.608863 -0.301309 -0.507438 -0.377865 -0.451404 -0.419003 -0.446062 -0.433683 -0.442141 -0.438813 -0.442845 -0.442868 -0.44292 -0.441257 -0.442748 -0.443753 -0.442744 -0.441258 -0.442924 -0.442862 -0.442847 -0.438814 -0.442143 -0.433678 -0.446064 -0.419008 -0.451397 -0.377868 -0.507437 -0.301313 -0.60886 
15.5 -13.7222 1.04045 2 4 8 16 32 53 73 90 103 116 128 140 149 156 161 167 162 156 149 140 129 116 103 90 73 53 32 16 8 4 2 -0.614623 -0.296204 -0.510001 -0.375613 -0.452637 -0.417741 -0.446463 -0.432691 -0.44199 -0.438737 -0.442985 -0.442649 -0.442833 -0.44133 -0.442776 -0.443644 -0.442772 -0.441333 -0.442836 -0.442643 -0.442986 -0.438738 -0.441993 -0.432685 -0.446465 -0.417745 -0.452631 -0.375616 -0.509999 -0.296209 -0.61462 
15.6 -13.7222 1.04338 2 4 8 16 32 53 73 93 106 119 130 142 151 159 164 170 164 160 151 143 131 119 105 93 73 53 32 16 8 4 2 -0.620201 -0.291323 -0.512484 -0.373414 -0.454005 -0.416371 -0.446875 -0.431656 -0.441864 -0.438655 -0.443115 -0.442398 -0.442747 -0.441427 -0.442805 -0.443508 -0.442801 -0.44143 -0.442749 -0.442393 -0.443117 -0.438655 -0.441868 -0.43165 -0.446877 -0.416376 -0.453999 -0.373418 -0.512481 -0.291328 -0.620198 
