time energy SvN bondDim localEnergy 
0 -9.02821 0.195328 2 4 8 13 13 13 13 13 13 13 13 13 13 13 13 13 13 13 13 13 8 4 2 -0.474304 -0.352261 -0.397467 -0.381654 -0.38788 -0.385654 -0.386472 -0.386175 -0.386284 -0.386244 -0.386259 -0.386251 -0.38626 -0.386241 -0.386292 -0.386152 -0.386535 -0.385495 -0.388375 -0.380563 -0.402489 -0.34472 -0.498181 
0.25 -9.02823 0.195356 2 4 8 13 12 13 12 12 12 13 13 12 13 12 12 12 11 12 12 13 8 4 2 -0.474304 -0.352261 -0.397467 -0.381654 -0.38788 -0.385654 -0.386472 -0.386175 -0.386284 -0.386242 -0.386264 -0.386265 -0.386265 -0.386238 -0.386292 -0.386152 -0.386535 -0.385495 -0.388375 -0.380563 -0.402489 -0.34472 -0.498181 
0.5 -9.03086 0.206168 2 4 8 13 12 13 12 12 12 13 13 12 13 12 12 12 11 12 12 13 8 4 2 -0.474304 -0.352261 -0.397467 -0.381655 -0.38788 -0.385655 -0.386483 -0.38618 -0.386315 -0.385486 -0.387281 -0.388343 -0.387357 -0.38541 -0.386276 -0.386149 -0.386534 -0.385495 -0.388375 -0.380563 -0.402489 -0.34472 -0.498181 
0.75 -9.03849 0.245885 2 4 8 13 12 13 12 12 12 13 13 12 13 12 12 12 11 12 12 13 8 4 2 -0.474304 -0.352261 -0.397467 -0.381655 -0.38788 -0.385655 -0.386527 -0.386185 -0.386466 -0.382561 -0.390578 -0.395097 -0.390943 -0.382187 -0.386249 -0.386125 -0.386532 -0.385494 -0.388375 -0.380563 -0.402489 -0.344721 -0.498181 
1 -9.04552 0.304897 2 4 8 13 12 13 12 12 12 13 13 12 12 12 12 12 11 12 12 13 8 4 2 -0.474304 -0.352261 -0.397467 -0.381654 -0.387882 -0.385657 -0.386595 -0.386161 -0.386439 -0.378685 -0.392539 -0.406278 -0.393439 -0.377849 -0.385935 -0.38603 -0.386526 -0.385491 -0.388375 -0.380563 -0.402489 -0.344721 -0.498181 
1.25 -9.05267 0.371174 2 4 8 13 12 13 12 12 12 13 11 11 11 12 12 12 11 12 12 13 8 4 2 -0.474304 -0.352261 -0.397467 -0.381654 -0.387887 -0.385683 -0.386659 -0.38614 -0.384602 -0.37784 -0.393638 -0.41701 -0.395079 -0.376669 -0.383666 -0.385792 -0.386506 -0.385481 -0.388377 -0.380563 -0.40249 -0.344721 -0.498181 
1.5 -9.06219 0.436246 2 4 8 13 12 12 12 12 12 11 11 10 11 11 12 12 11 12 12 13 8 4 2 -0.474304 -0.352261 -0.397467 -0.381655 -0.387896 -0.385726 -0.386689 -0.385952 -0.381429 -0.378542 -0.396891 -0.42593 -0.398657 -0.377312 -0.379986 -0.38526 -0.38644 -0.385461 -0.388379 -0.380563 -0.40249 -0.344721 -0.498181 
1.75 -9.06881 0.496525 2 4 8 13 12 12 12 12 12 11 11 10 11 11 12 12 11 12 12 13 8 4 2 -0.474304 -0.352261 -0.397467 -0.381657 -0.387929 -0.385763 -0.386711 -0.384074 -0.380208 -0.378209 -0.400628 -0.432539 -0.40249 -0.377189 -0.378458 -0.3829 -0.38627 -0.385421 -0.388376 -0.380563 -0.40249 -0.344721 -0.498181 
2 -9.08056 0.551465 2 4 8 13 12 12 12 12 12 11 12 11 11 11 12 12 11 12 12 13 8 4 2 -0.474304 -0.352261 -0.397469 -0.38166 -0.387985 -0.385758 -0.386731 -0.380325 -0.3815 -0.381258 -0.404221 -0.436523 -0.406087 -0.380505 -0.379757 -0.378574 -0.385991 -0.385334 -0.388366 -0.380562 -0.402491 -0.344721 -0.498181 
2.25 -9.08593 0.601111 2 4 8 12 11 12 12 12 12 12 12 12 11 12 13 12 11 12 12 12 8 4 2 -0.474304 -0.352261 -0.397472 -0.381679 -0.388046 -0.38572 -0.385533 -0.377587 -0.379191 -0.386336 -0.407663 -0.437831 -0.409412 -0.385775 -0.37791 -0.37539 -0.384389 -0.385135 -0.38834 -0.380556 -0.402492 -0.344721 -0.498181 
2.5 -9.09716 0.644978 2 4 8 12 11 12 13 13 12 12 13 14 12 13 13 13 12 12 11 12 8 4 2 -0.474304 -0.352262 -0.397478 -0.381722 -0.388076 -0.385695 -0.382278 -0.377968 -0.379375 -0.392204 -0.410792 -0.436736 -0.412382 -0.391923 -0.378676 -0.375621 -0.380634 -0.38482 -0.38828 -0.380542 -0.402494 -0.344721 -0.498182 
2.75 -9.10346 0.6826 2 4 8 12 11 12 12 13 13 13 14 14 13 13 13 13 12 12 11 12 8 4 2 -0.474304 -0.352263 -0.397497 -0.381772 -0.388072 -0.384742 -0.379304 -0.375581 -0.381309 -0.398616 -0.413453 -0.433736 -0.414832 -0.398601 -0.381108 -0.37354 -0.377242 -0.38346 -0.388126 -0.380512 -0.402492 -0.344721 -0.498182 
3 -9.11391 0.714635 2 4 8 12 11 12 13 13 12 14 16 15 14 15 13 13 12 12 11 12 8 4 2 -0.474305 -0.352267 -0.397543 -0.381797 -0.38808 -0.3817 -0.379258 -0.374868 -0.383855 -0.405131 -0.415529 -0.429454 -0.416646 -0.405385 -0.38416 -0.373285 -0.377059 -0.379886 -0.387859 -0.380451 -0.402483 -0.344721 -0.498183 
3.25 -9.12222 0.743076 2 4 8 12 11 12 13 13 14 16 18 18 17 15 14 14 12 12 11 12 8 4 2 -0.474308 -0.352276 -0.397602 -0.381775 -0.387641 -0.377958 -0.377647 -0.376438 -0.387096 -0.411274 -0.416958 -0.424564 -0.417781 -0.411748 -0.387822 -0.375279 -0.375724 -0.375606 -0.387044 -0.38031 -0.40246 -0.344719 -0.498184 
3.5 -9.13106 0.770273 2 4 8 12 11 12 13 14 14 17 19 18 19 17 15 14 12 12 12 12 8 4 2 -0.474313 -0.352309 -0.397645 -0.381751 -0.385196 -0.376951 -0.375539 -0.378834 -0.39098 -0.41661 -0.417736 -0.419708 -0.418266 -0.417215 -0.392026 -0.378085 -0.374128 -0.374316 -0.384101 -0.380044 -0.402411 -0.34471 -0.498185 
3.75 -9.14046 0.797744 2 4 8 12 11 13 13 15 15 18 20 19 19 19 15 14 13 12 12 12 8 4 2 -0.474321 -0.35236 -0.39764 -0.381495 -0.381447 -0.37592 -0.375552 -0.381989 -0.395309 -0.420791 -0.417925 -0.415432 -0.418188 -0.421436 -0.396569 -0.381635 -0.374651 -0.373382 -0.379813 -0.379436 -0.402294 -0.344691 -0.498185 
4 -9.14824 0.825943 2 4 8 12 11 13 14 15 15 19 20 22 20 20 16 15 13 13 13 12 8 4 2 -0.474354 -0.352405 -0.397624 -0.379404 -0.379934 -0.373415 -0.376237 -0.385905 -0.39983 -0.423589 -0.417642 -0.412135 -0.417678 -0.424202 -0.401175 -0.385895 -0.375792 -0.37129 -0.377986 -0.376868 -0.402047 -0.344654 -0.498177 
4.25 -9.16017 0.855036 2 4 8 12 11 13 14 16 16 20 23 24 22 20 18 16 14 14 13 12 8 4 2 -0.474405 -0.352415 -0.397531 -0.375684 -0.380065 -0.373224 -0.377446 -0.390422 -0.404252 -0.424928 -0.417032 -0.410044 -0.416897 -0.425457 -0.40557 -0.390718 -0.377453 -0.371582 -0.378118 -0.372596 -0.401606 -0.344574 -0.498154 
4.5 -9.16623 0.885604 2 4 8 12 12 13 15 17 18 21 25 26 24 21 19 17 14 14 13 12 8 4 2 -0.474446 -0.352411 -0.395987 -0.373315 -0.376551 -0.374064 -0.37938 -0.395315 -0.40829 -0.424889 -0.416247 -0.409213 -0.416006 -0.4253 -0.409495 -0.395841 -0.37974 -0.372823 -0.375016 -0.369839 -0.399558 -0.344397 -0.498104 
4.75 -9.17811 0.918391 2 4 8 12 12 13 16 18 19 22 26 28 26 23 20 19 14 14 13 13 8 4 2 -0.474434 -0.352435 -0.392401 -0.373814 -0.375167 -0.375287 -0.382052 -0.400313 -0.411698 -0.423687 -0.415424 -0.409537 -0.415151 -0.423965 -0.412734 -0.400988 -0.382708 -0.374489 -0.374139 -0.370241 -0.395316 -0.344137 -0.497994 
5 -9.18394 0.953467 2 4 8 13 13 14 16 20 21 25 27 31 28 25 22 20 16 15 15 13 8 4 2 -0.47436 -0.351493 -0.389272 -0.370749 -0.374919 -0.377092 -0.385404 -0.405114 -0.414307 -0.421634 -0.414672 -0.410799 -0.414439 -0.421784 -0.415143 -0.40587 -0.386261 -0.376664 -0.37428 -0.367554 -0.391557 -0.342829 -0.497746 
5.25 -9.19546 0.989948 2 4 8 13 13 15 18 21 22 27 31 34 30 26 23 21 18 15 15 13 8 4 2 -0.474252 -0.348681 -0.388962 -0.369591 -0.37489 -0.379505 -0.389307 -0.409424 -0.416044 -0.419094 -0.414069 -0.412705 -0.413936 -0.419136 -0.416667 -0.410206 -0.390274 -0.379421 -0.374663 -0.366908 -0.390795 -0.339599 -0.497326 
5.5 -9.20299 1.02664 2 4 8 13 15 16 20 22 23 28 35 38 34 30 25 23 19 17 15 13 8 4 2 -0.473304 -0.345955 -0.385812 -0.369987 -0.375314 -0.382498 -0.393566 -0.412996 -0.416929 -0.416432 -0.413659 -0.414935 -0.413664 -0.416397 -0.417343 -0.413758 -0.394569 -0.382697 -0.375424 -0.367762 -0.387555 -0.336536 -0.495896 
5.75 -9.21215 1.06289 2 4 8 14 15 18 20 24 25 33 39 43 38 34 27 24 20 19 16 14 8 4 2 -0.469984 -0.346384 -0.382543 -0.370582 -0.376308 -0.385996 -0.397936 -0.415656 -0.417063 -0.413973 -0.413459 -0.417175 -0.413611 -0.413897 -0.417289 -0.416357 -0.398925 -0.386402 -0.376693 -0.368832 -0.384338 -0.336938 -0.491805 
6 -9.22101 1.09865 2 4 8 14 16 19 21 25 28 36 43 47 42 36 29 26 21 20 17 15 8 4 2 -0.46502 -0.34661 -0.380926 -0.371442 -0.377912 -0.389866 -0.402162 -0.417326 -0.416605 -0.411971 -0.413465 -0.419146 -0.413748 -0.411888 -0.416677 -0.417933 -0.403099 -0.390415 -0.378502 -0.370152 -0.382725 -0.337556 -0.485865 
6.25 -9.23144 1.13397 2 4 8 15 17 21 23 28 33 40 46 51 45 42 32 28 23 21 20 15 8 4 2 -0.461157 -0.346264 -0.379562 -0.372691 -0.380139 -0.393929 -0.406005 -0.418023 -0.41574 -0.410595 -0.413652 -0.420631 -0.414032 -0.410532 -0.415706 -0.418512 -0.406862 -0.394571 -0.380852 -0.371817 -0.381331 -0.337897 -0.48094 
6.5 -9.24358 1.16851 2 4 8 15 19 21 25 31 35 44 51 58 51 44 37 31 24 22 20 15 8 4 2 -0.456156 -0.347917 -0.378343 -0.374356 -0.382957 -0.397974 -0.409269 -0.41785 -0.41466 -0.409922 -0.41398 -0.421492 -0.414416 -0.409895 -0.414574 -0.418215 -0.41002 -0.39867 -0.383734 -0.373857 -0.380087 -0.340263 -0.474977 
6.75 -9.24364 1.20175 2 4 8 15 20 24 26 34 39 47 56 64 56 49 40 34 26 23 21 15 8 4 2 -0.44504 -0.349724 -0.377365 -0.376428 -0.386286 -0.401787 -0.411817 -0.416976 -0.413542 -0.409946 -0.414401 -0.421679 -0.414847 -0.409962 -0.413455 -0.417228 -0.412447 -0.402499 -0.387094 -0.376234 -0.379012 -0.342765 -0.463111 
7 -9.24364 1.23347 2 4 8 16 22 25 28 38 42 53 64 70 62 54 45 38 28 26 22 16 8 4 2 -0.434596 -0.351149 -0.376608 -0.378839 -0.389997 -0.405168 -0.413587 -0.415613 -0.412533 -0.410585 -0.414862 -0.42123 -0.415276 -0.410643 -0.412487 -0.415773 -0.414088 -0.40586 -0.390822 -0.378878 -0.378152 -0.34495 -0.451948 
7.25 -9.24364 1.26398 2 4 8 16 23 28 32 42 49 60 70 77 69 60 49 42 31 27 23 16 8 4 2 -0.424878 -0.352378 -0.376114 -0.381462 -0.393921 -0.40795 -0.414585 -0.413991 -0.411747 -0.4117 -0.415307 -0.420259 -0.415655 -0.411794 -0.411768 -0.414082 -0.414963 -0.40859 -0.394759 -0.381671 -0.377536 -0.346972 -0.441563 
7.5 -9.24364 1.29378 2 4 8 16 25 30 35 45 52 65 77 85 75 66 54 44 35 31 26 16 8 4 2 -0.415953 -0.353497 -0.375995 -0.384125 -0.397858 -0.410018 -0.414882 -0.412332 -0.411251 -0.413116 -0.415691 -0.418928 -0.415948 -0.413236 -0.411357 -0.412376 -0.415153 -0.410582 -0.398705 -0.384447 -0.377288 -0.34887 -0.432038 
7.75 -9.24365 1.32321 2 4 8 16 26 34 40 49 58 72 83 94 82 72 59 49 39 34 26 16 8 4 2 -0.407941 -0.354491 -0.376407 -0.386638 -0.401591 -0.411311 -0.414596 -0.410829 -0.411073 -0.41464 -0.415976 -0.41743 -0.416133 -0.414776 -0.411267 -0.410846 -0.414784 -0.411785 -0.402439 -0.387021 -0.377591 -0.350583 -0.423498 
8 -9.24365 1.35242 2 4 8 16 27 38 44 54 64 79 92 104 92 80 66 56 42 39 28 16 8 4 2 -0.401006 -0.355255 -0.377508 -0.38881 -0.404909 -0.411822 -0.413879 -0.409635 -0.411201 -0.416087 -0.416144 -0.415953 -0.416204 -0.416226 -0.41148 -0.409641 -0.414013 -0.412206 -0.40575 -0.389207 -0.37863 -0.351973 -0.416107 
8.25 -9.24365 1.38164 2 4 8 16 28 41 48 60 70 87 103 118 102 89 71 60 48 42 28 16 8 4 2 -0.395348 -0.355628 -0.379422 -0.390472 -0.407632 -0.411598 -0.412893 -0.408848 -0.411593 -0.417295 -0.416193 -0.414666 -0.41617 -0.417426 -0.411942 -0.408857 -0.413004 -0.411898 -0.40846 -0.390844 -0.380546 -0.352859 -0.410053 
