t=0 enPsi MaxDimPsi enPhi MaxDimPhi Sz(x,y)Sz(Lx/2,0) 
0 -24.0447 10 -23.4234 10 -28.4249 0 -26.8333 0 -28.4028 0 -26.8145 0 -28.4015 0 -26.8138 0 -28.5019 0 -26.6068 0 -28.5018 0 -26.8138 0 -28.4011 0 -26.8138 0 -28.3998 0 -26.8137 0 -28.3998 0 -26.8137 0 -28.3998 0 -26.8137 0 -28.3998 0 -26.8137 0 -28.3998 0 -26.8137 0 -28.3998 0 -26.8137 0 -28.3998 0 -26.8137 0 -28.3998 0 -26.8133 0 -28.3992 0 -26.8107 0 -28.3802 0 -26.7887 0 
t enPhi MaxDimPhi Sz(x,y)Sz(Lx/2,0) 
0.25 -23.4234 10 -24.321 14.7127 -22.9592 13.8889 -24.3021 14.7013 -22.9431 13.8792 -24.301 14.7009 -22.9442 13.8784 -24.3248 14.7985 -22.886 13.6799 -24.3248 14.7985 -22.9442 13.8784 -24.3006 14.7007 -22.9426 13.8788 -24.2996 14.6997 -22.9424 13.8788 -24.2996 14.6997 -22.9424 13.8787 -24.2996 14.6997 -22.9424 13.8787 -24.2996 14.6997 -22.9424 13.8787 -24.2996 14.6997 -22.9424 13.8787 -24.2996 14.6997 -22.9424 13.8787 -24.2996 14.6997 -22.9424 13.8787 -24.2995 14.6997 -22.9421 13.8785 -24.299 14.6994 -22.9399 13.8772 -24.2828 14.6896 -22.921 13.8658 
0.5 -23.4234 11 -13.1943 25.177 -12.4556 23.7673 -13.1841 25.1575 -12.4468 23.7507 -13.1828 25.1571 -12.448 23.7531 -13.0935 25.2038 -12.6218 23.6417 -13.0935 25.2038 -12.448 23.7531 -13.1827 25.1567 -12.4465 23.7502 -13.1827 25.1549 -12.4465 23.75 -13.1827 25.1549 -12.4465 23.75 -13.1827 25.1549 -12.4465 23.75 -13.1827 25.1549 -12.4465 23.75 -13.1827 25.1549 -12.4465 23.75 -13.1827 25.1549 -12.4465 23.75 -13.1827 25.1549 -12.4464 23.7499 -13.1827 25.1548 -12.4463 23.7496 -13.1824 25.1543 -12.4451 23.7473 -13.1736 25.1375 -12.4348 23.7278 
0.75 -23.4234 11 1.74222 28.3714 1.6447 26.7829 1.74084 28.3494 1.64367 26.7642 1.74291 28.3481 1.64734 26.7666 1.81021 28.2725 1.492 26.9015 1.81018 28.2725 1.64734 26.7666 1.74288 28.3477 1.64363 26.7635 1.74066 28.3465 1.6435 26.7633 1.74069 28.3464 1.64347 26.7633 1.74069 28.3464 1.64347 26.7633 1.74069 28.3464 1.64347 26.7633 1.74069 28.3464 1.64347 26.7633 1.74069 28.3464 1.64347 26.7633 1.74069 28.3464 1.64347 26.7633 1.74068 28.3464 1.64345 26.7629 1.74065 28.3458 1.64329 26.7603 1.73949 28.3269 1.64193 26.7383 
1 -23.4234 11 16.1757 23.3735 15.27 22.0647 16.1632 23.3554 15.2596 22.0492 16.1644 23.3513 15.2642 22.0449 16.1076 23.2672 15.3495 22.2312 16.1076 23.2672 15.2642 22.0449 16.1642 23.351 15.2593 22.0486 16.1615 23.353 15.2589 22.0486 16.1615 23.3529 15.2588 22.0486 16.1615 23.3529 15.2588 22.0486 16.1615 23.3529 15.2588 22.0486 16.1615 23.3529 15.2588 22.0486 16.1615 23.3529 15.2588 22.0486 16.1614 23.3529 15.2588 22.0486 16.1614 23.3528 15.2586 22.0483 16.1611 23.3524 15.2571 22.0462 16.1503 23.3368 15.2446 22.028 
1.25 -23.4234 11 25.9384 11.6264 24.486 10.9754 25.9184 11.6173 24.4691 10.9671 25.915 11.6122 24.4655 10.96 25.8191 11.6464 24.6674 10.931 25.8191 11.6464 24.4654 10.9599 25.9147 11.6121 24.4685 10.9669 25.9157 11.6161 24.4682 10.9673 25.9156 11.6161 24.4682 10.9674 25.9156 11.6161 24.4682 10.9674 25.9156 11.6161 24.4682 10.9674 25.9156 11.6161 24.4682 10.9674 25.9155 11.6161 24.4682 10.9674 25.9155 11.6161 24.4681 10.9674 25.9155 11.6161 24.4678 10.9672 25.915 11.6159 24.4655 10.9662 25.8977 11.6081 24.4453 10.9571 
1.5 -23.4234 11 28.2113 -3.47791 26.6317 -3.28315 28.1895 -3.47539 26.6125 -3.28148 28.1818 -3.47562 26.6031 -3.28002 28.191 -3.37382 26.6324 -3.48091 28.191 -3.37382 26.603 -3.28003 28.1815 -3.47555 26.6118 -3.28142 28.1865 -3.47502 26.6122 -3.28076 28.1865 -3.47483 26.6122 -3.28075 28.1865 -3.47482 26.6122 -3.28075 28.1865 -3.47482 26.6122 -3.28075 28.1865 -3.47482 26.6122 -3.28075 28.1865 -3.47482 26.6122 -3.28075 28.1865 -3.47482 26.6122 -3.28075 28.1864 -3.47481 26.6119 -3.2807 28.1858 -3.47474 26.6093 -3.28039 28.167 -3.47242 26.5874 -3.27768 
1.75 -23.4234 11 22.3381 -17.5779 21.0873 -16.5936 22.3205 -17.5644 21.0715 -16.5818 22.3159 -17.5574 21.0699 -16.5713 22.4174 -17.5407 20.8865 -16.656 22.4174 -17.5407 21.0698 -16.5713 22.3156 -17.5571 21.0709 -16.5814 22.3182 -17.5626 21.0719 -16.5815 22.3184 -17.5624 21.0719 -16.5816 22.3184 -17.5624 21.0719 -16.5816 22.3184 -17.5624 21.0719 -16.5816 22.3184 -17.5624 21.0719 -16.5816 22.3184 -17.5624 21.0719 -16.5816 22.3184 -17.5624 21.0719 -16.5815 22.3184 -17.5624 21.0716 -16.5813 22.3179 -17.562 21.0696 -16.5797 22.303 -17.5503 21.0523 -16.5661 
2 -23.4234 12 10.0147 -26.6022 9.45398 -25.1127 10.0066 -26.5814 9.44697 -25.0937 10.0108 -26.5741 9.45742 -25.089 10.0526 -26.669 9.32487 -24.9379 10.0526 -26.6691 9.4574 -25.0889 10.0106 -26.5738 9.44672 -25.0931 10.0055 -26.5786 9.44706 -25.0943 10.0059 -26.5788 9.44705 -25.0944 10.0059 -26.5788 9.44705 -25.0944 10.0059 -26.5788 9.44705 -25.0944 10.0059 -26.5788 9.44705 -25.0944 10.0059 -26.5788 9.44705 -25.0944 10.0059 -26.5788 9.44705 -25.0944 10.0059 -26.5788 9.44692 -25.094 10.0057 -26.5782 9.44601 -25.0916 9.99898 -26.5605 9.43823 -25.0709 
2.25 -23.4234 12 -5.2005 -27.9451 -4.90927 -26.3804 -5.19636 -27.9229 -4.9045 -26.3608 -5.18888 -27.9241 -4.89668 -26.3705 -5.27127 -27.9893 -4.79001 -26.2015 -5.27131 -27.9892 -4.89664 -26.3704 -5.18883 -27.9238 -4.90439 -26.3602 -5.19582 -27.92 -4.90568 -26.3611 -5.19591 -27.9205 -4.90571 -26.3611 -5.1959 -27.9205 -4.90571 -26.3611 -5.1959 -27.9205 -4.90571 -26.3611 -5.1959 -27.9205 -4.90571 -26.3611 -5.1959 -27.9205 -4.90571 -26.3611 -5.1959 -27.9205 -4.9057 -26.3611 -5.19589 -27.9204 -4.90564 -26.3608 -5.19578 -27.9198 -4.90517 -26.3582 -5.19231 -27.9012 -4.90112 -26.3365 
2.5 -23.4234 12 -18.914 -21.2187 -17.855 -20.0306 -18.8987 -21.2021 -17.8407 -20.0176 -18.8986 -21.2089 -17.849 -20.0285 -18.9837 -21.1448 -17.6579 -20.0825 -18.9837 -21.1447 -17.8489 -20.0284 -18.8984 -21.2087 -17.8403 -20.0171 -18.8967 -21.1999 -17.8419 -20.016 -18.8973 -21.2 -17.8419 -20.016 -18.8973 -21.2 -17.8419 -20.016 -18.8973 -21.2 -17.8419 -20.016 -18.8973 -21.2 -17.8419 -20.016 -18.8973 -21.2 -17.8419 -20.016 -18.8973 -21.2 -17.8419 -20.016 -18.8973 -21.2 -17.8417 -20.0157 -18.8969 -21.1995 -17.84 -20.0138 -18.8843 -21.1854 -17.8253 -19.9973 
2.75 -23.4234 13 -27.166 -8.36538 -25.6449 -7.897 -27.1445 -8.35953 -25.6274 -7.89369 -27.1518 -8.36005 -25.6415 -7.88768 -27.1111 -8.25979 -25.6392 -8.08483 -27.111 -8.25977 -25.6414 -7.88771 -27.1515 -8.35987 -25.6268 -7.89352 -27.1417 -8.35865 -25.6262 -7.89123 -27.1421 -8.35801 -25.6262 -7.89121 -27.1421 -8.358 -25.6262 -7.8912 -27.1421 -8.358 -25.6262 -7.8912 -27.1421 -8.358 -25.6262 -7.8912 -27.1421 -8.358 -25.6262 -7.8912 -27.1421 -8.358 -25.6262 -7.8912 -27.1421 -8.35798 -25.6259 -7.89109 -27.1415 -8.3578 -25.6234 -7.89033 -27.1234 -8.35223 -25.6023 -7.88383 
3 -23.4234 13 -27.5738 6.90343 -26.0299 6.51691 -27.553 6.8974 -26.0143 6.51213 -27.5551 6.90656 -26.0118 6.52909 -27.4462 6.893 -26.1988 6.47159 -27.4461 6.89294 -26.0118 6.52907 -27.5547 6.90652 -26.0137 6.5119 -27.5501 6.89671 -26.0109 6.51212 -27.5495 6.89739 -26.0109 6.5122 -27.5495 6.89743 -26.0109 6.51221 -27.5495 6.89743 -26.0109 6.51221 -27.5495 6.89743 -26.0109 6.51221 -27.5495 6.89743 -26.0109 6.51221 -27.5495 6.89743 -26.0109 6.5122 -27.5495 6.89742 -26.0105 6.51212 -27.5489 6.89727 -26.008 6.51149 -27.5305 6.89267 -25.9866 6.50613 
3.25 -23.4234 13 -20.0196 20.1789 -18.8987 19.0491 -20.0051 20.1636 -18.8866 19.0386 -19.9947 20.1699 -18.8677 19.0411 -19.9791 20.0599 -18.9749 19.2028 -19.9791 20.0599 -18.8676 19.0411 -19.9943 20.1696 -18.8862 19.0381 -20.003 20.1616 -18.8849 19.0351 -20.002 20.1612 -18.8848 19.0352 -20.0019 20.1612 -18.8848 19.0352 -20.0019 20.1612 -18.8848 19.0352 -20.0019 20.1612 -18.8848 19.0352 -20.0019 20.1612 -18.8848 19.0352 -20.0019 20.1612 -18.8848 19.0352 -20.0019 20.1612 -18.8845 19.0349 -20.0015 20.1607 -18.8827 19.0331 -19.9881 20.1473 -18.8672 19.0174 
3.5 -23.4234 14 -6.68471 27.6278 -6.31038 26.0809 -6.67945 27.6076 -6.30312 26.0649 -6.66757 27.5989 -6.2947 26.0458 -6.77065 27.5544 -6.17112 26.1932 -6.77072 27.5545 -6.29463 26.0458 -6.66749 27.5984 -6.30303 26.0643 -6.6787 27.6047 -6.30584 26.0618 -6.67875 27.6034 -6.3057 26.0617 -6.6787 27.6034 -6.30569 26.0617 -6.6787 27.6034 -6.30569 26.0617 -6.6787 27.6034 -6.30569 26.0617 -6.6787 27.6034 -6.30569 26.0617 -6.6787 27.6034 -6.30569 26.0617 -6.67868 27.6033 -6.3056 26.0614 -6.67854 27.6027 -6.30499 26.0588 -6.67409 27.5843 -6.2998 26.0374 
3.75 -23.4234 14 8.58055 27.099 8.10026 25.5817 8.57534 27.0784 8.09814 25.5614 8.57188 27.0622 8.08122 25.5471 8.50114 27.1508 8.25611 25.4712 8.50114 27.1509 8.08129 25.547 8.57163 27.0618 8.09801 25.5609 8.57445 27.0755 8.09429 25.5631 8.57303 27.0751 8.09422 25.5629 8.57303 27.075 8.09422 25.5628 8.57303 27.075 8.09422 25.5628 8.57303 27.075 8.09422 25.5628 8.57303 27.075 8.09422 25.5628 8.57303 27.075 8.09422 25.5628 8.57301 27.0749 8.09411 25.5625 8.57283 27.0744 8.09333 25.56 8.56711 27.0563 8.08666 25.539 
4 -23.4234 14 21.3682 18.7452 20.1719 17.6955 21.3527 18.7292 20.1566 17.6783 21.3357 18.7258 20.1373 17.6912 21.4032 18.8186 20.1144 17.5036 21.4033 18.8186 20.1372 17.691 21.3354 18.7257 20.1563 17.6779 21.3504 18.7272 20.1572 17.6826 21.3494 18.7286 20.1569 17.6826 21.3493 18.7286 20.1569 17.6826 21.3493 18.7286 20.1569 17.6826 21.3493 18.7286 20.1569 17.6826 21.3493 18.7286 20.1569 17.6826 21.3493 18.7286 20.1569 17.6826 21.3492 18.7286 20.1566 17.6824 21.3488 18.7282 20.1547 17.6807 21.3345 18.7157 20.1381 17.6661 
4.25 -23.4234 14 27.9857 4.97857 26.4186 4.69953 27.9628 4.97301 26.3946 4.69577 27.9536 4.9874 26.4021 4.71868 28.0626 4.94657 26.2173 4.68741 28.0626 4.94649 26.4019 4.71865 27.9534 4.98749 26.394 4.69546 27.9598 4.97259 26.3994 4.69608 27.9609 4.97419 26.3992 4.69644 27.9608 4.97426 26.3992 4.69645 27.9608 4.97427 26.3992 4.69646 27.9608 4.97427 26.3992 4.69646 27.9608 4.97427 26.3992 4.69646 27.9608 4.97427 26.3992 4.69645 27.9608 4.97426 26.3988 4.69639 27.9602 4.97415 26.3963 4.69594 27.9415 4.97084 26.3746 4.69207 
4.5 -23.4234 14 26.522 -10.2257 25.0365 -9.65306 26.4991 -10.2171 25.0166 -9.64078 26.5098 -10.2047 25.0417 -9.64202 26.4997 -10.3225 24.9598 -9.47515 26.4996 -10.3226 25.0416 -9.64188 26.5096 -10.2046 25.0158 -9.64066 26.4964 -10.2159 25.0183 -9.64618 26.4986 -10.2165 25.0187 -9.64584 26.4986 -10.2164 25.0187 -9.64581 26.4986 -10.2164 25.0187 -9.64581 26.4986 -10.2164 25.0187 -9.64581 26.4986 -10.2164 25.0187 -9.64581 26.4986 -10.2164 25.0186 -9.6458 26.4986 -10.2164 25.0183 -9.64568 26.498 -10.2162 25.0159 -9.64475 26.4803 -10.2093 24.9953 -9.6368 
4.75 -23.4234 14 17.3999 -22.477 16.4255 -21.2179 17.3862 -22.4569 16.4189 -21.1987 17.4004 -22.4645 16.4246 -21.2245 17.2822 -22.4873 16.5603 -21.0996 17.2821 -22.4873 16.4247 -21.2243 17.4002 -22.4644 16.4183 -21.198 17.3846 -22.4545 16.4133 -21.2026 17.3847 -22.4571 16.4139 -21.2028 17.3848 -22.457 16.4139 -21.2028 17.3848 -22.457 16.4139 -21.2028 17.3848 -22.457 16.4139 -21.2028 17.3848 -22.457 16.4139 -21.2028 17.3848 -22.457 16.4139 -21.2028 17.3848 -22.457 16.4137 -21.2025 17.3844 -22.4565 16.4121 -21.2005 17.3728 -22.4415 16.3986 -21.183 
5 -23.4234 15 3.25368 -28.2378 3.07213 -26.6563 3.25395 -28.2147 3.07606 -26.6413 3.24884 -28.2312 3.05137 -26.6547 3.19338 -28.1218 3.20837 -26.7488 3.19337 -28.1216 3.05151 -26.6547 3.24855 -28.2309 3.07609 -26.6403 3.2537 -28.212 3.06962 -26.6367 3.25104 -28.213 3.06953 -26.6374 3.25113 -28.2131 3.06956 -26.6374 3.25114 -28.2131 3.06956 -26.6374 3.25114 -28.2131 3.06956 -26.6374 3.25114 -28.2131 3.06956 -26.6374 3.25114 -28.2131 3.06956 -26.6374 3.25113 -28.2131 3.06952 -26.6371 3.25106 -28.2125 3.06922 -26.6345 3.24889 -28.1937 3.06669 -26.6126 
5.25 -23.4234 15 -11.8317 -25.8449 -11.1684 -24.3984 -11.8202 -25.8274 -11.1625 -24.3888 -11.8398 -25.8261 -11.1839 -24.3677 -11.7484 -25.7412 -11.2295 -24.5435 -11.7483 -25.7411 -11.1839 -24.3678 -11.8399 -25.8256 -11.1619 -24.3882 -11.8192 -25.8249 -11.1603 -24.3802 -11.8212 -25.8224 -11.1611 -24.3804 -11.8213 -25.8226 -11.1611 -24.3804 -11.8213 -25.8226 -11.1611 -24.3804 -11.8213 -25.8226 -11.1611 -24.3804 -11.8213 -25.8226 -11.1611 -24.3804 -11.8213 -25.8226 -11.1611 -24.3804 -11.8213 -25.8226 -11.161 -24.3801 -11.8211 -25.822 -11.1599 -24.3777 -11.8132 -25.8048 -11.1507 -24.3576 
5.5 -23.4234 15 -23.5005 -15.9897 -22.185 -15.0955 -23.4841 -15.9806 -22.1779 -15.0853 -23.4896 -15.9587 -22.1634 -15.0569 -23.381 -16.0243 -22.3436 -15.0625 -23.3809 -16.0245 -22.1635 -15.057 -23.4891 -15.9582 -22.1772 -15.0854 -23.482 -15.9788 -22.1684 -15.0843 -23.4801 -15.9758 -22.1689 -15.0835 -23.4804 -15.9757 -22.169 -15.0835 -23.4804 -15.9757 -22.169 -15.0835 -23.4804 -15.9757 -22.169 -15.0835 -23.4804 -15.9757 -22.169 -15.0835 -23.4804 -15.9757 -22.169 -15.0835 -23.4803 -15.9757 -22.1687 -15.0833 -23.4798 -15.9754 -22.1665 -15.0818 -23.4642 -15.9647 -22.1483 -15.0694 
5.75 -23.4234 15 -28.384 -1.51768 -26.7962 -1.43281 -28.3661 -1.51579 -26.7805 -1.42302 -28.3455 -1.50164 -26.7473 -1.4286 -28.3795 -1.62592 -26.8027 -1.25848 -28.3795 -1.62605 -26.7473 -1.42841 -28.3447 -1.50165 -26.7802 -1.42329 -28.3631 -1.51523 -26.7762 -1.4321 -28.3594 -1.51614 -26.7755 -1.4312 -28.3594 -1.51581 -26.7755 -1.43114 -28.3594 -1.51579 -26.7755 -1.43114 -28.3594 -1.51579 -26.7755 -1.43114 -28.3594 -1.51579 -26.7755 -1.43114 -28.3594 -1.51579 -26.7755 -1.43113 -28.3593 -1.51579 -26.7751 -1.43112 -28.3587 -1.51576 -26.7725 -1.43098 -28.3398 -1.51475 -26.7505 -1.4298 
6 -23.4234 15 -25.072 13.393 -23.6689 12.6447 -25.0533 13.3872 -23.6442 12.642 -25.0314 13.3724 -23.6394 12.607 -25.1622 13.3713 -23.4927 12.7069 -25.1624 13.3713 -23.6391 12.6072 -25.031 13.3718 -23.644 12.6419 -25.0503 13.3859 -23.6518 12.6349 -25.0499 13.3817 -23.6505 12.6344 -25.0495 13.3818 -23.6505 12.6345 -25.0495 13.3818 -23.6505 12.6345 -25.0495 13.3818 -23.6505 12.6345 -25.0495 13.3818 -23.6505 12.6345 -25.0495 13.3818 -23.6505 12.6345 -25.0495 13.3818 -23.6502 12.6343 -25.0489 13.3815 -23.6479 12.6331 -25.0322 13.3726 -23.6284 12.6227 
6.25 -23.4234 16 -14.5202 24.4371 -13.7057 23.0703 -14.5044 24.4206 -13.687 23.0477 -14.5105 24.3946 -13.7204 23.0323 -14.5476 24.5221 -13.5849 22.9203 -14.5476 24.5223 -13.7201 23.0322 -14.5107 24.394 -13.6865 23.0477 -14.5026 24.4176 -13.6964 23.0534 -14.5069 24.4158 -13.6965 23.0518 -14.5066 24.4154 -13.6963 23.0518 -14.5065 24.4154 -13.6963 23.0518 -14.5065 24.4154 -13.6963 23.0518 -14.5065 24.4154 -13.6963 23.0518 -14.5065 24.4154 -13.6963 23.0518 -14.5065 24.4154 -13.6961 23.0515 -14.5062 24.4149 -13.6948 23.0493 -14.4965 24.3986 -13.6835 23.0303 
6.5 -23.4234 16 0.225236 28.425 0.214815 26.8324 0.22931 28.3992 0.211147 26.8021 0.203254 28.3964 0.185937 26.831 0.317741 28.468 0.116744 26.6713 0.317922 28.468 0.185895 26.8307 0.202836 28.3963 0.211781 26.8016 0.22893 28.3957 0.214366 26.8135 0.225514 28.3995 0.212642 26.813 0.225251 28.399 0.212682 26.8129 0.225266 28.399 0.212687 26.8129 0.225269 28.399 0.212687 26.8129 0.225269 28.399 0.212688 26.8129 0.225269 28.399 0.212687 26.8129 0.225269 28.3989 0.212685 26.8125 0.225264 28.3983 0.212664 26.8099 0.225114 28.3794 0.212489 26.7878 
6.75 -23.4234 16 14.9061 24.2042 14.0712 22.8462 14.8922 24.1797 14.0485 22.83 14.8824 24.2032 14.0704 22.8638 14.9842 24.1113 13.8995 22.8856 14.9842 24.1111 14.07 22.8637 14.8824 24.2035 14.0485 22.8288 14.8899 24.1773 14.0616 22.8301 14.8927 24.1822 14.0604 22.8318 14.892 24.1823 14.0603 22.8317 14.892 24.1822 14.0603 22.8316 14.892 24.1822 14.0603 22.8316 14.892 24.1822 14.0603 22.8316 14.892 24.1822 14.0603 22.8316 14.892 24.1822 14.0601 22.8313 14.8917 24.1817 14.0587 22.8291 14.8817 24.1655 14.0472 22.8103 
7 -23.4234 16 25.2821 12.9935 23.8633 12.2652 25.2556 12.9838 23.8423 12.2696 25.2762 12.9991 23.8829 12.2573 25.215 12.8741 23.8568 12.4257 25.2149 12.874 23.8827 12.2576 25.2765 12.9989 23.8412 12.2687 25.2529 12.9832 23.8467 12.2558 25.2588 12.9821 23.8481 12.2576 25.2587 12.9828 23.848 12.2577 25.2587 12.9828 23.848 12.2577 25.2587 12.9828 23.848 12.2577 25.2586 12.9828 23.8479 12.2577 25.2586 12.9828 23.8479 12.2577 25.2586 12.9828 23.8476 12.2575 25.2581 12.9825 23.8453 12.2563 25.2412 12.9738 23.8257 12.2462 
7.25 -23.4234 16 28.3564 -1.96872 26.7666 -1.85532 28.3323 -1.96009 26.7598 -1.84567 28.3533 -1.9774 26.7594 -1.8904 28.2146 -1.95289 26.9124 -1.8195 28.2144 -1.9528 26.7596 -1.89017 28.3532 -1.97801 26.7583 -1.84527 28.3302 -1.95945 26.747 -1.85511 28.3311 -1.96594 26.7494 -1.85595 28.3318 -1.96553 26.7494 -1.85571 28.3318 -1.96548 26.7494 -1.8557 28.3318 -1.96547 26.7494 -1.8557 28.3318 -1.96547 26.7494 -1.8557 28.3318 -1.96547 26.7494 -1.8557 28.3317 -1.96547 26.7491 -1.85567 28.3311 -1.96543 26.7465 -1.8555 28.3122 -1.96412 26.7244 -1.85397 
7.5 -23.4234 17 23.2428 -16.3609 21.944 -15.4414 23.2312 -16.3435 21.9408 -15.4401 23.2192 -16.3709 21.8956 -15.4534 23.2041 -16.2292 22.0048 -15.5796 23.2042 -16.229 21.8959 -15.4536 23.2183 -16.3711 21.9404 -15.4388 23.2296 -16.3426 21.9267 -15.4305 23.2232 -16.3456 21.9266 -15.4333 23.224 -16.3462 21.9269 -15.4333 23.224 -16.3462 21.9269 -15.4333 23.224 -16.3462 21.9269 -15.4333 23.224 -16.3462 21.9269 -15.4333 23.224 -16.3462 21.9269 -15.4332 23.224 -16.3462 21.9266 -15.433 23.2235 -16.3458 21.9245 -15.4315 23.208 -16.3349 21.9065 -15.4188 
7.75 -23.4234 17 11.4193 -26.0282 10.7846 -24.5723 11.4175 -26.0129 10.771 -24.5706 11.3849 -26.0098 10.7437 -24.5294 11.5181 -25.9557 10.6535 -24.6676 11.5184 -25.9556 10.7436 -24.5298 11.3841 -26.0091 10.7718 -24.5697 11.4158 -26.0113 10.7757 -24.5532 11.4105 -26.0059 10.7728 -24.5541 11.4102 -26.0069 10.7729 -24.5544 11.4102 -26.0069 10.773 -24.5544 11.4102 -26.0069 10.773 -24.5544 11.4102 -26.0069 10.773 -24.5544 11.4102 -26.0069 10.773 -24.5544 11.4102 -26.0069 10.7728 -24.5541 11.41 -26.0063 10.7718 -24.5517 11.4024 -25.989 10.7629 -24.5315 
8 -23.4234 18 -3.70021 -28.1811 -3.49285 -26.6087 -3.69986 -28.1683 -3.50819 -26.5889 -3.70872 -28.1343 -3.47572 -26.5491 -3.6192 -28.2486 -3.63165 -26.5007 -3.61911 -28.2488 -3.47612 -26.5491 -3.70845 -28.1331 -3.50748 -26.5892 -3.70086 -28.1652 -3.48947 -26.5879 -3.6971 -28.158 -3.4915 -26.5851 -3.69828 -28.1579 -3.49175 -26.5854 -3.69829 -28.158 -3.49174 -26.5854 -3.69829 -28.158 -3.49174 -26.5854 -3.69829 -28.158 -3.49174 -26.5854 -3.69829 -28.158 -3.49173 -26.5854 -3.69828 -28.158 -3.49169 -26.585 -3.6982 -28.1574 -3.49135 -26.5825 -3.69573 -28.1386 -3.48847 -26.5606 
